name,x,y,z
1,4867.0,126298.0,0.0
2,16867.0,126298.0,0.0
3,4867.0,106698.0,0.0
4,4867.0,87098.0,0.0
5,16867.0,87098.0,0.0
6,30067.0,87098.0,0.0
7,41507.0,87098.0,0.0
8,4867.0,114848.0,0.0
9,4867.0,98548.0,0.0
10,41507.0,126298.0,0.0
11,124067.0,114848.0,0.0
12,124067.0,106698.0,0.0
13,124067.0,98548.0,0.0
14,124067.0,87098.0,0.0
15,124067.0,126298.0,0.0
16,30067.0,126298.0,0.0
17,52947.0,126298.0,0.0
18,52947.0,87098.0,0.0
19,63747.0,126298.0,0.0
20,63747.0,87098.0,0.0
21,98067.0,126298.0,0.0
22,98067.0,87098.0,0.0
23,86627.0,126298.0,0.0
24,86627.0,87098.0,0.0
25,111267.0,126298.0,0.0
26,111267.0,87098.0,0.0
27,75187.0,126298.0,0.0
28,75187.0,87098.0,0.0
29,41507.0,114848.0,0.0
30,41507.0,98548.0,0.0
31,75187.0,114848.0,0.0
32,86627.0,114848.0,0.0
33,86627.0,98548.0,0.0
34,75187.0,98548.0,0.0
35,16867.0,114848.0,0.0
36,17867.0,114848.0,0.0
37,20667.0,114848.0,0.0
38,23267.0,114848.0,0.0
39,27067.0,114848.0,0.0
40,28467.0,114848.0,0.0
41,27067.0,110448.0,0.0
42,27067.0,113448.0,0.0
43,28467.0,113448.0,0.0
44,20667.0,108798.0,0.0
45,20667.0,109893.0,0.0
46,16867.0,110198.0,0.0
47,16867.0,113648.0,0.0
48,28067.0,110448.0,0.0
49,23267.0,108798.0,0.0
50,23267.0,109893.0,0.0
51,16867.0,106698.0,0.0
52,16867.0,107148.0,0.0
53,20167.0,107098.0,0.0
54,20667.0,107123.0,0.0
55,23267.0,107148.0,0.0
56,23267.0,106298.0,0.0
57,27067.0,106298.0,0.0
58,27067.0,107148.0,0.0
59,16867.0,101048.0,0.0
60,16867.0,103698.0,0.0
61,16867.0,98548.0,0.0
62,17767.0,101048.0,0.0
63,19467.0,101048.0,0.0
64,20667.0,98548.0,0.0
65,20667.0,101048.0,0.0
66,23267.0,98548.0,0.0
67,23267.0,99593.0,0.0
68,27067.0,98548.0,0.0
69,27067.0,99593.0,0.0
70,18417.0,98548.0,0.0
71,30067.0,98548.0,0.0
72,19917.0,114848.0,0.0
73,30067.0,114848.0,0.0
74,17767.0,107148.0,0.0
75,20667.0,106298.0,0.0
76,20667.0,113648.0,0.0
77,23267.0,113648.0,0.0
78,20667.0,101548.0,0.0
79,30067.0,113448.0,0.0
80,30067.0,110448.0,0.0
81,30067.0,101048.0,0.0
82,30067.0,101548.0,0.0
83,30067.0,107148.0,0.0
84,30067.0,104348.0,0.0
85,60347.0,101048.0,0.0
86,60347.0,104348.0,0.0
87,63747.0,110448.0,0.0
88,63747.0,114848.0,0.0
89,60347.0,114848.0,0.0
90,52947.0,103698.0,0.0
91,52947.0,107148.0,0.0
92,52947.0,98548.0,0.0
93,54497.0,98548.0,0.0
94,52947.0,101048.0,0.0
95,53847.0,101048.0,0.0
96,53847.0,107148.0,0.0
97,52947.0,110198.0,0.0
98,52947.0,114848.0,0.0
99,56347.0,114848.0,0.0
100,56347.0,101048.0,0.0
101,56347.0,101548.0,0.0
102,56347.0,98548.0,0.0
103,63747.0,101048.0,0.0
104,63747.0,107148.0,0.0
105,63747.0,98548.0,0.0
106,60347.0,98548.0,0.0
107,111267.0,103698.0,0.0
108,111267.0,106698.0,0.0
109,107467.0,101048.0,0.0
110,108667.0,101048.0,0.0
111,98067.0,114848.0,0.0
112,99667.0,114848.0,0.0
113,108217.0,114848.0,0.0
114,110267.0,114848.0,0.0
115,107467.0,114848.0,0.0
116,107467.0,113648.0,0.0
117,111267.0,113648.0,0.0
118,111267.0,114848.0,0.0
119,109717.0,98548.0,0.0
120,111267.0,98548.0,0.0
121,98067.0,98548.0,0.0
122,101067.0,98548.0,0.0
123,104867.0,98548.0,0.0
124,107467.0,98548.0,0.0
125,101067.0,99593.0,0.0
126,104867.0,99593.0,0.0
127,107467.0,101548.0,0.0
128,110367.0,101048.0,0.0
129,111267.0,101048.0,0.0
130,98067.0,107148.0,0.0
131,101067.0,107148.0,0.0
132,101067.0,106298.0,0.0
133,107467.0,107123.0,0.0
134,107967.0,107098.0,0.0
135,104867.0,106298.0,0.0
136,104867.0,107148.0,0.0
137,110367.0,107148.0,0.0
138,111267.0,107148.0,0.0
139,104867.0,108798.0,0.0
140,104867.0,109893.0,0.0
141,107467.0,108798.0,0.0
142,107467.0,109893.0,0.0
143,98067.0,110448.0,0.0
144,98067.0,113448.0,0.0
145,100067.0,110448.0,0.0
146,101067.0,110448.0,0.0
147,99667.0,113448.0,0.0
148,101067.0,113448.0,0.0
149,111267.0,110198.0,0.0
150,101067.0,114848.0,0.0
151,104867.0,114848.0,0.0
152,107467.0,106298.0,0.0
153,98067.0,101548.0,0.0
154,98067.0,104348.0,0.0
155,104867.0,113648.0,0.0
156,98067.0,101048.0,0.0
157,56347.0,110448.0,0.0
158,60347.0,110448.0,0.0
159,17367.0,114848.0,0.0
160,21533.0,114848.0,0.0
161,22400.0,114848.0,0.0
162,27767.0,114848.0,0.0
163,27067.0,111448.0,0.0
164,27067.0,112448.0,0.0
165,27767.0,113448.0,0.0
166,20667.0,109345.0,0.0
167,16867.0,111060.0,0.0
168,16867.0,111923.0,0.0
169,16867.0,112785.0,0.0
170,27567.0,110448.0,0.0
171,23267.0,109345.0,0.0
172,21533.0,108798.0,0.0
173,22400.0,108798.0,0.0
174,21533.0,107131.0,0.0
175,22400.0,107139.0,0.0
176,23267.0,106723.0,0.0
177,27067.0,106723.0,0.0
178,16867.0,101931.0,0.0
179,16867.0,102814.0,0.0
180,16867.0,99381.0,0.0
181,16867.0,100214.0,0.0
182,17317.0,101048.0,0.0
183,18617.0,101048.0,0.0
184,20667.0,99381.0,0.0
185,20667.0,100214.0,0.0
186,23267.0,99070.0,0.0
187,27067.0,99070.0,0.0
188,17642.0,98548.0,0.0
189,21533.0,98548.0,0.0
190,22400.0,98548.0,0.0
191,28067.0,98548.0,0.0
192,29067.0,98548.0,0.0
193,16867.0,114248.0,0.0
194,20292.0,114848.0,0.0
195,18142.0,114848.0,0.0
196,19642.0,114848.0,0.0
197,29267.0,114848.0,0.0
198,20067.0,101048.0,0.0
199,16867.0,104698.0,0.0
200,16867.0,105698.0,0.0
201,17317.0,107148.0,0.0
202,20667.0,106710.0,0.0
203,20667.0,114248.0,0.0
204,23267.0,114248.0,0.0
205,30067.0,114148.0,0.0
206,30067.0,111448.0,0.0
207,30067.0,112448.0,0.0
208,28067.0,107148.0,0.0
209,29067.0,107148.0,0.0
210,30067.0,105281.0,0.0
211,30067.0,106214.0,0.0
212,30067.0,99381.0,0.0
213,30067.0,100214.0,0.0
214,30067.0,102481.0,0.0
215,30067.0,103414.0,0.0
216,60347.0,101873.0,0.0
217,60347.0,102698.0,0.0
218,60347.0,103523.0,0.0
219,63747.0,111328.0,0.0
220,63747.0,112208.0,0.0
221,63747.0,113088.0,0.0
222,63747.0,113968.0,0.0
223,61022.0,114848.0,0.0
224,61697.0,114848.0,0.0
225,63197.0,114848.0,0.0
226,52947.0,104560.0,0.0
227,52947.0,105423.0,0.0
228,52947.0,106285.0,0.0
229,53722.0,98548.0,0.0
230,52947.0,99381.0,0.0
231,52947.0,100214.0,0.0
232,52947.0,101931.0,0.0
233,52947.0,102814.0,0.0
234,53397.0,101048.0,0.0
235,53397.0,107148.0,0.0
236,52947.0,111128.0,0.0
237,52947.0,112058.0,0.0
238,52947.0,112988.0,0.0
239,52947.0,113918.0,0.0
240,53622.0,114848.0,0.0
241,54297.0,114848.0,0.0
242,55797.0,114848.0,0.0
243,56347.0,99381.0,0.0
244,56347.0,100214.0,0.0
245,63747.0,102064.0,0.0
246,63747.0,103081.0,0.0
247,63747.0,104098.0,0.0
248,63747.0,105114.0,0.0
249,63747.0,106131.0,0.0
250,63747.0,99381.0,0.0
251,63747.0,100214.0,0.0
252,54680.0,101048.0,0.0
253,55513.0,101048.0,0.0
254,60822.0,98548.0,0.0
255,61297.0,98548.0,0.0
256,62797.0,98548.0,0.0
257,63272.0,98548.0,0.0
258,61197.0,101048.0,0.0
259,62047.0,101048.0,0.0
260,62897.0,101048.0,0.0
261,111267.0,104698.0,0.0
262,111267.0,105698.0,0.0
263,108067.0,101048.0,0.0
264,98867.0,114848.0,0.0
265,108492.0,114848.0,0.0
266,109992.0,114848.0,0.0
267,107842.0,114848.0,0.0
268,107467.0,114248.0,0.0
269,111267.0,114248.0,0.0
270,110767.0,114848.0,0.0
271,110492.0,98548.0,0.0
272,99067.0,98548.0,0.0
273,100067.0,98548.0,0.0
274,105733.0,98548.0,0.0
275,106600.0,98548.0,0.0
276,101067.0,99070.0,0.0
277,104867.0,99070.0,0.0
278,107467.0,99381.0,0.0
279,107467.0,100214.0,0.0
280,109517.0,101048.0,0.0
281,110817.0,101048.0,0.0
282,111267.0,99381.0,0.0
283,111267.0,100214.0,0.0
284,111267.0,101931.0,0.0
285,111267.0,102814.0,0.0
286,99067.0,107148.0,0.0
287,100067.0,107148.0,0.0
288,101067.0,106723.0,0.0
289,104867.0,106723.0,0.0
290,105733.0,107139.0,0.0
291,106600.0,107131.0,0.0
292,110817.0,107148.0,0.0
293,104867.0,109345.0,0.0
294,105733.0,108798.0,0.0
295,106600.0,108798.0,0.0
296,107467.0,109345.0,0.0
297,98067.0,111448.0,0.0
298,98067.0,112448.0,0.0
299,100567.0,110448.0,0.0
300,100367.0,113448.0,0.0
301,101067.0,111448.0,0.0
302,101067.0,112448.0,0.0
303,98067.0,114148.0,0.0
304,111267.0,111060.0,0.0
305,111267.0,111923.0,0.0
306,111267.0,112785.0,0.0
307,100367.0,114848.0,0.0
308,105733.0,114848.0,0.0
309,106600.0,114848.0,0.0
310,107467.0,106710.0,0.0
311,98067.0,102481.0,0.0
312,98067.0,103414.0,0.0
313,98067.0,105281.0,0.0
314,98067.0,106214.0,0.0
315,104867.0,114248.0,0.0
316,98067.0,99381.0,0.0
317,98067.0,100214.0,0.0
318,56347.0,111328.0,0.0
319,56347.0,112208.0,0.0
320,56347.0,113088.0,0.0
321,56347.0,113968.0,0.0
322,61197.0,110448.0,0.0
323,62047.0,110448.0,0.0
324,62897.0,110448.0,0.0
1000001,23267.0,114848.0,6000.0
1000002,27067.0,114848.0,6000.0
1000003,20667.0,114848.0,6000.0
1000004,30067.0,114848.0,6000.0
1000005,27067.0,113448.0,6000.0
1000006,27067.0,110448.0,6000.0
1000007,30067.0,113448.0,6000.0
1000008,20667.0,111848.0,6000.0
1000009,20667.0,108798.0,6000.0
1000010,23267.0,111848.0,6000.0
1000011,16867.0,108748.0,6000.0
1000012,23267.0,108798.0,6000.0
1000013,16867.0,107148.0,6000.0
1000014,30067.0,107148.0,6000.0
1000015,23267.0,107148.0,6000.0
1000016,20667.0,107123.0,6000.0
1000017,27067.0,107148.0,6000.0
1000018,16867.0,101048.0,6000.0
1000019,17767.0,107148.0,6000.0
1000020,17767.0,101048.0,6000.0
1000021,20667.0,104348.0,6000.0
1000022,23267.0,104348.0,6000.0
1000023,27067.0,104348.0,6000.0
1000024,20667.0,101548.0,6000.0
1000025,20667.0,101048.0,6000.0
1000026,23267.0,101548.0,6000.0
1000027,27067.0,101548.0,6000.0
1000028,20667.0,98548.0,6000.0
1000029,23267.0,98548.0,6000.0
1000030,27067.0,98548.0,6000.0
1000031,16867.0,110198.0,6000.0
1000032,30067.0,110448.0,6000.0
1000033,23267.0,109893.0,6000.0
1000034,28067.0,110448.0,6000.0
1000035,23267.0,106298.0,6000.0
1000036,27067.0,106298.0,6000.0
1000037,20167.0,107098.0,6000.0
1000038,23267.0,99593.0,6000.0
1000039,27067.0,99593.0,6000.0
1000040,18417.0,98548.0,6000.0
1000041,20667.0,113648.0,6000.0
1000042,16867.0,113648.0,6000.0
1000043,19917.0,113648.0,6000.0
1000044,19917.0,114848.0,6000.0
1000045,17867.0,113648.0,6000.0
1000046,17867.0,114848.0,6000.0
1000047,28467.0,113448.0,6000.0
1000048,28467.0,114848.0,6000.0
1000049,19467.0,98548.0,6000.0
1000050,19467.0,101048.0,6000.0
1000051,17767.0,103698.0,6000.0
1000052,16867.0,103698.0,6000.0
1000053,20667.0,106298.0,6000.0
1000054,23267.0,113648.0,6000.0
1000055,20667.0,109893.0,6000.0
1000056,4867.0,114848.0,6000.0
1000057,4867.0,106698.0,6000.0
1000058,4867.0,98548.0,6000.0
1000059,4867.0,87098.0,6000.0
1000060,4867.0,126298.0,6000.0
1000061,9467.0,126348.0,6000.0
1000062,13067.0,126348.0,6000.0
1000063,124067.0,114848.0,6000.0
1000064,124067.0,106698.0,6000.0
1000065,124067.0,98548.0,6000.0
1000066,124067.0,87098.0,6000.0
1000067,124067.0,126298.0,6000.0
1000068,30067.0,98548.0,6000.0
1000069,30067.0,101048.0,6000.0
1000070,30067.0,104348.0,6000.0
1000071,30067.0,101548.0,6000.0
1000072,63747.0,110448.0,6000.0
1000073,60347.0,101048.0,6000.0
1000074,60347.0,107148.0,6000.0
1000075,63747.0,107148.0,6000.0
1000076,52947.0,114848.0,6000.0
1000077,56347.0,108748.0,6000.0
1000078,52947.0,103698.0,6000.0
1000079,53847.0,103698.0,6000.0
1000080,54497.0,98548.0,6000.0
1000081,56347.0,110448.0,6000.0
1000082,52947.0,110198.0,6000.0
1000083,52947.0,101048.0,6000.0
1000084,53847.0,101048.0,6000.0
1000085,53847.0,107148.0,6000.0
1000086,52947.0,107148.0,6000.0
1000087,56347.0,107048.0,6000.0
1000088,52947.0,108748.0,6000.0
1000089,56347.0,101548.0,6000.0
1000090,60347.0,110448.0,6000.0
1000091,56347.0,104348.0,6000.0
1000092,56347.0,101048.0,6000.0
1000093,63747.0,101048.0,6000.0
1000094,52947.0,98548.0,6000.0
1000095,60347.0,104348.0,6000.0
1000096,119800.0,87048.0,6000.0
1000097,115533.0,87048.0,6000.0
1000098,111267.0,103698.0,6000.0
1000099,110367.0,103698.0,6000.0
1000100,108667.0,101048.0,6000.0
1000101,108667.0,98548.0,6000.0
1000102,99667.0,114848.0,6000.0
1000103,99667.0,113448.0,6000.0
1000104,110267.0,114848.0,6000.0
1000105,110267.0,113648.0,6000.0
1000106,108217.0,114848.0,6000.0
1000107,108217.0,113648.0,6000.0
1000108,111267.0,113648.0,6000.0
1000109,107467.0,113648.0,6000.0
1000110,109717.0,98548.0,6000.0
1000111,101067.0,99593.0,6000.0
1000112,104867.0,99593.0,6000.0
1000113,107967.0,107098.0,6000.0
1000114,101067.0,106298.0,6000.0
1000115,104867.0,106298.0,6000.0
1000116,100067.0,110448.0,6000.0
1000117,104867.0,109893.0,6000.0
1000118,98067.0,110448.0,6000.0
1000119,111267.0,110198.0,6000.0
1000120,101067.0,98548.0,6000.0
1000121,104867.0,98548.0,6000.0
1000122,107467.0,98548.0,6000.0
1000123,101067.0,101548.0,6000.0
1000124,104867.0,101548.0,6000.0
1000125,107467.0,101048.0,6000.0
1000126,107467.0,101548.0,6000.0
1000127,101067.0,104348.0,6000.0
1000128,104867.0,104348.0,6000.0
1000129,107467.0,104348.0,6000.0
1000130,110367.0,101048.0,6000.0
1000131,110367.0,107148.0,6000.0
1000132,111267.0,101048.0,6000.0
1000133,101067.0,107148.0,6000.0
1000134,107467.0,107123.0,6000.0
1000135,104867.0,107148.0,6000.0
1000136,98067.0,107148.0,6000.0
1000137,111267.0,107148.0,6000.0
1000138,104867.0,108798.0,6000.0
1000139,111267.0,108748.0,6000.0
1000140,104867.0,111848.0,6000.0
1000141,107467.0,108798.0,6000.0
1000142,107467.0,111848.0,6000.0
1000143,98067.0,113448.0,6000.0
1000144,101067.0,110448.0,6000.0
1000145,101067.0,113448.0,6000.0
1000146,98067.0,114848.0,6000.0
1000147,107467.0,114848.0,6000.0
1000148,101067.0,114848.0,6000.0
1000149,104867.0,114848.0,6000.0
1000150,107467.0,106298.0,6000.0
1000151,98067.0,101548.0,6000.0
1000152,98067.0,104348.0,6000.0
1000153,107467.0,109893.0,6000.0
1000154,104867.0,113648.0,6000.0
1000155,98067.0,101048.0,6000.0
1000156,98067.0,98548.0,6000.0
1000157,60347.0,98548.0,6000.0
1000158,60347.0,114848.0,6000.0
1000159,63747.0,114848.0,6000.0
1000160,56347.0,114848.0,6000.0
1000161,56347.0,98548.0,6000.0
1000162,63747.0,98548.0,6000.0
1000163,30067.0,126298.0,6000.0
1000164,30067.0,87098.0,6000.0
1000165,16867.0,87098.0,6000.0
1000166,16867.0,126298.0,6000.0
1000167,16867.0,106698.0,6000.0
1000168,16867.0,114848.0,6000.0
1000169,16867.0,98548.0,6000.0
1000170,111267.0,87098.0,6000.0
1000171,111267.0,126298.0,6000.0
1000172,111267.0,106698.0,6000.0
1000173,98067.0,126298.0,6000.0
1000174,98067.0,87098.0,6000.0
1000175,111267.0,114848.0,6000.0
1000176,111267.0,98548.0,6000.0
1000177,41507.0,126298.0,6000.0
1000178,41507.0,87098.0,6000.0
1000179,52947.0,87098.0,6000.0
1000180,52947.0,126298.0,6000.0
1000181,75187.0,87098.0,6000.0
1000182,75187.0,126298.0,6000.0
1000183,86627.0,126298.0,6000.0
1000184,86627.0,87098.0,6000.0
1000185,9467.0,114848.0,6000.0
1000186,20667.0,126348.0,6000.0
1000187,25167.0,114848.0,6000.0
1000188,25167.0,126348.0,6000.0
1000189,25167.0,98548.0,6000.0
1000190,25167.0,87048.0,6000.0
1000191,20667.0,87048.0,6000.0
1000192,9467.0,87048.0,6000.0
1000193,9467.0,98548.0,6000.0
1000194,13067.0,87048.0,6000.0
1000195,13067.0,98548.0,6000.0
1000196,41507.0,98548.0,6000.0
1000197,41507.0,114848.0,6000.0
1000198,41507.0,107148.0,6000.0
1000199,119800.0,114848.0,6000.0
1000200,119800.0,126348.0,6000.0
1000201,115533.0,114848.0,6000.0
1000202,115533.0,126348.0,6000.0
1000203,119800.0,98548.0,6000.0
1000204,115533.0,98548.0,6000.0
1000205,102967.0,114848.0,6000.0
1000206,102967.0,126348.0,6000.0
1000207,107467.0,126348.0,6000.0
1000208,102967.0,98548.0,6000.0
1000209,102967.0,87048.0,6000.0
1000210,107467.0,87048.0,6000.0
1000211,92347.0,126348.0,6000.0
1000212,92347.0,87048.0,6000.0
1000213,80907.0,126348.0,6000.0
1000214,80907.0,87048.0,6000.0
1000215,69442.0,126348.0,6000.0
1000216,69442.0,87048.0,6000.0
1000217,58347.0,98548.0,6000.0
1000218,58347.0,87048.0,6000.0
1000219,58347.0,114848.0,6000.0
1000220,58347.0,126348.0,6000.0
1000221,47227.0,126348.0,6000.0
1000222,47227.0,87048.0,6000.0
1000223,35787.0,126348.0,6000.0
1000224,35787.0,87048.0,6000.0
1000225,35787.0,98548.0,6000.0
1000226,47227.0,98548.0,6000.0
1000227,92347.0,114848.0,6000.0
1000228,86627.0,114848.0,6000.0
1000229,80907.0,114848.0,6000.0
1000230,75187.0,114848.0,6000.0
1000231,69442.0,114848.0,6000.0
1000232,35787.0,114848.0,6000.0
1000233,47227.0,114848.0,6000.0
1000234,35787.0,107148.0,6000.0
1000235,47227.0,107148.0,6000.0
1000236,92347.0,107148.0,6000.0
1000237,86627.0,107148.0,6000.0
1000238,80907.0,107148.0,6000.0
1000239,75187.0,107148.0,6000.0
1000240,69442.0,107148.0,6000.0
1000241,92347.0,98548.0,6000.0
1000242,86627.0,98548.0,6000.0
1000243,80907.0,98548.0,6000.0
1000244,75187.0,98548.0,6000.0
1000245,69442.0,98548.0,6000.0
1000246,13067.0,114848.0,6000.0
1000247,13067.0,106698.0,6000.0
1000248,9467.0,106698.0,6000.0
1000249,119800.0,106698.0,6000.0
1000250,115533.0,106698.0,6000.0
1000251,63747.0,126298.0,6000.0
1000252,63747.0,87098.0,6000.0
1000253,55947.0,107048.0,6000.0
1000254,56347.0,106298.0,6000.0
1000255,30067.0,106698.0,6000.0
1000256,52947.0,106698.0,6000.0
1000257,56347.0,113448.0,6000.0
1000258,63747.0,106698.0,6000.0
1000259,98067.0,106698.0,6000.0
1000260,27067.0,113448.0,5400.0
1000261,27067.0,114848.0,5400.0
1000262,20667.0,107123.0,5400.0
1000263,20667.0,108798.0,5400.0
1000264,28067.0,110448.0,5400.0
1000265,30067.0,110448.0,5400.0
1000266,23267.0,107148.0,5400.0
1000267,23267.0,108798.0,5400.0
1000268,17767.0,107148.0,5300.0
1000269,20167.0,107098.0,5300.0
1000270,18417.0,98548.0,5250.0
1000271,19467.0,98548.0,5250.0
1000272,28467.0,113448.0,5400.0
1000273,30067.0,113448.0,5400.0
1000274,20667.0,98548.0,5250.0
1000275,54497.0,98548.0,4900.0
1000276,56347.0,98548.0,4900.0
1000277,107467.0,98548.0,5250.0
1000278,108667.0,98548.0,5250.0
1000279,98067.0,113448.0,5400.0
1000280,99667.0,113448.0,5400.0
1000281,107967.0,107098.0,5300.0
1000282,110367.0,107148.0,5300.0
1000283,104867.0,107148.0,5400.0
1000284,104867.0,108798.0,5400.0
1000285,107467.0,107123.0,5400.0
1000286,107467.0,108798.0,5400.0
1000287,101067.0,113448.0,5400.0
1000288,101067.0,114848.0,5400.0
1000289,98067.0,110448.0,5400.0
1000290,100067.0,110448.0,5400.0
1000291,109717.0,98548.0,5250.0
1000292,17367.0,114848.0,6000.0
1000293,21533.0,114848.0,6000.0
1000294,22400.0,114848.0,6000.0
1000295,27767.0,114848.0,6000.0
1000296,16867.0,111060.0,6000.0
1000297,16867.0,111923.0,6000.0
1000298,16867.0,112785.0,6000.0
1000299,27067.0,113798.0,6000.0
1000300,27067.0,114148.0,6000.0
1000301,27067.0,114498.0,6000.0
1000302,27067.0,111448.0,6000.0
1000303,27067.0,112448.0,6000.0
1000304,27767.0,113448.0,6000.0
1000305,27567.0,110448.0,6000.0
1000306,17767.0,101048.0,5000.0
1000307,17767.0,101048.0,4000.0
1000308,17767.0,101048.0,3000.0
1000309,17767.0,101048.0,2000.0
1000310,17767.0,101048.0,1000.0
1000311,20667.0,109345.0,6000.0
1000312,20667.0,107541.0,6000.0
1000313,20667.0,107960.0,6000.0
1000314,20667.0,108379.0,6000.0
1000315,21533.0,108798.0,6000.0
1000316,22400.0,108798.0,6000.0
1000317,23267.0,109345.0,6000.0
1000318,28567.0,110448.0,6000.0
1000319,29067.0,110448.0,6000.0
1000320,29567.0,110448.0,6000.0
1000321,23267.0,107560.0,6000.0
1000322,23267.0,107973.0,6000.0
1000323,23267.0,108385.0,6000.0
1000324,17317.0,107148.0,6000.0
1000325,21533.0,107131.0,6000.0
1000326,22400.0,107139.0,6000.0
1000327,23267.0,106723.0,6000.0
1000328,27067.0,106723.0,6000.0
1000329,16867.0,101931.0,6000.0
1000330,16867.0,102814.0,6000.0
1000331,16867.0,99381.0,6000.0
1000332,16867.0,100214.0,6000.0
1000333,17317.0,101048.0,6000.0
1000334,18167.0,107139.0,6000.0
1000335,18567.0,107131.0,6000.0
1000336,18967.0,107123.0,6000.0
1000337,19367.0,107114.0,6000.0
1000338,19767.0,107106.0,6000.0
1000339,18617.0,101048.0,6000.0
1000340,20667.0,99381.0,6000.0
1000341,20667.0,100214.0,6000.0
1000342,17642.0,98548.0,6000.0
1000343,18942.0,98548.0,6000.0
1000344,21533.0,98548.0,6000.0
1000345,22400.0,98548.0,6000.0
1000346,23267.0,99070.0,6000.0
1000347,27067.0,99070.0,6000.0
1000348,28067.0,98548.0,6000.0
1000349,29067.0,98548.0,6000.0
1000350,16867.0,114248.0,6000.0
1000351,20667.0,114248.0,6000.0
1000352,20292.0,114848.0,6000.0
1000353,18142.0,114848.0,6000.0
1000354,18642.0,114848.0,6000.0
1000355,19142.0,114848.0,6000.0
1000356,19642.0,114848.0,6000.0
1000357,29267.0,114848.0,6000.0
1000358,28867.0,113448.0,6000.0
1000359,29267.0,113448.0,6000.0
1000360,29667.0,113448.0,6000.0
1000361,20067.0,101048.0,6000.0
1000362,20067.0,98548.0,6000.0
1000363,16867.0,104698.0,6000.0
1000364,16867.0,105698.0,6000.0
1000365,20667.0,106710.0,6000.0
1000366,23267.0,114248.0,6000.0
1000367,30067.0,99381.0,6000.0
1000368,30067.0,100214.0,6000.0
1000369,30067.0,102481.0,6000.0
1000370,30067.0,103414.0,6000.0
1000371,60347.0,101873.0,6000.0
1000372,60347.0,102698.0,6000.0
1000373,60347.0,103523.0,6000.0
1000374,63747.0,111328.0,6000.0
1000375,63747.0,112208.0,6000.0
1000376,63747.0,113088.0,6000.0
1000377,63747.0,113968.0,6000.0
1000378,61022.0,114848.0,6000.0
1000379,61697.0,114848.0,6000.0
1000380,62197.0,114848.0,6000.0
1000381,62697.0,114848.0,6000.0
1000382,63197.0,114848.0,6000.0
1000383,53722.0,98548.0,6000.0
1000384,52947.0,99381.0,6000.0
1000385,52947.0,100214.0,6000.0
1000386,52947.0,101931.0,6000.0
1000387,52947.0,102814.0,6000.0
1000388,53397.0,101048.0,6000.0
1000389,53397.0,107148.0,6000.0
1000390,52947.0,111128.0,6000.0
1000391,52947.0,112058.0,6000.0
1000392,52947.0,112988.0,6000.0
1000393,52947.0,113918.0,6000.0
1000394,53622.0,114848.0,6000.0
1000395,54297.0,114848.0,6000.0
1000396,54797.0,114848.0,6000.0
1000397,55297.0,114848.0,6000.0
1000398,55797.0,114848.0,6000.0
1000399,56347.0,99381.0,6000.0
1000400,56347.0,100214.0,6000.0
1000401,54959.0,98548.0,6000.0
1000402,55422.0,98548.0,6000.0
1000403,55884.0,98548.0,6000.0
1000404,63747.0,99381.0,6000.0
1000405,63747.0,100214.0,6000.0
1000406,54680.0,101048.0,6000.0
1000407,55513.0,101048.0,6000.0
1000408,60822.0,98548.0,6000.0
1000409,61297.0,98548.0,6000.0
1000410,61797.0,98548.0,6000.0
1000411,62297.0,98548.0,6000.0
1000412,62797.0,98548.0,6000.0
1000413,63272.0,98548.0,6000.0
1000414,61197.0,101048.0,6000.0
1000415,62047.0,101048.0,6000.0
1000416,62897.0,101048.0,6000.0
1000417,111267.0,104698.0,6000.0
1000418,111267.0,105698.0,6000.0
1000419,108067.0,98548.0,6000.0
1000420,108067.0,101048.0,6000.0
1000421,98467.0,113448.0,6000.0
1000422,98867.0,113448.0,6000.0
1000423,99267.0,113448.0,6000.0
1000424,98867.0,114848.0,6000.0
1000425,108492.0,114848.0,6000.0
1000426,108992.0,114848.0,6000.0
1000427,109492.0,114848.0,6000.0
1000428,109992.0,114848.0,6000.0
1000429,107842.0,114848.0,6000.0
1000430,107467.0,114248.0,6000.0
1000431,111267.0,114248.0,6000.0
1000432,110767.0,114848.0,6000.0
1000433,110492.0,98548.0,6000.0
1000434,99067.0,98548.0,6000.0
1000435,100067.0,98548.0,6000.0
1000436,105733.0,98548.0,6000.0
1000437,106600.0,98548.0,6000.0
1000438,101067.0,99070.0,6000.0
1000439,104867.0,99070.0,6000.0
1000440,107467.0,99381.0,6000.0
1000441,107467.0,100214.0,6000.0
1000442,109517.0,101048.0,6000.0
1000443,108367.0,107106.0,6000.0
1000444,108767.0,107114.0,6000.0
1000445,109167.0,107123.0,6000.0
1000446,109567.0,107131.0,6000.0
1000447,109967.0,107139.0,6000.0
1000448,110817.0,101048.0,6000.0
1000449,111267.0,99381.0,6000.0
1000450,111267.0,100214.0,6000.0
1000451,111267.0,101931.0,6000.0
1000452,111267.0,102814.0,6000.0
1000453,99067.0,107148.0,6000.0
1000454,100067.0,107148.0,6000.0
1000455,101067.0,106723.0,6000.0
1000456,104867.0,106723.0,6000.0
1000457,105733.0,107139.0,6000.0
1000458,106600.0,107131.0,6000.0
1000459,110817.0,107148.0,6000.0
1000460,104867.0,107560.0,6000.0
1000461,104867.0,107973.0,6000.0
1000462,104867.0,108385.0,6000.0
1000463,104867.0,109345.0,6000.0
1000464,105733.0,108798.0,6000.0
1000465,106600.0,108798.0,6000.0
1000466,107467.0,107541.0,6000.0
1000467,107467.0,107960.0,6000.0
1000468,107467.0,108379.0,6000.0
1000469,107467.0,109345.0,6000.0
1000470,98067.0,111448.0,6000.0
1000471,98067.0,112448.0,6000.0
1000472,100567.0,110448.0,6000.0
1000473,100367.0,113448.0,6000.0
1000474,101067.0,111448.0,6000.0
1000475,101067.0,112448.0,6000.0
1000476,98067.0,114148.0,6000.0
1000477,101067.0,113798.0,6000.0
1000478,101067.0,114148.0,6000.0
1000479,101067.0,114498.0,6000.0
1000480,111267.0,111060.0,6000.0
1000481,111267.0,111923.0,6000.0
1000482,111267.0,112785.0,6000.0
1000483,100367.0,114848.0,6000.0
1000484,105733.0,114848.0,6000.0
1000485,106600.0,114848.0,6000.0
1000486,107467.0,106710.0,6000.0
1000487,98067.0,102481.0,6000.0
1000488,98067.0,103414.0,6000.0
1000489,104867.0,114248.0,6000.0
1000490,98067.0,99381.0,6000.0
1000491,98067.0,100214.0,6000.0
1000492,98567.0,110448.0,6000.0
1000493,99067.0,110448.0,6000.0
1000494,99567.0,110448.0,6000.0
1000495,109192.0,98548.0,6000.0
1000496,61197.0,110448.0,6000.0
1000497,62047.0,110448.0,6000.0
1000498,62897.0,110448.0,6000.0
1000499,56347.0,106673.0,6000.0
1000500,16867.0,114848.0,5125.0
1000501,16867.0,114848.0,4250.0
1000502,16867.0,114848.0,3375.0
1000503,16867.0,114848.0,2500.0
1000504,16867.0,114848.0,1666.0
1000505,16867.0,114848.0,833.0
1000506,17867.0,114848.0,5125.0
1000507,17867.0,114848.0,4250.0
1000508,17867.0,114848.0,3375.0
1000509,17867.0,114848.0,2500.0
1000510,17867.0,114848.0,1666.0
1000511,17867.0,114848.0,833.0
1000512,20667.0,114848.0,5125.0
1000513,20667.0,114848.0,4250.0
1000514,20667.0,114848.0,3375.0
1000515,20667.0,114848.0,2500.0
1000516,20667.0,114848.0,1666.0
1000517,20667.0,114848.0,833.0
1000518,23267.0,114848.0,5062.0
1000519,23267.0,114848.0,4125.0
1000520,23267.0,114848.0,3187.0
1000521,23267.0,114848.0,2500.0
1000522,23267.0,114848.0,1833.0
1000523,23267.0,114848.0,916.0
1000524,28467.0,114848.0,5000.0
1000525,28467.0,114848.0,4000.0
1000526,28467.0,114848.0,3000.0
1000527,28467.0,114848.0,2000.0
1000528,28467.0,114848.0,1000.0
1000529,27067.0,110448.0,5000.0
1000530,27067.0,110448.0,4000.0
1000531,27067.0,110448.0,3000.0
1000532,27067.0,110448.0,2000.0
1000533,27067.0,110448.0,1000.0
1000534,20667.0,109893.0,5000.0
1000535,20667.0,109893.0,4000.0
1000536,20667.0,109893.0,3000.0
1000537,20667.0,109893.0,2000.0
1000538,20667.0,109893.0,1000.0
1000539,16867.0,110198.0,5125.0
1000540,16867.0,110198.0,4250.0
1000541,16867.0,110198.0,3375.0
1000542,16867.0,110198.0,2500.0
1000543,16867.0,110198.0,1666.0
1000544,16867.0,110198.0,833.0
1000545,16867.0,113648.0,5125.0
1000546,16867.0,113648.0,4250.0
1000547,16867.0,113648.0,3375.0
1000548,16867.0,113648.0,2500.0
1000549,16867.0,113648.0,1666.0
1000550,16867.0,113648.0,833.0
1000551,23267.0,109893.0,5000.0
1000552,23267.0,109893.0,4000.0
1000553,23267.0,109893.0,3000.0
1000554,23267.0,109893.0,2000.0
1000555,23267.0,109893.0,1000.0
1000556,16867.0,106698.0,5000.0
1000557,16867.0,106698.0,4000.0
1000558,16867.0,106698.0,3000.0
1000559,16867.0,106698.0,2000.0
1000560,16867.0,106698.0,1000.0
1000561,16867.0,107148.0,5000.0
1000562,16867.0,107148.0,4000.0
1000563,16867.0,107148.0,3000.0
1000564,16867.0,107148.0,2000.0
1000565,16867.0,107148.0,1000.0
1000566,23267.0,106298.0,5000.0
1000567,23267.0,106298.0,4000.0
1000568,23267.0,106298.0,3000.0
1000569,23267.0,106298.0,2000.0
1000570,23267.0,106298.0,1000.0
1000571,27067.0,106298.0,5000.0
1000572,27067.0,106298.0,4000.0
1000573,27067.0,106298.0,3000.0
1000574,27067.0,106298.0,2000.0
1000575,27067.0,106298.0,1000.0
1000576,27067.0,107148.0,5000.0
1000577,27067.0,107148.0,4000.0
1000578,27067.0,107148.0,3000.0
1000579,27067.0,107148.0,2000.0
1000580,27067.0,107148.0,1000.0
1000581,16867.0,101048.0,5000.0
1000582,16867.0,101048.0,4000.0
1000583,16867.0,101048.0,3000.0
1000584,16867.0,101048.0,2000.0
1000585,16867.0,101048.0,1000.0
1000586,16867.0,103698.0,5000.0
1000587,16867.0,103698.0,4000.0
1000588,16867.0,103698.0,3000.0
1000589,16867.0,103698.0,2000.0
1000590,16867.0,103698.0,1000.0
1000591,16867.0,98548.0,5000.0
1000592,16867.0,98548.0,4000.0
1000593,16867.0,98548.0,3000.0
1000594,16867.0,98548.0,2000.0
1000595,16867.0,98548.0,1000.0
1000596,19467.0,101048.0,5000.0
1000597,19467.0,101048.0,4000.0
1000598,19467.0,101048.0,3000.0
1000599,19467.0,101048.0,2000.0
1000600,19467.0,101048.0,1000.0
1000601,20667.0,101048.0,5000.0
1000602,20667.0,101048.0,4000.0
1000603,20667.0,101048.0,3000.0
1000604,20667.0,101048.0,2000.0
1000605,20667.0,101048.0,1000.0
1000606,23267.0,98548.0,5000.0
1000607,23267.0,98548.0,4000.0
1000608,23267.0,98548.0,3000.0
1000609,23267.0,98548.0,2000.0
1000610,23267.0,98548.0,1000.0
1000611,23267.0,99593.0,5000.0
1000612,23267.0,99593.0,4000.0
1000613,23267.0,99593.0,3000.0
1000614,23267.0,99593.0,2000.0
1000615,23267.0,99593.0,1000.0
1000616,27067.0,98548.0,5000.0
1000617,27067.0,98548.0,4000.0
1000618,27067.0,98548.0,3000.0
1000619,27067.0,98548.0,2000.0
1000620,27067.0,98548.0,1000.0
1000621,27067.0,99593.0,5000.0
1000622,27067.0,99593.0,4000.0
1000623,27067.0,99593.0,3000.0
1000624,27067.0,99593.0,2000.0
1000625,27067.0,99593.0,1000.0
1000626,30067.0,98548.0,5000.0
1000627,30067.0,98548.0,4000.0
1000628,30067.0,98548.0,3000.0
1000629,30067.0,98548.0,2000.0
1000630,30067.0,98548.0,1000.0
1000631,19917.0,114848.0,5125.0
1000632,19917.0,114848.0,4250.0
1000633,19917.0,114848.0,3375.0
1000634,19917.0,114848.0,2500.0
1000635,19917.0,114848.0,1666.0
1000636,19917.0,114848.0,833.0
1000637,30067.0,114848.0,5000.0
1000638,30067.0,114848.0,4000.0
1000639,30067.0,114848.0,3000.0
1000640,30067.0,114848.0,2000.0
1000641,30067.0,114848.0,1000.0
1000642,20667.0,106298.0,5000.0
1000643,20667.0,106298.0,4000.0
1000644,20667.0,106298.0,3000.0
1000645,20667.0,106298.0,2000.0
1000646,20667.0,106298.0,1000.0
1000647,20667.0,113648.0,5125.0
1000648,20667.0,113648.0,4250.0
1000649,20667.0,113648.0,3375.0
1000650,20667.0,113648.0,2500.0
1000651,20667.0,113648.0,1666.0
1000652,20667.0,113648.0,833.0
1000653,23267.0,113648.0,5000.0
1000654,23267.0,113648.0,4000.0
1000655,23267.0,113648.0,3000.0
1000656,23267.0,113648.0,2000.0
1000657,23267.0,113648.0,1000.0
1000658,20667.0,101548.0,5000.0
1000659,20667.0,101548.0,4000.0
1000660,20667.0,101548.0,3000.0
1000661,20667.0,101548.0,2000.0
1000662,20667.0,101548.0,1000.0
1000663,30067.0,114148.0,6000.0
1000664,30067.0,111448.0,6000.0
1000665,30067.0,112448.0,6000.0
1000666,30067.0,101048.0,5000.0
1000667,30067.0,101048.0,4000.0
1000668,30067.0,101048.0,3000.0
1000669,30067.0,101048.0,2000.0
1000670,30067.0,101048.0,1000.0
1000671,30067.0,101548.0,5000.0
1000672,30067.0,101548.0,4000.0
1000673,30067.0,101548.0,3000.0
1000674,30067.0,101548.0,2000.0
1000675,30067.0,101548.0,1000.0
1000676,28067.0,107148.0,6000.0
1000677,29067.0,107148.0,6000.0
1000678,30067.0,107148.0,5000.0
1000679,30067.0,107148.0,4000.0
1000680,30067.0,107148.0,3000.0
1000681,30067.0,107148.0,2000.0
1000682,30067.0,107148.0,1000.0
1000683,30067.0,104348.0,5000.0
1000684,30067.0,104348.0,4000.0
1000685,30067.0,104348.0,3000.0
1000686,30067.0,104348.0,2000.0
1000687,30067.0,104348.0,1000.0
1000688,60347.0,101048.0,5125.0
1000689,60347.0,101048.0,4250.0
1000690,60347.0,101048.0,3375.0
1000691,60347.0,101048.0,2500.0
1000692,60347.0,101048.0,1666.0
1000693,60347.0,101048.0,833.0
1000694,60347.0,104348.0,5125.0
1000695,60347.0,104348.0,4250.0
1000696,60347.0,104348.0,3375.0
1000697,60347.0,104348.0,2500.0
1000698,60347.0,104348.0,1666.0
1000699,60347.0,104348.0,833.0
1000700,63747.0,110448.0,5125.0
1000701,63747.0,110448.0,4250.0
1000702,63747.0,110448.0,3375.0
1000703,63747.0,110448.0,2500.0
1000704,63747.0,110448.0,1666.0
1000705,63747.0,110448.0,833.0
1000706,63747.0,114848.0,5125.0
1000707,63747.0,114848.0,4250.0
1000708,63747.0,114848.0,3375.0
1000709,63747.0,114848.0,2500.0
1000710,63747.0,114848.0,1666.0
1000711,63747.0,114848.0,833.0
1000712,60347.0,114848.0,5125.0
1000713,60347.0,114848.0,4250.0
1000714,60347.0,114848.0,3375.0
1000715,60347.0,114848.0,2500.0
1000716,60347.0,114848.0,1666.0
1000717,60347.0,114848.0,833.0
1000718,52947.0,103698.0,5000.0
1000719,52947.0,103698.0,4000.0
1000720,52947.0,103698.0,3000.0
1000721,52947.0,103698.0,2000.0
1000722,52947.0,103698.0,1000.0
1000723,52947.0,107148.0,5000.0
1000724,52947.0,107148.0,4000.0
1000725,52947.0,107148.0,3000.0
1000726,52947.0,107148.0,2000.0
1000727,52947.0,107148.0,1000.0
1000728,52947.0,98548.0,5000.0
1000729,52947.0,98548.0,4000.0
1000730,52947.0,98548.0,3000.0
1000731,52947.0,98548.0,2000.0
1000732,52947.0,98548.0,1000.0
1000733,52947.0,101048.0,5000.0
1000734,52947.0,101048.0,4000.0
1000735,52947.0,101048.0,3000.0
1000736,52947.0,101048.0,2000.0
1000737,52947.0,101048.0,1000.0
1000738,53847.0,101048.0,5000.0
1000739,53847.0,101048.0,4000.0
1000740,53847.0,101048.0,3000.0
1000741,53847.0,101048.0,2000.0
1000742,53847.0,101048.0,1000.0
1000743,53847.0,107148.0,5000.0
1000744,53847.0,107148.0,4000.0
1000745,53847.0,107148.0,3000.0
1000746,53847.0,107148.0,2000.0
1000747,53847.0,107148.0,1000.0
1000748,52947.0,110198.0,5125.0
1000749,52947.0,110198.0,4250.0
1000750,52947.0,110198.0,3375.0
1000751,52947.0,110198.0,2500.0
1000752,52947.0,110198.0,1666.0
1000753,52947.0,110198.0,833.0
1000754,52947.0,114848.0,5125.0
1000755,52947.0,114848.0,4250.0
1000756,52947.0,114848.0,3375.0
1000757,52947.0,114848.0,2500.0
1000758,52947.0,114848.0,1666.0
1000759,52947.0,114848.0,833.0
1000760,56347.0,114848.0,5125.0
1000761,56347.0,114848.0,4250.0
1000762,56347.0,114848.0,3375.0
1000763,56347.0,114848.0,2500.0
1000764,56347.0,114848.0,1666.0
1000765,56347.0,114848.0,833.0
1000766,56347.0,101048.0,5000.0
1000767,56347.0,101048.0,4000.0
1000768,56347.0,101048.0,3000.0
1000769,56347.0,101048.0,2000.0
1000770,56347.0,101048.0,1000.0
1000771,56347.0,101548.0,5000.0
1000772,56347.0,101548.0,4000.0
1000773,56347.0,101548.0,3000.0
1000774,56347.0,101548.0,2000.0
1000775,56347.0,101548.0,1000.0
1000776,63747.0,101048.0,5125.0
1000777,63747.0,101048.0,4250.0
1000778,63747.0,101048.0,3375.0
1000779,63747.0,101048.0,2500.0
1000780,63747.0,101048.0,1666.0
1000781,63747.0,101048.0,833.0
1000782,63747.0,107148.0,5125.0
1000783,63747.0,107148.0,4250.0
1000784,63747.0,107148.0,3375.0
1000785,63747.0,107148.0,2500.0
1000786,63747.0,107148.0,1666.0
1000787,63747.0,107148.0,833.0
1000788,63747.0,98548.0,5125.0
1000789,63747.0,98548.0,4250.0
1000790,63747.0,98548.0,3375.0
1000791,63747.0,98548.0,2500.0
1000792,63747.0,98548.0,1666.0
1000793,63747.0,98548.0,833.0
1000794,60347.0,98548.0,5125.0
1000795,60347.0,98548.0,4250.0
1000796,60347.0,98548.0,3375.0
1000797,60347.0,98548.0,2500.0
1000798,60347.0,98548.0,1666.0
1000799,60347.0,98548.0,833.0
1000800,111267.0,103698.0,5000.0
1000801,111267.0,103698.0,4000.0
1000802,111267.0,103698.0,3000.0
1000803,111267.0,103698.0,2000.0
1000804,111267.0,103698.0,1000.0
1000805,111267.0,106698.0,5000.0
1000806,111267.0,106698.0,4000.0
1000807,111267.0,106698.0,3000.0
1000808,111267.0,106698.0,2000.0
1000809,111267.0,106698.0,1000.0
1000810,107467.0,101048.0,5000.0
1000811,107467.0,101048.0,4000.0
1000812,107467.0,101048.0,3000.0
1000813,107467.0,101048.0,2000.0
1000814,107467.0,101048.0,1000.0
1000815,108667.0,101048.0,5000.0
1000816,108667.0,101048.0,4000.0
1000817,108667.0,101048.0,3000.0
1000818,108667.0,101048.0,2000.0
1000819,108667.0,101048.0,1000.0
1000820,98067.0,114848.0,5000.0
1000821,98067.0,114848.0,4000.0
1000822,98067.0,114848.0,3000.0
1000823,98067.0,114848.0,2000.0
1000824,98067.0,114848.0,1000.0
1000825,99667.0,114848.0,5000.0
1000826,99667.0,114848.0,4000.0
1000827,99667.0,114848.0,3000.0
1000828,99667.0,114848.0,2000.0
1000829,99667.0,114848.0,1000.0
1000830,108217.0,114848.0,5125.0
1000831,108217.0,114848.0,4250.0
1000832,108217.0,114848.0,3375.0
1000833,108217.0,114848.0,2500.0
1000834,108217.0,114848.0,1666.0
1000835,108217.0,114848.0,833.0
1000836,110267.0,114848.0,5125.0
1000837,110267.0,114848.0,4250.0
1000838,110267.0,114848.0,3375.0
1000839,110267.0,114848.0,2500.0
1000840,110267.0,114848.0,1666.0
1000841,110267.0,114848.0,833.0
1000842,107467.0,114848.0,5125.0
1000843,107467.0,114848.0,4250.0
1000844,107467.0,114848.0,3375.0
1000845,107467.0,114848.0,2500.0
1000846,107467.0,114848.0,1666.0
1000847,107467.0,114848.0,833.0
1000848,107467.0,113648.0,5125.0
1000849,107467.0,113648.0,4250.0
1000850,107467.0,113648.0,3375.0
1000851,107467.0,113648.0,2500.0
1000852,107467.0,113648.0,1666.0
1000853,107467.0,113648.0,833.0
1000854,111267.0,113648.0,5062.0
1000855,111267.0,113648.0,4125.0
1000856,111267.0,113648.0,3187.0
1000857,111267.0,113648.0,2500.0
1000858,111267.0,113648.0,1833.0
1000859,111267.0,113648.0,916.0
1000860,111267.0,114848.0,5125.0
1000861,111267.0,114848.0,4250.0
1000862,111267.0,114848.0,3375.0
1000863,111267.0,114848.0,2500.0
1000864,111267.0,114848.0,1666.0
1000865,111267.0,114848.0,833.0
1000866,111267.0,98548.0,5000.0
1000867,111267.0,98548.0,4000.0
1000868,111267.0,98548.0,3000.0
1000869,111267.0,98548.0,2000.0
1000870,111267.0,98548.0,1000.0
1000871,98067.0,98548.0,5000.0
1000872,98067.0,98548.0,4000.0
1000873,98067.0,98548.0,3000.0
1000874,98067.0,98548.0,2000.0
1000875,98067.0,98548.0,1000.0
1000876,101067.0,98548.0,5000.0
1000877,101067.0,98548.0,4000.0
1000878,101067.0,98548.0,3000.0
1000879,101067.0,98548.0,2000.0
1000880,101067.0,98548.0,1000.0
1000881,104867.0,98548.0,5000.0
1000882,104867.0,98548.0,4000.0
1000883,104867.0,98548.0,3000.0
1000884,104867.0,98548.0,2000.0
1000885,104867.0,98548.0,1000.0
1000886,101067.0,99593.0,5000.0
1000887,101067.0,99593.0,4000.0
1000888,101067.0,99593.0,3000.0
1000889,101067.0,99593.0,2000.0
1000890,101067.0,99593.0,1000.0
1000891,104867.0,99593.0,5000.0
1000892,104867.0,99593.0,4000.0
1000893,104867.0,99593.0,3000.0
1000894,104867.0,99593.0,2000.0
1000895,104867.0,99593.0,1000.0
1000896,107467.0,101548.0,5000.0
1000897,107467.0,101548.0,4000.0
1000898,107467.0,101548.0,3000.0
1000899,107467.0,101548.0,2000.0
1000900,107467.0,101548.0,1000.0
1000901,110367.0,101048.0,5000.0
1000902,110367.0,101048.0,4000.0
1000903,110367.0,101048.0,3000.0
1000904,110367.0,101048.0,2000.0
1000905,110367.0,101048.0,1000.0
1000906,111267.0,101048.0,5000.0
1000907,111267.0,101048.0,4000.0
1000908,111267.0,101048.0,3000.0
1000909,111267.0,101048.0,2000.0
1000910,111267.0,101048.0,1000.0
1000911,98067.0,107148.0,5000.0
1000912,98067.0,107148.0,4000.0
1000913,98067.0,107148.0,3000.0
1000914,98067.0,107148.0,2000.0
1000915,98067.0,107148.0,1000.0
1000916,101067.0,107148.0,5000.0
1000917,101067.0,107148.0,4000.0
1000918,101067.0,107148.0,3000.0
1000919,101067.0,107148.0,2000.0
1000920,101067.0,107148.0,1000.0
1000921,101067.0,106298.0,5000.0
1000922,101067.0,106298.0,4000.0
1000923,101067.0,106298.0,3000.0
1000924,101067.0,106298.0,2000.0
1000925,101067.0,106298.0,1000.0
1000926,104867.0,106298.0,5000.0
1000927,104867.0,106298.0,4000.0
1000928,104867.0,106298.0,3000.0
1000929,104867.0,106298.0,2000.0
1000930,104867.0,106298.0,1000.0
1000931,111267.0,107148.0,5000.0
1000932,111267.0,107148.0,4000.0
1000933,111267.0,107148.0,3000.0
1000934,111267.0,107148.0,2000.0
1000935,111267.0,107148.0,1000.0
1000936,104867.0,109893.0,5000.0
1000937,104867.0,109893.0,4000.0
1000938,104867.0,109893.0,3000.0
1000939,104867.0,109893.0,2000.0
1000940,104867.0,109893.0,1000.0
1000941,107467.0,109893.0,5000.0
1000942,107467.0,109893.0,4000.0
1000943,107467.0,109893.0,3000.0
1000944,107467.0,109893.0,2000.0
1000945,107467.0,109893.0,1000.0
1000946,101067.0,110448.0,5000.0
1000947,101067.0,110448.0,4000.0
1000948,101067.0,110448.0,3000.0
1000949,101067.0,110448.0,2000.0
1000950,101067.0,110448.0,1000.0
1000951,111267.0,110198.0,5000.0
1000952,111267.0,110198.0,4000.0
1000953,111267.0,110198.0,3000.0
1000954,111267.0,110198.0,2000.0
1000955,111267.0,110198.0,1000.0
1000956,104867.0,114848.0,5062.0
1000957,104867.0,114848.0,4125.0
1000958,104867.0,114848.0,3187.0
1000959,104867.0,114848.0,2500.0
1000960,104867.0,114848.0,1833.0
1000961,104867.0,114848.0,916.0
1000962,107467.0,106298.0,5000.0
1000963,107467.0,106298.0,4000.0
1000964,107467.0,106298.0,3000.0
1000965,107467.0,106298.0,2000.0
1000966,107467.0,106298.0,1000.0
1000967,98067.0,101548.0,5000.0
1000968,98067.0,101548.0,4000.0
1000969,98067.0,101548.0,3000.0
1000970,98067.0,101548.0,2000.0
1000971,98067.0,101548.0,1000.0
1000972,98067.0,104348.0,5000.0
1000973,98067.0,104348.0,4000.0
1000974,98067.0,104348.0,3000.0
1000975,98067.0,104348.0,2000.0
1000976,98067.0,104348.0,1000.0
1000977,104867.0,113648.0,5000.0
1000978,104867.0,113648.0,4000.0
1000979,104867.0,113648.0,3000.0
1000980,104867.0,113648.0,2000.0
1000981,104867.0,113648.0,1000.0
1000982,98067.0,101048.0,5000.0
1000983,98067.0,101048.0,4000.0
1000984,98067.0,101048.0,3000.0
1000985,98067.0,101048.0,2000.0
1000986,98067.0,101048.0,1000.0
1000987,56347.0,110448.0,5125.0
1000988,56347.0,110448.0,4250.0
1000989,56347.0,110448.0,3375.0
1000990,56347.0,110448.0,2500.0
1000991,56347.0,110448.0,1666.0
1000992,56347.0,110448.0,833.0
1000993,60347.0,110448.0,5125.0
1000994,60347.0,110448.0,4250.0
1000995,60347.0,110448.0,3375.0
1000996,60347.0,110448.0,2500.0
1000997,60347.0,110448.0,1666.0
1000998,60347.0,110448.0,833.0
1000999,30067.0,105281.0,6000.0
1001000,30067.0,106214.0,6000.0
1001001,52947.0,104560.0,6000.0
1001002,52947.0,105423.0,6000.0
1001003,52947.0,106285.0,6000.0
1001004,56347.0,111328.0,6000.0
1001005,56347.0,112208.0,6000.0
1001006,56347.0,113088.0,6000.0
1001007,63747.0,102064.0,6000.0
1001008,63747.0,103081.0,6000.0
1001009,63747.0,104098.0,6000.0
1001010,63747.0,105114.0,6000.0
1001011,63747.0,106131.0,6000.0
1001012,98067.0,105281.0,6000.0
1001013,98067.0,106214.0,6000.0
1001014,27067.0,113798.0,5400.0
1001015,27067.0,114148.0,5400.0
1001016,27067.0,114498.0,5400.0
1001017,20667.0,107541.0,5400.0
1001018,20667.0,107960.0,5400.0
1001019,20667.0,108379.0,5400.0
1001020,28567.0,110448.0,5400.0
1001021,29067.0,110448.0,5400.0
1001022,29567.0,110448.0,5400.0
1001023,23267.0,107560.0,5400.0
1001024,23267.0,107973.0,5400.0
1001025,23267.0,108385.0,5400.0
1001026,18167.0,107139.0,5300.0
1001027,18567.0,107131.0,5300.0
1001028,18967.0,107123.0,5300.0
1001029,19367.0,107114.0,5300.0
1001030,19767.0,107106.0,5300.0
1001031,18942.0,98548.0,5250.0
1001032,28867.0,113448.0,5400.0
1001033,29267.0,113448.0,5400.0
1001034,29667.0,113448.0,5400.0
1001035,20067.0,98548.0,5250.0
1001036,54959.0,98548.0,4900.0
1001037,55422.0,98548.0,4900.0
1001038,55884.0,98548.0,4900.0
1001039,108067.0,98548.0,5250.0
1001040,98467.0,113448.0,5400.0
1001041,98867.0,113448.0,5400.0
1001042,99267.0,113448.0,5400.0
1001043,108367.0,107106.0,5300.0
1001044,108767.0,107114.0,5300.0
1001045,109167.0,107123.0,5300.0
1001046,109567.0,107131.0,5300.0
1001047,109967.0,107139.0,5300.0
1001048,104867.0,107560.0,5400.0
1001049,104867.0,107973.0,5400.0
1001050,104867.0,108385.0,5400.0
1001051,107467.0,107541.0,5400.0
1001052,107467.0,107960.0,5400.0
1001053,107467.0,108379.0,5400.0
1001054,101067.0,113798.0,5400.0
1001055,101067.0,114148.0,5400.0
1001056,101067.0,114498.0,5400.0
1001057,98567.0,110448.0,5400.0
1001058,99067.0,110448.0,5400.0
1001059,99567.0,110448.0,5400.0
1001060,109192.0,98548.0,5250.0
1001061,20167.0,107098.0,4000.0
1001062,20167.0,107098.0,3000.0
1001063,20167.0,107098.0,2000.0
1001064,20167.0,107098.0,1000.0
1001065,30067.0,113448.0,4000.0
1001066,30067.0,113448.0,3000.0
1001067,30067.0,113448.0,2000.0
1001068,30067.0,113448.0,1000.0
1001069,27067.0,114848.0,4000.0
1001070,27067.0,114848.0,3000.0
1001071,27067.0,114848.0,2000.0
1001072,27067.0,114848.0,1000.0
1001073,27067.0,113448.0,4000.0
1001074,27067.0,113448.0,3000.0
1001075,27067.0,113448.0,2000.0
1001076,27067.0,113448.0,1000.0
1001077,28467.0,113448.0,4000.0
1001078,28467.0,113448.0,3000.0
1001079,28467.0,113448.0,2000.0
1001080,28467.0,113448.0,1000.0
1001081,20667.0,108798.0,4000.0
1001082,20667.0,108798.0,3000.0
1001083,20667.0,108798.0,2000.0
1001084,20667.0,108798.0,1000.0
1001085,28067.0,110448.0,4000.0
1001086,28067.0,110448.0,3000.0
1001087,28067.0,110448.0,2000.0
1001088,28067.0,110448.0,1000.0
1001089,23267.0,108798.0,4000.0
1001090,23267.0,108798.0,3000.0
1001091,23267.0,108798.0,2000.0
1001092,23267.0,108798.0,1000.0
1001093,20667.0,107123.0,4000.0
1001094,20667.0,107123.0,3000.0
1001095,20667.0,107123.0,2000.0
1001096,20667.0,107123.0,1000.0
1001097,23267.0,107148.0,4000.0
1001098,23267.0,107148.0,3000.0
1001099,23267.0,107148.0,2000.0
1001100,23267.0,107148.0,1000.0
1001101,20667.0,98548.0,4000.0
1001102,20667.0,98548.0,3000.0
1001103,20667.0,98548.0,2000.0
1001104,20667.0,98548.0,1000.0
1001105,18417.0,98548.0,4000.0
1001106,18417.0,98548.0,3000.0
1001107,18417.0,98548.0,2000.0
1001108,18417.0,98548.0,1000.0
1001109,17767.0,107148.0,4000.0
1001110,17767.0,107148.0,3000.0
1001111,17767.0,107148.0,2000.0
1001112,17767.0,107148.0,1000.0
1001113,30067.0,110448.0,4000.0
1001114,30067.0,110448.0,3000.0
1001115,30067.0,110448.0,2000.0
1001116,30067.0,110448.0,1000.0
1001117,54497.0,98548.0,4000.0
1001118,54497.0,98548.0,3000.0
1001119,54497.0,98548.0,2000.0
1001120,54497.0,98548.0,1000.0
1001121,56347.0,98548.0,4000.0
1001122,56347.0,98548.0,3000.0
1001123,56347.0,98548.0,2000.0
1001124,56347.0,98548.0,1000.0
1001125,109717.0,98548.0,4000.0
1001126,109717.0,98548.0,3000.0
1001127,109717.0,98548.0,2000.0
1001128,109717.0,98548.0,1000.0
1001129,107467.0,98548.0,4000.0
1001130,107467.0,98548.0,3000.0
1001131,107467.0,98548.0,2000.0
1001132,107467.0,98548.0,1000.0
1001133,107467.0,107123.0,4000.0
1001134,107467.0,107123.0,3000.0
1001135,107467.0,107123.0,2000.0
1001136,107467.0,107123.0,1000.0
1001137,107967.0,107098.0,4000.0
1001138,107967.0,107098.0,3000.0
1001139,107967.0,107098.0,2000.0
1001140,107967.0,107098.0,1000.0
1001141,104867.0,107148.0,4000.0
1001142,104867.0,107148.0,3000.0
1001143,104867.0,107148.0,2000.0
1001144,104867.0,107148.0,1000.0
1001145,110367.0,107148.0,4000.0
1001146,110367.0,107148.0,3000.0
1001147,110367.0,107148.0,2000.0
1001148,110367.0,107148.0,1000.0
1001149,104867.0,108798.0,4000.0
1001150,104867.0,108798.0,3000.0
1001151,104867.0,108798.0,2000.0
1001152,104867.0,108798.0,1000.0
1001153,107467.0,108798.0,4000.0
1001154,107467.0,108798.0,3000.0
1001155,107467.0,108798.0,2000.0
1001156,107467.0,108798.0,1000.0
1001157,98067.0,110448.0,4000.0
1001158,98067.0,110448.0,3000.0
1001159,98067.0,110448.0,2000.0
1001160,98067.0,110448.0,1000.0
1001161,98067.0,113448.0,4000.0
1001162,98067.0,113448.0,3000.0
1001163,98067.0,113448.0,2000.0
1001164,98067.0,113448.0,1000.0
1001165,100067.0,110448.0,4000.0
1001166,100067.0,110448.0,3000.0
1001167,100067.0,110448.0,2000.0
1001168,100067.0,110448.0,1000.0
1001169,99667.0,113448.0,4000.0
1001170,99667.0,113448.0,3000.0
1001171,99667.0,113448.0,2000.0
1001172,99667.0,113448.0,1000.0
1001173,101067.0,113448.0,4000.0
1001174,101067.0,113448.0,3000.0
1001175,101067.0,113448.0,2000.0
1001176,101067.0,113448.0,1000.0
1001177,101067.0,114848.0,4000.0
1001178,101067.0,114848.0,3000.0
1001179,101067.0,114848.0,2000.0
1001180,101067.0,114848.0,1000.0
1001181,23267.0,113648.0,2492.0
1001182,111267.0,110198.0,2492.0
1001183,104867.0,113648.0,2492.0
1001184,28467.0,114148.0,6000.0
1001185,17817.0,108760.0,6000.0
1001186,18767.0,108773.0,6000.0
1001187,19717.0,108785.0,6000.0
1001188,20667.0,110870.0,6000.0
1001189,20667.0,112748.0,6000.0
1001190,18892.0,113648.0,6000.0
1001191,16867.0,109473.0,6000.0
1001192,16867.0,107948.0,6000.0
1001193,19467.0,99381.0,6000.0
1001194,19467.0,100214.0,6000.0
1001195,24217.0,104348.0,6000.0
1001196,25167.0,104348.0,6000.0
1001197,26117.0,104348.0,6000.0
1001198,27067.0,105323.0,6000.0
1001199,24217.0,107148.0,6000.0
1001200,25167.0,107148.0,6000.0
1001201,26117.0,107148.0,6000.0
1001202,23267.0,105323.0,6000.0
1001203,24217.0,101548.0,6000.0
1001204,25167.0,101548.0,6000.0
1001205,26117.0,101548.0,6000.0
1001206,27067.0,102481.0,6000.0
1001207,27067.0,103414.0,6000.0
1001208,23267.0,102481.0,6000.0
1001209,23267.0,103414.0,6000.0
1001210,24217.0,98548.0,6000.0
1001211,26117.0,98548.0,6000.0
1001212,27067.0,100570.0,6000.0
1001213,23267.0,100570.0,6000.0
1001214,27067.0,108248.0,6000.0
1001215,27067.0,109348.0,6000.0
1001216,26117.0,114848.0,6000.0
1001217,24217.0,114848.0,6000.0
1001218,23267.0,112748.0,6000.0
1001219,23267.0,110870.0,6000.0
1001220,54897.0,107098.0,6000.0
1001221,56347.0,107898.0,6000.0
1001222,53797.0,108748.0,6000.0
1001223,54647.0,108748.0,6000.0
1001224,55497.0,108748.0,6000.0
1001225,52947.0,107948.0,6000.0
1001226,99667.0,114148.0,6000.0
1001227,108417.0,108785.0,6000.0
1001228,109367.0,108773.0,6000.0
1001229,110317.0,108760.0,6000.0
1001230,111267.0,109473.0,6000.0
1001231,109242.0,113648.0,6000.0
1001232,107467.0,112748.0,6000.0
1001233,107467.0,110870.0,6000.0
1001234,111267.0,107948.0,6000.0
1001235,108667.0,99381.0,6000.0
1001236,108667.0,100214.0,6000.0
1001237,102017.0,104348.0,6000.0
1001238,102967.0,104348.0,6000.0
1001239,103917.0,104348.0,6000.0
1001240,104867.0,105323.0,6000.0
1001241,102017.0,107148.0,6000.0
1001242,102967.0,107148.0,6000.0
1001243,103917.0,107148.0,6000.0
1001244,101067.0,105323.0,6000.0
1001245,102017.0,101548.0,6000.0
1001246,102967.0,101548.0,6000.0
1001247,103917.0,101548.0,6000.0
1001248,104867.0,102481.0,6000.0
1001249,104867.0,103414.0,6000.0
1001250,101067.0,102481.0,6000.0
1001251,101067.0,103414.0,6000.0
1001252,102017.0,98548.0,6000.0
1001253,103917.0,98548.0,6000.0
1001254,104867.0,100570.0,6000.0
1001255,101067.0,100570.0,6000.0
1001256,104867.0,110870.0,6000.0
1001257,104867.0,112748.0,6000.0
1001258,103917.0,114848.0,6000.0
1001259,102017.0,114848.0,6000.0
1001260,101067.0,108248.0,6000.0
1001261,101067.0,109348.0,6000.0
1001264,64143.0,106664.0,6000.0
1001265,108667.0,98548.0,5625.0
1001266,109192.0,98548.0,5625.0
1001267,109717.0,98548.0,5625.0
1001268,98067.0,110448.0,5700.0
1001269,98567.0,110448.0,5700.0
1001270,99067.0,110448.0,5700.0
1001271,99567.0,110448.0,5700.0
1001272,100067.0,110448.0,5700.0
1001273,101067.0,113448.0,5700.0
1001274,101067.0,113798.0,5700.0
1001275,101067.0,114148.0,5700.0
1001276,101067.0,114498.0,5700.0
1001277,101067.0,114848.0,5700.0
1001278,107467.0,107123.0,5700.0
1001279,107467.0,107541.0,5700.0
1001280,107467.0,107960.0,5700.0
1001281,107467.0,108379.0,5700.0
1001282,107467.0,108798.0,5700.0
1001283,104867.0,107148.0,5700.0
1001284,104867.0,107560.0,5700.0
1001285,104867.0,107973.0,5700.0
1001286,104867.0,108385.0,5700.0
1001287,104867.0,108798.0,5700.0
1001288,107967.0,107098.0,5650.0
1001289,108367.0,107106.0,5650.0
1001290,108767.0,107114.0,5650.0
1001291,109167.0,107123.0,5650.0
1001292,109567.0,107131.0,5650.0
1001293,109967.0,107139.0,5650.0
1001294,110367.0,107148.0,5650.0
1001295,98067.0,113448.0,5700.0
1001296,98467.0,113448.0,5700.0
1001297,98867.0,113448.0,5700.0
1001298,99267.0,113448.0,5700.0
1001299,99667.0,113448.0,5700.0
1001300,107467.0,98548.0,5625.0
1001301,108067.0,98548.0,5625.0
1001302,54497.0,98548.0,5450.0
1001303,54959.0,98548.0,5450.0
1001304,55422.0,98548.0,5450.0
1001305,55884.0,98548.0,5450.0
1001306,56347.0,98548.0,5450.0
1001307,19467.0,98548.0,5625.0
1001308,20067.0,98548.0,5625.0
1001309,20667.0,98548.0,5625.0
1001310,28467.0,113448.0,5700.0
1001311,28867.0,113448.0,5700.0
1001312,29267.0,113448.0,5700.0
1001313,29667.0,113448.0,5700.0
1001314,30067.0,113448.0,5700.0
1001315,18417.0,98548.0,5625.0
1001316,18942.0,98548.0,5625.0
1001317,17767.0,107148.0,5650.0
1001318,18167.0,107139.0,5650.0
1001319,18567.0,107131.0,5650.0
1001320,18967.0,107123.0,5650.0
1001321,19367.0,107114.0,5650.0
1001322,19767.0,107106.0,5650.0
1001323,20167.0,107098.0,5650.0
1001324,23267.0,107148.0,5700.0
1001325,23267.0,107560.0,5700.0
1001326,23267.0,107973.0,5700.0
1001327,23267.0,108385.0,5700.0
1001328,23267.0,108798.0,5700.0
1001329,28067.0,110448.0,5700.0
1001330,28567.0,110448.0,5700.0
1001331,29067.0,110448.0,5700.0
1001332,29567.0,110448.0,5700.0
1001333,30067.0,110448.0,5700.0
1001334,20667.0,107123.0,5700.0
1001335,20667.0,107541.0,5700.0
1001336,20667.0,107960.0,5700.0
1001337,20667.0,108379.0,5700.0
1001338,20667.0,108798.0,5700.0
1001339,27067.0,113448.0,5700.0
1001340,27067.0,113798.0,5700.0
1001341,27067.0,114148.0,5700.0
1001342,27067.0,114498.0,5700.0
1001343,27067.0,114848.0,5700.0
1001344,17367.0,114848.0,5125.0
1001345,17367.0,114848.0,833.0
1001346,17367.0,114848.0,1666.0
1001347,17367.0,114848.0,2500.0
1001348,17367.0,114848.0,3375.0
1001349,17367.0,114848.0,4250.0
1001350,21533.0,114848.0,5125.0
1001351,22400.0,114848.0,5125.0
1001352,21533.0,114848.0,833.0
1001353,22400.0,114848.0,833.0
1001354,21533.0,114848.0,1666.0
1001355,21533.0,114848.0,2500.0
1001356,21533.0,114848.0,3375.0
1001357,21533.0,114848.0,4250.0
1001358,22400.0,114848.0,1666.0
1001359,22400.0,114848.0,2500.0
1001360,22400.0,114848.0,3375.0
1001361,22400.0,114848.0,4250.0
1001362,27767.0,114848.0,5000.0
1001363,27767.0,114848.0,1000.0
1001364,27767.0,114848.0,2000.0
1001365,27767.0,114848.0,3000.0
1001366,27767.0,114848.0,4000.0
1001367,16867.0,111060.0,5125.0
1001368,16867.0,111923.0,5125.0
1001369,16867.0,112785.0,5125.0
1001370,16867.0,111060.0,833.0
1001371,16867.0,111923.0,833.0
1001372,16867.0,112785.0,833.0
1001373,16867.0,111060.0,1666.0
1001374,16867.0,111060.0,2500.0
1001375,16867.0,111060.0,3375.0
1001376,16867.0,111060.0,4250.0
1001377,16867.0,112785.0,1666.0
1001378,16867.0,112785.0,2500.0
1001379,16867.0,112785.0,3375.0
1001380,16867.0,112785.0,4250.0
1001381,16867.0,111923.0,1666.0
1001382,16867.0,111923.0,2500.0
1001383,16867.0,111923.0,3375.0
1001384,16867.0,111923.0,4250.0
1001385,27067.0,111448.0,5000.0
1001386,27067.0,112448.0,5000.0
1001387,27067.0,111448.0,1000.0
1001388,27067.0,112448.0,1000.0
1001389,27067.0,111448.0,2000.0
1001390,27067.0,111448.0,3000.0
1001391,27067.0,111448.0,4000.0
1001392,27067.0,112448.0,2000.0
1001393,27067.0,112448.0,3000.0
1001394,27067.0,112448.0,4000.0
1001395,27767.0,113448.0,5400.0
1001396,27767.0,113448.0,1000.0
1001397,27767.0,113448.0,2000.0
1001398,27767.0,113448.0,3000.0
1001399,27767.0,113448.0,4000.0
1001400,27567.0,110448.0,5000.0
1001401,27567.0,110448.0,1000.0
1001402,27567.0,110448.0,2000.0
1001403,27567.0,110448.0,3000.0
1001404,27567.0,110448.0,4000.0
1001405,20667.0,109345.0,5000.0
1001406,20667.0,109345.0,1000.0
1001407,20667.0,109345.0,2000.0
1001408,20667.0,109345.0,3000.0
1001409,20667.0,109345.0,4000.0
1001410,21533.0,108798.0,5400.0
1001411,22400.0,108798.0,5400.0
1001412,21533.0,108798.0,1000.0
1001413,22400.0,108798.0,1000.0
1001414,21533.0,108798.0,2000.0
1001415,21533.0,108798.0,3000.0
1001416,21533.0,108798.0,4000.0
1001417,22400.0,108798.0,2000.0
1001418,22400.0,108798.0,3000.0
1001419,22400.0,108798.0,4000.0
1001420,23267.0,109345.0,5000.0
1001421,23267.0,109345.0,1000.0
1001422,23267.0,109345.0,2000.0
1001423,23267.0,109345.0,3000.0
1001424,23267.0,109345.0,4000.0
1001425,17317.0,107148.0,5000.0
1001426,17317.0,107148.0,1000.0
1001427,17317.0,107148.0,2000.0
1001428,17317.0,107148.0,3000.0
1001429,17317.0,107148.0,4000.0
1001430,21533.0,107131.0,5400.0
1001431,22400.0,107139.0,5400.0
1001432,21533.0,107131.0,1000.0
1001433,22400.0,107139.0,1000.0
1001434,21533.0,107131.0,2000.0
1001435,21533.0,107131.0,3000.0
1001436,21533.0,107131.0,4000.0
1001437,22400.0,107139.0,2000.0
1001438,22400.0,107139.0,3000.0
1001439,22400.0,107139.0,4000.0
1001440,23267.0,106723.0,5000.0
1001441,23267.0,106723.0,1000.0
1001442,23267.0,106723.0,2000.0
1001443,23267.0,106723.0,3000.0
1001444,23267.0,106723.0,4000.0
1001445,27067.0,106723.0,5000.0
1001446,27067.0,106723.0,1000.0
1001447,27067.0,106723.0,2000.0
1001448,27067.0,106723.0,3000.0
1001449,27067.0,106723.0,4000.0
1001450,16867.0,101931.0,5000.0
1001451,16867.0,102814.0,5000.0
1001452,16867.0,101931.0,1000.0
1001453,16867.0,102814.0,1000.0
1001454,16867.0,101931.0,2000.0
1001455,16867.0,101931.0,3000.0
1001456,16867.0,101931.0,4000.0
1001457,16867.0,102814.0,2000.0
1001458,16867.0,102814.0,3000.0
1001459,16867.0,102814.0,4000.0
1001460,16867.0,99381.0,5000.0
1001461,16867.0,100214.0,5000.0
1001462,16867.0,99381.0,1000.0
1001463,16867.0,100214.0,1000.0
1001464,16867.0,99381.0,2000.0
1001465,16867.0,99381.0,3000.0
1001466,16867.0,99381.0,4000.0
1001467,16867.0,100214.0,2000.0
1001468,16867.0,100214.0,3000.0
1001469,16867.0,100214.0,4000.0
1001470,17317.0,101048.0,5000.0
1001471,17317.0,101048.0,1000.0
1001472,17317.0,101048.0,2000.0
1001473,17317.0,101048.0,3000.0
1001474,17317.0,101048.0,4000.0
1001475,18617.0,101048.0,5000.0
1001476,18617.0,101048.0,1000.0
1001477,18617.0,101048.0,2000.0
1001478,18617.0,101048.0,3000.0
1001479,18617.0,101048.0,4000.0
1001480,20667.0,99381.0,5000.0
1001481,20667.0,100214.0,5000.0
1001482,20667.0,99381.0,1000.0
1001483,20667.0,100214.0,1000.0
1001484,20667.0,99381.0,2000.0
1001485,20667.0,99381.0,3000.0
1001486,20667.0,99381.0,4000.0
1001487,20667.0,100214.0,2000.0
1001488,20667.0,100214.0,3000.0
1001489,20667.0,100214.0,4000.0
1001490,17642.0,98548.0,5000.0
1001491,17642.0,98548.0,1000.0
1001492,17642.0,98548.0,2000.0
1001493,17642.0,98548.0,3000.0
1001494,17642.0,98548.0,4000.0
1001495,21533.0,98548.0,5000.0
1001496,22400.0,98548.0,5000.0
1001497,21533.0,98548.0,1000.0
1001498,22400.0,98548.0,1000.0
1001499,21533.0,98548.0,2000.0
1001500,21533.0,98548.0,3000.0
1001501,21533.0,98548.0,4000.0
1001502,22400.0,98548.0,2000.0
1001503,22400.0,98548.0,3000.0
1001504,22400.0,98548.0,4000.0
1001505,23267.0,99070.0,5000.0
1001506,23267.0,99070.0,1000.0
1001507,23267.0,99070.0,2000.0
1001508,23267.0,99070.0,3000.0
1001509,23267.0,99070.0,4000.0
1001510,27067.0,99070.0,5000.0
1001511,27067.0,99070.0,1000.0
1001512,27067.0,99070.0,2000.0
1001513,27067.0,99070.0,3000.0
1001514,27067.0,99070.0,4000.0
1001515,28067.0,98548.0,5000.0
1001516,29067.0,98548.0,5000.0
1001517,28067.0,98548.0,1000.0
1001518,29067.0,98548.0,1000.0
1001519,28067.0,98548.0,2000.0
1001520,28067.0,98548.0,3000.0
1001521,28067.0,98548.0,4000.0
1001522,29067.0,98548.0,2000.0
1001523,29067.0,98548.0,3000.0
1001524,29067.0,98548.0,4000.0
1001525,16867.0,114248.0,5125.0
1001526,16867.0,114248.0,833.0
1001527,16867.0,114248.0,1666.0
1001528,16867.0,114248.0,2500.0
1001529,16867.0,114248.0,3375.0
1001530,16867.0,114248.0,4250.0
1001531,20667.0,114248.0,5125.0
1001532,20667.0,114248.0,833.0
1001533,20667.0,114248.0,1666.0
1001534,20667.0,114248.0,2500.0
1001535,20667.0,114248.0,3375.0
1001536,20667.0,114248.0,4250.0
1001537,20292.0,114848.0,5125.0
1001538,20292.0,114848.0,833.0
1001539,20292.0,114848.0,1666.0
1001540,20292.0,114848.0,2500.0
1001541,20292.0,114848.0,3375.0
1001542,20292.0,114848.0,4250.0
1001543,18142.0,114848.0,5125.0
1001544,18145.0,114848.0,5562.0
1001545,18642.0,114848.0,5562.0
1001546,19142.0,114848.0,5562.0
1001547,19639.0,114848.0,5562.0
1001548,19642.0,114848.0,5125.0
1001549,18142.0,114848.0,833.0
1001550,19642.0,114848.0,833.0
1001551,18142.0,114848.0,1666.0
1001552,18142.0,114848.0,2500.0
1001553,18142.0,114848.0,3375.0
1001554,18142.0,114848.0,4250.0
1001555,19642.0,114848.0,1666.0
1001556,19642.0,114848.0,2500.0
1001557,19642.0,114848.0,3375.0
1001558,19642.0,114848.0,4250.0
1001559,18642.0,114848.0,2500.0
1001560,18642.0,114848.0,2937.0
1001561,18145.0,114848.0,2937.0
1001562,19639.0,114848.0,2937.0
1001563,19142.0,114848.0,2937.0
1001564,19142.0,114848.0,2500.0
1001565,18642.0,114848.0,3375.0
1001566,18642.0,114848.0,3812.0
1001567,18145.0,114848.0,3812.0
1001568,19142.0,114848.0,3375.0
1001569,19142.0,114848.0,3812.0
1001570,19639.0,114848.0,3812.0
1001571,18642.0,114848.0,4250.0
1001572,18642.0,114848.0,4687.0
1001573,18145.0,114848.0,4687.0
1001574,19142.0,114848.0,4250.0
1001575,19142.0,114848.0,4687.0
1001576,19639.0,114848.0,4687.0
1001577,18642.0,114848.0,5125.0
1001578,19142.0,114848.0,5125.0
1001579,29267.0,114848.0,5000.0
1001580,29267.0,114848.0,1000.0
1001581,29267.0,114848.0,2000.0
1001582,29267.0,114848.0,3000.0
1001583,29267.0,114848.0,4000.0
1001584,20067.0,101048.0,5000.0
1001585,20067.0,101048.0,1000.0
1001586,20067.0,101048.0,2000.0
1001587,20067.0,101048.0,3000.0
1001588,20067.0,101048.0,4000.0
1001589,16867.0,104698.0,5000.0
1001590,16867.0,105698.0,5000.0
1001591,16867.0,104698.0,1000.0
1001592,16867.0,105698.0,1000.0
1001593,16867.0,104698.0,2000.0
1001594,16867.0,104698.0,3000.0
1001595,16867.0,104698.0,4000.0
1001596,16867.0,105698.0,2000.0
1001597,16867.0,105698.0,3000.0
1001598,16867.0,105698.0,4000.0
1001599,20667.0,106710.0,5000.0
1001600,20667.0,106710.0,1000.0
1001601,20667.0,106710.0,2000.0
1001602,20667.0,106710.0,3000.0
1001603,20667.0,106710.0,4000.0
1001604,23267.0,114248.0,5062.0
1001605,23267.0,114248.0,916.0
1001606,23267.0,114248.0,1833.0
1001607,23267.0,114248.0,2500.0
1001608,23267.0,114248.0,3187.0
1001609,23267.0,114248.0,4125.0
1001610,30067.0,99381.0,5000.0
1001611,30067.0,100214.0,5000.0
1001612,30067.0,99381.0,1000.0
1001613,30067.0,100214.0,1000.0
1001614,30067.0,99381.0,2000.0
1001615,30067.0,99381.0,3000.0
1001616,30067.0,99381.0,4000.0
1001617,30067.0,100214.0,2000.0
1001618,30067.0,100214.0,3000.0
1001619,30067.0,100214.0,4000.0
1001620,30067.0,105281.0,5000.0
1001621,30067.0,106214.0,5000.0
1001622,30067.0,105281.0,1000.0
1001623,30067.0,106214.0,1000.0
1001624,30067.0,105281.0,2000.0
1001625,30067.0,105281.0,3000.0
1001626,30067.0,105281.0,4000.0
1001627,30067.0,106214.0,2000.0
1001628,30067.0,106214.0,3000.0
1001629,30067.0,106214.0,4000.0
1001630,30067.0,102481.0,5000.0
1001631,30067.0,103414.0,5000.0
1001632,30067.0,102481.0,1000.0
1001633,30067.0,103414.0,1000.0
1001634,30067.0,102481.0,2000.0
1001635,30067.0,102481.0,3000.0
1001636,30067.0,102481.0,4000.0
1001637,30067.0,103414.0,2000.0
1001638,30067.0,103414.0,3000.0
1001639,30067.0,103414.0,4000.0
1001640,60347.0,101873.0,5125.0
1001641,60347.0,102698.0,5125.0
1001642,60347.0,103523.0,5125.0
1001643,60347.0,101873.0,833.0
1001644,60347.0,102698.0,833.0
1001645,60347.0,103523.0,833.0
1001646,60347.0,101873.0,1666.0
1001647,60347.0,101873.0,2500.0
1001648,60347.0,101873.0,3375.0
1001649,60347.0,101873.0,4250.0
1001650,60347.0,103523.0,1666.0
1001651,60347.0,103523.0,2500.0
1001652,60347.0,103523.0,3375.0
1001653,60347.0,103523.0,4250.0
1001654,60347.0,102698.0,1666.0
1001655,60347.0,102698.0,2500.0
1001656,60347.0,102698.0,3375.0
1001657,60347.0,102698.0,4250.0
1001658,63747.0,111328.0,5125.0
1001659,63747.0,112208.0,5125.0
1001660,63747.0,113088.0,5125.0
1001661,63747.0,113968.0,5125.0
1001662,63747.0,111328.0,833.0
1001663,63747.0,112208.0,833.0
1001664,63747.0,113088.0,833.0
1001665,63747.0,113968.0,833.0
1001666,63747.0,111328.0,1666.0
1001667,63747.0,111328.0,2500.0
1001668,63747.0,111328.0,3375.0
1001669,63747.0,111328.0,4250.0
1001670,63747.0,113968.0,1666.0
1001671,63747.0,113968.0,2500.0
1001672,63747.0,113968.0,3375.0
1001673,63747.0,113968.0,4250.0
1001674,63747.0,112208.0,1666.0
1001675,63747.0,113088.0,1666.0
1001676,63747.0,112208.0,2500.0
1001677,63747.0,113088.0,2500.0
1001678,63747.0,112208.0,3375.0
1001679,63747.0,113088.0,3375.0
1001680,63747.0,112208.0,4250.0
1001681,63747.0,113088.0,4250.0
1001682,61022.0,114848.0,5125.0
1001683,61697.0,114848.0,5125.0
1001684,61700.0,114848.0,5562.0
1001685,62197.0,114848.0,5562.0
1001686,62697.0,114848.0,5562.0
1001687,63194.0,114848.0,5562.0
1001688,63197.0,114848.0,5125.0
1001689,61022.0,114848.0,833.0
1001690,61697.0,114848.0,833.0
1001691,63197.0,114848.0,833.0
1001692,61022.0,114848.0,1666.0
1001693,61022.0,114848.0,2500.0
1001694,61022.0,114848.0,3375.0
1001695,61022.0,114848.0,4250.0
1001696,63197.0,114848.0,1666.0
1001697,63197.0,114848.0,2500.0
1001698,63197.0,114848.0,3375.0
1001699,63197.0,114848.0,4250.0
1001700,62197.0,114848.0,2500.0
1001701,62197.0,114848.0,2937.0
1001702,61700.0,114848.0,2937.0
1001703,61697.0,114848.0,2500.0
1001704,61697.0,114848.0,3375.0
1001705,61697.0,114848.0,1666.0
1001706,63194.0,114848.0,2937.0
1001707,62697.0,114848.0,2937.0
1001708,62697.0,114848.0,2500.0
1001709,61697.0,114848.0,4250.0
1001710,62197.0,114848.0,3375.0
1001711,62197.0,114848.0,3812.0
1001712,61700.0,114848.0,3812.0
1001713,62697.0,114848.0,3375.0
1001714,62697.0,114848.0,3812.0
1001715,63194.0,114848.0,3812.0
1001716,62197.0,114848.0,4250.0
1001717,62197.0,114848.0,4687.0
1001718,61700.0,114848.0,4687.0
1001719,62697.0,114848.0,4250.0
1001720,62697.0,114848.0,4687.0
1001721,63194.0,114848.0,4687.0
1001722,62197.0,114848.0,5125.0
1001723,62697.0,114848.0,5125.0
1001724,52947.0,104560.0,5000.0
1001725,52947.0,105423.0,5000.0
1001726,52947.0,106285.0,5000.0
1001727,52947.0,104560.0,1000.0
1001728,52947.0,105423.0,1000.0
1001729,52947.0,106285.0,1000.0
1001730,52947.0,104560.0,2000.0
1001731,52947.0,104560.0,3000.0
1001732,52947.0,104560.0,4000.0
1001733,52947.0,106285.0,2000.0
1001734,52947.0,106285.0,3000.0
1001735,52947.0,106285.0,4000.0
1001736,52947.0,105423.0,2000.0
1001737,52947.0,105423.0,3000.0
1001738,52947.0,105423.0,4000.0
1001739,53722.0,98548.0,5000.0
1001740,53722.0,98548.0,1000.0
1001741,53722.0,98548.0,2000.0
1001742,53722.0,98548.0,3000.0
1001743,53722.0,98548.0,4000.0
1001744,52947.0,99381.0,5000.0
1001745,52947.0,100214.0,5000.0
1001746,52947.0,99381.0,1000.0
1001747,52947.0,100214.0,1000.0
1001748,52947.0,99381.0,2000.0
1001749,52947.0,99381.0,3000.0
1001750,52947.0,99381.0,4000.0
1001751,52947.0,100214.0,2000.0
1001752,52947.0,100214.0,3000.0
1001753,52947.0,100214.0,4000.0
1001754,52947.0,101931.0,5000.0
1001755,52947.0,102814.0,5000.0
1001756,52947.0,101931.0,1000.0
1001757,52947.0,102814.0,1000.0
1001758,52947.0,101931.0,2000.0
1001759,52947.0,101931.0,3000.0
1001760,52947.0,101931.0,4000.0
1001761,52947.0,102814.0,2000.0
1001762,52947.0,102814.0,3000.0
1001763,52947.0,102814.0,4000.0
1001764,53397.0,101048.0,5000.0
1001765,53397.0,101048.0,1000.0
1001766,53397.0,101048.0,2000.0
1001767,53397.0,101048.0,3000.0
1001768,53397.0,101048.0,4000.0
1001769,53397.0,107148.0,5000.0
1001770,53397.0,107148.0,1000.0
1001771,53397.0,107148.0,2000.0
1001772,53397.0,107148.0,3000.0
1001773,53397.0,107148.0,4000.0
1001774,56347.0,111328.0,5125.0
1001775,56347.0,112208.0,5125.0
1001776,56347.0,113088.0,5125.0
1001777,56347.0,113968.0,5125.0
1001778,56347.0,111328.0,833.0
1001779,56347.0,112208.0,833.0
1001780,56347.0,113088.0,833.0
1001781,56347.0,113968.0,833.0
1001782,56347.0,111328.0,1666.0
1001783,56347.0,111328.0,2500.0
1001784,56347.0,111328.0,3375.0
1001785,56347.0,111328.0,4250.0
1001786,56347.0,113968.0,1666.0
1001787,56347.0,113968.0,2500.0
1001788,56347.0,113968.0,3375.0
1001789,56347.0,113968.0,4250.0
1001790,56347.0,112208.0,1666.0
1001791,56347.0,113088.0,1666.0
1001792,56347.0,112208.0,2500.0
1001793,56347.0,113088.0,2500.0
1001794,56347.0,112208.0,3375.0
1001795,56347.0,113088.0,3375.0
1001796,56347.0,112208.0,4250.0
1001797,56347.0,113088.0,4250.0
1001798,52947.0,111128.0,5125.0
1001799,52947.0,112058.0,5125.0
1001800,52947.0,112988.0,5125.0
1001801,52947.0,113918.0,5125.0
1001802,52947.0,111128.0,833.0
1001803,52947.0,112058.0,833.0
1001804,52947.0,112988.0,833.0
1001805,52947.0,113918.0,833.0
1001806,52947.0,111128.0,1666.0
1001807,52947.0,111128.0,2500.0
1001808,52947.0,111128.0,3375.0
1001809,52947.0,111128.0,4250.0
1001810,52947.0,113918.0,1666.0
1001811,52947.0,113918.0,2500.0
1001812,52947.0,113918.0,3375.0
1001813,52947.0,113918.0,4250.0
1001814,52947.0,112058.0,1666.0
1001815,52947.0,112988.0,1666.0
1001816,52947.0,112058.0,2500.0
1001817,52947.0,112988.0,2500.0
1001818,52947.0,112058.0,3375.0
1001819,52947.0,112988.0,3375.0
1001820,52947.0,112058.0,4250.0
1001821,52947.0,112988.0,4250.0
1001822,53622.0,114848.0,5125.0
1001823,54297.0,114848.0,5125.0
1001824,54300.0,114848.0,5562.0
1001825,54797.0,114848.0,5562.0
1001826,55297.0,114848.0,5562.0
1001827,55794.0,114848.0,5562.0
1001828,55797.0,114848.0,5125.0
1001829,53622.0,114848.0,833.0
1001830,54297.0,114848.0,833.0
1001831,55797.0,114848.0,833.0
1001832,53622.0,114848.0,1666.0
1001833,53622.0,114848.0,2500.0
1001834,53622.0,114848.0,3375.0
1001835,53622.0,114848.0,4250.0
1001836,55797.0,114848.0,1666.0
1001837,55797.0,114848.0,2500.0
1001838,55797.0,114848.0,3375.0
1001839,55797.0,114848.0,4250.0
1001840,54797.0,114848.0,2500.0
1001841,54797.0,114848.0,2937.0
1001842,54300.0,114848.0,2937.0
1001843,54297.0,114848.0,2500.0
1001844,54297.0,114848.0,3375.0
1001845,54297.0,114848.0,1666.0
1001846,55794.0,114848.0,2937.0
1001847,55297.0,114848.0,2937.0
1001848,55297.0,114848.0,2500.0
1001849,54297.0,114848.0,4250.0
1001850,54797.0,114848.0,3375.0
1001851,54797.0,114848.0,3812.0
1001852,54300.0,114848.0,3812.0
1001853,55297.0,114848.0,3375.0
1001854,55297.0,114848.0,3812.0
1001855,55794.0,114848.0,3812.0
1001856,54797.0,114848.0,4250.0
1001857,54797.0,114848.0,4687.0
1001858,54300.0,114848.0,4687.0
1001859,55297.0,114848.0,4250.0
1001860,55297.0,114848.0,4687.0
1001861,55794.0,114848.0,4687.0
1001862,54797.0,114848.0,5125.0
1001863,55297.0,114848.0,5125.0
1001864,56347.0,99381.0,5000.0
1001865,56347.0,100214.0,5000.0
1001866,56347.0,99381.0,1000.0
1001867,56347.0,100214.0,1000.0
1001868,56347.0,99381.0,2000.0
1001869,56347.0,99381.0,3000.0
1001870,56347.0,99381.0,4000.0
1001871,56347.0,100214.0,2000.0
1001872,56347.0,100214.0,3000.0
1001873,56347.0,100214.0,4000.0
1001874,63747.0,102064.0,5125.0
1001875,63747.0,103081.0,5125.0
1001876,63747.0,104098.0,5125.0
1001877,63747.0,105114.0,5125.0
1001878,63747.0,106131.0,5125.0
1001879,63747.0,102064.0,833.0
1001880,63747.0,103081.0,833.0
1001881,63747.0,104098.0,833.0
1001882,63747.0,105114.0,833.0
1001883,63747.0,106131.0,833.0
1001884,63747.0,102064.0,1666.0
1001885,63747.0,102064.0,2500.0
1001886,63747.0,102064.0,3375.0
1001887,63747.0,102064.0,4250.0
1001888,63747.0,106131.0,1666.0
1001889,63747.0,106131.0,2500.0
1001890,63747.0,106131.0,3375.0
1001891,63747.0,106131.0,4250.0
1001892,63747.0,103081.0,1666.0
1001893,63747.0,104098.0,1666.0
1001894,63747.0,105114.0,1666.0
1001895,63747.0,103081.0,2500.0
1001896,63747.0,104098.0,2500.0
1001897,63747.0,105114.0,2500.0
1001898,63747.0,103081.0,3375.0
1001899,63747.0,104098.0,3375.0
1001900,63747.0,105114.0,3375.0
1001901,63747.0,103081.0,4250.0
1001902,63747.0,104098.0,4250.0
1001903,63747.0,105114.0,4250.0
1001904,63747.0,99381.0,5125.0
1001905,63747.0,100214.0,5125.0
1001906,63747.0,99381.0,833.0
1001907,63747.0,100214.0,833.0
1001908,63747.0,99381.0,1666.0
1001909,63747.0,99381.0,2500.0
1001910,63747.0,99381.0,3375.0
1001911,63747.0,99381.0,4250.0
1001912,63747.0,100214.0,1666.0
1001913,63747.0,100214.0,2500.0
1001914,63747.0,100214.0,3375.0
1001915,63747.0,100214.0,4250.0
1001916,54680.0,101048.0,5000.0
1001917,55513.0,101048.0,5000.0
1001918,54680.0,101048.0,1000.0
1001919,55513.0,101048.0,1000.0
1001920,54680.0,101048.0,2000.0
1001921,54680.0,101048.0,3000.0
1001922,54680.0,101048.0,4000.0
1001923,55513.0,101048.0,2000.0
1001924,55513.0,101048.0,3000.0
1001925,55513.0,101048.0,4000.0
1001926,60822.0,98548.0,5125.0
1001927,61297.0,98548.0,5125.0
1001928,61300.0,98548.0,5562.0
1001929,61797.0,98548.0,5562.0
1001930,62297.0,98548.0,5562.0
1001931,62794.0,98548.0,5562.0
1001932,62797.0,98548.0,5125.0
1001933,63272.0,98548.0,5125.0
1001934,60822.0,98548.0,833.0
1001935,61297.0,98548.0,833.0
1001936,63272.0,98548.0,833.0
1001937,62797.0,98548.0,833.0
1001938,60822.0,98548.0,1666.0
1001939,60822.0,98548.0,2500.0
1001940,60822.0,98548.0,3375.0
1001941,60822.0,98548.0,4250.0
1001942,63272.0,98548.0,1666.0
1001943,63272.0,98548.0,2500.0
1001944,63272.0,98548.0,3375.0
1001945,63272.0,98548.0,4250.0
1001946,61797.0,98548.0,2500.0
1001947,61797.0,98548.0,2937.0
1001948,61300.0,98548.0,2937.0
1001949,61297.0,98548.0,2500.0
1001950,61297.0,98548.0,3375.0
1001951,61297.0,98548.0,1666.0
1001952,62797.0,98548.0,3375.0
1001953,62797.0,98548.0,2500.0
1001954,62794.0,98548.0,2937.0
1001955,62297.0,98548.0,2937.0
1001956,62297.0,98548.0,2500.0
1001957,62797.0,98548.0,1666.0
1001958,61297.0,98548.0,4250.0
1001959,62797.0,98548.0,4250.0
1001960,61797.0,98548.0,3375.0
1001961,61797.0,98548.0,3812.0
1001962,61300.0,98548.0,3812.0
1001963,62297.0,98548.0,3375.0
1001964,62297.0,98548.0,3812.0
1001965,62794.0,98548.0,3812.0
1001966,61797.0,98548.0,4250.0
1001967,61797.0,98548.0,4687.0
1001968,61300.0,98548.0,4687.0
1001969,62297.0,98548.0,4250.0
1001970,62297.0,98548.0,4687.0
1001971,62794.0,98548.0,4687.0
1001972,61797.0,98548.0,5125.0
1001973,62297.0,98548.0,5125.0
1001974,61197.0,101048.0,5125.0
1001975,62047.0,101048.0,5125.0
1001976,62897.0,101048.0,5125.0
1001977,61197.0,101048.0,833.0
1001978,62047.0,101048.0,833.0
1001979,62897.0,101048.0,833.0
1001980,61197.0,101048.0,1666.0
1001981,61197.0,101048.0,2500.0
1001982,61197.0,101048.0,3375.0
1001983,61197.0,101048.0,4250.0
1001984,62897.0,101048.0,1666.0
1001985,62897.0,101048.0,2500.0
1001986,62897.0,101048.0,3375.0
1001987,62897.0,101048.0,4250.0
1001988,62047.0,101048.0,1666.0
1001989,62047.0,101048.0,2500.0
1001990,62047.0,101048.0,3375.0
1001991,62047.0,101048.0,4250.0
1001992,111267.0,104698.0,5000.0
1001993,111267.0,105698.0,5000.0
1001994,111267.0,104698.0,1000.0
1001995,111267.0,105698.0,1000.0
1001996,111267.0,104698.0,2000.0
1001997,111267.0,104698.0,3000.0
1001998,111267.0,104698.0,4000.0
1001999,111267.0,105698.0,2000.0
1002000,111267.0,105698.0,3000.0
1002001,111267.0,105698.0,4000.0
1002002,108067.0,101048.0,5000.0
1002003,108067.0,101048.0,1000.0
1002004,108067.0,101048.0,2000.0
1002005,108067.0,101048.0,3000.0
1002006,108067.0,101048.0,4000.0
1002007,98867.0,114848.0,5000.0
1002008,98867.0,114848.0,1000.0
1002009,98867.0,114848.0,2000.0
1002010,98867.0,114848.0,3000.0
1002011,98867.0,114848.0,4000.0
1002012,108492.0,114848.0,5125.0
1002013,108495.0,114848.0,5562.0
1002014,108992.0,114848.0,5562.0
1002015,109492.0,114848.0,5562.0
1002016,109989.0,114848.0,5562.0
1002017,109992.0,114848.0,5125.0
1002018,108492.0,114848.0,833.0
1002019,109992.0,114848.0,833.0
1002020,108492.0,114848.0,1666.0
1002021,108492.0,114848.0,2500.0
1002022,108492.0,114848.0,3375.0
1002023,108492.0,114848.0,4250.0
1002024,109992.0,114848.0,1666.0
1002025,109992.0,114848.0,2500.0
1002026,109992.0,114848.0,3375.0
1002027,109992.0,114848.0,4250.0
1002028,108992.0,114848.0,2500.0
1002029,108992.0,114848.0,2937.0
1002030,108495.0,114848.0,2937.0
1002031,109989.0,114848.0,2937.0
1002032,109492.0,114848.0,2937.0
1002033,109492.0,114848.0,2500.0
1002034,108992.0,114848.0,3375.0
1002035,108992.0,114848.0,3812.0
1002036,108495.0,114848.0,3812.0
1002037,109492.0,114848.0,3375.0
1002038,109492.0,114848.0,3812.0
1002039,109989.0,114848.0,3812.0
1002040,108992.0,114848.0,4250.0
1002041,108992.0,114848.0,4687.0
1002042,108495.0,114848.0,4687.0
1002043,109492.0,114848.0,4250.0
1002044,109492.0,114848.0,4687.0
1002045,109989.0,114848.0,4687.0
1002046,108992.0,114848.0,5125.0
1002047,109492.0,114848.0,5125.0
1002048,107842.0,114848.0,5125.0
1002049,107842.0,114848.0,833.0
1002050,107842.0,114848.0,1666.0
1002051,107842.0,114848.0,2500.0
1002052,107842.0,114848.0,3375.0
1002053,107842.0,114848.0,4250.0
1002054,107467.0,114248.0,5125.0
1002055,107467.0,114248.0,833.0
1002056,107467.0,114248.0,1666.0
1002057,107467.0,114248.0,2500.0
1002058,107467.0,114248.0,3375.0
1002059,107467.0,114248.0,4250.0
1002060,111267.0,114248.0,5125.0
1002061,111267.0,114248.0,833.0
1002062,111267.0,114248.0,1666.0
1002063,111267.0,114248.0,2500.0
1002064,111267.0,114248.0,3375.0
1002065,111267.0,114248.0,4250.0
1002066,110767.0,114848.0,5125.0
1002067,110767.0,114848.0,833.0
1002068,110767.0,114848.0,1666.0
1002069,110767.0,114848.0,2500.0
1002070,110767.0,114848.0,3375.0
1002071,110767.0,114848.0,4250.0
1002072,110492.0,98548.0,5000.0
1002073,110492.0,98548.0,1000.0
1002074,110492.0,98548.0,2000.0
1002075,110492.0,98548.0,3000.0
1002076,110492.0,98548.0,4000.0
1002077,99067.0,98548.0,5000.0
1002078,100067.0,98548.0,5000.0
1002079,99067.0,98548.0,1000.0
1002080,100067.0,98548.0,1000.0
1002081,99067.0,98548.0,2000.0
1002082,99067.0,98548.0,3000.0
1002083,99067.0,98548.0,4000.0
1002084,100067.0,98548.0,2000.0
1002085,100067.0,98548.0,3000.0
1002086,100067.0,98548.0,4000.0
1002087,105733.0,98548.0,5000.0
1002088,106600.0,98548.0,5000.0
1002089,105733.0,98548.0,1000.0
1002090,106600.0,98548.0,1000.0
1002091,105733.0,98548.0,2000.0
1002092,105733.0,98548.0,3000.0
1002093,105733.0,98548.0,4000.0
1002094,106600.0,98548.0,2000.0
1002095,106600.0,98548.0,3000.0
1002096,106600.0,98548.0,4000.0
1002097,101067.0,99070.0,5000.0
1002098,101067.0,99070.0,1000.0
1002099,101067.0,99070.0,2000.0
1002100,101067.0,99070.0,3000.0
1002101,101067.0,99070.0,4000.0
1002102,104867.0,99070.0,5000.0
1002103,104867.0,99070.0,1000.0
1002104,104867.0,99070.0,2000.0
1002105,104867.0,99070.0,3000.0
1002106,104867.0,99070.0,4000.0
1002107,107467.0,99381.0,5000.0
1002108,107467.0,100214.0,5000.0
1002109,107467.0,99381.0,1000.0
1002110,107467.0,100214.0,1000.0
1002111,107467.0,99381.0,2000.0
1002112,107467.0,99381.0,3000.0
1002113,107467.0,99381.0,4000.0
1002114,107467.0,100214.0,2000.0
1002115,107467.0,100214.0,3000.0
1002116,107467.0,100214.0,4000.0
1002117,109517.0,101048.0,5000.0
1002118,109517.0,101048.0,1000.0
1002119,109517.0,101048.0,2000.0
1002120,109517.0,101048.0,3000.0
1002121,109517.0,101048.0,4000.0
1002122,110817.0,101048.0,5000.0
1002123,110817.0,101048.0,1000.0
1002124,110817.0,101048.0,2000.0
1002125,110817.0,101048.0,3000.0
1002126,110817.0,101048.0,4000.0
1002127,111267.0,99381.0,5000.0
1002128,111267.0,100214.0,5000.0
1002129,111267.0,99381.0,1000.0
1002130,111267.0,100214.0,1000.0
1002131,111267.0,99381.0,2000.0
1002132,111267.0,99381.0,3000.0
1002133,111267.0,99381.0,4000.0
1002134,111267.0,100214.0,2000.0
1002135,111267.0,100214.0,3000.0
1002136,111267.0,100214.0,4000.0
1002137,111267.0,101931.0,5000.0
1002138,111267.0,102814.0,5000.0
1002139,111267.0,101931.0,1000.0
1002140,111267.0,102814.0,1000.0
1002141,111267.0,101931.0,2000.0
1002142,111267.0,101931.0,3000.0
1002143,111267.0,101931.0,4000.0
1002144,111267.0,102814.0,2000.0
1002145,111267.0,102814.0,3000.0
1002146,111267.0,102814.0,4000.0
1002147,99067.0,107148.0,5000.0
1002148,100067.0,107148.0,5000.0
1002149,99067.0,107148.0,1000.0
1002150,100067.0,107148.0,1000.0
1002151,99067.0,107148.0,2000.0
1002152,99067.0,107148.0,3000.0
1002153,99067.0,107148.0,4000.0
1002154,100067.0,107148.0,2000.0
1002155,100067.0,107148.0,3000.0
1002156,100067.0,107148.0,4000.0
1002157,101067.0,106723.0,5000.0
1002158,101067.0,106723.0,1000.0
1002159,101067.0,106723.0,2000.0
1002160,101067.0,106723.0,3000.0
1002161,101067.0,106723.0,4000.0
1002162,104867.0,106723.0,5000.0
1002163,104867.0,106723.0,1000.0
1002164,104867.0,106723.0,2000.0
1002165,104867.0,106723.0,3000.0
1002166,104867.0,106723.0,4000.0
1002167,105733.0,107139.0,5400.0
1002168,106600.0,107131.0,5400.0
1002169,105733.0,107139.0,1000.0
1002170,106600.0,107131.0,1000.0
1002171,105733.0,107139.0,2000.0
1002172,105733.0,107139.0,3000.0
1002173,105733.0,107139.0,4000.0
1002174,106600.0,107131.0,2000.0
1002175,106600.0,107131.0,3000.0
1002176,106600.0,107131.0,4000.0
1002177,110817.0,107148.0,5000.0
1002178,110817.0,107148.0,1000.0
1002179,110817.0,107148.0,2000.0
1002180,110817.0,107148.0,3000.0
1002181,110817.0,107148.0,4000.0
1002182,104867.0,109345.0,5000.0
1002183,104867.0,109345.0,1000.0
1002184,104867.0,109345.0,2000.0
1002185,104867.0,109345.0,3000.0
1002186,104867.0,109345.0,4000.0
1002187,105733.0,108798.0,5400.0
1002188,106600.0,108798.0,5400.0
1002189,105733.0,108798.0,1000.0
1002190,106600.0,108798.0,1000.0
1002191,105733.0,108798.0,2000.0
1002192,105733.0,108798.0,3000.0
1002193,105733.0,108798.0,4000.0
1002194,106600.0,108798.0,2000.0
1002195,106600.0,108798.0,3000.0
1002196,106600.0,108798.0,4000.0
1002197,107467.0,109345.0,5000.0
1002198,107467.0,109345.0,1000.0
1002199,107467.0,109345.0,2000.0
1002200,107467.0,109345.0,3000.0
1002201,107467.0,109345.0,4000.0
1002202,98067.0,111448.0,5400.0
1002203,98067.0,112448.0,5400.0
1002204,98067.0,111448.0,1000.0
1002205,98067.0,112448.0,1000.0
1002206,98067.0,111448.0,2000.0
1002207,98067.0,111448.0,3000.0
1002208,98067.0,111448.0,4000.0
1002209,98067.0,112448.0,2000.0
1002210,98067.0,112448.0,3000.0
1002211,98067.0,112448.0,4000.0
1002212,100567.0,110448.0,5000.0
1002213,100567.0,110448.0,1000.0
1002214,100567.0,110448.0,2000.0
1002215,100567.0,110448.0,3000.0
1002216,100567.0,110448.0,4000.0
1002217,100367.0,113448.0,5400.0
1002218,100367.0,113448.0,1000.0
1002219,100367.0,113448.0,2000.0
1002220,100367.0,113448.0,3000.0
1002221,100367.0,113448.0,4000.0
1002222,101067.0,111448.0,5000.0
1002223,101067.0,112448.0,5000.0
1002224,101067.0,111448.0,1000.0
1002225,101067.0,112448.0,1000.0
1002226,101067.0,111448.0,2000.0
1002227,101067.0,111448.0,3000.0
1002228,101067.0,111448.0,4000.0
1002229,101067.0,112448.0,2000.0
1002230,101067.0,112448.0,3000.0
1002231,101067.0,112448.0,4000.0
1002232,98067.0,114148.0,5000.0
1002233,98067.0,114148.0,1000.0
1002234,98067.0,114148.0,2000.0
1002235,98067.0,114148.0,3000.0
1002236,98067.0,114148.0,4000.0
1002237,111267.0,111060.0,5062.0
1002238,111267.0,111923.0,5062.0
1002239,111267.0,112785.0,5062.0
1002240,111267.0,111060.0,916.0
1002241,111267.0,111923.0,916.0
1002242,111267.0,112785.0,916.0
1002243,111267.0,111060.0,1833.0
1002244,111267.0,111060.0,2500.0
1002245,111267.0,111060.0,3187.0
1002246,111267.0,111060.0,4125.0
1002247,111267.0,112785.0,1833.0
1002248,111267.0,112785.0,2500.0
1002249,111267.0,112785.0,3187.0
1002250,111267.0,112785.0,4125.0
1002251,111267.0,111923.0,1833.0
1002252,111267.0,111923.0,2500.0
1002253,111267.0,111923.0,3187.0
1002254,111267.0,111923.0,4125.0
1002255,100367.0,114848.0,5000.0
1002256,100367.0,114848.0,1000.0
1002257,100367.0,114848.0,2000.0
1002258,100367.0,114848.0,3000.0
1002259,100367.0,114848.0,4000.0
1002260,105733.0,114848.0,5125.0
1002261,106600.0,114848.0,5125.0
1002262,105733.0,114848.0,833.0
1002263,106600.0,114848.0,833.0
1002264,105733.0,114848.0,1666.0
1002265,105733.0,114848.0,2500.0
1002266,105733.0,114848.0,3375.0
1002267,105733.0,114848.0,4250.0
1002268,106600.0,114848.0,1666.0
1002269,106600.0,114848.0,2500.0
1002270,106600.0,114848.0,3375.0
1002271,106600.0,114848.0,4250.0
1002272,107467.0,106710.0,5000.0
1002273,107467.0,106710.0,1000.0
1002274,107467.0,106710.0,2000.0
1002275,107467.0,106710.0,3000.0
1002276,107467.0,106710.0,4000.0
1002277,98067.0,102481.0,5000.0
1002278,98067.0,103414.0,5000.0
1002279,98067.0,102481.0,1000.0
1002280,98067.0,103414.0,1000.0
1002281,98067.0,102481.0,2000.0
1002282,98067.0,102481.0,3000.0
1002283,98067.0,102481.0,4000.0
1002284,98067.0,103414.0,2000.0
1002285,98067.0,103414.0,3000.0
1002286,98067.0,103414.0,4000.0
1002287,98067.0,105281.0,5000.0
1002288,98067.0,106214.0,5000.0
1002289,98067.0,105281.0,1000.0
1002290,98067.0,106214.0,1000.0
1002291,98067.0,105281.0,2000.0
1002292,98067.0,105281.0,3000.0
1002293,98067.0,105281.0,4000.0
1002294,98067.0,106214.0,2000.0
1002295,98067.0,106214.0,3000.0
1002296,98067.0,106214.0,4000.0
1002297,104867.0,114248.0,5062.0
1002298,104867.0,114248.0,916.0
1002299,104867.0,114248.0,1833.0
1002300,104867.0,114248.0,2500.0
1002301,104867.0,114248.0,3187.0
1002302,104867.0,114248.0,4125.0
1002303,98067.0,99381.0,5000.0
1002304,98067.0,100214.0,5000.0
1002305,98067.0,99381.0,1000.0
1002306,98067.0,100214.0,1000.0
1002307,98067.0,99381.0,2000.0
1002308,98067.0,99381.0,3000.0
1002309,98067.0,99381.0,4000.0
1002310,98067.0,100214.0,2000.0
1002311,98067.0,100214.0,3000.0
1002312,98067.0,100214.0,4000.0
1002313,61197.0,110448.0,5125.0
1002314,62047.0,110448.0,5125.0
1002315,62897.0,110448.0,5125.0
1002316,61197.0,110448.0,833.0
1002317,62047.0,110448.0,833.0
1002318,62897.0,110448.0,833.0
1002319,61197.0,110448.0,1666.0
1002320,61197.0,110448.0,2500.0
1002321,61197.0,110448.0,3375.0
1002322,61197.0,110448.0,4250.0
1002323,62897.0,110448.0,1666.0
1002324,62897.0,110448.0,2500.0
1002325,62897.0,110448.0,3375.0
1002326,62897.0,110448.0,4250.0
1002327,62047.0,110448.0,1666.0
1002328,62047.0,110448.0,2500.0
1002329,62047.0,110448.0,3375.0
1002330,62047.0,110448.0,4250.0
1002331,30067.0,114148.0,5000.0
1002332,30067.0,114148.0,1000.0
1002333,30067.0,114148.0,2000.0
1002334,30067.0,114148.0,3000.0
1002335,30067.0,114148.0,4000.0
1002336,30067.0,111448.0,5400.0
1002337,30067.0,112448.0,5400.0
1002338,30067.0,111448.0,1000.0
1002339,30067.0,112448.0,1000.0
1002340,30067.0,111448.0,2000.0
1002341,30067.0,111448.0,3000.0
1002342,30067.0,111448.0,4000.0
1002343,30067.0,112448.0,2000.0
1002344,30067.0,112448.0,3000.0
1002345,30067.0,112448.0,4000.0
1002346,28067.0,107148.0,5000.0
1002347,29067.0,107148.0,5000.0
1002348,28067.0,107148.0,1000.0
1002349,29067.0,107148.0,1000.0
1002350,28067.0,107148.0,2000.0
1002351,28067.0,107148.0,3000.0
1002352,28067.0,107148.0,4000.0
1002353,29067.0,107148.0,2000.0
1002354,29067.0,107148.0,3000.0
1002355,29067.0,107148.0,4000.0
1002356,29267.0,114148.0,6000.0
1002357,27767.0,114148.0,6000.0
1002358,17833.0,112807.0,6000.0
1002359,17803.0,111978.0,6000.0
1002360,17814.0,109560.0,6000.0
1002361,17803.0,110360.0,6000.0
1002362,17797.0,111175.0,6000.0
1002363,18747.0,110499.0,6000.0
1002364,18711.0,111308.0,6000.0
1002365,18758.0,109644.0,6000.0
1002366,18725.0,111989.0,6000.0
1002367,18796.0,112799.0,6000.0
1002368,19605.0,111720.0,6000.0
1002369,19687.0,110724.0,6000.0
1002370,19711.0,109759.0,6000.0
1002371,19736.0,112715.0,6000.0
1002372,17727.0,107952.0,6000.0
1002373,18522.0,107951.0,6000.0
1002374,19173.0,107945.0,6000.0
1002375,19928.0,107945.0,6000.0
1002376,21533.0,107964.0,6000.0
1002377,22400.0,107968.0,6000.0
1002378,17733.0,100214.0,6000.0
1002379,17704.0,99381.0,6000.0
1002380,18596.0,100214.0,6000.0
1002381,18559.0,99381.0,6000.0
1002382,24217.0,106235.0,6000.0
1002383,24217.0,105296.0,6000.0
1002384,25167.0,106224.0,6000.0
1002385,25167.0,105289.0,6000.0
1002386,26117.0,106235.0,6000.0
1002387,26117.0,105296.0,6000.0
1002388,24217.0,103414.0,6000.0
1002389,24217.0,102481.0,6000.0
1002390,25167.0,103414.0,6000.0
1002391,25167.0,102481.0,6000.0
1002392,26117.0,103414.0,6000.0
1002393,26117.0,102481.0,6000.0
1002394,24217.0,100556.0,6000.0
1002395,24217.0,99559.0,6000.0
1002396,25167.0,100552.0,6000.0
1002397,25167.0,99553.0,6000.0
1002398,26117.0,100556.0,6000.0
1002399,26117.0,99559.0,6000.0
1002400,24217.0,113842.0,6000.0
1002401,24217.0,112888.0,6000.0
1002402,24217.0,111942.0,6000.0
1002403,24217.0,110977.0,6000.0
1002404,24217.0,109999.0,6000.0
1002405,24217.0,109011.0,6000.0
1002406,24217.0,108071.0,6000.0
1002407,25167.0,113929.0,6000.0
1002408,25167.0,113007.0,6000.0
1002409,25167.0,112066.0,6000.0
1002410,25167.0,111102.0,6000.0
1002411,25167.0,110119.0,6000.0
1002412,25167.0,109126.0,6000.0
1002413,25167.0,108135.0,6000.0
1002414,26117.0,114015.0,6000.0
1002415,26117.0,113157.0,6000.0
1002416,26117.0,112223.0,6000.0
1002417,26117.0,111253.0,6000.0
1002418,26117.0,110256.0,6000.0
1002419,26117.0,109228.0,6000.0
1002420,26117.0,108189.0,6000.0
1002421,53835.0,107943.0,6000.0
1002422,54736.0,107923.0,6000.0
1002423,55602.0,107903.0,6000.0
1002424,98867.0,114148.0,6000.0
1002425,100367.0,114148.0,6000.0
1002426,108372.0,112745.0,6000.0
1002427,108436.0,111814.0,6000.0
1002428,108445.0,109786.0,6000.0
1002429,108536.0,110807.0,6000.0
1002430,109424.0,111113.0,6000.0
1002431,109371.0,111930.0,6000.0
1002432,109425.0,110435.0,6000.0
1002433,109388.0,109627.0,6000.0
1002434,109326.0,112783.0,6000.0
1002435,110341.0,110329.0,6000.0
1002436,110337.0,111124.0,6000.0
1002437,110328.0,109547.0,6000.0
1002438,110293.0,112795.0,6000.0
1002439,110320.0,111948.0,6000.0
1002440,108205.0,107945.0,6000.0
1002441,108960.0,107945.0,6000.0
1002442,109611.0,107951.0,6000.0
1002443,110406.0,107952.0,6000.0
1002444,105733.0,107968.0,6000.0
1002445,106600.0,107964.0,6000.0
1002446,109538.0,100214.0,6000.0
1002447,109574.0,99381.0,6000.0
1002448,110401.0,100214.0,6000.0
1002449,110429.0,99381.0,6000.0
1002450,102017.0,106235.0,6000.0
1002451,102017.0,105296.0,6000.0
1002452,102967.0,106224.0,6000.0
1002453,102967.0,105289.0,6000.0
1002454,103917.0,106235.0,6000.0
1002455,103917.0,105296.0,6000.0
1002456,102017.0,103414.0,6000.0
1002457,102017.0,102481.0,6000.0
1002458,102967.0,103414.0,6000.0
1002459,102967.0,102481.0,6000.0
1002460,103917.0,103414.0,6000.0
1002461,103917.0,102481.0,6000.0
1002462,102017.0,100556.0,6000.0
1002463,102017.0,99559.0,6000.0
1002464,102967.0,100552.0,6000.0
1002465,102967.0,99553.0,6000.0
1002466,103917.0,100556.0,6000.0
1002467,103917.0,99559.0,6000.0
1002468,102017.0,114015.0,6000.0
1002469,102017.0,113157.0,6000.0
1002470,102017.0,112223.0,6000.0
1002471,102017.0,111253.0,6000.0
1002472,102017.0,110256.0,6000.0
1002473,102017.0,109228.0,6000.0
1002474,102017.0,108189.0,6000.0
1002475,102967.0,113929.0,6000.0
1002476,102967.0,113007.0,6000.0
1002477,102967.0,112066.0,6000.0
1002478,102967.0,111102.0,6000.0
1002479,102967.0,110119.0,6000.0
1002480,102967.0,109126.0,6000.0
1002481,102967.0,108135.0,6000.0
1002482,103917.0,113842.0,6000.0
1002483,103917.0,112888.0,6000.0
1002484,103917.0,111942.0,6000.0
1002485,103917.0,110977.0,6000.0
1002486,103917.0,109999.0,6000.0
1002487,103917.0,109011.0,6000.0
1002488,103917.0,108071.0,6000.0
2000001,23267.0,114848.0,10500.0
2000002,27067.0,114848.0,10500.0
2000003,20667.0,114848.0,10500.0
2000004,30067.0,114848.0,10500.0
2000005,27067.0,113448.0,10500.0
2000006,27067.0,110448.0,10500.0
2000007,30067.0,113448.0,10500.0
2000008,20667.0,111848.0,10500.0
2000009,20667.0,108798.0,10500.0
2000010,23267.0,111848.0,10500.0
2000011,16867.0,108748.0,10500.0
2000012,23267.0,108798.0,10500.0
2000013,16867.0,107148.0,10500.0
2000014,30067.0,107148.0,10500.0
2000015,23267.0,107148.0,10500.0
2000016,20667.0,107123.0,10500.0
2000017,27067.0,107148.0,10500.0
2000018,16867.0,101048.0,10500.0
2000019,17767.0,107148.0,10500.0
2000020,17767.0,101048.0,10500.0
2000021,20667.0,104348.0,10500.0
2000022,23267.0,104348.0,10500.0
2000023,27067.0,104348.0,10500.0
2000024,20667.0,101548.0,10500.0
2000025,20667.0,101048.0,10500.0
2000026,23267.0,101548.0,10500.0
2000027,27067.0,101548.0,10500.0
2000028,20667.0,98548.0,10500.0
2000029,23267.0,98548.0,10500.0
2000030,27067.0,98548.0,10500.0
2000031,16867.0,110198.0,10500.0
2000032,30067.0,110448.0,10500.0
2000033,23267.0,109893.0,10500.0
2000034,28067.0,110448.0,10500.0
2000035,23267.0,106298.0,10500.0
2000036,27067.0,106298.0,10500.0
2000037,20167.0,107098.0,10500.0
2000038,23267.0,99593.0,10500.0
2000039,27067.0,99593.0,10500.0
2000040,18417.0,98548.0,10500.0
2000041,20667.0,113648.0,10500.0
2000042,16867.0,113648.0,10500.0
2000043,19917.0,113648.0,10500.0
2000044,19917.0,114848.0,10500.0
2000045,17867.0,113648.0,10500.0
2000046,17867.0,114848.0,10500.0
2000047,28467.0,113448.0,10500.0
2000048,28467.0,114848.0,10500.0
2000049,19467.0,98548.0,10500.0
2000050,19467.0,101048.0,10500.0
2000051,17767.0,103698.0,10500.0
2000052,16867.0,103698.0,10500.0
2000053,20667.0,106298.0,10500.0
2000054,23267.0,113648.0,10500.0
2000055,20667.0,109893.0,10500.0
2000056,4867.0,114848.0,10500.0
2000057,4867.0,106698.0,10500.0
2000058,4867.0,98548.0,10500.0
2000059,4867.0,87098.0,10500.0
2000060,4867.0,126298.0,10500.0
2000061,9467.0,126348.0,10500.0
2000062,13067.0,126348.0,10500.0
2000063,124067.0,114848.0,10500.0
2000064,124067.0,106698.0,10500.0
2000065,124067.0,98548.0,10500.0
2000066,124067.0,87098.0,10500.0
2000067,124067.0,126298.0,10500.0
2000068,30067.0,98548.0,10500.0
2000069,30067.0,104348.0,10500.0
2000070,30067.0,101548.0,10500.0
2000071,13067.0,87048.0,10500.0
2000072,9467.0,87048.0,10500.0
2000073,63747.0,110448.0,10500.0
2000074,60347.0,101048.0,10500.0
2000075,60347.0,107048.0,10500.0
2000076,63747.0,107148.0,10500.0
2000077,52947.0,114848.0,10500.0
2000078,56347.0,108748.0,10500.0
2000079,52947.0,103698.0,10500.0
2000080,53847.0,103698.0,10500.0
2000081,54497.0,98548.0,10500.0
2000082,56347.0,110448.0,10500.0
2000083,52947.0,110198.0,10500.0
2000084,56347.0,113448.0,10500.0
2000085,52947.0,101048.0,10500.0
2000086,53847.0,101048.0,10500.0
2000087,53847.0,107148.0,10500.0
2000088,52947.0,107148.0,10500.0
2000089,56347.0,107048.0,10500.0
2000090,52947.0,108748.0,10500.0
2000091,56347.0,101548.0,10500.0
2000092,55947.0,107048.0,10500.0
2000093,56347.0,106298.0,10500.0
2000094,60347.0,110448.0,10500.0
2000095,56347.0,104348.0,10500.0
2000096,56347.0,101048.0,10500.0
2000097,63747.0,101048.0,10500.0
2000098,52947.0,98548.0,10500.0
2000099,60347.0,104348.0,10500.0
2000100,119800.0,87048.0,10500.0
2000101,115533.0,87048.0,10500.0
2000102,111267.0,103698.0,10500.0
2000103,110367.0,103698.0,10500.0
2000104,108667.0,101048.0,10500.0
2000105,108667.0,98548.0,10500.0
2000106,99667.0,114848.0,10500.0
2000107,99667.0,113448.0,10500.0
2000108,110267.0,114848.0,10500.0
2000109,110267.0,113648.0,10500.0
2000110,108217.0,114848.0,10500.0
2000111,108217.0,113648.0,10500.0
2000112,111267.0,113648.0,10500.0
2000113,107467.0,113648.0,10500.0
2000114,109717.0,98548.0,10500.0
2000115,101067.0,99593.0,10500.0
2000116,104867.0,99593.0,10500.0
2000117,107967.0,107098.0,10500.0
2000118,101067.0,106298.0,10500.0
2000119,104867.0,106298.0,10500.0
2000120,100067.0,110448.0,10500.0
2000121,104867.0,109893.0,10500.0
2000122,98067.0,110448.0,10500.0
2000123,111267.0,110198.0,10500.0
2000124,101067.0,98548.0,10500.0
2000125,104867.0,98548.0,10500.0
2000126,107467.0,98548.0,10500.0
2000127,101067.0,101548.0,10500.0
2000128,104867.0,101548.0,10500.0
2000129,107467.0,101048.0,10500.0
2000130,107467.0,101548.0,10500.0
2000131,101067.0,104348.0,10500.0
2000132,104867.0,104348.0,10500.0
2000133,107467.0,104348.0,10500.0
2000134,110367.0,101048.0,10500.0
2000135,110367.0,107148.0,10500.0
2000136,111267.0,101048.0,10500.0
2000137,101067.0,107148.0,10500.0
2000138,107467.0,107123.0,10500.0
2000139,104867.0,107148.0,10500.0
2000140,98067.0,107148.0,10500.0
2000141,111267.0,107148.0,10500.0
2000142,104867.0,108798.0,10500.0
2000143,111267.0,108748.0,10500.0
2000144,104867.0,111848.0,10500.0
2000145,107467.0,108798.0,10500.0
2000146,107467.0,111848.0,10500.0
2000147,98067.0,113448.0,10500.0
2000148,101067.0,110448.0,10500.0
2000149,101067.0,113448.0,10500.0
2000150,98067.0,114848.0,10500.0
2000151,107467.0,114848.0,10500.0
2000152,101067.0,114848.0,10500.0
2000153,104867.0,114848.0,10500.0
2000154,107467.0,106298.0,10500.0
2000155,98067.0,101548.0,10500.0
2000156,98067.0,104348.0,10500.0
2000157,107467.0,109893.0,10500.0
2000158,104867.0,113648.0,10500.0
2000159,98067.0,101048.0,10500.0
2000160,98067.0,98548.0,10500.0
2000161,63747.0,98548.0,10500.0
2000162,56347.0,98548.0,10500.0
2000163,56347.0,114848.0,10500.0
2000164,63747.0,114848.0,10500.0
2000165,60347.0,114848.0,10500.0
2000166,60347.0,98548.0,10500.0
2000167,16867.0,87098.0,10500.0
2000168,16867.0,126298.0,10500.0
2000169,30067.0,87098.0,10500.0
2000170,30067.0,126298.0,10500.0
2000171,16867.0,98548.0,10500.0
2000172,16867.0,114848.0,10500.0
2000173,16867.0,106698.0,10500.0
2000174,111267.0,126298.0,10500.0
2000175,111267.0,87098.0,10500.0
2000176,98067.0,87098.0,10500.0
2000177,98067.0,126298.0,10500.0
2000178,111267.0,106698.0,10500.0
2000179,111267.0,114848.0,10500.0
2000180,111267.0,98548.0,10500.0
2000181,41507.0,126298.0,10500.0
2000182,41507.0,87098.0,10500.0
2000183,52947.0,87098.0,10500.0
2000184,52947.0,126298.0,10500.0
2000185,75187.0,126298.0,10500.0
2000186,75187.0,87098.0,10500.0
2000187,86627.0,87098.0,10500.0
2000188,86627.0,126298.0,10500.0
2000189,30067.0,106698.0,10500.0
2000190,52947.0,106698.0,10500.0
2000191,63747.0,106698.0,10500.0
2000192,98067.0,106698.0,10500.0
2000193,13067.0,98548.0,10500.0
2000194,9467.0,98548.0,10500.0
2000195,13067.0,106698.0,10500.0
2000196,9467.0,106698.0,10500.0
2000197,13067.0,114848.0,10500.0
2000198,9467.0,114848.0,10500.0
2000199,92347.0,126348.0,10500.0
2000200,92347.0,87048.0,10500.0
2000201,80907.0,126348.0,10500.0
2000202,80907.0,87048.0,10500.0
2000203,69442.0,126348.0,10500.0
2000204,69442.0,87048.0,10500.0
2000205,58347.0,98548.0,10500.0
2000206,58347.0,87048.0,10500.0
2000207,58347.0,114848.0,10500.0
2000208,58347.0,126348.0,10500.0
2000209,47227.0,126348.0,10500.0
2000210,47227.0,87048.0,10500.0
2000211,35787.0,126348.0,10500.0
2000212,35787.0,87048.0,10500.0
2000213,25167.0,114848.0,10500.0
2000214,25167.0,126348.0,10500.0
2000215,25167.0,87048.0,10500.0
2000216,20667.0,87048.0,10500.0
2000217,20667.0,126348.0,10500.0
2000218,25167.0,98548.0,10500.0
2000219,47227.0,106698.0,10500.0
2000220,35787.0,106698.0,10500.0
2000221,41507.0,106698.0,10500.0
2000222,92347.0,106698.0,10500.0
2000223,86627.0,106698.0,10500.0
2000224,80907.0,106698.0,10500.0
2000225,69442.0,106698.0,10500.0
2000226,75187.0,106698.0,10500.0
2000227,47227.0,98548.0,10500.0
2000228,35787.0,98548.0,10500.0
2000229,41507.0,98548.0,10500.0
2000230,92347.0,98548.0,10500.0
2000231,86627.0,98548.0,10500.0
2000232,80907.0,98548.0,10500.0
2000233,69442.0,98548.0,10500.0
2000234,75187.0,98548.0,10500.0
2000235,47227.0,114848.0,10500.0
2000236,35787.0,114848.0,10500.0
2000237,41507.0,114848.0,10500.0
2000238,92347.0,114848.0,10500.0
2000239,86627.0,114848.0,10500.0
2000240,80907.0,114848.0,10500.0
2000241,69442.0,114848.0,10500.0
2000242,75187.0,114848.0,10500.0
2000243,119800.0,126348.0,10500.0
2000244,115533.0,126348.0,10500.0
2000245,102967.0,98548.0,10500.0
2000246,102967.0,87048.0,10500.0
2000247,102967.0,114848.0,10500.0
2000248,102967.0,126348.0,10500.0
2000249,107467.0,126348.0,10500.0
2000250,107467.0,87048.0,10500.0
2000251,119800.0,106698.0,10500.0
2000252,115533.0,106698.0,10500.0
2000253,119800.0,98548.0,10500.0
2000254,115533.0,98548.0,10500.0
2000255,119800.0,114848.0,10500.0
2000256,115533.0,114848.0,10500.0
2000257,63747.0,87098.0,10500.0
2000258,63747.0,126298.0,10500.0
2000259,27067.0,113448.0,9900.0
2000260,27067.0,114848.0,9900.0
2000261,20667.0,107123.0,9900.0
2000262,20667.0,108798.0,9900.0
2000263,28067.0,110448.0,9900.0
2000264,30067.0,110448.0,9900.0
2000265,23267.0,107148.0,9900.0
2000266,23267.0,108798.0,9900.0
2000267,17767.0,107148.0,9800.0
2000268,20167.0,107098.0,9800.0
2000269,18417.0,98548.0,9750.0
2000270,19467.0,98548.0,9750.0
2000271,28467.0,113448.0,9900.0
2000272,30067.0,113448.0,9900.0
2000273,20667.0,98548.0,9750.0
2000274,56347.0,113448.0,9800.0
2000275,56347.0,114848.0,9800.0
2000276,53847.0,107148.0,9800.0
2000277,55947.0,107048.0,9800.0
2000278,54497.0,98548.0,9750.0
2000279,56347.0,98548.0,9750.0
2000280,107467.0,98548.0,9750.0
2000281,108667.0,98548.0,9750.0
2000282,98067.0,113448.0,9900.0
2000283,99667.0,113448.0,9900.0
2000284,107967.0,107098.0,9800.0
2000285,110367.0,107148.0,9800.0
2000286,104867.0,107148.0,9900.0
2000287,104867.0,108798.0,9900.0
2000288,107467.0,107123.0,9900.0
2000289,107467.0,108798.0,9900.0
2000290,101067.0,113448.0,9900.0
2000291,101067.0,114848.0,9900.0
2000292,98067.0,110448.0,9900.0
2000293,100067.0,110448.0,9900.0
2000294,109717.0,98548.0,9750.0
2000295,17367.0,114848.0,10500.0
2000296,21533.0,114848.0,10500.0
2000297,22400.0,114848.0,10500.0
2000298,27767.0,114848.0,10500.0
2000299,16867.0,111060.0,10500.0
2000300,16867.0,111923.0,10500.0
2000301,16867.0,112785.0,10500.0
2000302,27067.0,113798.0,10500.0
2000303,27067.0,114148.0,10500.0
2000304,27067.0,114498.0,10500.0
2000305,30067.0,114148.0,10500.0
2000306,27067.0,111448.0,10500.0
2000307,27067.0,112448.0,10500.0
2000308,27767.0,113448.0,10500.0
2000309,27567.0,110448.0,10500.0
2000310,30067.0,111448.0,10500.0
2000311,30067.0,112448.0,10500.0
2000312,20667.0,109345.0,10500.0
2000313,20667.0,107541.0,10500.0
2000314,20667.0,107960.0,10500.0
2000315,20667.0,108379.0,10500.0
2000316,21533.0,108798.0,10500.0
2000317,22400.0,108798.0,10500.0
2000318,23267.0,109345.0,10500.0
2000319,28567.0,110448.0,10500.0
2000320,29067.0,110448.0,10500.0
2000321,29567.0,110448.0,10500.0
2000322,23267.0,107560.0,10500.0
2000323,23267.0,107973.0,10500.0
2000324,23267.0,108385.0,10500.0
2000325,17317.0,107148.0,10500.0
2000326,21533.0,107131.0,10500.0
2000327,22400.0,107139.0,10500.0
2000328,23267.0,106723.0,10500.0
2000329,27067.0,106723.0,10500.0
2000330,28067.0,107148.0,10500.0
2000331,29067.0,107148.0,10500.0
2000332,16867.0,101931.0,10500.0
2000333,16867.0,102814.0,10500.0
2000334,16867.0,99381.0,10500.0
2000335,16867.0,100214.0,10500.0
2000336,17317.0,101048.0,10500.0
2000337,18167.0,107139.0,10500.0
2000338,18567.0,107131.0,10500.0
2000339,18967.0,107123.0,10500.0
2000340,19367.0,107114.0,10500.0
2000341,19767.0,107106.0,10500.0
2000342,18617.0,101048.0,10500.0
2000343,20667.0,99381.0,10500.0
2000344,20667.0,100214.0,10500.0
2000345,17642.0,98548.0,10500.0
2000346,18942.0,98548.0,10500.0
2000347,21533.0,98548.0,10500.0
2000348,22400.0,98548.0,10500.0
2000349,23267.0,99070.0,10500.0
2000350,27067.0,99070.0,10500.0
2000351,28067.0,98548.0,10500.0
2000352,29067.0,98548.0,10500.0
2000353,16867.0,114248.0,10500.0
2000354,20667.0,114248.0,10500.0
2000355,20292.0,114848.0,10500.0
2000356,18142.0,114848.0,10500.0
2000357,18642.0,114848.0,10500.0
2000358,19142.0,114848.0,10500.0
2000359,19642.0,114848.0,10500.0
2000360,29267.0,114848.0,10500.0
2000361,28867.0,113448.0,10500.0
2000362,29267.0,113448.0,10500.0
2000363,29667.0,113448.0,10500.0
2000364,20067.0,101048.0,10500.0
2000365,20067.0,98548.0,10500.0
2000366,16867.0,104698.0,10500.0
2000367,16867.0,105698.0,10500.0
2000368,20667.0,106710.0,10500.0
2000369,23267.0,114248.0,10500.0
2000370,30067.0,99381.0,10500.0
2000371,30067.0,100214.0,10500.0
2000372,30067.0,100881.0,10500.0
2000373,30067.0,105281.0,10500.0
2000374,30067.0,106214.0,10500.0
2000375,30067.0,102481.0,10500.0
2000376,30067.0,103414.0,10500.0
2000377,60347.0,101873.0,10500.0
2000378,60347.0,102698.0,10500.0
2000379,60347.0,103523.0,10500.0
2000380,63747.0,111328.0,10500.0
2000381,63747.0,112208.0,10500.0
2000382,63747.0,113088.0,10500.0
2000383,63747.0,113968.0,10500.0
2000384,61022.0,114848.0,10500.0
2000385,61697.0,114848.0,10500.0
2000386,62197.0,114848.0,10500.0
2000387,62697.0,114848.0,10500.0
2000388,63197.0,114848.0,10500.0
2000389,52947.0,104560.0,10500.0
2000390,52947.0,105423.0,10500.0
2000391,52947.0,106285.0,10500.0
2000392,53722.0,98548.0,10500.0
2000393,52947.0,99381.0,10500.0
2000394,52947.0,100214.0,10500.0
2000395,52947.0,101931.0,10500.0
2000396,52947.0,102814.0,10500.0
2000397,53397.0,101048.0,10500.0
2000398,53397.0,107148.0,10500.0
2000399,56347.0,111328.0,10500.0
2000400,56347.0,112208.0,10500.0
2000401,56347.0,113088.0,10500.0
2000402,56347.0,113798.0,10500.0
2000403,56347.0,114148.0,10500.0
2000404,56347.0,114498.0,10500.0
2000405,52947.0,111128.0,10500.0
2000406,52947.0,112058.0,10500.0
2000407,52947.0,112988.0,10500.0
2000408,52947.0,113918.0,10500.0
2000409,53622.0,114848.0,10500.0
2000410,54297.0,114848.0,10500.0
2000411,54797.0,114848.0,10500.0
2000412,55297.0,114848.0,10500.0
2000413,55797.0,114848.0,10500.0
2000414,54372.0,107123.0,10500.0
2000415,54897.0,107098.0,10500.0
2000416,55422.0,107073.0,10500.0
2000417,56347.0,106673.0,10500.0
2000418,56347.0,99381.0,10500.0
2000419,56347.0,100214.0,10500.0
2000420,54959.0,98548.0,10500.0
2000421,55422.0,98548.0,10500.0
2000422,55884.0,98548.0,10500.0
2000423,63747.0,102064.0,10500.0
2000424,63747.0,103081.0,10500.0
2000425,63747.0,104098.0,10500.0
2000426,63747.0,105114.0,10500.0
2000427,63747.0,106131.0,10500.0
2000428,63747.0,99381.0,10500.0
2000429,63747.0,100214.0,10500.0
2000430,54680.0,101048.0,10500.0
2000431,55513.0,101048.0,10500.0
2000432,60822.0,98548.0,10500.0
2000433,61297.0,98548.0,10500.0
2000434,61797.0,98548.0,10500.0
2000435,62297.0,98548.0,10500.0
2000436,62797.0,98548.0,10500.0
2000437,63272.0,98548.0,10500.0
2000438,61197.0,101048.0,10500.0
2000439,62047.0,101048.0,10500.0
2000440,62897.0,101048.0,10500.0
2000441,111267.0,104698.0,10500.0
2000442,111267.0,105698.0,10500.0
2000443,108067.0,98548.0,10500.0
2000444,108067.0,101048.0,10500.0
2000445,98467.0,113448.0,10500.0
2000446,98867.0,113448.0,10500.0
2000447,99267.0,113448.0,10500.0
2000448,98867.0,114848.0,10500.0
2000449,108492.0,114848.0,10500.0
2000450,108992.0,114848.0,10500.0
2000451,109492.0,114848.0,10500.0
2000452,109992.0,114848.0,10500.0
2000453,107842.0,114848.0,10500.0
2000454,107467.0,114248.0,10500.0
2000455,111267.0,114248.0,10500.0
2000456,110767.0,114848.0,10500.0
2000457,110492.0,98548.0,10500.0
2000458,99067.0,98548.0,10500.0
2000459,100067.0,98548.0,10500.0
2000460,105733.0,98548.0,10500.0
2000461,106600.0,98548.0,10500.0
2000462,101067.0,99070.0,10500.0
2000463,104867.0,99070.0,10500.0
2000464,107467.0,99381.0,10500.0
2000465,107467.0,100214.0,10500.0
2000466,109517.0,101048.0,10500.0
2000467,108367.0,107106.0,10500.0
2000468,108767.0,107114.0,10500.0
2000469,109167.0,107123.0,10500.0
2000470,109567.0,107131.0,10500.0
2000471,109967.0,107139.0,10500.0
2000472,110817.0,101048.0,10500.0
2000473,111267.0,99381.0,10500.0
2000474,111267.0,100214.0,10500.0
2000475,111267.0,101931.0,10500.0
2000476,111267.0,102814.0,10500.0
2000477,99067.0,107148.0,10500.0
2000478,100067.0,107148.0,10500.0
2000479,101067.0,106723.0,10500.0
2000480,104867.0,106723.0,10500.0
2000481,105733.0,107139.0,10500.0
2000482,106600.0,107131.0,10500.0
2000483,110817.0,107148.0,10500.0
2000484,104867.0,107560.0,10500.0
2000485,104867.0,107973.0,10500.0
2000486,104867.0,108385.0,10500.0
2000487,104867.0,109345.0,10500.0
2000488,105733.0,108798.0,10500.0
2000489,106600.0,108798.0,10500.0
2000490,107467.0,107541.0,10500.0
2000491,107467.0,107960.0,10500.0
2000492,107467.0,108379.0,10500.0
2000493,107467.0,109345.0,10500.0
2000494,98067.0,111448.0,10500.0
2000495,98067.0,112448.0,10500.0
2000496,100567.0,110448.0,10500.0
2000497,100367.0,113448.0,10500.0
2000498,101067.0,111448.0,10500.0
2000499,101067.0,112448.0,10500.0
2000500,98067.0,114148.0,10500.0
2000501,101067.0,113798.0,10500.0
2000502,101067.0,114148.0,10500.0
2000503,101067.0,114498.0,10500.0
2000504,111267.0,111060.0,10500.0
2000505,111267.0,111923.0,10500.0
2000506,111267.0,112785.0,10500.0
2000507,100367.0,114848.0,10500.0
2000508,105733.0,114848.0,10500.0
2000509,106600.0,114848.0,10500.0
2000510,107467.0,106710.0,10500.0
2000511,98067.0,102481.0,10500.0
2000512,98067.0,103414.0,10500.0
2000513,98067.0,105281.0,10500.0
2000514,98067.0,106214.0,10500.0
2000515,104867.0,114248.0,10500.0
2000516,98067.0,99381.0,10500.0
2000517,98067.0,100214.0,10500.0
2000518,98567.0,110448.0,10500.0
2000519,99067.0,110448.0,10500.0
2000520,99567.0,110448.0,10500.0
2000521,109192.0,98548.0,10500.0
2000522,61197.0,110448.0,10500.0
2000523,62047.0,110448.0,10500.0
2000524,62897.0,110448.0,10500.0
2000525,16867.0,114848.0,9500.0
2000526,16867.0,114848.0,8500.0
2000527,16867.0,114848.0,7666.0
2000528,16867.0,114848.0,6833.0
2000529,17867.0,114848.0,9500.0
2000530,17867.0,114848.0,8500.0
2000531,17867.0,114848.0,7666.0
2000532,17867.0,114848.0,6833.0
2000533,20667.0,114848.0,9500.0
2000534,20667.0,114848.0,8500.0
2000535,20667.0,114848.0,7666.0
2000536,20667.0,114848.0,6833.0
2000537,23267.0,114848.0,9550.0
2000538,23267.0,114848.0,8600.0
2000539,23267.0,114848.0,7733.0
2000540,23267.0,114848.0,6866.0
2000541,28467.0,114848.0,9600.0
2000542,28467.0,114848.0,8700.0
2000543,28467.0,114848.0,7800.0
2000544,28467.0,114848.0,6900.0
2000545,27067.0,110448.0,9600.0
2000546,27067.0,110448.0,8700.0
2000547,27067.0,110448.0,7800.0
2000548,27067.0,110448.0,6900.0
2000549,20667.0,109893.0,9600.0
2000550,20667.0,109893.0,8700.0
2000551,20667.0,109893.0,7800.0
2000552,20667.0,109893.0,6900.0
2000553,16867.0,110198.0,9500.0
2000554,16867.0,110198.0,8500.0
2000555,16867.0,110198.0,7666.0
2000556,16867.0,110198.0,6833.0
2000557,16867.0,113648.0,9500.0
2000558,16867.0,113648.0,8500.0
2000559,16867.0,113648.0,7666.0
2000560,16867.0,113648.0,6833.0
2000561,23267.0,109893.0,9600.0
2000562,23267.0,109893.0,8700.0
2000563,23267.0,109893.0,7800.0
2000564,23267.0,109893.0,6900.0
2000565,16867.0,106698.0,9600.0
2000566,16867.0,106698.0,8700.0
2000567,16867.0,106698.0,7800.0
2000568,16867.0,106698.0,6900.0
2000569,16867.0,107148.0,9600.0
2000570,16867.0,107148.0,8700.0
2000571,16867.0,107148.0,7800.0
2000572,16867.0,107148.0,6900.0
2000573,23267.0,106298.0,9600.0
2000574,23267.0,106298.0,8700.0
2000575,23267.0,106298.0,7800.0
2000576,23267.0,106298.0,6900.0
2000577,27067.0,106298.0,9600.0
2000578,27067.0,106298.0,8700.0
2000579,27067.0,106298.0,7800.0
2000580,27067.0,106298.0,6900.0
2000581,27067.0,107148.0,9600.0
2000582,27067.0,107148.0,8700.0
2000583,27067.0,107148.0,7800.0
2000584,27067.0,107148.0,6900.0
2000585,16867.0,101048.0,9600.0
2000586,16867.0,101048.0,8700.0
2000587,16867.0,101048.0,7800.0
2000588,16867.0,101048.0,6900.0
2000589,16867.0,103698.0,9600.0
2000590,16867.0,103698.0,8700.0
2000591,16867.0,103698.0,7800.0
2000592,16867.0,103698.0,6900.0
2000593,16867.0,98548.0,9600.0
2000594,16867.0,98548.0,8700.0
2000595,16867.0,98548.0,7800.0
2000596,16867.0,98548.0,6900.0
2000597,17767.0,101048.0,9600.0
2000598,17767.0,101048.0,8700.0
2000599,17767.0,101048.0,7800.0
2000600,17767.0,101048.0,6900.0
2000601,19467.0,101048.0,9600.0
2000602,19467.0,101048.0,8700.0
2000603,19467.0,101048.0,7800.0
2000604,19467.0,101048.0,6900.0
2000605,20667.0,101048.0,9600.0
2000606,20667.0,101048.0,8700.0
2000607,20667.0,101048.0,7800.0
2000608,20667.0,101048.0,6900.0
2000609,23267.0,98548.0,9600.0
2000610,23267.0,98548.0,8700.0
2000611,23267.0,98548.0,7800.0
2000612,23267.0,98548.0,6900.0
2000613,23267.0,99593.0,9600.0
2000614,23267.0,99593.0,8700.0
2000615,23267.0,99593.0,7800.0
2000616,23267.0,99593.0,6900.0
2000617,27067.0,98548.0,9600.0
2000618,27067.0,98548.0,8700.0
2000619,27067.0,98548.0,7800.0
2000620,27067.0,98548.0,6900.0
2000621,27067.0,99593.0,9600.0
2000622,27067.0,99593.0,8700.0
2000623,27067.0,99593.0,7800.0
2000624,27067.0,99593.0,6900.0
2000625,30067.0,98548.0,9600.0
2000626,30067.0,98548.0,8700.0
2000627,30067.0,98548.0,7800.0
2000628,30067.0,98548.0,6900.0
2000629,19917.0,114848.0,9500.0
2000630,19917.0,114848.0,8500.0
2000631,19917.0,114848.0,7666.0
2000632,19917.0,114848.0,6833.0
2000633,30067.0,114848.0,9600.0
2000634,30067.0,114848.0,8700.0
2000635,30067.0,114848.0,7800.0
2000636,30067.0,114848.0,6900.0
2000637,20667.0,106298.0,9600.0
2000638,20667.0,106298.0,8700.0
2000639,20667.0,106298.0,7800.0
2000640,20667.0,106298.0,6900.0
2000641,20667.0,113648.0,9500.0
2000642,20667.0,113648.0,8500.0
2000643,20667.0,113648.0,7666.0
2000644,20667.0,113648.0,6833.0
2000645,23267.0,113648.0,9600.0
2000646,23267.0,113648.0,8700.0
2000647,23267.0,113648.0,7800.0
2000648,23267.0,113648.0,6900.0
2000649,20667.0,101548.0,9600.0
2000650,20667.0,101548.0,8700.0
2000651,20667.0,101548.0,7800.0
2000652,20667.0,101548.0,6900.0
2000653,30067.0,107148.0,9600.0
2000654,30067.0,107148.0,8700.0
2000655,30067.0,107148.0,7800.0
2000656,30067.0,107148.0,6900.0
2000657,30067.0,104348.0,9600.0
2000658,30067.0,104348.0,8700.0
2000659,30067.0,104348.0,7800.0
2000660,30067.0,104348.0,6900.0
2000661,30067.0,106698.0,9600.0
2000662,30067.0,106698.0,8700.0
2000663,30067.0,106698.0,7800.0
2000664,30067.0,106698.0,6900.0
2000665,30067.0,101548.0,9600.0
2000666,30067.0,101548.0,8700.0
2000667,30067.0,101548.0,7800.0
2000668,30067.0,101548.0,6900.0
2000669,60347.0,101048.0,9500.0
2000670,60347.0,101048.0,8500.0
2000671,60347.0,101048.0,7666.0
2000672,60347.0,101048.0,6833.0
2000673,60347.0,104348.0,9500.0
2000674,60347.0,104348.0,8500.0
2000675,60347.0,104348.0,7666.0
2000676,60347.0,104348.0,6833.0
2000677,63747.0,110448.0,9500.0
2000678,63747.0,110448.0,8500.0
2000679,63747.0,110448.0,7666.0
2000680,63747.0,110448.0,6833.0
2000681,63747.0,114848.0,9500.0
2000682,63747.0,114848.0,8500.0
2000683,63747.0,114848.0,7666.0
2000684,63747.0,114848.0,6833.0
2000685,60347.0,114848.0,9500.0
2000686,60347.0,114848.0,8500.0
2000687,60347.0,114848.0,7666.0
2000688,60347.0,114848.0,6833.0
2000689,52947.0,103698.0,9600.0
2000690,52947.0,103698.0,8700.0
2000691,52947.0,103698.0,7800.0
2000692,52947.0,103698.0,6900.0
2000693,52947.0,106698.0,9600.0
2000694,52947.0,106698.0,8700.0
2000695,52947.0,106698.0,7800.0
2000696,52947.0,106698.0,6900.0
2000697,52947.0,98548.0,9600.0
2000698,52947.0,98548.0,8700.0
2000699,52947.0,98548.0,7800.0
2000700,52947.0,98548.0,6900.0
2000701,52947.0,101048.0,9600.0
2000702,52947.0,101048.0,8700.0
2000703,52947.0,101048.0,7800.0
2000704,52947.0,101048.0,6900.0
2000705,53847.0,101048.0,9600.0
2000706,53847.0,101048.0,8700.0
2000707,53847.0,101048.0,7800.0
2000708,53847.0,101048.0,6900.0
2000709,52947.0,107148.0,9600.0
2000710,52947.0,107148.0,8700.0
2000711,52947.0,107148.0,7800.0
2000712,52947.0,107148.0,6900.0
2000713,56347.0,107048.0,9600.0
2000714,56347.0,107048.0,8700.0
2000715,56347.0,107048.0,7800.0
2000716,56347.0,107048.0,6900.0
2000717,56347.0,110448.0,9600.0
2000718,56347.0,110448.0,8700.0
2000719,56347.0,110448.0,7800.0
2000720,56347.0,110448.0,6900.0
2000721,52947.0,110198.0,9500.0
2000722,52947.0,110198.0,8500.0
2000723,52947.0,110198.0,7666.0
2000724,52947.0,110198.0,6833.0
2000725,52947.0,114848.0,9500.0
2000726,52947.0,114848.0,8500.0
2000727,52947.0,114848.0,7666.0
2000728,52947.0,114848.0,6833.0
2000729,56347.0,106298.0,9600.0
2000730,56347.0,106298.0,8700.0
2000731,56347.0,106298.0,7800.0
2000732,56347.0,106298.0,6900.0
2000733,56347.0,101048.0,9600.0
2000734,56347.0,101048.0,8700.0
2000735,56347.0,101048.0,7800.0
2000736,56347.0,101048.0,6900.0
2000737,56347.0,101548.0,9600.0
2000738,56347.0,101548.0,8700.0
2000739,56347.0,101548.0,7800.0
2000740,56347.0,101548.0,6900.0
2000741,63747.0,101048.0,9500.0
2000742,63747.0,101048.0,8500.0
2000743,63747.0,101048.0,7666.0
2000744,63747.0,101048.0,6833.0
2000745,63747.0,106698.0,9550.0
2000746,63747.0,106698.0,8600.0
2000747,63747.0,106698.0,7733.0
2000748,63747.0,106698.0,6866.0
2000749,63747.0,98548.0,9500.0
2000750,63747.0,98548.0,8500.0
2000751,63747.0,98548.0,7666.0
2000752,63747.0,98548.0,6833.0
2000753,60347.0,98548.0,9500.0
2000754,60347.0,98548.0,8500.0
2000755,60347.0,98548.0,7666.0
2000756,60347.0,98548.0,6833.0
2000757,111267.0,103698.0,9600.0
2000758,111267.0,103698.0,8700.0
2000759,111267.0,103698.0,7800.0
2000760,111267.0,103698.0,6900.0
2000761,111267.0,106698.0,9600.0
2000762,111267.0,106698.0,8700.0
2000763,111267.0,106698.0,7800.0
2000764,111267.0,106698.0,6900.0
2000765,107467.0,101048.0,9600.0
2000766,107467.0,101048.0,8700.0
2000767,107467.0,101048.0,7800.0
2000768,107467.0,101048.0,6900.0
2000769,108667.0,101048.0,9600.0
2000770,108667.0,101048.0,8700.0
2000771,108667.0,101048.0,7800.0
2000772,108667.0,101048.0,6900.0
2000773,98067.0,114848.0,9600.0
2000774,98067.0,114848.0,8700.0
2000775,98067.0,114848.0,7800.0
2000776,98067.0,114848.0,6900.0
2000777,99667.0,114848.0,9600.0
2000778,99667.0,114848.0,8700.0
2000779,99667.0,114848.0,7800.0
2000780,99667.0,114848.0,6900.0
2000781,108217.0,114848.0,9500.0
2000782,108217.0,114848.0,8500.0
2000783,108217.0,114848.0,7666.0
2000784,108217.0,114848.0,6833.0
2000785,110267.0,114848.0,9500.0
2000786,110267.0,114848.0,8500.0
2000787,110267.0,114848.0,7666.0
2000788,110267.0,114848.0,6833.0
2000789,107467.0,114848.0,9550.0
2000790,107467.0,114848.0,8600.0
2000791,107467.0,114848.0,7733.0
2000792,107467.0,114848.0,6866.0
2000793,107467.0,113648.0,9500.0
2000794,107467.0,113648.0,8500.0
2000795,107467.0,113648.0,7666.0
2000796,107467.0,113648.0,6833.0
2000797,111267.0,113648.0,9600.0
2000798,111267.0,113648.0,8700.0
2000799,111267.0,113648.0,7800.0
2000800,111267.0,113648.0,6900.0
2000801,111267.0,114848.0,9550.0
2000802,111267.0,114848.0,8600.0
2000803,111267.0,114848.0,7733.0
2000804,111267.0,114848.0,6866.0
2000805,111267.0,98548.0,9600.0
2000806,111267.0,98548.0,8700.0
2000807,111267.0,98548.0,7800.0
2000808,111267.0,98548.0,6900.0
2000809,98067.0,98548.0,9600.0
2000810,98067.0,98548.0,8700.0
2000811,98067.0,98548.0,7800.0
2000812,98067.0,98548.0,6900.0
2000813,101067.0,98548.0,9600.0
2000814,101067.0,98548.0,8700.0
2000815,101067.0,98548.0,7800.0
2000816,101067.0,98548.0,6900.0
2000817,104867.0,98548.0,9600.0
2000818,104867.0,98548.0,8700.0
2000819,104867.0,98548.0,7800.0
2000820,104867.0,98548.0,6900.0
2000821,101067.0,99593.0,9600.0
2000822,101067.0,99593.0,8700.0
2000823,101067.0,99593.0,7800.0
2000824,101067.0,99593.0,6900.0
2000825,104867.0,99593.0,9600.0
2000826,104867.0,99593.0,8700.0
2000827,104867.0,99593.0,7800.0
2000828,104867.0,99593.0,6900.0
2000829,107467.0,101548.0,9600.0
2000830,107467.0,101548.0,8700.0
2000831,107467.0,101548.0,7800.0
2000832,107467.0,101548.0,6900.0
2000833,110367.0,101048.0,9600.0
2000834,110367.0,101048.0,8700.0
2000835,110367.0,101048.0,7800.0
2000836,110367.0,101048.0,6900.0
2000837,111267.0,101048.0,9600.0
2000838,111267.0,101048.0,8700.0
2000839,111267.0,101048.0,7800.0
2000840,111267.0,101048.0,6900.0
2000841,98067.0,107148.0,9600.0
2000842,98067.0,107148.0,8700.0
2000843,98067.0,107148.0,7800.0
2000844,98067.0,107148.0,6900.0
2000845,101067.0,107148.0,9600.0
2000846,101067.0,107148.0,8700.0
2000847,101067.0,107148.0,7800.0
2000848,101067.0,107148.0,6900.0
2000849,101067.0,106298.0,9600.0
2000850,101067.0,106298.0,8700.0
2000851,101067.0,106298.0,7800.0
2000852,101067.0,106298.0,6900.0
2000853,104867.0,106298.0,9600.0
2000854,104867.0,106298.0,8700.0
2000855,104867.0,106298.0,7800.0
2000856,104867.0,106298.0,6900.0
2000857,111267.0,107148.0,9600.0
2000858,111267.0,107148.0,8700.0
2000859,111267.0,107148.0,7800.0
2000860,111267.0,107148.0,6900.0
2000861,104867.0,109893.0,9600.0
2000862,104867.0,109893.0,8700.0
2000863,104867.0,109893.0,7800.0
2000864,104867.0,109893.0,6900.0
2000865,107467.0,109893.0,9600.0
2000866,107467.0,109893.0,8700.0
2000867,107467.0,109893.0,7800.0
2000868,107467.0,109893.0,6900.0
2000869,101067.0,110448.0,9600.0
2000870,101067.0,110448.0,8700.0
2000871,101067.0,110448.0,7800.0
2000872,101067.0,110448.0,6900.0
2000873,111267.0,110198.0,9600.0
2000874,111267.0,110198.0,8700.0
2000875,111267.0,110198.0,7800.0
2000876,111267.0,110198.0,6900.0
2000877,104867.0,114848.0,9600.0
2000878,104867.0,114848.0,8700.0
2000879,104867.0,114848.0,7800.0
2000880,104867.0,114848.0,6900.0
2000881,107467.0,106298.0,9600.0
2000882,107467.0,106298.0,8700.0
2000883,107467.0,106298.0,7800.0
2000884,107467.0,106298.0,6900.0
2000885,98067.0,101548.0,9600.0
2000886,98067.0,101548.0,8700.0
2000887,98067.0,101548.0,7800.0
2000888,98067.0,101548.0,6900.0
2000889,98067.0,104348.0,9600.0
2000890,98067.0,104348.0,8700.0
2000891,98067.0,104348.0,7800.0
2000892,98067.0,104348.0,6900.0
2000893,98067.0,106698.0,9600.0
2000894,98067.0,106698.0,8700.0
2000895,98067.0,106698.0,7800.0
2000896,98067.0,106698.0,6900.0
2000897,104867.0,113648.0,9600.0
2000898,104867.0,113648.0,8700.0
2000899,104867.0,113648.0,7800.0
2000900,104867.0,113648.0,6900.0
2000901,98067.0,101048.0,9600.0
2000902,98067.0,101048.0,8700.0
2000903,98067.0,101048.0,7800.0
2000904,98067.0,101048.0,6900.0
2000905,63747.0,107148.0,9600.0
2000906,63747.0,107148.0,8700.0
2000907,63747.0,107148.0,7800.0
2000908,63747.0,107148.0,6900.0
2000909,60347.0,110448.0,9500.0
2000910,60347.0,110448.0,8500.0
2000911,60347.0,110448.0,7666.0
2000912,60347.0,110448.0,6833.0
2000913,27067.0,113798.0,9900.0
2000914,27067.0,114148.0,9900.0
2000915,27067.0,114498.0,9900.0
2000916,20667.0,107541.0,9900.0
2000917,20667.0,107960.0,9900.0
2000918,20667.0,108379.0,9900.0
2000919,28567.0,110448.0,9900.0
2000920,29067.0,110448.0,9900.0
2000921,29567.0,110448.0,9900.0
2000922,23267.0,107560.0,9900.0
2000923,23267.0,107973.0,9900.0
2000924,23267.0,108385.0,9900.0
2000925,18167.0,107139.0,9800.0
2000926,18567.0,107131.0,9800.0
2000927,18967.0,107123.0,9800.0
2000928,19367.0,107114.0,9800.0
2000929,19767.0,107106.0,9800.0
2000930,18942.0,98548.0,9750.0
2000931,28867.0,113448.0,9900.0
2000932,29267.0,113448.0,9900.0
2000933,29667.0,113448.0,9900.0
2000934,20067.0,98548.0,9750.0
2000935,56347.0,113798.0,9800.0
2000936,56347.0,114148.0,9800.0
2000937,56347.0,114498.0,9800.0
2000938,54372.0,107123.0,9800.0
2000939,54897.0,107098.0,9800.0
2000940,55422.0,107073.0,9800.0
2000941,54959.0,98548.0,9750.0
2000942,55422.0,98548.0,9750.0
2000943,55884.0,98548.0,9750.0
2000944,108067.0,98548.0,9750.0
2000945,98467.0,113448.0,9900.0
2000946,98867.0,113448.0,9900.0
2000947,99267.0,113448.0,9900.0
2000948,108367.0,107106.0,9800.0
2000949,108767.0,107114.0,9800.0
2000950,109167.0,107123.0,9800.0
2000951,109567.0,107131.0,9800.0
2000952,109967.0,107139.0,9800.0
2000953,104867.0,107560.0,9900.0
2000954,104867.0,107973.0,9900.0
2000955,104867.0,108385.0,9900.0
2000956,107467.0,107541.0,9900.0
2000957,107467.0,107960.0,9900.0
2000958,107467.0,108379.0,9900.0
2000959,101067.0,113798.0,9900.0
2000960,101067.0,114148.0,9900.0
2000961,101067.0,114498.0,9900.0
2000962,98567.0,110448.0,9900.0
2000963,99067.0,110448.0,9900.0
2000964,99567.0,110448.0,9900.0
2000965,109192.0,98548.0,9750.0
2000966,27067.0,114848.0,8700.0
2000967,27067.0,114848.0,7800.0
2000968,27067.0,114848.0,6900.0
2000969,27067.0,113448.0,8700.0
2000970,27067.0,113448.0,7800.0
2000971,27067.0,113448.0,6900.0
2000972,28467.0,113448.0,8700.0
2000973,28467.0,113448.0,7800.0
2000974,28467.0,113448.0,6900.0
2000975,20667.0,108798.0,8700.0
2000976,20667.0,108798.0,7800.0
2000977,20667.0,108798.0,6900.0
2000978,28067.0,110448.0,8700.0
2000979,28067.0,110448.0,7800.0
2000980,28067.0,110448.0,6900.0
2000981,23267.0,108798.0,8700.0
2000982,23267.0,108798.0,7800.0
2000983,23267.0,108798.0,6900.0
2000984,20167.0,107098.0,8700.0
2000985,20167.0,107098.0,7800.0
2000986,20167.0,107098.0,6900.0
2000987,20667.0,107123.0,8700.0
2000988,20667.0,107123.0,7800.0
2000989,20667.0,107123.0,6900.0
2000990,23267.0,107148.0,8700.0
2000991,23267.0,107148.0,7800.0
2000992,23267.0,107148.0,6900.0
2000993,20667.0,98548.0,8700.0
2000994,20667.0,98548.0,7800.0
2000995,20667.0,98548.0,6900.0
2000996,18417.0,98548.0,8700.0
2000997,18417.0,98548.0,7800.0
2000998,18417.0,98548.0,6900.0
2000999,17767.0,107148.0,8700.0
2001000,17767.0,107148.0,7800.0
2001001,17767.0,107148.0,6900.0
2001002,30067.0,113448.0,8700.0
2001003,30067.0,113448.0,7800.0
2001004,30067.0,113448.0,6900.0
2001005,30067.0,110448.0,8700.0
2001006,30067.0,110448.0,7800.0
2001007,30067.0,110448.0,6900.0
2001008,54497.0,98548.0,8700.0
2001009,54497.0,98548.0,7800.0
2001010,54497.0,98548.0,6900.0
2001011,53847.0,107148.0,8700.0
2001012,53847.0,107148.0,7800.0
2001013,53847.0,107148.0,6900.0
2001014,55947.0,107048.0,8700.0
2001015,55947.0,107048.0,7800.0
2001016,55947.0,107048.0,6900.0
2001017,56347.0,113448.0,8700.0
2001018,56347.0,113448.0,7800.0
2001019,56347.0,113448.0,6900.0
2001020,56347.0,114848.0,8500.0
2001021,56347.0,114848.0,7666.0
2001022,56347.0,114848.0,6833.0
2001023,56347.0,98548.0,8700.0
2001024,56347.0,98548.0,7800.0
2001025,56347.0,98548.0,6900.0
2001026,109717.0,98548.0,8700.0
2001027,109717.0,98548.0,7800.0
2001028,109717.0,98548.0,6900.0
2001029,107467.0,98548.0,8700.0
2001030,107467.0,98548.0,7800.0
2001031,107467.0,98548.0,6900.0
2001032,107467.0,107123.0,8700.0
2001033,107467.0,107123.0,7800.0
2001034,107467.0,107123.0,6900.0
2001035,107967.0,107098.0,8700.0
2001036,107967.0,107098.0,7800.0
2001037,107967.0,107098.0,6900.0
2001038,104867.0,107148.0,8700.0
2001039,104867.0,107148.0,7800.0
2001040,104867.0,107148.0,6900.0
2001041,110367.0,107148.0,8700.0
2001042,110367.0,107148.0,7800.0
2001043,110367.0,107148.0,6900.0
2001044,104867.0,108798.0,8700.0
2001045,104867.0,108798.0,7800.0
2001046,104867.0,108798.0,6900.0
2001047,107467.0,108798.0,8700.0
2001048,107467.0,108798.0,7800.0
2001049,107467.0,108798.0,6900.0
2001050,98067.0,110448.0,8700.0
2001051,98067.0,110448.0,7800.0
2001052,98067.0,110448.0,6900.0
2001053,98067.0,113448.0,8700.0
2001054,98067.0,113448.0,7800.0
2001055,98067.0,113448.0,6900.0
2001056,100067.0,110448.0,8700.0
2001057,100067.0,110448.0,7800.0
2001058,100067.0,110448.0,6900.0
2001059,99667.0,113448.0,8700.0
2001060,99667.0,113448.0,7800.0
2001061,99667.0,113448.0,6900.0
2001062,101067.0,113448.0,8700.0
2001063,101067.0,113448.0,7800.0
2001064,101067.0,113448.0,6900.0
2001065,101067.0,114848.0,8700.0
2001066,101067.0,114848.0,7800.0
2001067,101067.0,114848.0,6900.0
2001068,24217.0,107148.0,10500.0
2001069,25167.0,107148.0,10500.0
2001070,26117.0,107148.0,10500.0
2001071,27067.0,108248.0,10500.0
2001072,27067.0,109348.0,10500.0
2001073,26117.0,114848.0,10500.0
2001074,24217.0,114848.0,10500.0
2001075,23267.0,112748.0,10500.0
2001076,23267.0,110870.0,10500.0
2001077,28467.0,114148.0,10500.0
2001078,17817.0,108760.0,10500.0
2001079,18767.0,108773.0,10500.0
2001080,19717.0,108785.0,10500.0
2001081,20667.0,110870.0,10500.0
2001082,20667.0,112748.0,10500.0
2001083,18892.0,113648.0,10500.0
2001084,16867.0,109473.0,10500.0
2001085,16867.0,107948.0,10500.0
2001086,24217.0,104348.0,10500.0
2001087,25167.0,104348.0,10500.0
2001088,26117.0,104348.0,10500.0
2001089,27067.0,105323.0,10500.0
2001090,23267.0,105323.0,10500.0
2001091,19467.0,99381.0,10500.0
2001092,19467.0,100214.0,10500.0
2001093,24217.0,101548.0,10500.0
2001094,25167.0,101548.0,10500.0
2001095,26117.0,101548.0,10500.0
2001096,27067.0,102481.0,10500.0
2001097,27067.0,103414.0,10500.0
2001098,23267.0,102481.0,10500.0
2001099,23267.0,103414.0,10500.0
2001100,24217.0,98548.0,10500.0
2001101,26117.0,98548.0,10500.0
2001102,27067.0,100570.0,10500.0
2001103,23267.0,100570.0,10500.0
2001104,56347.0,107898.0,10500.0
2001105,53797.0,108748.0,10500.0
2001106,54647.0,108748.0,10500.0
2001107,55497.0,108748.0,10500.0
2001108,52947.0,107948.0,10500.0
2001109,108667.0,99381.0,10500.0
2001110,108667.0,100214.0,10500.0
2001111,99667.0,114148.0,10500.0
2001112,109242.0,113648.0,10500.0
2001113,108417.0,108785.0,10500.0
2001114,109367.0,108773.0,10500.0
2001115,110317.0,108760.0,10500.0
2001116,111267.0,109473.0,10500.0
2001117,107467.0,112748.0,10500.0
2001118,107467.0,110870.0,10500.0
2001119,102017.0,98548.0,10500.0
2001120,103917.0,98548.0,10500.0
2001121,104867.0,100570.0,10500.0
2001122,102017.0,101548.0,10500.0
2001123,102967.0,101548.0,10500.0
2001124,103917.0,101548.0,10500.0
2001125,101067.0,100570.0,10500.0
2001126,111267.0,107948.0,10500.0
2001127,102017.0,104348.0,10500.0
2001128,102967.0,104348.0,10500.0
2001129,103917.0,104348.0,10500.0
2001130,104867.0,105323.0,10500.0
2001131,102017.0,107148.0,10500.0
2001132,102967.0,107148.0,10500.0
2001133,103917.0,107148.0,10500.0
2001134,101067.0,105323.0,10500.0
2001135,104867.0,110870.0,10500.0
2001136,104867.0,112748.0,10500.0
2001137,103917.0,114848.0,10500.0
2001138,102017.0,114848.0,10500.0
2001139,101067.0,108248.0,10500.0
2001140,101067.0,109348.0,10500.0
2001141,104867.0,102481.0,10500.0
2001142,104867.0,103414.0,10500.0
2001143,101067.0,102481.0,10500.0
2001144,101067.0,103414.0,10500.0
2001147,64246.0,106675.0,10500.0
2001148,108667.0,98548.0,10125.0
2001149,109192.0,98548.0,10125.0
2001150,109717.0,98548.0,10125.0
2001151,98067.0,110448.0,10200.0
2001152,98567.0,110448.0,10200.0
2001153,99067.0,110448.0,10200.0
2001154,99567.0,110448.0,10200.0
2001155,100067.0,110448.0,10200.0
2001156,101067.0,113448.0,10200.0
2001157,101067.0,113798.0,10200.0
2001158,101067.0,114148.0,10200.0
2001159,101067.0,114498.0,10200.0
2001160,101067.0,114848.0,10200.0
2001161,107467.0,107123.0,10200.0
2001162,107467.0,107541.0,10200.0
2001163,107467.0,107960.0,10200.0
2001164,107467.0,108379.0,10200.0
2001165,107467.0,108798.0,10200.0
2001166,104867.0,107148.0,10200.0
2001167,104867.0,107560.0,10200.0
2001168,104867.0,107973.0,10200.0
2001169,104867.0,108385.0,10200.0
2001170,104867.0,108798.0,10200.0
2001171,107967.0,107098.0,10150.0
2001172,108367.0,107106.0,10150.0
2001173,108767.0,107114.0,10150.0
2001174,109167.0,107123.0,10150.0
2001175,109567.0,107131.0,10150.0
2001176,109967.0,107139.0,10150.0
2001177,110367.0,107148.0,10150.0
2001178,98067.0,113448.0,10200.0
2001179,98467.0,113448.0,10200.0
2001180,98867.0,113448.0,10200.0
2001181,99267.0,113448.0,10200.0
2001182,99667.0,113448.0,10200.0
2001183,107467.0,98548.0,10125.0
2001184,108067.0,98548.0,10125.0
2001185,54497.0,98548.0,10125.0
2001186,54959.0,98548.0,10125.0
2001187,55422.0,98548.0,10125.0
2001188,55884.0,98548.0,10125.0
2001189,56347.0,98548.0,10125.0
2001190,53847.0,107148.0,10150.0
2001191,54372.0,107123.0,10150.0
2001192,54897.0,107098.0,10150.0
2001193,55422.0,107073.0,10150.0
2001194,55947.0,107048.0,10150.0
2001195,56347.0,113448.0,10150.0
2001196,56347.0,113798.0,10150.0
2001197,56347.0,114148.0,10150.0
2001198,56347.0,114498.0,10150.0
2001199,56347.0,114848.0,10150.0
2001200,19467.0,98548.0,10125.0
2001201,20067.0,98548.0,10125.0
2001202,20667.0,98548.0,10125.0
2001203,28467.0,113448.0,10200.0
2001204,28867.0,113448.0,10200.0
2001205,29267.0,113448.0,10200.0
2001206,29667.0,113448.0,10200.0
2001207,30067.0,113448.0,10200.0
2001208,18417.0,98548.0,10125.0
2001209,18942.0,98548.0,10125.0
2001210,17767.0,107148.0,10150.0
2001211,18167.0,107139.0,10150.0
2001212,18567.0,107131.0,10150.0
2001213,18967.0,107123.0,10150.0
2001214,19367.0,107114.0,10150.0
2001215,19767.0,107106.0,10150.0
2001216,20167.0,107098.0,10150.0
2001217,23267.0,107148.0,10200.0
2001218,23267.0,107560.0,10200.0
2001219,23267.0,107973.0,10200.0
2001220,23267.0,108385.0,10200.0
2001221,23267.0,108798.0,10200.0
2001222,28067.0,110448.0,10200.0
2001223,28567.0,110448.0,10200.0
2001224,29067.0,110448.0,10200.0
2001225,29567.0,110448.0,10200.0
2001226,30067.0,110448.0,10200.0
2001227,20667.0,107123.0,10200.0
2001228,20667.0,107541.0,10200.0
2001229,20667.0,107960.0,10200.0
2001230,20667.0,108379.0,10200.0
2001231,20667.0,108798.0,10200.0
2001232,27067.0,113448.0,10200.0
2001233,27067.0,113798.0,10200.0
2001234,27067.0,114148.0,10200.0
2001235,27067.0,114498.0,10200.0
2001236,27067.0,114848.0,10200.0
2001237,17367.0,114848.0,9500.0
2001238,17367.0,114848.0,6833.0
2001239,17367.0,114848.0,7666.0
2001240,17367.0,114848.0,8500.0
2001241,21533.0,114848.0,9550.0
2001242,22400.0,114848.0,9550.0
2001243,21533.0,114848.0,6866.0
2001244,22400.0,114848.0,6866.0
2001245,21533.0,114848.0,7733.0
2001246,21533.0,114848.0,8600.0
2001247,22400.0,114848.0,7733.0
2001248,22400.0,114848.0,8600.0
2001249,27767.0,114848.0,9600.0
2001250,27767.0,114848.0,6900.0
2001251,27767.0,114848.0,7800.0
2001252,27767.0,114848.0,8700.0
2001253,16867.0,111060.0,9500.0
2001254,16867.0,111923.0,9500.0
2001255,16867.0,112785.0,9500.0
2001256,16867.0,111060.0,6833.0
2001257,16867.0,111923.0,6833.0
2001258,16867.0,112785.0,6833.0
2001259,16867.0,111060.0,7666.0
2001260,16867.0,111060.0,8500.0
2001261,16867.0,112785.0,7666.0
2001262,16867.0,112785.0,8500.0
2001263,16867.0,111923.0,7666.0
2001264,16867.0,111923.0,8500.0
2001265,30067.0,114148.0,9600.0
2001266,30067.0,114148.0,6900.0
2001267,30067.0,114148.0,7800.0
2001268,30067.0,114148.0,8700.0
2001269,27067.0,111448.0,9600.0
2001270,27067.0,112448.0,9600.0
2001271,27067.0,111448.0,6900.0
2001272,27067.0,112448.0,6900.0
2001273,27067.0,111448.0,7800.0
2001274,27067.0,111448.0,8700.0
2001275,27067.0,112448.0,7800.0
2001276,27067.0,112448.0,8700.0
2001277,27767.0,113448.0,9900.0
2001278,27767.0,113448.0,6900.0
2001279,27767.0,113448.0,7800.0
2001280,27767.0,113448.0,8700.0
2001281,27567.0,110448.0,9600.0
2001282,27567.0,110448.0,6900.0
2001283,27567.0,110448.0,7800.0
2001284,27567.0,110448.0,8700.0
2001285,30067.0,111448.0,9900.0
2001286,30067.0,112448.0,9900.0
2001287,30067.0,111448.0,6900.0
2001288,30067.0,112448.0,6900.0
2001289,30067.0,111448.0,7800.0
2001290,30067.0,111448.0,8700.0
2001291,30067.0,112448.0,7800.0
2001292,30067.0,112448.0,8700.0
2001293,20667.0,109345.0,9600.0
2001294,20667.0,109345.0,6900.0
2001295,20667.0,109345.0,7800.0
2001296,20667.0,109345.0,8700.0
2001297,21533.0,108798.0,9900.0
2001298,22400.0,108798.0,9900.0
2001299,21533.0,108798.0,6900.0
2001300,22400.0,108798.0,6900.0
2001301,21533.0,108798.0,7800.0
2001302,21533.0,108798.0,8700.0
2001303,22400.0,108798.0,7800.0
2001304,22400.0,108798.0,8700.0
2001305,23267.0,109345.0,9600.0
2001306,23267.0,109345.0,6900.0
2001307,23267.0,109345.0,7800.0
2001308,23267.0,109345.0,8700.0
2001309,17317.0,107148.0,9600.0
2001310,17317.0,107148.0,6900.0
2001311,17317.0,107148.0,7800.0
2001312,17317.0,107148.0,8700.0
2001313,21533.0,107131.0,9900.0
2001314,22400.0,107139.0,9900.0
2001315,21533.0,107131.0,6900.0
2001316,22400.0,107139.0,6900.0
2001317,21533.0,107131.0,7800.0
2001318,21533.0,107131.0,8700.0
2001319,22400.0,107139.0,7800.0
2001320,22400.0,107139.0,8700.0
2001321,23267.0,106723.0,9600.0
2001322,23267.0,106723.0,6900.0
2001323,23267.0,106723.0,7800.0
2001324,23267.0,106723.0,8700.0
2001325,27067.0,106723.0,9600.0
2001326,27067.0,106723.0,6900.0
2001327,27067.0,106723.0,7800.0
2001328,27067.0,106723.0,8700.0
2001329,28067.0,107148.0,9600.0
2001330,29067.0,107148.0,9600.0
2001331,28067.0,107148.0,6900.0
2001332,29067.0,107148.0,6900.0
2001333,28067.0,107148.0,7800.0
2001334,28067.0,107148.0,8700.0
2001335,29067.0,107148.0,7800.0
2001336,29067.0,107148.0,8700.0
2001337,16867.0,101931.0,9600.0
2001338,16867.0,102814.0,9600.0
2001339,16867.0,101931.0,6900.0
2001340,16867.0,102814.0,6900.0
2001341,16867.0,101931.0,7800.0
2001342,16867.0,101931.0,8700.0
2001343,16867.0,102814.0,7800.0
2001344,16867.0,102814.0,8700.0
2001345,16867.0,99381.0,9600.0
2001346,16867.0,100214.0,9600.0
2001347,16867.0,99381.0,6900.0
2001348,16867.0,100214.0,6900.0
2001349,16867.0,99381.0,7800.0
2001350,16867.0,99381.0,8700.0
2001351,16867.0,100214.0,7800.0
2001352,16867.0,100214.0,8700.0
2001353,17317.0,101048.0,9600.0
2001354,17317.0,101048.0,6900.0
2001355,17317.0,101048.0,7800.0
2001356,17317.0,101048.0,8700.0
2001357,18617.0,101048.0,9600.0
2001358,18617.0,101048.0,6900.0
2001359,18617.0,101048.0,7800.0
2001360,18617.0,101048.0,8700.0
2001361,20667.0,99381.0,9600.0
2001362,20667.0,100214.0,9600.0
2001363,20667.0,99381.0,6900.0
2001364,20667.0,100214.0,6900.0
2001365,20667.0,99381.0,7800.0
2001366,20667.0,99381.0,8700.0
2001367,20667.0,100214.0,7800.0
2001368,20667.0,100214.0,8700.0
2001369,17642.0,98548.0,9600.0
2001370,17642.0,98548.0,6900.0
2001371,17642.0,98548.0,7800.0
2001372,17642.0,98548.0,8700.0
2001373,21533.0,98548.0,9600.0
2001374,22400.0,98548.0,9600.0
2001375,21533.0,98548.0,6900.0
2001376,22400.0,98548.0,6900.0
2001377,21533.0,98548.0,7800.0
2001378,21533.0,98548.0,8700.0
2001379,22400.0,98548.0,7800.0
2001380,22400.0,98548.0,8700.0
2001381,23267.0,99070.0,9600.0
2001382,23267.0,99070.0,6900.0
2001383,23267.0,99070.0,7800.0
2001384,23267.0,99070.0,8700.0
2001385,27067.0,99070.0,9600.0
2001386,27067.0,99070.0,6900.0
2001387,27067.0,99070.0,7800.0
2001388,27067.0,99070.0,8700.0
2001389,28067.0,98548.0,9600.0
2001390,29067.0,98548.0,9600.0
2001391,28067.0,98548.0,6900.0
2001392,29067.0,98548.0,6900.0
2001393,28067.0,98548.0,7800.0
2001394,28067.0,98548.0,8700.0
2001395,29067.0,98548.0,7800.0
2001396,29067.0,98548.0,8700.0
2001397,16867.0,114248.0,9500.0
2001398,16867.0,114248.0,6833.0
2001399,16867.0,114248.0,7666.0
2001400,16867.0,114248.0,8500.0
2001401,20667.0,114248.0,9500.0
2001402,20667.0,114248.0,6833.0
2001403,20667.0,114248.0,7666.0
2001404,20667.0,114248.0,8500.0
2001405,20292.0,114848.0,9500.0
2001406,20292.0,114848.0,6833.0
2001407,20292.0,114848.0,7666.0
2001408,20292.0,114848.0,8500.0
2001409,18142.0,114848.0,9500.0
2001410,18145.0,114848.0,10000.0
2001411,18642.0,114848.0,10000.0
2001412,19142.0,114848.0,10000.0
2001413,19639.0,114848.0,10000.0
2001414,19642.0,114848.0,9500.0
2001415,18142.0,114848.0,6833.0
2001416,19642.0,114848.0,6833.0
2001417,18142.0,114848.0,7666.0
2001418,18142.0,114848.0,8500.0
2001419,19642.0,114848.0,7666.0
2001420,19642.0,114848.0,8500.0
2001421,18642.0,114848.0,8500.0
2001422,18642.0,114848.0,9000.0
2001423,18145.0,114848.0,9000.0
2001424,19639.0,114848.0,9000.0
2001425,19142.0,114848.0,9000.0
2001426,19142.0,114848.0,8500.0
2001427,18642.0,114848.0,9500.0
2001428,19142.0,114848.0,9500.0
2001429,29267.0,114848.0,9600.0
2001430,29267.0,114848.0,6900.0
2001431,29267.0,114848.0,7800.0
2001432,29267.0,114848.0,8700.0
2001433,20067.0,101048.0,9600.0
2001434,20067.0,101048.0,6900.0
2001435,20067.0,101048.0,7800.0
2001436,20067.0,101048.0,8700.0
2001437,16867.0,104698.0,9600.0
2001438,16867.0,105698.0,9600.0
2001439,16867.0,104698.0,6900.0
2001440,16867.0,105698.0,6900.0
2001441,16867.0,104698.0,7800.0
2001442,16867.0,104698.0,8700.0
2001443,16867.0,105698.0,7800.0
2001444,16867.0,105698.0,8700.0
2001445,20667.0,106710.0,9600.0
2001446,20667.0,106710.0,6900.0
2001447,20667.0,106710.0,7800.0
2001448,20667.0,106710.0,8700.0
2001449,23267.0,114248.0,9600.0
2001450,23267.0,114248.0,6900.0
2001451,23267.0,114248.0,7800.0
2001452,23267.0,114248.0,8700.0
2001453,30067.0,99381.0,9600.0
2001454,30067.0,100214.0,9600.0
2001455,30067.0,100881.0,9600.0
2001456,30067.0,99381.0,6900.0
2001457,30067.0,100214.0,6900.0
2001458,30067.0,100881.0,6900.0
2001459,30067.0,99381.0,7800.0
2001460,30067.0,99381.0,8700.0
2001461,30067.0,100881.0,7800.0
2001462,30067.0,100881.0,8700.0
2001463,30067.0,100214.0,7800.0
2001464,30067.0,100214.0,8700.0
2001465,30067.0,105281.0,9600.0
2001466,30067.0,106214.0,9600.0
2001467,30067.0,105281.0,6900.0
2001468,30067.0,106214.0,6900.0
2001469,30067.0,105281.0,7800.0
2001470,30067.0,105281.0,8700.0
2001471,30067.0,106214.0,7800.0
2001472,30067.0,106214.0,8700.0
2001473,30067.0,102481.0,9600.0
2001474,30067.0,103414.0,9600.0
2001475,30067.0,102481.0,6900.0
2001476,30067.0,103414.0,6900.0
2001477,30067.0,102481.0,7800.0
2001478,30067.0,102481.0,8700.0
2001479,30067.0,103414.0,7800.0
2001480,30067.0,103414.0,8700.0
2001481,60347.0,101873.0,9500.0
2001482,60347.0,102698.0,9500.0
2001483,60347.0,103523.0,9500.0
2001484,60347.0,101873.0,6833.0
2001485,60347.0,102698.0,6833.0
2001486,60347.0,103523.0,6833.0
2001487,60347.0,101873.0,7666.0
2001488,60347.0,101873.0,8500.0
2001489,60347.0,103523.0,7666.0
2001490,60347.0,103523.0,8500.0
2001491,60347.0,102698.0,7666.0
2001492,60347.0,102698.0,8500.0
2001493,63747.0,111328.0,9500.0
2001494,63747.0,112208.0,9500.0
2001495,63747.0,113088.0,9500.0
2001496,63747.0,113968.0,9500.0
2001497,63747.0,111328.0,6833.0
2001498,63747.0,112208.0,6833.0
2001499,63747.0,113088.0,6833.0
2001500,63747.0,113968.0,6833.0
2001501,63747.0,111328.0,7666.0
2001502,63747.0,111328.0,8500.0
2001503,63747.0,113968.0,7666.0
2001504,63747.0,113968.0,8500.0
2001505,63747.0,112208.0,7666.0
2001506,63747.0,113088.0,7666.0
2001507,63747.0,112208.0,8500.0
2001508,63747.0,113088.0,8500.0
2001509,61022.0,114848.0,9500.0
2001510,61697.0,114848.0,9500.0
2001511,61700.0,114848.0,10000.0
2001512,62197.0,114848.0,10000.0
2001513,62697.0,114848.0,10000.0
2001514,63194.0,114848.0,10000.0
2001515,63197.0,114848.0,9500.0
2001516,61022.0,114848.0,6833.0
2001517,61697.0,114848.0,6833.0
2001518,63197.0,114848.0,6833.0
2001519,61022.0,114848.0,7666.0
2001520,61022.0,114848.0,8500.0
2001521,63197.0,114848.0,7666.0
2001522,63197.0,114848.0,8500.0
2001523,62197.0,114848.0,8500.0
2001524,62197.0,114848.0,9000.0
2001525,61700.0,114848.0,9000.0
2001526,61697.0,114848.0,8500.0
2001527,61697.0,114848.0,7666.0
2001528,63194.0,114848.0,9000.0
2001529,62697.0,114848.0,9000.0
2001530,62697.0,114848.0,8500.0
2001531,62197.0,114848.0,9500.0
2001532,62697.0,114848.0,9500.0
2001533,52947.0,104560.0,9600.0
2001534,52947.0,105423.0,9600.0
2001535,52947.0,106285.0,9600.0
2001536,52947.0,104560.0,6900.0
2001537,52947.0,105423.0,6900.0
2001538,52947.0,106285.0,6900.0
2001539,52947.0,104560.0,7800.0
2001540,52947.0,104560.0,8700.0
2001541,52947.0,106285.0,7800.0
2001542,52947.0,106285.0,8700.0
2001543,52947.0,105423.0,7800.0
2001544,52947.0,105423.0,8700.0
2001545,53722.0,98548.0,9600.0
2001546,53722.0,98548.0,6900.0
2001547,53722.0,98548.0,7800.0
2001548,53722.0,98548.0,8700.0
2001549,52947.0,99381.0,9600.0
2001550,52947.0,100214.0,9600.0
2001551,52947.0,99381.0,6900.0
2001552,52947.0,100214.0,6900.0
2001553,52947.0,99381.0,7800.0
2001554,52947.0,99381.0,8700.0
2001555,52947.0,100214.0,7800.0
2001556,52947.0,100214.0,8700.0
2001557,52947.0,101931.0,9600.0
2001558,52947.0,102814.0,9600.0
2001559,52947.0,101931.0,6900.0
2001560,52947.0,102814.0,6900.0
2001561,52947.0,101931.0,7800.0
2001562,52947.0,101931.0,8700.0
2001563,52947.0,102814.0,7800.0
2001564,52947.0,102814.0,8700.0
2001565,53397.0,101048.0,9600.0
2001566,53397.0,101048.0,6900.0
2001567,53397.0,101048.0,7800.0
2001568,53397.0,101048.0,8700.0
2001569,53397.0,107148.0,9600.0
2001570,53397.0,107148.0,6900.0
2001571,53397.0,107148.0,7800.0
2001572,53397.0,107148.0,8700.0
2001573,56347.0,111328.0,9600.0
2001574,56347.0,112208.0,9600.0
2001575,56347.0,113088.0,9600.0
2001576,56347.0,111328.0,6900.0
2001577,56347.0,112208.0,6900.0
2001578,56347.0,113088.0,6900.0
2001579,56347.0,111328.0,7800.0
2001580,56347.0,111328.0,8700.0
2001581,56347.0,113088.0,7800.0
2001582,56347.0,113088.0,8700.0
2001583,56347.0,112208.0,7800.0
2001584,56347.0,112208.0,8700.0
2001585,52947.0,111128.0,9500.0
2001586,52947.0,112058.0,9500.0
2001587,52947.0,112988.0,9500.0
2001588,52947.0,113918.0,9500.0
2001589,52947.0,111128.0,6833.0
2001590,52947.0,112058.0,6833.0
2001591,52947.0,112988.0,6833.0
2001592,52947.0,113918.0,6833.0
2001593,52947.0,111128.0,7666.0
2001594,52947.0,111128.0,8500.0
2001595,52947.0,113918.0,7666.0
2001596,52947.0,113918.0,8500.0
2001597,52947.0,112058.0,7666.0
2001598,52947.0,112988.0,7666.0
2001599,52947.0,112058.0,8500.0
2001600,52947.0,112988.0,8500.0
2001601,53622.0,114848.0,9500.0
2001602,54297.0,114848.0,9500.0
2001603,54300.0,114848.0,10000.0
2001604,54797.0,114848.0,10000.0
2001605,55297.0,114848.0,10000.0
2001606,55794.0,114848.0,10000.0
2001607,55797.0,114848.0,9500.0
2001608,53622.0,114848.0,6833.0
2001609,54297.0,114848.0,6833.0
2001610,55797.0,114848.0,6833.0
2001611,53622.0,114848.0,7666.0
2001612,53622.0,114848.0,8500.0
2001613,55797.0,114848.0,7666.0
2001614,55797.0,114848.0,8500.0
2001615,54797.0,114848.0,8500.0
2001616,54797.0,114848.0,9000.0
2001617,54300.0,114848.0,9000.0
2001618,54297.0,114848.0,8500.0
2001619,54297.0,114848.0,7666.0
2001620,55794.0,114848.0,9000.0
2001621,55297.0,114848.0,9000.0
2001622,55297.0,114848.0,8500.0
2001623,54797.0,114848.0,9500.0
2001624,55297.0,114848.0,9500.0
2001625,56347.0,106673.0,9600.0
2001626,56347.0,106673.0,6900.0
2001627,56347.0,106673.0,7800.0
2001628,56347.0,106673.0,8700.0
2001629,56347.0,99381.0,9600.0
2001630,56347.0,100214.0,9600.0
2001631,56347.0,99381.0,6900.0
2001632,56347.0,100214.0,6900.0
2001633,56347.0,99381.0,7800.0
2001634,56347.0,99381.0,8700.0
2001635,56347.0,100214.0,7800.0
2001636,56347.0,100214.0,8700.0
2001637,63747.0,102064.0,9550.0
2001638,63747.0,103081.0,9550.0
2001639,63747.0,104098.0,9550.0
2001640,63747.0,105114.0,9550.0
2001641,63747.0,106131.0,9550.0
2001642,63747.0,102064.0,6866.0
2001643,63747.0,103081.0,6866.0
2001644,63747.0,104098.0,6866.0
2001645,63747.0,105114.0,6866.0
2001646,63747.0,106131.0,6866.0
2001647,63747.0,102064.0,7733.0
2001648,63747.0,102064.0,8600.0
2001649,63747.0,106131.0,7733.0
2001650,63747.0,106131.0,8600.0
2001651,63747.0,103081.0,7733.0
2001652,63747.0,104098.0,7733.0
2001653,63747.0,105114.0,7733.0
2001654,63747.0,103081.0,8600.0
2001655,63747.0,104098.0,8600.0
2001656,63747.0,105114.0,8600.0
2001657,63747.0,99381.0,9500.0
2001658,63747.0,100214.0,9500.0
2001659,63747.0,99381.0,6833.0
2001660,63747.0,100214.0,6833.0
2001661,63747.0,99381.0,7666.0
2001662,63747.0,99381.0,8500.0
2001663,63747.0,100214.0,7666.0
2001664,63747.0,100214.0,8500.0
2001665,54680.0,101048.0,9600.0
2001666,55513.0,101048.0,9600.0
2001667,54680.0,101048.0,6900.0
2001668,55513.0,101048.0,6900.0
2001669,54680.0,101048.0,7800.0
2001670,54680.0,101048.0,8700.0
2001671,55513.0,101048.0,7800.0
2001672,55513.0,101048.0,8700.0
2001673,60822.0,98548.0,9500.0
2001674,61297.0,98548.0,9500.0
2001675,61300.0,98548.0,10000.0
2001676,61797.0,98548.0,10000.0
2001677,62297.0,98548.0,10000.0
2001678,62794.0,98548.0,10000.0
2001679,62797.0,98548.0,9500.0
2001680,63272.0,98548.0,9500.0
2001681,60822.0,98548.0,6833.0
2001682,61297.0,98548.0,6833.0
2001683,63272.0,98548.0,6833.0
2001684,62797.0,98548.0,6833.0
2001685,60822.0,98548.0,7666.0
2001686,60822.0,98548.0,8500.0
2001687,63272.0,98548.0,7666.0
2001688,63272.0,98548.0,8500.0
2001689,61797.0,98548.0,8500.0
2001690,61797.0,98548.0,9000.0
2001691,61300.0,98548.0,9000.0
2001692,61297.0,98548.0,8500.0
2001693,61297.0,98548.0,7666.0
2001694,62797.0,98548.0,8500.0
2001695,62794.0,98548.0,9000.0
2001696,62297.0,98548.0,9000.0
2001697,62297.0,98548.0,8500.0
2001698,62797.0,98548.0,7666.0
2001699,61797.0,98548.0,9500.0
2001700,62297.0,98548.0,9500.0
2001701,61197.0,101048.0,9500.0
2001702,62047.0,101048.0,9500.0
2001703,62897.0,101048.0,9500.0
2001704,61197.0,101048.0,6833.0
2001705,62047.0,101048.0,6833.0
2001706,62897.0,101048.0,6833.0
2001707,61197.0,101048.0,7666.0
2001708,61197.0,101048.0,8500.0
2001709,62897.0,101048.0,7666.0
2001710,62897.0,101048.0,8500.0
2001711,62047.0,101048.0,7666.0
2001712,62047.0,101048.0,8500.0
2001713,111267.0,104698.0,9600.0
2001714,111267.0,105698.0,9600.0
2001715,111267.0,104698.0,6900.0
2001716,111267.0,105698.0,6900.0
2001717,111267.0,104698.0,7800.0
2001718,111267.0,104698.0,8700.0
2001719,111267.0,105698.0,7800.0
2001720,111267.0,105698.0,8700.0
2001721,108067.0,101048.0,9600.0
2001722,108067.0,101048.0,6900.0
2001723,108067.0,101048.0,7800.0
2001724,108067.0,101048.0,8700.0
2001725,98867.0,114848.0,9600.0
2001726,98867.0,114848.0,6900.0
2001727,98867.0,114848.0,7800.0
2001728,98867.0,114848.0,8700.0
2001729,108492.0,114848.0,9500.0
2001730,108495.0,114848.0,10000.0
2001731,108992.0,114848.0,10000.0
2001732,109492.0,114848.0,10000.0
2001733,109989.0,114848.0,10000.0
2001734,109992.0,114848.0,9500.0
2001735,108492.0,114848.0,6833.0
2001736,109992.0,114848.0,6833.0
2001737,108492.0,114848.0,7666.0
2001738,108492.0,114848.0,8500.0
2001739,109992.0,114848.0,7666.0
2001740,109992.0,114848.0,8500.0
2001741,108992.0,114848.0,8500.0
2001742,108992.0,114848.0,9000.0
2001743,108495.0,114848.0,9000.0
2001744,109989.0,114848.0,9000.0
2001745,109492.0,114848.0,9000.0
2001746,109492.0,114848.0,8500.0
2001747,108992.0,114848.0,9500.0
2001748,109492.0,114848.0,9500.0
2001749,107842.0,114848.0,9550.0
2001750,107842.0,114848.0,6866.0
2001751,107842.0,114848.0,7733.0
2001752,107842.0,114848.0,8600.0
2001753,107467.0,114248.0,9550.0
2001754,107467.0,114248.0,6866.0
2001755,107467.0,114248.0,7733.0
2001756,107467.0,114248.0,8600.0
2001757,111267.0,114248.0,9600.0
2001758,111267.0,114248.0,6900.0
2001759,111267.0,114248.0,7800.0
2001760,111267.0,114248.0,8700.0
2001761,110767.0,114848.0,9550.0
2001762,110767.0,114848.0,6866.0
2001763,110767.0,114848.0,7733.0
2001764,110767.0,114848.0,8600.0
2001765,110492.0,98548.0,9600.0
2001766,110492.0,98548.0,6900.0
2001767,110492.0,98548.0,7800.0
2001768,110492.0,98548.0,8700.0
2001769,99067.0,98548.0,9600.0
2001770,100067.0,98548.0,9600.0
2001771,99067.0,98548.0,6900.0
2001772,100067.0,98548.0,6900.0
2001773,99067.0,98548.0,7800.0
2001774,99067.0,98548.0,8700.0
2001775,100067.0,98548.0,7800.0
2001776,100067.0,98548.0,8700.0
2001777,105733.0,98548.0,9600.0
2001778,106600.0,98548.0,9600.0
2001779,105733.0,98548.0,6900.0
2001780,106600.0,98548.0,6900.0
2001781,105733.0,98548.0,7800.0
2001782,105733.0,98548.0,8700.0
2001783,106600.0,98548.0,7800.0
2001784,106600.0,98548.0,8700.0
2001785,101067.0,99070.0,9600.0
2001786,101067.0,99070.0,6900.0
2001787,101067.0,99070.0,7800.0
2001788,101067.0,99070.0,8700.0
2001789,104867.0,99070.0,9600.0
2001790,104867.0,99070.0,6900.0
2001791,104867.0,99070.0,7800.0
2001792,104867.0,99070.0,8700.0
2001793,107467.0,99381.0,9600.0
2001794,107467.0,100214.0,9600.0
2001795,107467.0,99381.0,6900.0
2001796,107467.0,100214.0,6900.0
2001797,107467.0,99381.0,7800.0
2001798,107467.0,99381.0,8700.0
2001799,107467.0,100214.0,7800.0
2001800,107467.0,100214.0,8700.0
2001801,109517.0,101048.0,9600.0
2001802,109517.0,101048.0,6900.0
2001803,109517.0,101048.0,7800.0
2001804,109517.0,101048.0,8700.0
2001805,110817.0,101048.0,9600.0
2001806,110817.0,101048.0,6900.0
2001807,110817.0,101048.0,7800.0
2001808,110817.0,101048.0,8700.0
2001809,111267.0,99381.0,9600.0
2001810,111267.0,100214.0,9600.0
2001811,111267.0,99381.0,6900.0
2001812,111267.0,100214.0,6900.0
2001813,111267.0,99381.0,7800.0
2001814,111267.0,99381.0,8700.0
2001815,111267.0,100214.0,7800.0
2001816,111267.0,100214.0,8700.0
2001817,111267.0,101931.0,9600.0
2001818,111267.0,102814.0,9600.0
2001819,111267.0,101931.0,6900.0
2001820,111267.0,102814.0,6900.0
2001821,111267.0,101931.0,7800.0
2001822,111267.0,101931.0,8700.0
2001823,111267.0,102814.0,7800.0
2001824,111267.0,102814.0,8700.0
2001825,99067.0,107148.0,9600.0
2001826,100067.0,107148.0,9600.0
2001827,99067.0,107148.0,6900.0
2001828,100067.0,107148.0,6900.0
2001829,99067.0,107148.0,7800.0
2001830,99067.0,107148.0,8700.0
2001831,100067.0,107148.0,7800.0
2001832,100067.0,107148.0,8700.0
2001833,101067.0,106723.0,9600.0
2001834,101067.0,106723.0,6900.0
2001835,101067.0,106723.0,7800.0
2001836,101067.0,106723.0,8700.0
2001837,104867.0,106723.0,9600.0
2001838,104867.0,106723.0,6900.0
2001839,104867.0,106723.0,7800.0
2001840,104867.0,106723.0,8700.0
2001841,105733.0,107139.0,9900.0
2001842,106600.0,107131.0,9900.0
2001843,105733.0,107139.0,6900.0
2001844,106600.0,107131.0,6900.0
2001845,105733.0,107139.0,7800.0
2001846,105733.0,107139.0,8700.0
2001847,106600.0,107131.0,7800.0
2001848,106600.0,107131.0,8700.0
2001849,110817.0,107148.0,9600.0
2001850,110817.0,107148.0,6900.0
2001851,110817.0,107148.0,7800.0
2001852,110817.0,107148.0,8700.0
2001853,104867.0,109345.0,9600.0
2001854,104867.0,109345.0,6900.0
2001855,104867.0,109345.0,7800.0
2001856,104867.0,109345.0,8700.0
2001857,105733.0,108798.0,9900.0
2001858,106600.0,108798.0,9900.0
2001859,105733.0,108798.0,6900.0
2001860,106600.0,108798.0,6900.0
2001861,105733.0,108798.0,7800.0
2001862,105733.0,108798.0,8700.0
2001863,106600.0,108798.0,7800.0
2001864,106600.0,108798.0,8700.0
2001865,107467.0,109345.0,9600.0
2001866,107467.0,109345.0,6900.0
2001867,107467.0,109345.0,7800.0
2001868,107467.0,109345.0,8700.0
2001869,98067.0,111448.0,9900.0
2001870,98067.0,112448.0,9900.0
2001871,98067.0,111448.0,6900.0
2001872,98067.0,112448.0,6900.0
2001873,98067.0,111448.0,7800.0
2001874,98067.0,111448.0,8700.0
2001875,98067.0,112448.0,7800.0
2001876,98067.0,112448.0,8700.0
2001877,100567.0,110448.0,9600.0
2001878,100567.0,110448.0,6900.0
2001879,100567.0,110448.0,7800.0
2001880,100567.0,110448.0,8700.0
2001881,100367.0,113448.0,9900.0
2001882,100367.0,113448.0,6900.0
2001883,100367.0,113448.0,7800.0
2001884,100367.0,113448.0,8700.0
2001885,101067.0,111448.0,9600.0
2001886,101067.0,112448.0,9600.0
2001887,101067.0,111448.0,6900.0
2001888,101067.0,112448.0,6900.0
2001889,101067.0,111448.0,7800.0
2001890,101067.0,111448.0,8700.0
2001891,101067.0,112448.0,7800.0
2001892,101067.0,112448.0,8700.0
2001893,98067.0,114148.0,9600.0
2001894,98067.0,114148.0,6900.0
2001895,98067.0,114148.0,7800.0
2001896,98067.0,114148.0,8700.0
2001897,111267.0,111060.0,9600.0
2001898,111267.0,111923.0,9600.0
2001899,111267.0,112785.0,9600.0
2001900,111267.0,111060.0,6900.0
2001901,111267.0,111923.0,6900.0
2001902,111267.0,112785.0,6900.0
2001903,111267.0,111060.0,7800.0
2001904,111267.0,111060.0,8700.0
2001905,111267.0,112785.0,7800.0
2001906,111267.0,112785.0,8700.0
2001907,111267.0,111923.0,7800.0
2001908,111267.0,111923.0,8700.0
2001909,100367.0,114848.0,9600.0
2001910,100367.0,114848.0,6900.0
2001911,100367.0,114848.0,7800.0
2001912,100367.0,114848.0,8700.0
2001913,105733.0,114848.0,9600.0
2001914,106600.0,114848.0,9600.0
2001915,105733.0,114848.0,6900.0
2001916,106600.0,114848.0,6900.0
2001917,105733.0,114848.0,7800.0
2001918,105733.0,114848.0,8700.0
2001919,106600.0,114848.0,7800.0
2001920,106600.0,114848.0,8700.0
2001921,107467.0,106710.0,9600.0
2001922,107467.0,106710.0,6900.0
2001923,107467.0,106710.0,7800.0
2001924,107467.0,106710.0,8700.0
2001925,98067.0,102481.0,9600.0
2001926,98067.0,103414.0,9600.0
2001927,98067.0,102481.0,6900.0
2001928,98067.0,103414.0,6900.0
2001929,98067.0,102481.0,7800.0
2001930,98067.0,102481.0,8700.0
2001931,98067.0,103414.0,7800.0
2001932,98067.0,103414.0,8700.0
2001933,98067.0,105281.0,9600.0
2001934,98067.0,106214.0,9600.0
2001935,98067.0,105281.0,6900.0
2001936,98067.0,106214.0,6900.0
2001937,98067.0,105281.0,7800.0
2001938,98067.0,105281.0,8700.0
2001939,98067.0,106214.0,7800.0
2001940,98067.0,106214.0,8700.0
2001941,104867.0,114248.0,9600.0
2001942,104867.0,114248.0,6900.0
2001943,104867.0,114248.0,7800.0
2001944,104867.0,114248.0,8700.0
2001945,98067.0,99381.0,9600.0
2001946,98067.0,100214.0,9600.0
2001947,98067.0,99381.0,6900.0
2001948,98067.0,100214.0,6900.0
2001949,98067.0,99381.0,7800.0
2001950,98067.0,99381.0,8700.0
2001951,98067.0,100214.0,7800.0
2001952,98067.0,100214.0,8700.0
2001953,61197.0,110448.0,9500.0
2001954,62047.0,110448.0,9500.0
2001955,62897.0,110448.0,9500.0
2001956,61197.0,110448.0,6833.0
2001957,62047.0,110448.0,6833.0
2001958,62897.0,110448.0,6833.0
2001959,61197.0,110448.0,7666.0
2001960,61197.0,110448.0,8500.0
2001961,62897.0,110448.0,7666.0
2001962,62897.0,110448.0,8500.0
2001963,62047.0,110448.0,7666.0
2001964,62047.0,110448.0,8500.0
2001965,24217.0,113842.0,10500.0
2001966,24217.0,112888.0,10500.0
2001967,24217.0,111942.0,10500.0
2001968,24217.0,110977.0,10500.0
2001969,24217.0,109999.0,10500.0
2001970,24217.0,109011.0,10500.0
2001971,24217.0,108071.0,10500.0
2001972,25167.0,113929.0,10500.0
2001973,25167.0,113007.0,10500.0
2001974,25167.0,112066.0,10500.0
2001975,25167.0,111102.0,10500.0
2001976,25167.0,110119.0,10500.0
2001977,25167.0,109126.0,10500.0
2001978,25167.0,108135.0,10500.0
2001979,26117.0,114015.0,10500.0
2001980,26117.0,113157.0,10500.0
2001981,26117.0,112223.0,10500.0
2001982,26117.0,111253.0,10500.0
2001983,26117.0,110256.0,10500.0
2001984,26117.0,109228.0,10500.0
2001985,26117.0,108189.0,10500.0
2001986,27767.0,114148.0,10500.0
2001987,29267.0,114148.0,10500.0
2001988,17833.0,112807.0,10500.0
2001989,17803.0,111978.0,10500.0
2001990,17814.0,109560.0,10500.0
2001991,17803.0,110360.0,10500.0
2001992,17797.0,111175.0,10500.0
2001993,18747.0,110499.0,10500.0
2001994,18711.0,111308.0,10500.0
2001995,18758.0,109644.0,10500.0
2001996,18725.0,111989.0,10500.0
2001997,18796.0,112799.0,10500.0
2001998,19605.0,111720.0,10500.0
2001999,19687.0,110724.0,10500.0
2002000,19711.0,109759.0,10500.0
2002001,19736.0,112715.0,10500.0
2002002,17727.0,107952.0,10500.0
2002003,18522.0,107951.0,10500.0
2002004,19173.0,107945.0,10500.0
2002005,19928.0,107945.0,10500.0
2002006,21533.0,107964.0,10500.0
2002007,22400.0,107968.0,10500.0
2002008,24217.0,106235.0,10500.0
2002009,24217.0,105296.0,10500.0
2002010,25167.0,106224.0,10500.0
2002011,25167.0,105289.0,10500.0
2002012,26117.0,106235.0,10500.0
2002013,26117.0,105296.0,10500.0
2002014,17733.0,100214.0,10500.0
2002015,17704.0,99381.0,10500.0
2002016,18596.0,100214.0,10500.0
2002017,18559.0,99381.0,10500.0
2002018,24217.0,103414.0,10500.0
2002019,24217.0,102481.0,10500.0
2002020,25167.0,103414.0,10500.0
2002021,25167.0,102481.0,10500.0
2002022,26117.0,103414.0,10500.0
2002023,26117.0,102481.0,10500.0
2002024,24217.0,100556.0,10500.0
2002025,24217.0,99559.0,10500.0
2002026,25167.0,100552.0,10500.0
2002027,25167.0,99553.0,10500.0
2002028,26117.0,100556.0,10500.0
2002029,26117.0,99559.0,10500.0
2002030,53835.0,107943.0,10500.0
2002031,54736.0,107923.0,10500.0
2002032,55602.0,107903.0,10500.0
2002033,109538.0,100214.0,10500.0
2002034,109574.0,99381.0,10500.0
2002035,110401.0,100214.0,10500.0
2002036,110429.0,99381.0,10500.0
2002037,98867.0,114148.0,10500.0
2002038,100367.0,114148.0,10500.0
2002039,108372.0,112745.0,10500.0
2002040,108436.0,111814.0,10500.0
2002041,108445.0,109786.0,10500.0
2002042,108536.0,110807.0,10500.0
2002043,109424.0,111113.0,10500.0
2002044,109371.0,111930.0,10500.0
2002045,109425.0,110435.0,10500.0
2002046,109388.0,109627.0,10500.0
2002047,109326.0,112783.0,10500.0
2002048,110341.0,110329.0,10500.0
2002049,110337.0,111124.0,10500.0
2002050,110328.0,109547.0,10500.0
2002051,110293.0,112795.0,10500.0
2002052,110320.0,111948.0,10500.0
2002053,102017.0,100556.0,10500.0
2002054,102017.0,99559.0,10500.0
2002055,102967.0,100552.0,10500.0
2002056,102967.0,99553.0,10500.0
2002057,103917.0,100556.0,10500.0
2002058,103917.0,99559.0,10500.0
2002059,108205.0,107945.0,10500.0
2002060,108960.0,107945.0,10500.0
2002061,109611.0,107951.0,10500.0
2002062,110406.0,107952.0,10500.0
2002063,102017.0,106235.0,10500.0
2002064,102017.0,105296.0,10500.0
2002065,102967.0,106224.0,10500.0
2002066,102967.0,105289.0,10500.0
2002067,103917.0,106235.0,10500.0
2002068,103917.0,105296.0,10500.0
2002069,102017.0,114015.0,10500.0
2002070,102017.0,113157.0,10500.0
2002071,102017.0,112223.0,10500.0
2002072,102017.0,111253.0,10500.0
2002073,102017.0,110256.0,10500.0
2002074,102017.0,109228.0,10500.0
2002075,102017.0,108189.0,10500.0
2002076,102967.0,113929.0,10500.0
2002077,102967.0,113007.0,10500.0
2002078,102967.0,112066.0,10500.0
2002079,102967.0,111102.0,10500.0
2002080,102967.0,110119.0,10500.0
2002081,102967.0,109126.0,10500.0
2002082,102967.0,108135.0,10500.0
2002083,103917.0,113842.0,10500.0
2002084,103917.0,112888.0,10500.0
2002085,103917.0,111942.0,10500.0
2002086,103917.0,110977.0,10500.0
2002087,103917.0,109999.0,10500.0
2002088,103917.0,109011.0,10500.0
2002089,103917.0,108071.0,10500.0
2002090,102017.0,103414.0,10500.0
2002091,102017.0,102481.0,10500.0
2002092,102967.0,103414.0,10500.0
2002093,102967.0,102481.0,10500.0
2002094,103917.0,103414.0,10500.0
2002095,103917.0,102481.0,10500.0
2002096,105733.0,107968.0,10500.0
2002097,106600.0,107964.0,10500.0
3000001,23267.0,114848.0,15000.0
3000002,27067.0,114848.0,15000.0
3000003,20667.0,114848.0,15000.0
3000004,30067.0,114848.0,15000.0
3000005,27067.0,113448.0,15000.0
3000006,27067.0,110448.0,15000.0
3000007,30067.0,113448.0,15000.0
3000008,20667.0,111848.0,15000.0
3000009,20667.0,108798.0,15000.0
3000010,23267.0,111848.0,15000.0
3000011,16867.0,108748.0,15000.0
3000012,23267.0,108798.0,15000.0
3000013,16867.0,107148.0,15000.0
3000014,30067.0,107148.0,15000.0
3000015,23267.0,107148.0,15000.0
3000016,20667.0,107123.0,15000.0
3000017,27067.0,107148.0,15000.0
3000018,16867.0,101048.0,15000.0
3000019,17767.0,107148.0,15000.0
3000020,17767.0,101048.0,15000.0
3000021,20667.0,104348.0,15000.0
3000022,23267.0,104348.0,15000.0
3000023,27067.0,104348.0,15000.0
3000024,20667.0,101548.0,15000.0
3000025,20667.0,101048.0,15000.0
3000026,23267.0,101548.0,15000.0
3000027,27067.0,101548.0,15000.0
3000028,20667.0,98548.0,15000.0
3000029,23267.0,98548.0,15000.0
3000030,27067.0,98548.0,15000.0
3000031,16867.0,110198.0,15000.0
3000032,30067.0,110448.0,15000.0
3000033,23267.0,109893.0,15000.0
3000034,28067.0,110448.0,15000.0
3000035,23267.0,106298.0,15000.0
3000036,27067.0,106298.0,15000.0
3000037,20167.0,107098.0,15000.0
3000038,23267.0,99593.0,15000.0
3000039,27067.0,99593.0,15000.0
3000040,18417.0,98548.0,15000.0
3000041,20667.0,113648.0,15000.0
3000042,16867.0,113648.0,15000.0
3000043,19917.0,113648.0,15000.0
3000044,19917.0,114848.0,15000.0
3000045,17867.0,113648.0,15000.0
3000046,17867.0,114848.0,15000.0
3000047,28467.0,113448.0,15000.0
3000048,28467.0,114848.0,15000.0
3000049,19467.0,98548.0,15000.0
3000050,19467.0,101048.0,15000.0
3000051,17767.0,103698.0,15000.0
3000052,16867.0,103698.0,15000.0
3000053,20667.0,106298.0,15000.0
3000054,23267.0,113648.0,15000.0
3000055,20667.0,109893.0,15000.0
3000056,4867.0,114848.0,15000.0
3000057,4867.0,106698.0,15000.0
3000058,4867.0,98548.0,15000.0
3000059,4867.0,87098.0,15000.0
3000060,4867.0,126298.0,15000.0
3000061,9467.0,126348.0,15000.0
3000062,13067.0,126348.0,15000.0
3000063,124067.0,114848.0,15000.0
3000064,124067.0,106698.0,15000.0
3000065,124067.0,98548.0,15000.0
3000066,124067.0,87098.0,15000.0
3000067,124067.0,126298.0,15000.0
3000068,30067.0,98548.0,15000.0
3000069,30067.0,104348.0,15000.0
3000070,30067.0,101548.0,15000.0
3000071,13067.0,87048.0,15000.0
3000072,9467.0,87048.0,15000.0
3000073,63747.0,110448.0,15000.0
3000074,60347.0,101048.0,15000.0
3000075,60347.0,107048.0,15000.0
3000076,63747.0,107148.0,15000.0
3000077,52947.0,114848.0,15000.0
3000078,56347.0,108748.0,15000.0
3000079,52947.0,103698.0,15000.0
3000080,53847.0,103698.0,15000.0
3000081,54497.0,98548.0,15000.0
3000082,56347.0,110448.0,15000.0
3000083,52947.0,110198.0,15000.0
3000084,56347.0,113448.0,15000.0
3000085,52947.0,101048.0,15000.0
3000086,53847.0,101048.0,15000.0
3000087,53847.0,107148.0,15000.0
3000088,52947.0,107148.0,15000.0
3000089,56347.0,107048.0,15000.0
3000090,52947.0,108748.0,15000.0
3000091,56347.0,101548.0,15000.0
3000092,55947.0,107048.0,15000.0
3000093,56347.0,106298.0,15000.0
3000094,60347.0,110448.0,15000.0
3000095,56347.0,104348.0,15000.0
3000096,56347.0,101048.0,15000.0
3000097,63747.0,101048.0,15000.0
3000098,52947.0,98548.0,15000.0
3000099,60347.0,104348.0,15000.0
3000100,119800.0,87048.0,15000.0
3000101,115533.0,87048.0,15000.0
3000102,111267.0,103698.0,15000.0
3000103,110367.0,103698.0,15000.0
3000104,108667.0,101048.0,15000.0
3000105,108667.0,98548.0,15000.0
3000106,99667.0,114848.0,15000.0
3000107,99667.0,113448.0,15000.0
3000108,110267.0,114848.0,15000.0
3000109,110267.0,113648.0,15000.0
3000110,108217.0,114848.0,15000.0
3000111,108217.0,113648.0,15000.0
3000112,111267.0,113648.0,15000.0
3000113,107467.0,113648.0,15000.0
3000114,109717.0,98548.0,15000.0
3000115,101067.0,99593.0,15000.0
3000116,104867.0,99593.0,15000.0
3000117,107967.0,107098.0,15000.0
3000118,101067.0,106298.0,15000.0
3000119,104867.0,106298.0,15000.0
3000120,100067.0,110448.0,15000.0
3000121,104867.0,109893.0,15000.0
3000122,98067.0,110448.0,15000.0
3000123,111267.0,110198.0,15000.0
3000124,101067.0,98548.0,15000.0
3000125,104867.0,98548.0,15000.0
3000126,107467.0,98548.0,15000.0
3000127,101067.0,101548.0,15000.0
3000128,104867.0,101548.0,15000.0
3000129,107467.0,101048.0,15000.0
3000130,107467.0,101548.0,15000.0
3000131,101067.0,104348.0,15000.0
3000132,104867.0,104348.0,15000.0
3000133,107467.0,104348.0,15000.0
3000134,110367.0,101048.0,15000.0
3000135,110367.0,107148.0,15000.0
3000136,111267.0,101048.0,15000.0
3000137,101067.0,107148.0,15000.0
3000138,107467.0,107123.0,15000.0
3000139,104867.0,107148.0,15000.0
3000140,98067.0,107148.0,15000.0
3000141,111267.0,107148.0,15000.0
3000142,104867.0,108798.0,15000.0
3000143,111267.0,108748.0,15000.0
3000144,104867.0,111848.0,15000.0
3000145,107467.0,108798.0,15000.0
3000146,107467.0,111848.0,15000.0
3000147,98067.0,113448.0,15000.0
3000148,101067.0,110448.0,15000.0
3000149,101067.0,113448.0,15000.0
3000150,98067.0,114848.0,15000.0
3000151,107467.0,114848.0,15000.0
3000152,101067.0,114848.0,15000.0
3000153,104867.0,114848.0,15000.0
3000154,107467.0,106298.0,15000.0
3000155,98067.0,101548.0,15000.0
3000156,98067.0,104348.0,15000.0
3000157,107467.0,109893.0,15000.0
3000158,104867.0,113648.0,15000.0
3000159,98067.0,101048.0,15000.0
3000160,98067.0,98548.0,15000.0
3000161,63747.0,98548.0,15000.0
3000162,56347.0,98548.0,15000.0
3000163,56347.0,114848.0,15000.0
3000164,63747.0,114848.0,15000.0
3000165,60347.0,114848.0,15000.0
3000166,60347.0,98548.0,15000.0
3000167,16867.0,87098.0,15000.0
3000168,16867.0,126298.0,15000.0
3000169,30067.0,87098.0,15000.0
3000170,30067.0,126298.0,15000.0
3000171,16867.0,98548.0,15000.0
3000172,16867.0,114848.0,15000.0
3000173,16867.0,106698.0,15000.0
3000174,111267.0,126298.0,15000.0
3000175,111267.0,87098.0,15000.0
3000176,98067.0,87098.0,15000.0
3000177,98067.0,126298.0,15000.0
3000178,111267.0,106698.0,15000.0
3000179,111267.0,114848.0,15000.0
3000180,111267.0,98548.0,15000.0
3000181,41507.0,126298.0,15000.0
3000182,41507.0,87098.0,15000.0
3000183,52947.0,87098.0,15000.0
3000184,52947.0,126298.0,15000.0
3000185,75187.0,126298.0,15000.0
3000186,75187.0,87098.0,15000.0
3000187,86627.0,87098.0,15000.0
3000188,86627.0,126298.0,15000.0
3000189,30067.0,106698.0,15000.0
3000190,52947.0,106698.0,15000.0
3000191,63747.0,106698.0,15000.0
3000192,98067.0,106698.0,15000.0
3000193,13067.0,98548.0,15000.0
3000194,9467.0,98548.0,15000.0
3000195,13067.0,106698.0,15000.0
3000196,9467.0,106698.0,15000.0
3000197,13067.0,114848.0,15000.0
3000198,9467.0,114848.0,15000.0
3000199,92347.0,126348.0,15000.0
3000200,92347.0,87048.0,15000.0
3000201,80907.0,126348.0,15000.0
3000202,80907.0,87048.0,15000.0
3000203,69442.0,126348.0,15000.0
3000204,69442.0,87048.0,15000.0
3000205,58347.0,98548.0,15000.0
3000206,58347.0,87048.0,15000.0
3000207,58347.0,114848.0,15000.0
3000208,58347.0,126348.0,15000.0
3000209,47227.0,126348.0,15000.0
3000210,47227.0,87048.0,15000.0
3000211,35787.0,126348.0,15000.0
3000212,35787.0,87048.0,15000.0
3000213,25167.0,114848.0,15000.0
3000214,25167.0,126348.0,15000.0
3000215,25167.0,87048.0,15000.0
3000216,20667.0,87048.0,15000.0
3000217,20667.0,126348.0,15000.0
3000218,25167.0,98548.0,15000.0
3000219,47227.0,106698.0,15000.0
3000220,35787.0,106698.0,15000.0
3000221,41507.0,106698.0,15000.0
3000222,92347.0,106698.0,15000.0
3000223,86627.0,106698.0,15000.0
3000224,80907.0,106698.0,15000.0
3000225,69442.0,106698.0,15000.0
3000226,75187.0,106698.0,15000.0
3000227,47227.0,98548.0,15000.0
3000228,35787.0,98548.0,15000.0
3000229,41507.0,98548.0,15000.0
3000230,92347.0,98548.0,15000.0
3000231,86627.0,98548.0,15000.0
3000232,80907.0,98548.0,15000.0
3000233,69442.0,98548.0,15000.0
3000234,75187.0,98548.0,15000.0
3000235,47227.0,114848.0,15000.0
3000236,35787.0,114848.0,15000.0
3000237,41507.0,114848.0,15000.0
3000238,92347.0,114848.0,15000.0
3000239,86627.0,114848.0,15000.0
3000240,80907.0,114848.0,15000.0
3000241,69442.0,114848.0,15000.0
3000242,75187.0,114848.0,15000.0
3000243,119800.0,126348.0,15000.0
3000244,115533.0,126348.0,15000.0
3000245,102967.0,98548.0,15000.0
3000246,102967.0,87048.0,15000.0
3000247,102967.0,114848.0,15000.0
3000248,102967.0,126348.0,15000.0
3000249,107467.0,126348.0,15000.0
3000250,107467.0,87048.0,15000.0
3000251,119800.0,106698.0,15000.0
3000252,115533.0,106698.0,15000.0
3000253,119800.0,98548.0,15000.0
3000254,115533.0,98548.0,15000.0
3000255,119800.0,114848.0,15000.0
3000256,115533.0,114848.0,15000.0
3000257,63747.0,87098.0,15000.0
3000258,63747.0,126298.0,15000.0
3000259,27067.0,113448.0,14400.0
3000260,27067.0,114848.0,14400.0
3000261,20667.0,107123.0,14400.0
3000262,20667.0,108798.0,14400.0
3000263,28067.0,110448.0,14400.0
3000264,30067.0,110448.0,14400.0
3000265,23267.0,107148.0,14400.0
3000266,23267.0,108798.0,14400.0
3000267,17767.0,107148.0,14300.0
3000268,20167.0,107098.0,14300.0
3000269,18417.0,98548.0,14250.0
3000270,19467.0,98548.0,14250.0
3000271,28467.0,113448.0,14400.0
3000272,30067.0,113448.0,14400.0
3000273,20667.0,98548.0,14250.0
3000274,56347.0,113448.0,14300.0
3000275,56347.0,114848.0,14300.0
3000276,53847.0,107148.0,14300.0
3000277,55947.0,107048.0,14300.0
3000278,54497.0,98548.0,14250.0
3000279,56347.0,98548.0,14250.0
3000280,107467.0,98548.0,14250.0
3000281,108667.0,98548.0,14250.0
3000282,98067.0,113448.0,14400.0
3000283,99667.0,113448.0,14400.0
3000284,107967.0,107098.0,14300.0
3000285,110367.0,107148.0,14300.0
3000286,104867.0,107148.0,14400.0
3000287,104867.0,108798.0,14400.0
3000288,107467.0,107123.0,14400.0
3000289,107467.0,108798.0,14400.0
3000290,101067.0,113448.0,14400.0
3000291,101067.0,114848.0,14400.0
3000292,98067.0,110448.0,14400.0
3000293,100067.0,110448.0,14400.0
3000294,109717.0,98548.0,14250.0
3000295,17367.0,114848.0,15000.0
3000296,21533.0,114848.0,15000.0
3000297,22400.0,114848.0,15000.0
3000298,27767.0,114848.0,15000.0
3000299,16867.0,111060.0,15000.0
3000300,16867.0,111923.0,15000.0
3000301,16867.0,112785.0,15000.0
3000302,27067.0,113798.0,15000.0
3000303,27067.0,114148.0,15000.0
3000304,27067.0,114498.0,15000.0
3000305,30067.0,114148.0,15000.0
3000306,27067.0,111448.0,15000.0
3000307,27067.0,112448.0,15000.0
3000308,27767.0,113448.0,15000.0
3000309,27567.0,110448.0,15000.0
3000310,30067.0,111448.0,15000.0
3000311,30067.0,112448.0,15000.0
3000312,20667.0,109345.0,15000.0
3000313,20667.0,107541.0,15000.0
3000314,20667.0,107960.0,15000.0
3000315,20667.0,108379.0,15000.0
3000316,21533.0,108798.0,15000.0
3000317,22400.0,108798.0,15000.0
3000318,23267.0,109345.0,15000.0
3000319,28567.0,110448.0,15000.0
3000320,29067.0,110448.0,15000.0
3000321,29567.0,110448.0,15000.0
3000322,23267.0,107560.0,15000.0
3000323,23267.0,107973.0,15000.0
3000324,23267.0,108385.0,15000.0
3000325,17317.0,107148.0,15000.0
3000326,21533.0,107131.0,15000.0
3000327,22400.0,107139.0,15000.0
3000328,23267.0,106723.0,15000.0
3000329,27067.0,106723.0,15000.0
3000330,28067.0,107148.0,14999.0
3000331,29067.0,107148.0,15000.0
3000332,16867.0,101931.0,15000.0
3000333,16867.0,102814.0,15000.0
3000334,16867.0,99381.0,15000.0
3000335,16867.0,100214.0,15000.0
3000336,17317.0,101048.0,15000.0
3000337,18167.0,107139.0,15000.0
3000338,18567.0,107131.0,14999.0
3000339,18967.0,107123.0,15000.0
3000340,19367.0,107114.0,15000.0
3000341,19767.0,107106.0,15000.0
3000342,18617.0,101048.0,15000.0
3000343,20667.0,99381.0,15000.0
3000344,20667.0,100214.0,15000.0
3000345,17642.0,98548.0,15000.0
3000346,18942.0,98548.0,15000.0
3000347,21533.0,98548.0,15000.0
3000348,22400.0,98548.0,15000.0
3000349,23267.0,99070.0,15000.0
3000350,27067.0,99070.0,15000.0
3000351,28067.0,98548.0,14999.0
3000352,29067.0,98548.0,15000.0
3000353,16867.0,114248.0,15000.0
3000354,20667.0,114248.0,15000.0
3000355,20292.0,114848.0,15000.0
3000356,18142.0,114848.0,15000.0
3000357,18642.0,114848.0,14999.0
3000358,19142.0,114848.0,15000.0
3000359,19642.0,114848.0,15000.0
3000360,29267.0,114848.0,15000.0
3000361,28867.0,113448.0,15000.0
3000362,29267.0,113448.0,15000.0
3000363,29667.0,113448.0,15000.0
3000364,20067.0,101048.0,15000.0
3000365,20067.0,98548.0,15000.0
3000366,16867.0,104698.0,15000.0
3000367,16867.0,105698.0,15000.0
3000368,20667.0,106710.0,15000.0
3000369,23267.0,114248.0,15000.0
3000370,30067.0,99381.0,15000.0
3000371,30067.0,100214.0,15000.0
3000372,30067.0,100881.0,15000.0
3000373,30067.0,105281.0,15000.0
3000374,30067.0,106214.0,15000.0
3000375,30067.0,102481.0,15000.0
3000376,30067.0,103414.0,15000.0
3000377,60347.0,101873.0,15000.0
3000378,60347.0,102698.0,15000.0
3000379,60347.0,103523.0,15000.0
3000380,63747.0,111328.0,15000.0
3000381,63747.0,112208.0,15000.0
3000382,63747.0,113088.0,15000.0
3000383,63747.0,113968.0,15000.0
3000384,61022.0,114848.0,15000.0
3000385,61697.0,114848.0,15000.0
3000386,62197.0,114848.0,14999.0
3000387,62697.0,114848.0,15000.0
3000388,63197.0,114848.0,15000.0
3000389,52947.0,104560.0,15000.0
3000390,52947.0,105423.0,15000.0
3000391,52947.0,106285.0,15000.0
3000392,53722.0,98548.0,15000.0
3000393,52947.0,99381.0,15000.0
3000394,52947.0,100214.0,15000.0
3000395,52947.0,101931.0,15000.0
3000396,52947.0,102814.0,15000.0
3000397,53397.0,101048.0,15000.0
3000398,53397.0,107148.0,15000.0
3000399,56347.0,111328.0,15000.0
3000400,56347.0,112208.0,15000.0
3000401,56347.0,113088.0,15000.0
3000402,56347.0,113798.0,15000.0
3000403,56347.0,114148.0,15000.0
3000404,56347.0,114498.0,15000.0
3000405,52947.0,111128.0,15000.0
3000406,52947.0,112058.0,15000.0
3000407,52947.0,112988.0,15000.0
3000408,52947.0,113918.0,15000.0
3000409,53622.0,114848.0,15000.0
3000410,54297.0,114848.0,15000.0
3000411,54797.0,114848.0,14999.0
3000412,55297.0,114848.0,15000.0
3000413,55797.0,114848.0,15000.0
3000414,54372.0,107123.0,15000.0
3000415,54897.0,107098.0,15000.0
3000416,55422.0,107073.0,15000.0
3000417,56347.0,106673.0,15000.0
3000418,56347.0,99381.0,15000.0
3000419,56347.0,100214.0,15000.0
3000420,54959.0,98548.0,15000.0
3000421,55422.0,98548.0,15000.0
3000422,55884.0,98548.0,15000.0
3000423,63747.0,102064.0,15000.0
3000424,63747.0,103081.0,15000.0
3000425,63747.0,104098.0,15000.0
3000426,63747.0,105114.0,15000.0
3000427,63747.0,106131.0,15000.0
3000428,63747.0,99381.0,15000.0
3000429,63747.0,100214.0,15000.0
3000430,54680.0,101048.0,15000.0
3000431,55513.0,101048.0,15000.0
3000432,60822.0,98548.0,15000.0
3000433,61297.0,98548.0,15000.0
3000434,61797.0,98548.0,14999.0
3000435,62297.0,98548.0,15000.0
3000436,62797.0,98548.0,15000.0
3000437,63272.0,98548.0,15000.0
3000438,61197.0,101048.0,15000.0
3000439,62047.0,101048.0,15000.0
3000440,62897.0,101048.0,15000.0
3000441,111267.0,104698.0,15000.0
3000442,111267.0,105698.0,15000.0
3000443,108067.0,98548.0,15000.0
3000444,108067.0,101048.0,15000.0
3000445,98467.0,113448.0,15000.0
3000446,98867.0,113448.0,15000.0
3000447,99267.0,113448.0,15000.0
3000448,98867.0,114848.0,15000.0
3000449,108492.0,114848.0,15000.0
3000450,108992.0,114848.0,14999.0
3000451,109492.0,114848.0,15000.0
3000452,109992.0,114848.0,15000.0
3000453,107842.0,114848.0,15000.0
3000454,107467.0,114248.0,15000.0
3000455,111267.0,114248.0,15000.0
3000456,110767.0,114848.0,15000.0
3000457,110492.0,98548.0,15000.0
3000458,99067.0,98548.0,14999.0
3000459,100067.0,98548.0,15000.0
3000460,105733.0,98548.0,15000.0
3000461,106600.0,98548.0,15000.0
3000462,101067.0,99070.0,15000.0
3000463,104867.0,99070.0,15000.0
3000464,107467.0,99381.0,15000.0
3000465,107467.0,100214.0,15000.0
3000466,109517.0,101048.0,15000.0
3000467,108367.0,107106.0,15000.0
3000468,108767.0,107114.0,14999.0
3000469,109167.0,107123.0,15000.0
3000470,109567.0,107131.0,15000.0
3000471,109967.0,107139.0,15000.0
3000472,110817.0,101048.0,15000.0
3000473,111267.0,99381.0,15000.0
3000474,111267.0,100214.0,15000.0
3000475,111267.0,101931.0,15000.0
3000476,111267.0,102814.0,15000.0
3000477,99067.0,107148.0,14999.0
3000478,100067.0,107148.0,15000.0
3000479,101067.0,106723.0,15000.0
3000480,104867.0,106723.0,15000.0
3000481,105733.0,107139.0,15000.0
3000482,106600.0,107131.0,15000.0
3000483,110817.0,107148.0,15000.0
3000484,104867.0,107560.0,15000.0
3000485,104867.0,107973.0,15000.0
3000486,104867.0,108385.0,15000.0
3000487,104867.0,109345.0,15000.0
3000488,105733.0,108798.0,15000.0
3000489,106600.0,108798.0,15000.0
3000490,107467.0,107541.0,15000.0
3000491,107467.0,107960.0,15000.0
3000492,107467.0,108379.0,15000.0
3000493,107467.0,109345.0,15000.0
3000494,98067.0,111448.0,15000.0
3000495,98067.0,112448.0,15000.0
3000496,100567.0,110448.0,15000.0
3000497,100367.0,113448.0,15000.0
3000498,101067.0,111448.0,15000.0
3000499,101067.0,112448.0,15000.0
3000500,98067.0,114148.0,15000.0
3000501,101067.0,113798.0,15000.0
3000502,101067.0,114148.0,15000.0
3000503,101067.0,114498.0,15000.0
3000504,111267.0,111060.0,15000.0
3000505,111267.0,111923.0,15000.0
3000506,111267.0,112785.0,15000.0
3000507,100367.0,114848.0,15000.0
3000508,105733.0,114848.0,15000.0
3000509,106600.0,114848.0,15000.0
3000510,107467.0,106710.0,15000.0
3000511,98067.0,102481.0,15000.0
3000512,98067.0,103414.0,15000.0
3000513,98067.0,105281.0,15000.0
3000514,98067.0,106214.0,15000.0
3000515,104867.0,114248.0,15000.0
3000516,98067.0,99381.0,15000.0
3000517,98067.0,100214.0,15000.0
3000518,98567.0,110448.0,15000.0
3000519,99067.0,110448.0,15000.0
3000520,99567.0,110448.0,15000.0
3000521,109192.0,98548.0,15000.0
3000522,61197.0,110448.0,15000.0
3000523,62047.0,110448.0,15000.0
3000524,62897.0,110448.0,15000.0
3000525,16867.0,114848.0,14000.0
3000526,16867.0,114848.0,13000.0
3000527,16867.0,114848.0,12166.0
3000528,16867.0,114848.0,11333.0
3000529,17867.0,114848.0,14000.0
3000530,17867.0,114848.0,13000.0
3000531,17867.0,114848.0,12166.0
3000532,17867.0,114848.0,11333.0
3000533,20667.0,114848.0,14000.0
3000534,20667.0,114848.0,13000.0
3000535,20667.0,114848.0,12166.0
3000536,20667.0,114848.0,11333.0
3000537,23267.0,114848.0,14050.0
3000538,23267.0,114848.0,13100.0
3000539,23267.0,114848.0,12233.0
3000540,23267.0,114848.0,11366.0
3000541,28467.0,114848.0,14100.0
3000542,28467.0,114848.0,13200.0
3000543,28467.0,114848.0,12300.0
3000544,28467.0,114848.0,11400.0
3000545,27067.0,110448.0,14100.0
3000546,27067.0,110448.0,13200.0
3000547,27067.0,110448.0,12300.0
3000548,27067.0,110448.0,11400.0
3000549,20667.0,109893.0,14100.0
3000550,20667.0,109893.0,13200.0
3000551,20667.0,109893.0,12300.0
3000552,20667.0,109893.0,11400.0
3000553,16867.0,110198.0,14000.0
3000554,16867.0,110198.0,13000.0
3000555,16867.0,110198.0,12166.0
3000556,16867.0,110198.0,11333.0
3000557,16867.0,113648.0,14000.0
3000558,16867.0,113648.0,13000.0
3000559,16867.0,113648.0,12166.0
3000560,16867.0,113648.0,11333.0
3000561,23267.0,109893.0,14100.0
3000562,23267.0,109893.0,13200.0
3000563,23267.0,109893.0,12300.0
3000564,23267.0,109893.0,11400.0
3000565,16867.0,106698.0,14100.0
3000566,16867.0,106698.0,13200.0
3000567,16867.0,106698.0,12300.0
3000568,16867.0,106698.0,11400.0
3000569,16867.0,107148.0,14100.0
3000570,16867.0,107148.0,13200.0
3000571,16867.0,107148.0,12300.0
3000572,16867.0,107148.0,11400.0
3000573,23267.0,106298.0,14100.0
3000574,23267.0,106298.0,13200.0
3000575,23267.0,106298.0,12300.0
3000576,23267.0,106298.0,11400.0
3000577,27067.0,106298.0,14100.0
3000578,27067.0,106298.0,13200.0
3000579,27067.0,106298.0,12300.0
3000580,27067.0,106298.0,11400.0
3000581,27067.0,107148.0,14100.0
3000582,27067.0,107148.0,13200.0
3000583,27067.0,107148.0,12300.0
3000584,27067.0,107148.0,11400.0
3000585,16867.0,101048.0,14100.0
3000586,16867.0,101048.0,13200.0
3000587,16867.0,101048.0,12300.0
3000588,16867.0,101048.0,11400.0
3000589,16867.0,103698.0,14100.0
3000590,16867.0,103698.0,13200.0
3000591,16867.0,103698.0,12300.0
3000592,16867.0,103698.0,11400.0
3000593,16867.0,98548.0,14100.0
3000594,16867.0,98548.0,13200.0
3000595,16867.0,98548.0,12300.0
3000596,16867.0,98548.0,11400.0
3000597,17767.0,101048.0,14100.0
3000598,17767.0,101048.0,13200.0
3000599,17767.0,101048.0,12300.0
3000600,17767.0,101048.0,11400.0
3000601,19467.0,101048.0,14100.0
3000602,19467.0,101048.0,13200.0
3000603,19467.0,101048.0,12300.0
3000604,19467.0,101048.0,11400.0
3000605,20667.0,101048.0,14100.0
3000606,20667.0,101048.0,13200.0
3000607,20667.0,101048.0,12300.0
3000608,20667.0,101048.0,11400.0
3000609,23267.0,98548.0,14100.0
3000610,23267.0,98548.0,13200.0
3000611,23267.0,98548.0,12300.0
3000612,23267.0,98548.0,11400.0
3000613,23267.0,99593.0,14100.0
3000614,23267.0,99593.0,13200.0
3000615,23267.0,99593.0,12300.0
3000616,23267.0,99593.0,11400.0
3000617,27067.0,98548.0,14100.0
3000618,27067.0,98548.0,13200.0
3000619,27067.0,98548.0,12300.0
3000620,27067.0,98548.0,11400.0
3000621,27067.0,99593.0,14100.0
3000622,27067.0,99593.0,13200.0
3000623,27067.0,99593.0,12300.0
3000624,27067.0,99593.0,11400.0
3000625,30067.0,98548.0,14100.0
3000626,30067.0,98548.0,13200.0
3000627,30067.0,98548.0,12300.0
3000628,30067.0,98548.0,11400.0
3000629,19917.0,114848.0,14000.0
3000630,19917.0,114848.0,13000.0
3000631,19917.0,114848.0,12166.0
3000632,19917.0,114848.0,11333.0
3000633,30067.0,114848.0,14100.0
3000634,30067.0,114848.0,13200.0
3000635,30067.0,114848.0,12300.0
3000636,30067.0,114848.0,11400.0
3000637,20667.0,106298.0,14100.0
3000638,20667.0,106298.0,13200.0
3000639,20667.0,106298.0,12300.0
3000640,20667.0,106298.0,11400.0
3000641,20667.0,113648.0,14000.0
3000642,20667.0,113648.0,13000.0
3000643,20667.0,113648.0,12166.0
3000644,20667.0,113648.0,11333.0
3000645,23267.0,113648.0,14100.0
3000646,23267.0,113648.0,13200.0
3000647,23267.0,113648.0,12300.0
3000648,23267.0,113648.0,11400.0
3000649,20667.0,101548.0,14100.0
3000650,20667.0,101548.0,13200.0
3000651,20667.0,101548.0,12300.0
3000652,20667.0,101548.0,11400.0
3000653,30067.0,107148.0,14100.0
3000654,30067.0,107148.0,13200.0
3000655,30067.0,107148.0,12300.0
3000656,30067.0,107148.0,11400.0
3000657,30067.0,104348.0,14100.0
3000658,30067.0,104348.0,13200.0
3000659,30067.0,104348.0,12300.0
3000660,30067.0,104348.0,11400.0
3000661,30067.0,106698.0,14100.0
3000662,30067.0,106698.0,13200.0
3000663,30067.0,106698.0,12300.0
3000664,30067.0,106698.0,11400.0
3000665,30067.0,101548.0,14100.0
3000666,30067.0,101548.0,13200.0
3000667,30067.0,101548.0,12300.0
3000668,30067.0,101548.0,11400.0
3000669,60347.0,101048.0,14000.0
3000670,60347.0,101048.0,13000.0
3000671,60347.0,101048.0,12166.0
3000672,60347.0,101048.0,11333.0
3000673,60347.0,104348.0,14000.0
3000674,60347.0,104348.0,13000.0
3000675,60347.0,104348.0,12166.0
3000676,60347.0,104348.0,11333.0
3000677,63747.0,110448.0,14000.0
3000678,63747.0,110448.0,13000.0
3000679,63747.0,110448.0,12166.0
3000680,63747.0,110448.0,11333.0
3000681,63747.0,114848.0,14000.0
3000682,63747.0,114848.0,13000.0
3000683,63747.0,114848.0,12166.0
3000684,63747.0,114848.0,11333.0
3000685,60347.0,114848.0,14000.0
3000686,60347.0,114848.0,13000.0
3000687,60347.0,114848.0,12166.0
3000688,60347.0,114848.0,11333.0
3000689,52947.0,103698.0,14100.0
3000690,52947.0,103698.0,13200.0
3000691,52947.0,103698.0,12300.0
3000692,52947.0,103698.0,11400.0
3000693,52947.0,106698.0,14100.0
3000694,52947.0,106698.0,13200.0
3000695,52947.0,106698.0,12300.0
3000696,52947.0,106698.0,11400.0
3000697,52947.0,98548.0,14100.0
3000698,52947.0,98548.0,13200.0
3000699,52947.0,98548.0,12300.0
3000700,52947.0,98548.0,11400.0
3000701,52947.0,101048.0,14100.0
3000702,52947.0,101048.0,13200.0
3000703,52947.0,101048.0,12300.0
3000704,52947.0,101048.0,11400.0
3000705,53847.0,101048.0,14100.0
3000706,53847.0,101048.0,13200.0
3000707,53847.0,101048.0,12300.0
3000708,53847.0,101048.0,11400.0
3000709,52947.0,107148.0,14100.0
3000710,52947.0,107148.0,13200.0
3000711,52947.0,107148.0,12300.0
3000712,52947.0,107148.0,11400.0
3000713,56347.0,107048.0,14100.0
3000714,56347.0,107048.0,13200.0
3000715,56347.0,107048.0,12300.0
3000716,56347.0,107048.0,11400.0
3000717,56347.0,110448.0,14100.0
3000718,56347.0,110448.0,13200.0
3000719,56347.0,110448.0,12300.0
3000720,56347.0,110448.0,11400.0
3000721,52947.0,110198.0,14000.0
3000722,52947.0,110198.0,13000.0
3000723,52947.0,110198.0,12166.0
3000724,52947.0,110198.0,11333.0
3000725,52947.0,114848.0,14000.0
3000726,52947.0,114848.0,13000.0
3000727,52947.0,114848.0,12166.0
3000728,52947.0,114848.0,11333.0
3000729,56347.0,106298.0,14100.0
3000730,56347.0,106298.0,13200.0
3000731,56347.0,106298.0,12300.0
3000732,56347.0,106298.0,11400.0
3000733,56347.0,101048.0,14100.0
3000734,56347.0,101048.0,13200.0
3000735,56347.0,101048.0,12300.0
3000736,56347.0,101048.0,11400.0
3000737,56347.0,101548.0,14100.0
3000738,56347.0,101548.0,13200.0
3000739,56347.0,101548.0,12300.0
3000740,56347.0,101548.0,11400.0
3000741,63747.0,101048.0,14000.0
3000742,63747.0,101048.0,13000.0
3000743,63747.0,101048.0,12166.0
3000744,63747.0,101048.0,11333.0
3000745,63747.0,106698.0,14050.0
3000746,63747.0,106698.0,13100.0
3000747,63747.0,106698.0,12233.0
3000748,63747.0,106698.0,11366.0
3000749,63747.0,98548.0,14000.0
3000750,63747.0,98548.0,13000.0
3000751,63747.0,98548.0,12166.0
3000752,63747.0,98548.0,11333.0
3000753,60347.0,98548.0,14000.0
3000754,60347.0,98548.0,13000.0
3000755,60347.0,98548.0,12166.0
3000756,60347.0,98548.0,11333.0
3000757,111267.0,103698.0,14100.0
3000758,111267.0,103698.0,13200.0
3000759,111267.0,103698.0,12300.0
3000760,111267.0,103698.0,11400.0
3000761,111267.0,106698.0,14100.0
3000762,111267.0,106698.0,13200.0
3000763,111267.0,106698.0,12300.0
3000764,111267.0,106698.0,11400.0
3000765,107467.0,101048.0,14100.0
3000766,107467.0,101048.0,13200.0
3000767,107467.0,101048.0,12300.0
3000768,107467.0,101048.0,11400.0
3000769,108667.0,101048.0,14100.0
3000770,108667.0,101048.0,13200.0
3000771,108667.0,101048.0,12300.0
3000772,108667.0,101048.0,11400.0
3000773,98067.0,114848.0,14100.0
3000774,98067.0,114848.0,13200.0
3000775,98067.0,114848.0,12300.0
3000776,98067.0,114848.0,11400.0
3000777,99667.0,114848.0,14100.0
3000778,99667.0,114848.0,13200.0
3000779,99667.0,114848.0,12300.0
3000780,99667.0,114848.0,11400.0
3000781,108217.0,114848.0,14000.0
3000782,108217.0,114848.0,13000.0
3000783,108217.0,114848.0,12166.0
3000784,108217.0,114848.0,11333.0
3000785,110267.0,114848.0,14000.0
3000786,110267.0,114848.0,13000.0
3000787,110267.0,114848.0,12166.0
3000788,110267.0,114848.0,11333.0
3000789,107467.0,114848.0,14050.0
3000790,107467.0,114848.0,13100.0
3000791,107467.0,114848.0,12233.0
3000792,107467.0,114848.0,11366.0
3000793,107467.0,113648.0,14000.0
3000794,107467.0,113648.0,13000.0
3000795,107467.0,113648.0,12166.0
3000796,107467.0,113648.0,11333.0
3000797,111267.0,113648.0,14100.0
3000798,111267.0,113648.0,13200.0
3000799,111267.0,113648.0,12300.0
3000800,111267.0,113648.0,11400.0
3000801,111267.0,114848.0,14050.0
3000802,111267.0,114848.0,13100.0
3000803,111267.0,114848.0,12233.0
3000804,111267.0,114848.0,11366.0
3000805,111267.0,98548.0,14100.0
3000806,111267.0,98548.0,13200.0
3000807,111267.0,98548.0,12300.0
3000808,111267.0,98548.0,11400.0
3000809,98067.0,98548.0,14100.0
3000810,98067.0,98548.0,13200.0
3000811,98067.0,98548.0,12300.0
3000812,98067.0,98548.0,11400.0
3000813,101067.0,98548.0,14100.0
3000814,101067.0,98548.0,13200.0
3000815,101067.0,98548.0,12300.0
3000816,101067.0,98548.0,11400.0
3000817,104867.0,98548.0,14100.0
3000818,104867.0,98548.0,13200.0
3000819,104867.0,98548.0,12300.0
3000820,104867.0,98548.0,11400.0
3000821,101067.0,99593.0,14100.0
3000822,101067.0,99593.0,13200.0
3000823,101067.0,99593.0,12300.0
3000824,101067.0,99593.0,11400.0
3000825,104867.0,99593.0,14100.0
3000826,104867.0,99593.0,13200.0
3000827,104867.0,99593.0,12300.0
3000828,104867.0,99593.0,11400.0
3000829,107467.0,101548.0,14100.0
3000830,107467.0,101548.0,13200.0
3000831,107467.0,101548.0,12300.0
3000832,107467.0,101548.0,11400.0
3000833,110367.0,101048.0,14100.0
3000834,110367.0,101048.0,13200.0
3000835,110367.0,101048.0,12300.0
3000836,110367.0,101048.0,11400.0
3000837,111267.0,101048.0,14100.0
3000838,111267.0,101048.0,13200.0
3000839,111267.0,101048.0,12300.0
3000840,111267.0,101048.0,11400.0
3000841,98067.0,107148.0,14100.0
3000842,98067.0,107148.0,13200.0
3000843,98067.0,107148.0,12300.0
3000844,98067.0,107148.0,11400.0
3000845,101067.0,107148.0,14100.0
3000846,101067.0,107148.0,13200.0
3000847,101067.0,107148.0,12300.0
3000848,101067.0,107148.0,11400.0
3000849,101067.0,106298.0,14100.0
3000850,101067.0,106298.0,13200.0
3000851,101067.0,106298.0,12300.0
3000852,101067.0,106298.0,11400.0
3000853,104867.0,106298.0,14100.0
3000854,104867.0,106298.0,13200.0
3000855,104867.0,106298.0,12300.0
3000856,104867.0,106298.0,11400.0
3000857,111267.0,107148.0,14100.0
3000858,111267.0,107148.0,13200.0
3000859,111267.0,107148.0,12300.0
3000860,111267.0,107148.0,11400.0
3000861,104867.0,109893.0,14100.0
3000862,104867.0,109893.0,13200.0
3000863,104867.0,109893.0,12300.0
3000864,104867.0,109893.0,11400.0
3000865,107467.0,109893.0,14100.0
3000866,107467.0,109893.0,13200.0
3000867,107467.0,109893.0,12300.0
3000868,107467.0,109893.0,11400.0
3000869,101067.0,110448.0,14100.0
3000870,101067.0,110448.0,13200.0
3000871,101067.0,110448.0,12300.0
3000872,101067.0,110448.0,11400.0
3000873,111267.0,110198.0,14100.0
3000874,111267.0,110198.0,13200.0
3000875,111267.0,110198.0,12300.0
3000876,111267.0,110198.0,11400.0
3000877,104867.0,114848.0,14100.0
3000878,104867.0,114848.0,13200.0
3000879,104867.0,114848.0,12300.0
3000880,104867.0,114848.0,11400.0
3000881,107467.0,106298.0,14100.0
3000882,107467.0,106298.0,13200.0
3000883,107467.0,106298.0,12300.0
3000884,107467.0,106298.0,11400.0
3000885,98067.0,101548.0,14100.0
3000886,98067.0,101548.0,13200.0
3000887,98067.0,101548.0,12300.0
3000888,98067.0,101548.0,11400.0
3000889,98067.0,104348.0,14100.0
3000890,98067.0,104348.0,13200.0
3000891,98067.0,104348.0,12300.0
3000892,98067.0,104348.0,11400.0
3000893,98067.0,106698.0,14100.0
3000894,98067.0,106698.0,13200.0
3000895,98067.0,106698.0,12300.0
3000896,98067.0,106698.0,11400.0
3000897,104867.0,113648.0,14100.0
3000898,104867.0,113648.0,13200.0
3000899,104867.0,113648.0,12300.0
3000900,104867.0,113648.0,11400.0
3000901,98067.0,101048.0,14100.0
3000902,98067.0,101048.0,13200.0
3000903,98067.0,101048.0,12300.0
3000904,98067.0,101048.0,11400.0
3000905,63747.0,107148.0,14100.0
3000906,63747.0,107148.0,13200.0
3000907,63747.0,107148.0,12300.0
3000908,63747.0,107148.0,11400.0
3000909,60347.0,110448.0,14000.0
3000910,60347.0,110448.0,13000.0
3000911,60347.0,110448.0,12166.0
3000912,60347.0,110448.0,11333.0
3000913,27067.0,113798.0,14400.0
3000914,27067.0,114148.0,14400.0
3000915,27067.0,114498.0,14400.0
3000916,20667.0,107541.0,14400.0
3000917,20667.0,107960.0,14400.0
3000918,20667.0,108379.0,14400.0
3000919,28567.0,110448.0,14400.0
3000920,29067.0,110448.0,14400.0
3000921,29567.0,110448.0,14400.0
3000922,23267.0,107560.0,14400.0
3000923,23267.0,107973.0,14400.0
3000924,23267.0,108385.0,14400.0
3000925,18167.0,107139.0,14300.0
3000926,18567.0,107131.0,14300.0
3000927,18967.0,107123.0,14300.0
3000928,19367.0,107114.0,14300.0
3000929,19767.0,107106.0,14300.0
3000930,18942.0,98548.0,14250.0
3000931,28867.0,113448.0,14400.0
3000932,29267.0,113448.0,14400.0
3000933,29667.0,113448.0,14400.0
3000934,20067.0,98548.0,14250.0
3000935,56347.0,113798.0,14300.0
3000936,56347.0,114148.0,14300.0
3000937,56347.0,114498.0,14300.0
3000938,54372.0,107123.0,14300.0
3000939,54897.0,107098.0,14300.0
3000940,55422.0,107073.0,14300.0
3000941,54959.0,98548.0,14250.0
3000942,55422.0,98548.0,14250.0
3000943,55884.0,98548.0,14250.0
3000944,108067.0,98548.0,14250.0
3000945,98467.0,113448.0,14400.0
3000946,98867.0,113448.0,14400.0
3000947,99267.0,113448.0,14400.0
3000948,108367.0,107106.0,14300.0
3000949,108767.0,107114.0,14300.0
3000950,109167.0,107123.0,14300.0
3000951,109567.0,107131.0,14300.0
3000952,109967.0,107139.0,14300.0
3000953,104867.0,107560.0,14400.0
3000954,104867.0,107973.0,14400.0
3000955,104867.0,108385.0,14400.0
3000956,107467.0,107541.0,14400.0
3000957,107467.0,107960.0,14400.0
3000958,107467.0,108379.0,14400.0
3000959,101067.0,113798.0,14400.0
3000960,101067.0,114148.0,14400.0
3000961,101067.0,114498.0,14400.0
3000962,98567.0,110448.0,14400.0
3000963,99067.0,110448.0,14400.0
3000964,99567.0,110448.0,14400.0
3000965,109192.0,98548.0,14250.0
3000966,27067.0,114848.0,13200.0
3000967,27067.0,114848.0,12300.0
3000968,27067.0,114848.0,11400.0
3000969,27067.0,113448.0,13200.0
3000970,27067.0,113448.0,12300.0
3000971,27067.0,113448.0,11400.0
3000972,28467.0,113448.0,13200.0
3000973,28467.0,113448.0,12300.0
3000974,28467.0,113448.0,11400.0
3000975,20667.0,108798.0,13200.0
3000976,20667.0,108798.0,12300.0
3000977,20667.0,108798.0,11400.0
3000978,28067.0,110448.0,13200.0
3000979,28067.0,110448.0,12300.0
3000980,28067.0,110448.0,11400.0
3000981,23267.0,108798.0,13200.0
3000982,23267.0,108798.0,12300.0
3000983,23267.0,108798.0,11400.0
3000984,20167.0,107098.0,13200.0
3000985,20167.0,107098.0,12300.0
3000986,20167.0,107098.0,11400.0
3000987,20667.0,107123.0,13200.0
3000988,20667.0,107123.0,12300.0
3000989,20667.0,107123.0,11400.0
3000990,23267.0,107148.0,13200.0
3000991,23267.0,107148.0,12300.0
3000992,23267.0,107148.0,11400.0
3000993,20667.0,98548.0,13200.0
3000994,20667.0,98548.0,12300.0
3000995,20667.0,98548.0,11400.0
3000996,18417.0,98548.0,13200.0
3000997,18417.0,98548.0,12300.0
3000998,18417.0,98548.0,11400.0
3000999,17767.0,107148.0,13200.0
3001000,17767.0,107148.0,12300.0
3001001,17767.0,107148.0,11400.0
3001002,30067.0,113448.0,13200.0
3001003,30067.0,113448.0,12300.0
3001004,30067.0,113448.0,11400.0
3001005,30067.0,110448.0,13200.0
3001006,30067.0,110448.0,12300.0
3001007,30067.0,110448.0,11400.0
3001008,54497.0,98548.0,13200.0
3001009,54497.0,98548.0,12300.0
3001010,54497.0,98548.0,11400.0
3001011,53847.0,107148.0,13200.0
3001012,53847.0,107148.0,12300.0
3001013,53847.0,107148.0,11400.0
3001014,55947.0,107048.0,13200.0
3001015,55947.0,107048.0,12300.0
3001016,55947.0,107048.0,11400.0
3001017,56347.0,113448.0,13200.0
3001018,56347.0,113448.0,12300.0
3001019,56347.0,113448.0,11400.0
3001020,56347.0,114848.0,13000.0
3001021,56347.0,114848.0,12166.0
3001022,56347.0,114848.0,11333.0
3001023,56347.0,98548.0,13200.0
3001024,56347.0,98548.0,12300.0
3001025,56347.0,98548.0,11400.0
3001026,109717.0,98548.0,13200.0
3001027,109717.0,98548.0,12300.0
3001028,109717.0,98548.0,11400.0
3001029,107467.0,98548.0,13200.0
3001030,107467.0,98548.0,12300.0
3001031,107467.0,98548.0,11400.0
3001032,107467.0,107123.0,13200.0
3001033,107467.0,107123.0,12300.0
3001034,107467.0,107123.0,11400.0
3001035,107967.0,107098.0,13200.0
3001036,107967.0,107098.0,12300.0
3001037,107967.0,107098.0,11400.0
3001038,104867.0,107148.0,13200.0
3001039,104867.0,107148.0,12300.0
3001040,104867.0,107148.0,11400.0
3001041,110367.0,107148.0,13200.0
3001042,110367.0,107148.0,12300.0
3001043,110367.0,107148.0,11400.0
3001044,104867.0,108798.0,13200.0
3001045,104867.0,108798.0,12300.0
3001046,104867.0,108798.0,11400.0
3001047,107467.0,108798.0,13200.0
3001048,107467.0,108798.0,12300.0
3001049,107467.0,108798.0,11400.0
3001050,98067.0,110448.0,13200.0
3001051,98067.0,110448.0,12300.0
3001052,98067.0,110448.0,11400.0
3001053,98067.0,113448.0,13200.0
3001054,98067.0,113448.0,12300.0
3001055,98067.0,113448.0,11400.0
3001056,100067.0,110448.0,13200.0
3001057,100067.0,110448.0,12300.0
3001058,100067.0,110448.0,11400.0
3001059,99667.0,113448.0,13200.0
3001060,99667.0,113448.0,12300.0
3001061,99667.0,113448.0,11400.0
3001062,101067.0,113448.0,13200.0
3001063,101067.0,113448.0,12300.0
3001064,101067.0,113448.0,11400.0
3001065,101067.0,114848.0,13200.0
3001066,101067.0,114848.0,12300.0
3001067,101067.0,114848.0,11400.0
3001068,24217.0,107148.0,15000.0
3001069,25167.0,107148.0,15000.0
3001070,26117.0,107148.0,15000.0
3001071,27067.0,108248.0,14999.0
3001072,27067.0,109348.0,15000.0
3001073,26117.0,114848.0,15000.0
3001074,24217.0,114848.0,15000.0
3001075,23267.0,112748.0,15000.0
3001076,23267.0,110870.0,15000.0
3001077,28467.0,114148.0,15000.0
3001078,17817.0,108760.0,15000.0
3001079,18767.0,108773.0,15000.0
3001080,19717.0,108785.0,15000.0
3001081,20667.0,110870.0,15000.0
3001082,20667.0,112748.0,15000.0
3001083,18892.0,113648.0,15000.0
3001084,16867.0,109473.0,15000.0
3001085,16867.0,107948.0,15000.0
3001086,24217.0,104348.0,15000.0
3001087,25167.0,104348.0,15000.0
3001088,26117.0,104348.0,15000.0
3001089,27067.0,105323.0,15000.0
3001090,23267.0,105323.0,15000.0
3001091,19467.0,99381.0,15000.0
3001092,19467.0,100214.0,15000.0
3001093,24217.0,101548.0,15000.0
3001094,25167.0,101548.0,15000.0
3001095,26117.0,101548.0,15000.0
3001096,27067.0,102481.0,15000.0
3001097,27067.0,103414.0,15000.0
3001098,23267.0,102481.0,15000.0
3001099,23267.0,103414.0,15000.0
3001100,24217.0,98548.0,15000.0
3001101,26117.0,98548.0,15000.0
3001102,27067.0,100570.0,15000.0
3001103,23267.0,100570.0,15000.0
3001104,56347.0,107898.0,15000.0
3001105,53797.0,108748.0,15000.0
3001106,54647.0,108748.0,15000.0
3001107,55497.0,108748.0,15000.0
3001108,52947.0,107948.0,15000.0
3001109,108667.0,99381.0,15000.0
3001110,108667.0,100214.0,15000.0
3001111,99667.0,114148.0,15000.0
3001112,109242.0,113648.0,15000.0
3001113,108417.0,108785.0,15000.0
3001114,109367.0,108773.0,15000.0
3001115,110317.0,108760.0,15000.0
3001116,111267.0,109473.0,15000.0
3001117,107467.0,112748.0,15000.0
3001118,107467.0,110870.0,15000.0
3001119,102017.0,98548.0,15000.0
3001120,103917.0,98548.0,15000.0
3001121,104867.0,100570.0,15000.0
3001122,102017.0,101548.0,15000.0
3001123,102967.0,101548.0,15000.0
3001124,103917.0,101548.0,15000.0
3001125,101067.0,100570.0,15000.0
3001126,111267.0,107948.0,15000.0
3001127,102017.0,104348.0,15000.0
3001128,102967.0,104348.0,15000.0
3001129,103917.0,104348.0,15000.0
3001130,104867.0,105323.0,15000.0
3001131,102017.0,107148.0,15000.0
3001132,102967.0,107148.0,15000.0
3001133,103917.0,107148.0,15000.0
3001134,101067.0,105323.0,15000.0
3001135,104867.0,110870.0,15000.0
3001136,104867.0,112748.0,15000.0
3001137,103917.0,114848.0,15000.0
3001138,102017.0,114848.0,15000.0
3001139,101067.0,108248.0,14999.0
3001140,101067.0,109348.0,15000.0
3001141,104867.0,102481.0,15000.0
3001142,104867.0,103414.0,15000.0
3001143,101067.0,102481.0,15000.0
3001144,101067.0,103414.0,15000.0
3001147,64246.0,106675.0,14999.0
3001148,108667.0,98548.0,14625.0
3001149,109192.0,98548.0,14625.0
3001150,109717.0,98548.0,14625.0
3001151,98067.0,110448.0,14700.0
3001152,98567.0,110448.0,14700.0
3001153,99067.0,110448.0,14700.0
3001154,99567.0,110448.0,14700.0
3001155,100067.0,110448.0,14700.0
3001156,101067.0,113448.0,14700.0
3001157,101067.0,113798.0,14700.0
3001158,101067.0,114148.0,14700.0
3001159,101067.0,114498.0,14700.0
3001160,101067.0,114848.0,14700.0
3001161,107467.0,107123.0,14700.0
3001162,107467.0,107541.0,14700.0
3001163,107467.0,107960.0,14700.0
3001164,107467.0,108379.0,14700.0
3001165,107467.0,108798.0,14700.0
3001166,104867.0,107148.0,14700.0
3001167,104867.0,107560.0,14700.0
3001168,104867.0,107973.0,14700.0
3001169,104867.0,108385.0,14700.0
3001170,104867.0,108798.0,14700.0
3001171,107967.0,107098.0,14650.0
3001172,108367.0,107106.0,14650.0
3001173,108767.0,107114.0,14650.0
3001174,109167.0,107123.0,14650.0
3001175,109567.0,107131.0,14650.0
3001176,109967.0,107139.0,14650.0
3001177,110367.0,107148.0,14650.0
3001178,98067.0,113448.0,14700.0
3001179,98467.0,113448.0,14700.0
3001180,98867.0,113448.0,14700.0
3001181,99267.0,113448.0,14700.0
3001182,99667.0,113448.0,14700.0
3001183,107467.0,98548.0,14625.0
3001184,108067.0,98548.0,14625.0
3001185,54497.0,98548.0,14625.0
3001186,54959.0,98548.0,14625.0
3001187,55422.0,98548.0,14625.0
3001188,55884.0,98548.0,14625.0
3001189,56347.0,98548.0,14625.0
3001190,53847.0,107148.0,14650.0
3001191,54372.0,107123.0,14650.0
3001192,54897.0,107098.0,14650.0
3001193,55422.0,107073.0,14650.0
3001194,55947.0,107048.0,14650.0
3001195,56347.0,113448.0,14650.0
3001196,56347.0,113798.0,14650.0
3001197,56347.0,114148.0,14650.0
3001198,56347.0,114498.0,14650.0
3001199,56347.0,114848.0,14650.0
3001200,19467.0,98548.0,14625.0
3001201,20067.0,98548.0,14625.0
3001202,20667.0,98548.0,14625.0
3001203,28467.0,113448.0,14700.0
3001204,28867.0,113448.0,14700.0
3001205,29267.0,113448.0,14700.0
3001206,29667.0,113448.0,14700.0
3001207,30067.0,113448.0,14700.0
3001208,18417.0,98548.0,14625.0
3001209,18942.0,98548.0,14625.0
3001210,17767.0,107148.0,14650.0
3001211,18167.0,107139.0,14650.0
3001212,18567.0,107131.0,14650.0
3001213,18967.0,107123.0,14650.0
3001214,19367.0,107114.0,14650.0
3001215,19767.0,107106.0,14650.0
3001216,20167.0,107098.0,14650.0
3001217,23267.0,107148.0,14700.0
3001218,23267.0,107560.0,14700.0
3001219,23267.0,107973.0,14700.0
3001220,23267.0,108385.0,14700.0
3001221,23267.0,108798.0,14700.0
3001222,28067.0,110448.0,14700.0
3001223,28567.0,110448.0,14700.0
3001224,29067.0,110448.0,14700.0
3001225,29567.0,110448.0,14700.0
3001226,30067.0,110448.0,14700.0
3001227,20667.0,107123.0,14700.0
3001228,20667.0,107541.0,14700.0
3001229,20667.0,107960.0,14700.0
3001230,20667.0,108379.0,14700.0
3001231,20667.0,108798.0,14700.0
3001232,27067.0,113448.0,14700.0
3001233,27067.0,113798.0,14700.0
3001234,27067.0,114148.0,14700.0
3001235,27067.0,114498.0,14700.0
3001236,27067.0,114848.0,14700.0
3001237,17367.0,114848.0,14000.0
3001238,17367.0,114848.0,11333.0
3001239,17367.0,114848.0,12166.0
3001240,17367.0,114848.0,13000.0
3001241,21533.0,114848.0,14050.0
3001242,22400.0,114848.0,14050.0
3001243,21533.0,114848.0,11366.0
3001244,22400.0,114848.0,11366.0
3001245,21533.0,114848.0,12233.0
3001246,21533.0,114848.0,13100.0
3001247,22400.0,114848.0,12233.0
3001248,22400.0,114848.0,13100.0
3001249,27767.0,114848.0,14100.0
3001250,27767.0,114848.0,11400.0
3001251,27767.0,114848.0,12300.0
3001252,27767.0,114848.0,13200.0
3001253,16867.0,111060.0,14000.0
3001254,16867.0,111923.0,14000.0
3001255,16867.0,112785.0,14000.0
3001256,16867.0,111060.0,11333.0
3001257,16867.0,111923.0,11333.0
3001258,16867.0,112785.0,11333.0
3001259,16867.0,111060.0,12166.0
3001260,16867.0,111060.0,13000.0
3001261,16867.0,112785.0,12166.0
3001262,16867.0,112785.0,13000.0
3001263,16867.0,111923.0,12166.0
3001264,16867.0,111923.0,13000.0
3001265,30067.0,114148.0,14100.0
3001266,30067.0,114148.0,11400.0
3001267,30067.0,114148.0,12300.0
3001268,30067.0,114148.0,13200.0
3001269,27067.0,111448.0,14100.0
3001270,27067.0,112448.0,14100.0
3001271,27067.0,111448.0,11400.0
3001272,27067.0,112448.0,11400.0
3001273,27067.0,111448.0,12300.0
3001274,27067.0,111448.0,13200.0
3001275,27067.0,112448.0,12300.0
3001276,27067.0,112448.0,13200.0
3001277,27767.0,113448.0,14400.0
3001278,27767.0,113448.0,11400.0
3001279,27767.0,113448.0,12300.0
3001280,27767.0,113448.0,13200.0
3001281,27567.0,110448.0,14100.0
3001282,27567.0,110448.0,11400.0
3001283,27567.0,110448.0,12300.0
3001284,27567.0,110448.0,13200.0
3001285,30067.0,111448.0,14400.0
3001286,30067.0,112448.0,14400.0
3001287,30067.0,111448.0,11400.0
3001288,30067.0,112448.0,11400.0
3001289,30067.0,111448.0,12300.0
3001290,30067.0,111448.0,13200.0
3001291,30067.0,112448.0,12300.0
3001292,30067.0,112448.0,13200.0
3001293,20667.0,109345.0,14100.0
3001294,20667.0,109345.0,11400.0
3001295,20667.0,109345.0,12300.0
3001296,20667.0,109345.0,13200.0
3001297,21533.0,108798.0,14400.0
3001298,22400.0,108798.0,14400.0
3001299,21533.0,108798.0,11400.0
3001300,22400.0,108798.0,11400.0
3001301,21533.0,108798.0,12300.0
3001302,21533.0,108798.0,13200.0
3001303,22400.0,108798.0,12300.0
3001304,22400.0,108798.0,13200.0
3001305,23267.0,109345.0,14100.0
3001306,23267.0,109345.0,11400.0
3001307,23267.0,109345.0,12300.0
3001308,23267.0,109345.0,13200.0
3001309,17317.0,107148.0,14100.0
3001310,17317.0,107148.0,11400.0
3001311,17317.0,107148.0,12300.0
3001312,17317.0,107148.0,13200.0
3001313,21533.0,107131.0,14400.0
3001314,22400.0,107139.0,14400.0
3001315,21533.0,107131.0,11400.0
3001316,22400.0,107139.0,11400.0
3001317,21533.0,107131.0,12300.0
3001318,21533.0,107131.0,13200.0
3001319,22400.0,107139.0,12300.0
3001320,22400.0,107139.0,13200.0
3001321,23267.0,106723.0,14100.0
3001322,23267.0,106723.0,11400.0
3001323,23267.0,106723.0,12300.0
3001324,23267.0,106723.0,13200.0
3001325,27067.0,106723.0,14100.0
3001326,27067.0,106723.0,11400.0
3001327,27067.0,106723.0,12300.0
3001328,27067.0,106723.0,13200.0
3001329,28067.0,107148.0,14100.0
3001330,29067.0,107148.0,14100.0
3001331,28067.0,107148.0,11400.0
3001332,29067.0,107148.0,11400.0
3001333,28067.0,107148.0,12300.0
3001334,28067.0,107148.0,13200.0
3001335,29067.0,107148.0,12300.0
3001336,29067.0,107148.0,13200.0
3001337,16867.0,101931.0,14100.0
3001338,16867.0,102814.0,14100.0
3001339,16867.0,101931.0,11400.0
3001340,16867.0,102814.0,11400.0
3001341,16867.0,101931.0,12300.0
3001342,16867.0,101931.0,13200.0
3001343,16867.0,102814.0,12300.0
3001344,16867.0,102814.0,13200.0
3001345,16867.0,99381.0,14100.0
3001346,16867.0,100214.0,14100.0
3001347,16867.0,99381.0,11400.0
3001348,16867.0,100214.0,11400.0
3001349,16867.0,99381.0,12300.0
3001350,16867.0,99381.0,13200.0
3001351,16867.0,100214.0,12300.0
3001352,16867.0,100214.0,13200.0
3001353,17317.0,101048.0,14100.0
3001354,17317.0,101048.0,11400.0
3001355,17317.0,101048.0,12300.0
3001356,17317.0,101048.0,13200.0
3001357,18617.0,101048.0,14100.0
3001358,18617.0,101048.0,11400.0
3001359,18617.0,101048.0,12300.0
3001360,18617.0,101048.0,13200.0
3001361,20667.0,99381.0,14100.0
3001362,20667.0,100214.0,14100.0
3001363,20667.0,99381.0,11400.0
3001364,20667.0,100214.0,11400.0
3001365,20667.0,99381.0,12300.0
3001366,20667.0,99381.0,13200.0
3001367,20667.0,100214.0,12300.0
3001368,20667.0,100214.0,13200.0
3001369,17642.0,98548.0,14100.0
3001370,17642.0,98548.0,11400.0
3001371,17642.0,98548.0,12300.0
3001372,17642.0,98548.0,13200.0
3001373,21533.0,98548.0,14100.0
3001374,22400.0,98548.0,14100.0
3001375,21533.0,98548.0,11400.0
3001376,22400.0,98548.0,11400.0
3001377,21533.0,98548.0,12300.0
3001378,21533.0,98548.0,13200.0
3001379,22400.0,98548.0,12300.0
3001380,22400.0,98548.0,13200.0
3001381,23267.0,99070.0,14100.0
3001382,23267.0,99070.0,11400.0
3001383,23267.0,99070.0,12300.0
3001384,23267.0,99070.0,13200.0
3001385,27067.0,99070.0,14100.0
3001386,27067.0,99070.0,11400.0
3001387,27067.0,99070.0,12300.0
3001388,27067.0,99070.0,13200.0
3001389,28067.0,98548.0,14100.0
3001390,29067.0,98548.0,14100.0
3001391,28067.0,98548.0,11400.0
3001392,29067.0,98548.0,11400.0
3001393,28067.0,98548.0,12300.0
3001394,28067.0,98548.0,13200.0
3001395,29067.0,98548.0,12300.0
3001396,29067.0,98548.0,13200.0
3001397,16867.0,114248.0,14000.0
3001398,16867.0,114248.0,11333.0
3001399,16867.0,114248.0,12166.0
3001400,16867.0,114248.0,13000.0
3001401,20667.0,114248.0,14000.0
3001402,20667.0,114248.0,11333.0
3001403,20667.0,114248.0,12166.0
3001404,20667.0,114248.0,13000.0
3001405,20292.0,114848.0,14000.0
3001406,20292.0,114848.0,11333.0
3001407,20292.0,114848.0,12166.0
3001408,20292.0,114848.0,13000.0
3001409,18142.0,114848.0,14000.0
3001410,18145.0,114848.0,14500.0
3001411,18642.0,114848.0,14500.0
3001412,19142.0,114848.0,14500.0
3001413,19639.0,114848.0,14500.0
3001414,19642.0,114848.0,14000.0
3001415,18142.0,114848.0,11333.0
3001416,19642.0,114848.0,11333.0
3001417,18142.0,114848.0,12166.0
3001418,18142.0,114848.0,13000.0
3001419,19642.0,114848.0,12166.0
3001420,19642.0,114848.0,13000.0
3001421,18642.0,114848.0,13000.0
3001422,18642.0,114848.0,13500.0
3001423,18145.0,114848.0,13500.0
3001424,19639.0,114848.0,13500.0
3001425,19142.0,114848.0,13500.0
3001426,19142.0,114848.0,13000.0
3001427,18642.0,114848.0,14000.0
3001428,19142.0,114848.0,14000.0
3001429,29267.0,114848.0,14100.0
3001430,29267.0,114848.0,11400.0
3001431,29267.0,114848.0,12300.0
3001432,29267.0,114848.0,13200.0
3001433,20067.0,101048.0,14100.0
3001434,20067.0,101048.0,11400.0
3001435,20067.0,101048.0,12300.0
3001436,20067.0,101048.0,13200.0
3001437,16867.0,104698.0,14100.0
3001438,16867.0,105698.0,14100.0
3001439,16867.0,104698.0,11400.0
3001440,16867.0,105698.0,11400.0
3001441,16867.0,104698.0,12300.0
3001442,16867.0,104698.0,13200.0
3001443,16867.0,105698.0,12300.0
3001444,16867.0,105698.0,13200.0
3001445,20667.0,106710.0,14100.0
3001446,20667.0,106710.0,11400.0
3001447,20667.0,106710.0,12300.0
3001448,20667.0,106710.0,13200.0
3001449,23267.0,114248.0,14100.0
3001450,23267.0,114248.0,11400.0
3001451,23267.0,114248.0,12300.0
3001452,23267.0,114248.0,13200.0
3001453,30067.0,99381.0,14100.0
3001454,30067.0,100214.0,14100.0
3001455,30067.0,100881.0,14100.0
3001456,30067.0,99381.0,11400.0
3001457,30067.0,100214.0,11400.0
3001458,30067.0,100881.0,11400.0
3001459,30067.0,99381.0,12300.0
3001460,30067.0,99381.0,13200.0
3001461,30067.0,100881.0,12300.0
3001462,30067.0,100881.0,13200.0
3001463,30067.0,100214.0,12300.0
3001464,30067.0,100214.0,13200.0
3001465,30067.0,105281.0,14100.0
3001466,30067.0,106214.0,14100.0
3001467,30067.0,105281.0,11400.0
3001468,30067.0,106214.0,11400.0
3001469,30067.0,105281.0,12300.0
3001470,30067.0,105281.0,13200.0
3001471,30067.0,106214.0,12300.0
3001472,30067.0,106214.0,13200.0
3001473,30067.0,102481.0,14100.0
3001474,30067.0,103414.0,14100.0
3001475,30067.0,102481.0,11400.0
3001476,30067.0,103414.0,11400.0
3001477,30067.0,102481.0,12300.0
3001478,30067.0,102481.0,13200.0
3001479,30067.0,103414.0,12300.0
3001480,30067.0,103414.0,13200.0
3001481,60347.0,101873.0,14000.0
3001482,60347.0,102698.0,14000.0
3001483,60347.0,103523.0,14000.0
3001484,60347.0,101873.0,11333.0
3001485,60347.0,102698.0,11333.0
3001486,60347.0,103523.0,11333.0
3001487,60347.0,101873.0,12166.0
3001488,60347.0,101873.0,13000.0
3001489,60347.0,103523.0,12166.0
3001490,60347.0,103523.0,13000.0
3001491,60347.0,102698.0,12166.0
3001492,60347.0,102698.0,13000.0
3001493,63747.0,111328.0,14000.0
3001494,63747.0,112208.0,14000.0
3001495,63747.0,113088.0,14000.0
3001496,63747.0,113968.0,14000.0
3001497,63747.0,111328.0,11333.0
3001498,63747.0,112208.0,11333.0
3001499,63747.0,113088.0,11333.0
3001500,63747.0,113968.0,11333.0
3001501,63747.0,111328.0,12166.0
3001502,63747.0,111328.0,13000.0
3001503,63747.0,113968.0,12166.0
3001504,63747.0,113968.0,13000.0
3001505,63747.0,112208.0,12166.0
3001506,63747.0,113088.0,12166.0
3001507,63747.0,112208.0,13000.0
3001508,63747.0,113088.0,13000.0
3001509,61022.0,114848.0,14000.0
3001510,61697.0,114848.0,14000.0
3001511,61700.0,114848.0,14500.0
3001512,62197.0,114848.0,14500.0
3001513,62697.0,114848.0,14500.0
3001514,63194.0,114848.0,14500.0
3001515,63197.0,114848.0,14000.0
3001516,61022.0,114848.0,11333.0
3001517,61697.0,114848.0,11333.0
3001518,63197.0,114848.0,11333.0
3001519,61022.0,114848.0,12166.0
3001520,61022.0,114848.0,13000.0
3001521,63197.0,114848.0,12166.0
3001522,63197.0,114848.0,13000.0
3001523,62197.0,114848.0,13000.0
3001524,62197.0,114848.0,13500.0
3001525,61700.0,114848.0,13500.0
3001526,61697.0,114848.0,13000.0
3001527,61697.0,114848.0,12166.0
3001528,63194.0,114848.0,13500.0
3001529,62697.0,114848.0,13500.0
3001530,62697.0,114848.0,13000.0
3001531,62197.0,114848.0,14000.0
3001532,62697.0,114848.0,14000.0
3001533,52947.0,104560.0,14100.0
3001534,52947.0,105423.0,14100.0
3001535,52947.0,106285.0,14100.0
3001536,52947.0,104560.0,11400.0
3001537,52947.0,105423.0,11400.0
3001538,52947.0,106285.0,11400.0
3001539,52947.0,104560.0,12300.0
3001540,52947.0,104560.0,13200.0
3001541,52947.0,106285.0,12300.0
3001542,52947.0,106285.0,13200.0
3001543,52947.0,105423.0,12300.0
3001544,52947.0,105423.0,13200.0
3001545,53722.0,98548.0,14100.0
3001546,53722.0,98548.0,11400.0
3001547,53722.0,98548.0,12300.0
3001548,53722.0,98548.0,13200.0
3001549,52947.0,99381.0,14100.0
3001550,52947.0,100214.0,14100.0
3001551,52947.0,99381.0,11400.0
3001552,52947.0,100214.0,11400.0
3001553,52947.0,99381.0,12300.0
3001554,52947.0,99381.0,13200.0
3001555,52947.0,100214.0,12300.0
3001556,52947.0,100214.0,13200.0
3001557,52947.0,101931.0,14100.0
3001558,52947.0,102814.0,14100.0
3001559,52947.0,101931.0,11400.0
3001560,52947.0,102814.0,11400.0
3001561,52947.0,101931.0,12300.0
3001562,52947.0,101931.0,13200.0
3001563,52947.0,102814.0,12300.0
3001564,52947.0,102814.0,13200.0
3001565,53397.0,101048.0,14100.0
3001566,53397.0,101048.0,11400.0
3001567,53397.0,101048.0,12300.0
3001568,53397.0,101048.0,13200.0
3001569,53397.0,107148.0,14100.0
3001570,53397.0,107148.0,11400.0
3001571,53397.0,107148.0,12300.0
3001572,53397.0,107148.0,13200.0
3001573,56347.0,111328.0,14100.0
3001574,56347.0,112208.0,14100.0
3001575,56347.0,113088.0,14100.0
3001576,56347.0,111328.0,11400.0
3001577,56347.0,112208.0,11400.0
3001578,56347.0,113088.0,11400.0
3001579,56347.0,111328.0,12300.0
3001580,56347.0,111328.0,13200.0
3001581,56347.0,113088.0,12300.0
3001582,56347.0,113088.0,13200.0
3001583,56347.0,112208.0,12300.0
3001584,56347.0,112208.0,13200.0
3001585,52947.0,111128.0,14000.0
3001586,52947.0,112058.0,14000.0
3001587,52947.0,112988.0,14000.0
3001588,52947.0,113918.0,14000.0
3001589,52947.0,111128.0,11333.0
3001590,52947.0,112058.0,11333.0
3001591,52947.0,112988.0,11333.0
3001592,52947.0,113918.0,11333.0
3001593,52947.0,111128.0,12166.0
3001594,52947.0,111128.0,13000.0
3001595,52947.0,113918.0,12166.0
3001596,52947.0,113918.0,13000.0
3001597,52947.0,112058.0,12166.0
3001598,52947.0,112988.0,12166.0
3001599,52947.0,112058.0,13000.0
3001600,52947.0,112988.0,13000.0
3001601,53622.0,114848.0,14000.0
3001602,54297.0,114848.0,14000.0
3001603,54300.0,114848.0,14500.0
3001604,54797.0,114848.0,14500.0
3001605,55297.0,114848.0,14500.0
3001606,55794.0,114848.0,14500.0
3001607,55797.0,114848.0,14000.0
3001608,53622.0,114848.0,11333.0
3001609,54297.0,114848.0,11333.0
3001610,55797.0,114848.0,11333.0
3001611,53622.0,114848.0,12166.0
3001612,53622.0,114848.0,13000.0
3001613,55797.0,114848.0,12166.0
3001614,55797.0,114848.0,13000.0
3001615,54797.0,114848.0,13000.0
3001616,54797.0,114848.0,13500.0
3001617,54300.0,114848.0,13500.0
3001618,54297.0,114848.0,13000.0
3001619,54297.0,114848.0,12166.0
3001620,55794.0,114848.0,13500.0
3001621,55297.0,114848.0,13500.0
3001622,55297.0,114848.0,13000.0
3001623,54797.0,114848.0,14000.0
3001624,55297.0,114848.0,14000.0
3001625,56347.0,106673.0,14100.0
3001626,56347.0,106673.0,11400.0
3001627,56347.0,106673.0,12300.0
3001628,56347.0,106673.0,13200.0
3001629,56347.0,99381.0,14100.0
3001630,56347.0,100214.0,14100.0
3001631,56347.0,99381.0,11400.0
3001632,56347.0,100214.0,11400.0
3001633,56347.0,99381.0,12300.0
3001634,56347.0,99381.0,13200.0
3001635,56347.0,100214.0,12300.0
3001636,56347.0,100214.0,13200.0
3001637,63747.0,102064.0,14050.0
3001638,63747.0,103081.0,14050.0
3001639,63747.0,104098.0,14050.0
3001640,63747.0,105114.0,14050.0
3001641,63747.0,106131.0,14050.0
3001642,63747.0,102064.0,11366.0
3001643,63747.0,103081.0,11366.0
3001644,63747.0,104098.0,11366.0
3001645,63747.0,105114.0,11366.0
3001646,63747.0,106131.0,11366.0
3001647,63747.0,102064.0,12233.0
3001648,63747.0,102064.0,13100.0
3001649,63747.0,106131.0,12233.0
3001650,63747.0,106131.0,13100.0
3001651,63747.0,103081.0,12233.0
3001652,63747.0,104098.0,12233.0
3001653,63747.0,105114.0,12233.0
3001654,63747.0,103081.0,13100.0
3001655,63747.0,104098.0,13100.0
3001656,63747.0,105114.0,13100.0
3001657,63747.0,99381.0,14000.0
3001658,63747.0,100214.0,14000.0
3001659,63747.0,99381.0,11333.0
3001660,63747.0,100214.0,11333.0
3001661,63747.0,99381.0,12166.0
3001662,63747.0,99381.0,13000.0
3001663,63747.0,100214.0,12166.0
3001664,63747.0,100214.0,13000.0
3001665,54680.0,101048.0,14100.0
3001666,55513.0,101048.0,14100.0
3001667,54680.0,101048.0,11400.0
3001668,55513.0,101048.0,11400.0
3001669,54680.0,101048.0,12300.0
3001670,54680.0,101048.0,13200.0
3001671,55513.0,101048.0,12300.0
3001672,55513.0,101048.0,13200.0
3001673,60822.0,98548.0,14000.0
3001674,61297.0,98548.0,14000.0
3001675,61300.0,98548.0,14500.0
3001676,61797.0,98548.0,14500.0
3001677,62297.0,98548.0,14500.0
3001678,62794.0,98548.0,14500.0
3001679,62797.0,98548.0,14000.0
3001680,63272.0,98548.0,14000.0
3001681,60822.0,98548.0,11333.0
3001682,61297.0,98548.0,11333.0
3001683,63272.0,98548.0,11333.0
3001684,62797.0,98548.0,11333.0
3001685,60822.0,98548.0,12166.0
3001686,60822.0,98548.0,13000.0
3001687,63272.0,98548.0,12166.0
3001688,63272.0,98548.0,13000.0
3001689,61797.0,98548.0,13000.0
3001690,61797.0,98548.0,13500.0
3001691,61300.0,98548.0,13500.0
3001692,61297.0,98548.0,13000.0
3001693,61297.0,98548.0,12166.0
3001694,62797.0,98548.0,13000.0
3001695,62794.0,98548.0,13500.0
3001696,62297.0,98548.0,13500.0
3001697,62297.0,98548.0,13000.0
3001698,62797.0,98548.0,12166.0
3001699,61797.0,98548.0,14000.0
3001700,62297.0,98548.0,14000.0
3001701,61197.0,101048.0,14000.0
3001702,62047.0,101048.0,14000.0
3001703,62897.0,101048.0,14000.0
3001704,61197.0,101048.0,11333.0
3001705,62047.0,101048.0,11333.0
3001706,62897.0,101048.0,11333.0
3001707,61197.0,101048.0,12166.0
3001708,61197.0,101048.0,13000.0
3001709,62897.0,101048.0,12166.0
3001710,62897.0,101048.0,13000.0
3001711,62047.0,101048.0,12166.0
3001712,62047.0,101048.0,13000.0
3001713,111267.0,104698.0,14100.0
3001714,111267.0,105698.0,14100.0
3001715,111267.0,104698.0,11400.0
3001716,111267.0,105698.0,11400.0
3001717,111267.0,104698.0,12300.0
3001718,111267.0,104698.0,13200.0
3001719,111267.0,105698.0,12300.0
3001720,111267.0,105698.0,13200.0
3001721,108067.0,101048.0,14100.0
3001722,108067.0,101048.0,11400.0
3001723,108067.0,101048.0,12300.0
3001724,108067.0,101048.0,13200.0
3001725,98867.0,114848.0,14100.0
3001726,98867.0,114848.0,11400.0
3001727,98867.0,114848.0,12300.0
3001728,98867.0,114848.0,13200.0
3001729,108492.0,114848.0,14000.0
3001730,108495.0,114848.0,14500.0
3001731,108992.0,114848.0,14500.0
3001732,109492.0,114848.0,14500.0
3001733,109989.0,114848.0,14500.0
3001734,109992.0,114848.0,14000.0
3001735,108492.0,114848.0,11333.0
3001736,109992.0,114848.0,11333.0
3001737,108492.0,114848.0,12166.0
3001738,108492.0,114848.0,13000.0
3001739,109992.0,114848.0,12166.0
3001740,109992.0,114848.0,13000.0
3001741,108992.0,114848.0,13000.0
3001742,108992.0,114848.0,13500.0
3001743,108495.0,114848.0,13500.0
3001744,109989.0,114848.0,13500.0
3001745,109492.0,114848.0,13500.0
3001746,109492.0,114848.0,13000.0
3001747,108992.0,114848.0,14000.0
3001748,109492.0,114848.0,14000.0
3001749,107842.0,114848.0,14050.0
3001750,107842.0,114848.0,11366.0
3001751,107842.0,114848.0,12233.0
3001752,107842.0,114848.0,13100.0
3001753,107467.0,114248.0,14050.0
3001754,107467.0,114248.0,11366.0
3001755,107467.0,114248.0,12233.0
3001756,107467.0,114248.0,13100.0
3001757,111267.0,114248.0,14100.0
3001758,111267.0,114248.0,11400.0
3001759,111267.0,114248.0,12300.0
3001760,111267.0,114248.0,13200.0
3001761,110767.0,114848.0,14050.0
3001762,110767.0,114848.0,11366.0
3001763,110767.0,114848.0,12233.0
3001764,110767.0,114848.0,13100.0
3001765,110492.0,98548.0,14100.0
3001766,110492.0,98548.0,11400.0
3001767,110492.0,98548.0,12300.0
3001768,110492.0,98548.0,13200.0
3001769,99067.0,98548.0,14100.0
3001770,100067.0,98548.0,14100.0
3001771,99067.0,98548.0,11400.0
3001772,100067.0,98548.0,11400.0
3001773,99067.0,98548.0,12300.0
3001774,99067.0,98548.0,13200.0
3001775,100067.0,98548.0,12300.0
3001776,100067.0,98548.0,13200.0
3001777,105733.0,98548.0,14100.0
3001778,106600.0,98548.0,14100.0
3001779,105733.0,98548.0,11400.0
3001780,106600.0,98548.0,11400.0
3001781,105733.0,98548.0,12300.0
3001782,105733.0,98548.0,13200.0
3001783,106600.0,98548.0,12300.0
3001784,106600.0,98548.0,13200.0
3001785,101067.0,99070.0,14100.0
3001786,101067.0,99070.0,11400.0
3001787,101067.0,99070.0,12300.0
3001788,101067.0,99070.0,13200.0
3001789,104867.0,99070.0,14100.0
3001790,104867.0,99070.0,11400.0
3001791,104867.0,99070.0,12300.0
3001792,104867.0,99070.0,13200.0
3001793,107467.0,99381.0,14100.0
3001794,107467.0,100214.0,14100.0
3001795,107467.0,99381.0,11400.0
3001796,107467.0,100214.0,11400.0
3001797,107467.0,99381.0,12300.0
3001798,107467.0,99381.0,13200.0
3001799,107467.0,100214.0,12300.0
3001800,107467.0,100214.0,13200.0
3001801,109517.0,101048.0,14100.0
3001802,109517.0,101048.0,11400.0
3001803,109517.0,101048.0,12300.0
3001804,109517.0,101048.0,13200.0
3001805,110817.0,101048.0,14100.0
3001806,110817.0,101048.0,11400.0
3001807,110817.0,101048.0,12300.0
3001808,110817.0,101048.0,13200.0
3001809,111267.0,99381.0,14100.0
3001810,111267.0,100214.0,14100.0
3001811,111267.0,99381.0,11400.0
3001812,111267.0,100214.0,11400.0
3001813,111267.0,99381.0,12300.0
3001814,111267.0,99381.0,13200.0
3001815,111267.0,100214.0,12300.0
3001816,111267.0,100214.0,13200.0
3001817,111267.0,101931.0,14100.0
3001818,111267.0,102814.0,14100.0
3001819,111267.0,101931.0,11400.0
3001820,111267.0,102814.0,11400.0
3001821,111267.0,101931.0,12300.0
3001822,111267.0,101931.0,13200.0
3001823,111267.0,102814.0,12300.0
3001824,111267.0,102814.0,13200.0
3001825,99067.0,107148.0,14100.0
3001826,100067.0,107148.0,14100.0
3001827,99067.0,107148.0,11400.0
3001828,100067.0,107148.0,11400.0
3001829,99067.0,107148.0,12300.0
3001830,99067.0,107148.0,13200.0
3001831,100067.0,107148.0,12300.0
3001832,100067.0,107148.0,13200.0
3001833,101067.0,106723.0,14100.0
3001834,101067.0,106723.0,11400.0
3001835,101067.0,106723.0,12300.0
3001836,101067.0,106723.0,13200.0
3001837,104867.0,106723.0,14100.0
3001838,104867.0,106723.0,11400.0
3001839,104867.0,106723.0,12300.0
3001840,104867.0,106723.0,13200.0
3001841,105733.0,107139.0,14400.0
3001842,106600.0,107131.0,14400.0
3001843,105733.0,107139.0,11400.0
3001844,106600.0,107131.0,11400.0
3001845,105733.0,107139.0,12300.0
3001846,105733.0,107139.0,13200.0
3001847,106600.0,107131.0,12300.0
3001848,106600.0,107131.0,13200.0
3001849,110817.0,107148.0,14100.0
3001850,110817.0,107148.0,11400.0
3001851,110817.0,107148.0,12300.0
3001852,110817.0,107148.0,13200.0
3001853,104867.0,109345.0,14100.0
3001854,104867.0,109345.0,11400.0
3001855,104867.0,109345.0,12300.0
3001856,104867.0,109345.0,13200.0
3001857,105733.0,108798.0,14400.0
3001858,106600.0,108798.0,14400.0
3001859,105733.0,108798.0,11400.0
3001860,106600.0,108798.0,11400.0
3001861,105733.0,108798.0,12300.0
3001862,105733.0,108798.0,13200.0
3001863,106600.0,108798.0,12300.0
3001864,106600.0,108798.0,13200.0
3001865,107467.0,109345.0,14100.0
3001866,107467.0,109345.0,11400.0
3001867,107467.0,109345.0,12300.0
3001868,107467.0,109345.0,13200.0
3001869,98067.0,111448.0,14400.0
3001870,98067.0,112448.0,14400.0
3001871,98067.0,111448.0,11400.0
3001872,98067.0,112448.0,11400.0
3001873,98067.0,111448.0,12300.0
3001874,98067.0,111448.0,13200.0
3001875,98067.0,112448.0,12300.0
3001876,98067.0,112448.0,13200.0
3001877,100567.0,110448.0,14100.0
3001878,100567.0,110448.0,11400.0
3001879,100567.0,110448.0,12300.0
3001880,100567.0,110448.0,13200.0
3001881,100367.0,113448.0,14400.0
3001882,100367.0,113448.0,11400.0
3001883,100367.0,113448.0,12300.0
3001884,100367.0,113448.0,13200.0
3001885,101067.0,111448.0,14100.0
3001886,101067.0,112448.0,14100.0
3001887,101067.0,111448.0,11400.0
3001888,101067.0,112448.0,11400.0
3001889,101067.0,111448.0,12300.0
3001890,101067.0,111448.0,13200.0
3001891,101067.0,112448.0,12300.0
3001892,101067.0,112448.0,13200.0
3001893,98067.0,114148.0,14100.0
3001894,98067.0,114148.0,11400.0
3001895,98067.0,114148.0,12300.0
3001896,98067.0,114148.0,13200.0
3001897,111267.0,111060.0,14100.0
3001898,111267.0,111923.0,14100.0
3001899,111267.0,112785.0,14100.0
3001900,111267.0,111060.0,11400.0
3001901,111267.0,111923.0,11400.0
3001902,111267.0,112785.0,11400.0
3001903,111267.0,111060.0,12300.0
3001904,111267.0,111060.0,13200.0
3001905,111267.0,112785.0,12300.0
3001906,111267.0,112785.0,13200.0
3001907,111267.0,111923.0,12300.0
3001908,111267.0,111923.0,13200.0
3001909,100367.0,114848.0,14100.0
3001910,100367.0,114848.0,11400.0
3001911,100367.0,114848.0,12300.0
3001912,100367.0,114848.0,13200.0
3001913,105733.0,114848.0,14100.0
3001914,106600.0,114848.0,14100.0
3001915,105733.0,114848.0,11400.0
3001916,106600.0,114848.0,11400.0
3001917,105733.0,114848.0,12300.0
3001918,105733.0,114848.0,13200.0
3001919,106600.0,114848.0,12300.0
3001920,106600.0,114848.0,13200.0
3001921,107467.0,106710.0,14100.0
3001922,107467.0,106710.0,11400.0
3001923,107467.0,106710.0,12300.0
3001924,107467.0,106710.0,13200.0
3001925,98067.0,102481.0,14100.0
3001926,98067.0,103414.0,14100.0
3001927,98067.0,102481.0,11400.0
3001928,98067.0,103414.0,11400.0
3001929,98067.0,102481.0,12300.0
3001930,98067.0,102481.0,13200.0
3001931,98067.0,103414.0,12300.0
3001932,98067.0,103414.0,13200.0
3001933,98067.0,105281.0,14100.0
3001934,98067.0,106214.0,14100.0
3001935,98067.0,105281.0,11400.0
3001936,98067.0,106214.0,11400.0
3001937,98067.0,105281.0,12300.0
3001938,98067.0,105281.0,13200.0
3001939,98067.0,106214.0,12300.0
3001940,98067.0,106214.0,13200.0
3001941,104867.0,114248.0,14100.0
3001942,104867.0,114248.0,11400.0
3001943,104867.0,114248.0,12300.0
3001944,104867.0,114248.0,13200.0
3001945,98067.0,99381.0,14100.0
3001946,98067.0,100214.0,14100.0
3001947,98067.0,99381.0,11400.0
3001948,98067.0,100214.0,11400.0
3001949,98067.0,99381.0,12300.0
3001950,98067.0,99381.0,13200.0
3001951,98067.0,100214.0,12300.0
3001952,98067.0,100214.0,13200.0
3001953,61197.0,110448.0,14000.0
3001954,62047.0,110448.0,14000.0
3001955,62897.0,110448.0,14000.0
3001956,61197.0,110448.0,11333.0
3001957,62047.0,110448.0,11333.0
3001958,62897.0,110448.0,11333.0
3001959,61197.0,110448.0,12166.0
3001960,61197.0,110448.0,13000.0
3001961,62897.0,110448.0,12166.0
3001962,62897.0,110448.0,13000.0
3001963,62047.0,110448.0,12166.0
3001964,62047.0,110448.0,13000.0
3001965,24217.0,113842.0,15000.0
3001966,24217.0,112888.0,15000.0
3001967,24217.0,111942.0,15000.0
3001968,24217.0,110977.0,15000.0
3001969,24217.0,109999.0,15000.0
3001970,24217.0,109011.0,15000.0
3001971,24217.0,108071.0,15000.0
3001972,25167.0,113929.0,15000.0
3001973,25167.0,113007.0,15000.0
3001974,25167.0,112066.0,15000.0
3001975,25167.0,111102.0,15000.0
3001976,25167.0,110119.0,15000.0
3001977,25167.0,109126.0,15000.0
3001978,25167.0,108135.0,15000.0
3001979,26117.0,114015.0,15000.0
3001980,26117.0,113157.0,15000.0
3001981,26117.0,112223.0,15000.0
3001982,26117.0,111253.0,15000.0
3001983,26117.0,110256.0,15000.0
3001984,26117.0,109228.0,15000.0
3001985,26117.0,108189.0,15000.0
3001986,27767.0,114148.0,15000.0
3001987,29267.0,114148.0,15000.0
3001988,17833.0,112807.0,15000.0
3001989,17803.0,111978.0,15000.0
3001990,17814.0,109560.0,15000.0
3001991,17803.0,110360.0,15000.0
3001992,17797.0,111175.0,15000.0
3001993,18747.0,110499.0,15000.0
3001994,18711.0,111308.0,15000.0
3001995,18758.0,109644.0,15000.0
3001996,18725.0,111989.0,15000.0
3001997,18796.0,112799.0,15000.0
3001998,19605.0,111720.0,15000.0
3001999,19687.0,110724.0,15000.0
3002000,19711.0,109759.0,15000.0
3002001,19736.0,112715.0,15000.0
3002002,17727.0,107952.0,15000.0
3002003,18522.0,107951.0,15000.0
3002004,19173.0,107945.0,15000.0
3002005,19928.0,107945.0,15000.0
3002006,21533.0,107964.0,15000.0
3002007,22400.0,107968.0,15000.0
3002008,24217.0,106235.0,15000.0
3002009,24217.0,105296.0,15000.0
3002010,25167.0,106224.0,15000.0
3002011,25167.0,105289.0,15000.0
3002012,26117.0,106235.0,15000.0
3002013,26117.0,105296.0,15000.0
3002014,17733.0,100214.0,15000.0
3002015,17704.0,99381.0,15000.0
3002016,18596.0,100214.0,15000.0
3002017,18559.0,99381.0,15000.0
3002018,24217.0,103414.0,15000.0
3002019,24217.0,102481.0,15000.0
3002020,25167.0,103414.0,15000.0
3002021,25167.0,102481.0,15000.0
3002022,26117.0,103414.0,15000.0
3002023,26117.0,102481.0,15000.0
3002024,24217.0,100556.0,15000.0
3002025,24217.0,99559.0,15000.0
3002026,25167.0,100552.0,15000.0
3002027,25167.0,99553.0,15000.0
3002028,26117.0,100556.0,15000.0
3002029,26117.0,99559.0,15000.0
3002030,53835.0,107943.0,15000.0
3002031,54736.0,107923.0,15000.0
3002032,55602.0,107903.0,15000.0
3002033,109538.0,100214.0,15000.0
3002034,109574.0,99381.0,15000.0
3002035,110401.0,100214.0,15000.0
3002036,110429.0,99381.0,15000.0
3002037,98867.0,114148.0,15000.0
3002038,100367.0,114148.0,15000.0
3002039,108372.0,112745.0,15000.0
3002040,108436.0,111814.0,15000.0
3002041,108445.0,109786.0,15000.0
3002042,108536.0,110807.0,15000.0
3002043,109424.0,111113.0,15000.0
3002044,109371.0,111930.0,15000.0
3002045,109425.0,110435.0,15000.0
3002046,109388.0,109627.0,15000.0
3002047,109326.0,112783.0,15000.0
3002048,110341.0,110329.0,15000.0
3002049,110337.0,111124.0,15000.0
3002050,110328.0,109547.0,15000.0
3002051,110293.0,112795.0,15000.0
3002052,110320.0,111948.0,15000.0
3002053,102017.0,100556.0,15000.0
3002054,102017.0,99559.0,15000.0
3002055,102967.0,100552.0,15000.0
3002056,102967.0,99553.0,15000.0
3002057,103917.0,100556.0,15000.0
3002058,103917.0,99559.0,15000.0
3002059,108205.0,107945.0,15000.0
3002060,108960.0,107945.0,15000.0
3002061,109611.0,107951.0,15000.0
3002062,110406.0,107952.0,15000.0
3002063,102017.0,106235.0,15000.0
3002064,102017.0,105296.0,15000.0
3002065,102967.0,106224.0,15000.0
3002066,102967.0,105289.0,15000.0
3002067,103917.0,106235.0,15000.0
3002068,103917.0,105296.0,15000.0
3002069,102017.0,114015.0,15000.0
3002070,102017.0,113157.0,15000.0
3002071,102017.0,112223.0,15000.0
3002072,102017.0,111253.0,15000.0
3002073,102017.0,110256.0,15000.0
3002074,102017.0,109228.0,15000.0
3002075,102017.0,108189.0,15000.0
3002076,102967.0,113929.0,15000.0
3002077,102967.0,113007.0,15000.0
3002078,102967.0,112066.0,15000.0
3002079,102967.0,111102.0,15000.0
3002080,102967.0,110119.0,15000.0
3002081,102967.0,109126.0,15000.0
3002082,102967.0,108135.0,15000.0
3002083,103917.0,113842.0,15000.0
3002084,103917.0,112888.0,15000.0
3002085,103917.0,111942.0,15000.0
3002086,103917.0,110977.0,15000.0
3002087,103917.0,109999.0,15000.0
3002088,103917.0,109011.0,15000.0
3002089,103917.0,108071.0,15000.0
3002090,102017.0,103414.0,15000.0
3002091,102017.0,102481.0,15000.0
3002092,102967.0,103414.0,15000.0
3002093,102967.0,102481.0,15000.0
3002094,103917.0,103414.0,15000.0
3002095,103917.0,102481.0,15000.0
3002096,105733.0,107968.0,15000.0
3002097,106600.0,107964.0,15000.0
4000001,23267.0,114848.0,19500.0
4000002,27067.0,114848.0,19500.0
4000003,20667.0,114848.0,19500.0
4000004,30067.0,114848.0,19500.0
4000005,27067.0,113448.0,19500.0
4000006,27067.0,110448.0,19500.0
4000007,30067.0,113448.0,19500.0
4000008,20667.0,111848.0,19500.0
4000009,20667.0,108798.0,19500.0
4000010,23267.0,111848.0,19500.0
4000011,16867.0,108748.0,19500.0
4000012,23267.0,108798.0,19500.0
4000013,16867.0,107148.0,19500.0
4000014,30067.0,107148.0,19500.0
4000015,23267.0,107148.0,19500.0
4000016,20667.0,107123.0,19500.0
4000017,27067.0,107148.0,19500.0
4000018,16867.0,101048.0,19500.0
4000019,17767.0,107148.0,19500.0
4000020,17767.0,101048.0,19500.0
4000021,20667.0,104348.0,19500.0
4000022,23267.0,104348.0,19500.0
4000023,27067.0,104348.0,19500.0
4000024,20667.0,101548.0,19500.0
4000025,20667.0,101048.0,19500.0
4000026,23267.0,101548.0,19500.0
4000027,27067.0,101548.0,19500.0
4000028,20667.0,98548.0,19500.0
4000029,23267.0,98548.0,19500.0
4000030,27067.0,98548.0,19500.0
4000031,16867.0,110198.0,19500.0
4000032,30067.0,110448.0,19500.0
4000033,23267.0,109893.0,19500.0
4000034,28067.0,110448.0,19500.0
4000035,23267.0,106298.0,19500.0
4000036,27067.0,106298.0,19500.0
4000037,20167.0,107098.0,19500.0
4000038,23267.0,99593.0,19500.0
4000039,27067.0,99593.0,19500.0
4000040,18417.0,98548.0,19500.0
4000041,20667.0,113648.0,19500.0
4000042,16867.0,113648.0,19500.0
4000043,19917.0,113648.0,19500.0
4000044,19917.0,114848.0,19500.0
4000045,17867.0,113648.0,19500.0
4000046,17867.0,114848.0,19500.0
4000047,28467.0,113448.0,19500.0
4000048,28467.0,114848.0,19500.0
4000049,19467.0,98548.0,19500.0
4000050,19467.0,101048.0,19500.0
4000051,17767.0,103698.0,19500.0
4000052,16867.0,103698.0,19500.0
4000053,20667.0,106298.0,19500.0
4000054,23267.0,113648.0,19500.0
4000055,20667.0,109893.0,19500.0
4000056,4867.0,114848.0,19500.0
4000057,4867.0,106698.0,19500.0
4000058,4867.0,98548.0,19500.0
4000059,4867.0,87098.0,19500.0
4000060,4867.0,126298.0,19500.0
4000061,9467.0,126348.0,19500.0
4000062,13067.0,126348.0,19500.0
4000063,124067.0,114848.0,19500.0
4000064,124067.0,106698.0,19500.0
4000065,124067.0,98548.0,19500.0
4000066,124067.0,87098.0,19500.0
4000067,124067.0,126298.0,19500.0
4000068,30067.0,98548.0,19500.0
4000069,30067.0,104348.0,19500.0
4000070,30067.0,101548.0,19500.0
4000071,13067.0,87048.0,19500.0
4000072,9467.0,87048.0,19500.0
4000073,63747.0,110448.0,19500.0
4000074,60347.0,101048.0,19500.0
4000075,60347.0,107048.0,19500.0
4000076,63747.0,107148.0,19500.0
4000077,52947.0,114848.0,19500.0
4000078,56347.0,108748.0,19500.0
4000079,52947.0,103698.0,19500.0
4000080,53847.0,103698.0,19500.0
4000081,54497.0,98548.0,19500.0
4000082,56347.0,110448.0,19500.0
4000083,52947.0,110198.0,19500.0
4000084,56347.0,113448.0,19500.0
4000085,52947.0,101048.0,19500.0
4000086,53847.0,101048.0,19500.0
4000087,53847.0,107148.0,19500.0
4000088,52947.0,107148.0,19500.0
4000089,56347.0,107048.0,19500.0
4000090,52947.0,108748.0,19500.0
4000091,56347.0,101548.0,19500.0
4000092,55947.0,107048.0,19500.0
4000093,56347.0,106298.0,19500.0
4000094,60347.0,110448.0,19500.0
4000095,56347.0,104348.0,19500.0
4000096,56347.0,101048.0,19500.0
4000097,63747.0,101048.0,19500.0
4000098,52947.0,98548.0,19500.0
4000099,60347.0,104348.0,19500.0
4000100,119800.0,87048.0,19500.0
4000101,115533.0,87048.0,19500.0
4000102,111267.0,103698.0,19500.0
4000103,110367.0,103698.0,19500.0
4000104,108667.0,101048.0,19500.0
4000105,108667.0,98548.0,19500.0
4000106,99667.0,114848.0,19500.0
4000107,99667.0,113448.0,19500.0
4000108,110267.0,114848.0,19500.0
4000109,110267.0,113648.0,19500.0
4000110,108217.0,114848.0,19500.0
4000111,108217.0,113648.0,19500.0
4000112,111267.0,113648.0,19500.0
4000113,107467.0,113648.0,19500.0
4000114,109717.0,98548.0,19500.0
4000115,101067.0,99593.0,19500.0
4000116,104867.0,99593.0,19500.0
4000117,107967.0,107098.0,19500.0
4000118,101067.0,106298.0,19500.0
4000119,104867.0,106298.0,19500.0
4000120,100067.0,110448.0,19500.0
4000121,104867.0,109893.0,19500.0
4000122,98067.0,110448.0,19500.0
4000123,111267.0,110198.0,19500.0
4000124,101067.0,98548.0,19500.0
4000125,104867.0,98548.0,19500.0
4000126,107467.0,98548.0,19500.0
4000127,101067.0,101548.0,19500.0
4000128,104867.0,101548.0,19500.0
4000129,107467.0,101048.0,19500.0
4000130,107467.0,101548.0,19500.0
4000131,101067.0,104348.0,19500.0
4000132,104867.0,104348.0,19500.0
4000133,107467.0,104348.0,19500.0
4000134,110367.0,101048.0,19500.0
4000135,110367.0,107148.0,19500.0
4000136,111267.0,101048.0,19500.0
4000137,101067.0,107148.0,19500.0
4000138,107467.0,107123.0,19500.0
4000139,104867.0,107148.0,19500.0
4000140,98067.0,107148.0,19500.0
4000141,111267.0,107148.0,19500.0
4000142,104867.0,108798.0,19500.0
4000143,111267.0,108748.0,19500.0
4000144,104867.0,111848.0,19500.0
4000145,107467.0,108798.0,19500.0
4000146,107467.0,111848.0,19500.0
4000147,98067.0,113448.0,19500.0
4000148,101067.0,110448.0,19500.0
4000149,101067.0,113448.0,19500.0
4000150,98067.0,114848.0,19500.0
4000151,107467.0,114848.0,19500.0
4000152,101067.0,114848.0,19500.0
4000153,104867.0,114848.0,19500.0
4000154,107467.0,106298.0,19500.0
4000155,98067.0,101548.0,19500.0
4000156,98067.0,104348.0,19500.0
4000157,107467.0,109893.0,19500.0
4000158,104867.0,113648.0,19500.0
4000159,98067.0,101048.0,19500.0
4000160,98067.0,98548.0,19500.0
4000161,63747.0,98548.0,19500.0
4000162,56347.0,98548.0,19500.0
4000163,56347.0,114848.0,19500.0
4000164,63747.0,114848.0,19500.0
4000165,60347.0,114848.0,19500.0
4000166,60347.0,98548.0,19500.0
4000167,16867.0,87098.0,19500.0
4000168,16867.0,126298.0,19500.0
4000169,30067.0,87098.0,19500.0
4000170,30067.0,126298.0,19500.0
4000171,16867.0,98548.0,19500.0
4000172,16867.0,114848.0,19500.0
4000173,16867.0,106698.0,19500.0
4000174,111267.0,126298.0,19500.0
4000175,111267.0,87098.0,19500.0
4000176,98067.0,87098.0,19500.0
4000177,98067.0,126298.0,19500.0
4000178,111267.0,106698.0,19500.0
4000179,111267.0,114848.0,19500.0
4000180,111267.0,98548.0,19500.0
4000181,41507.0,126298.0,19500.0
4000182,41507.0,87098.0,19500.0
4000183,52947.0,87098.0,19500.0
4000184,52947.0,126298.0,19500.0
4000185,75187.0,126298.0,19500.0
4000186,75187.0,87098.0,19500.0
4000187,86627.0,87098.0,19500.0
4000188,86627.0,126298.0,19500.0
4000189,30067.0,106698.0,19500.0
4000190,52947.0,106698.0,19500.0
4000191,63747.0,106698.0,19500.0
4000192,98067.0,106698.0,19500.0
4000193,13067.0,98548.0,19500.0
4000194,9467.0,98548.0,19500.0
4000195,13067.0,106698.0,19500.0
4000196,9467.0,106698.0,19500.0
4000197,13067.0,114848.0,19500.0
4000198,9467.0,114848.0,19500.0
4000199,92347.0,126348.0,19500.0
4000200,92347.0,87048.0,19500.0
4000201,80907.0,126348.0,19500.0
4000202,80907.0,87048.0,19500.0
4000203,69442.0,126348.0,19500.0
4000204,69442.0,87048.0,19500.0
4000205,58347.0,98548.0,19500.0
4000206,58347.0,87048.0,19500.0
4000207,58347.0,114848.0,19500.0
4000208,58347.0,126348.0,19500.0
4000209,47227.0,126348.0,19500.0
4000210,47227.0,87048.0,19500.0
4000211,35787.0,126348.0,19500.0
4000212,35787.0,87048.0,19500.0
4000213,25167.0,114848.0,19500.0
4000214,25167.0,126348.0,19500.0
4000215,25167.0,87048.0,19500.0
4000216,20667.0,87048.0,19500.0
4000217,20667.0,126348.0,19500.0
4000218,25167.0,98548.0,19500.0
4000219,47227.0,106698.0,19500.0
4000220,35787.0,106698.0,19500.0
4000221,41507.0,106698.0,19500.0
4000222,92347.0,106698.0,19500.0
4000223,86627.0,106698.0,19500.0
4000224,80907.0,106698.0,19500.0
4000225,69442.0,106698.0,19500.0
4000226,75187.0,106698.0,19500.0
4000227,47227.0,98548.0,19500.0
4000228,35787.0,98548.0,19500.0
4000229,41507.0,98548.0,19500.0
4000230,92347.0,98548.0,19500.0
4000231,86627.0,98548.0,19500.0
4000232,80907.0,98548.0,19500.0
4000233,69442.0,98548.0,19500.0
4000234,75187.0,98548.0,19500.0
4000235,47227.0,114848.0,19500.0
4000236,35787.0,114848.0,19500.0
4000237,41507.0,114848.0,19500.0
4000238,92347.0,114848.0,19500.0
4000239,86627.0,114848.0,19500.0
4000240,80907.0,114848.0,19500.0
4000241,69442.0,114848.0,19500.0
4000242,75187.0,114848.0,19500.0
4000243,119800.0,126348.0,19500.0
4000244,115533.0,126348.0,19500.0
4000245,102967.0,98548.0,19500.0
4000246,102967.0,87048.0,19500.0
4000247,102967.0,114848.0,19500.0
4000248,102967.0,126348.0,19500.0
4000249,107467.0,126348.0,19500.0
4000250,107467.0,87048.0,19500.0
4000251,119800.0,106698.0,19500.0
4000252,115533.0,106698.0,19500.0
4000253,119800.0,98548.0,19500.0
4000254,115533.0,98548.0,19500.0
4000255,119800.0,114848.0,19500.0
4000256,115533.0,114848.0,19500.0
4000257,63747.0,87098.0,19500.0
4000258,63747.0,126298.0,19500.0
4000259,30067.0,101048.0,19500.0
4000260,27067.0,113448.0,18900.0
4000261,27067.0,114848.0,18900.0
4000262,20667.0,107123.0,18900.0
4000263,20667.0,108798.0,18900.0
4000264,28067.0,110448.0,18900.0
4000265,30067.0,110448.0,18900.0
4000266,23267.0,107148.0,18900.0
4000267,23267.0,108798.0,18900.0
4000268,17767.0,107148.0,18800.0
4000269,20167.0,107098.0,18800.0
4000270,18417.0,98548.0,18750.0
4000271,19467.0,98548.0,18750.0
4000272,28467.0,113448.0,18900.0
4000273,30067.0,113448.0,18900.0
4000274,20667.0,98548.0,18750.0
4000275,56347.0,113448.0,18800.0
4000276,56347.0,114848.0,18800.0
4000277,53847.0,107148.0,18800.0
4000278,55947.0,107048.0,18800.0
4000279,54497.0,98548.0,18750.0
4000280,56347.0,98548.0,18750.0
4000281,107467.0,98548.0,18750.0
4000282,108667.0,98548.0,18750.0
4000283,98067.0,113448.0,18900.0
4000284,99667.0,113448.0,18900.0
4000285,107967.0,107098.0,18800.0
4000286,110367.0,107148.0,18800.0
4000287,104867.0,107148.0,18900.0
4000288,104867.0,108798.0,18900.0
4000289,107467.0,107123.0,18900.0
4000290,107467.0,108798.0,18900.0
4000291,101067.0,113448.0,18900.0
4000292,101067.0,114848.0,18900.0
4000293,98067.0,110448.0,18900.0
4000294,100067.0,110448.0,18900.0
4000295,109717.0,98548.0,18750.0
4000296,17367.0,114848.0,19500.0
4000297,21533.0,114848.0,19500.0
4000298,22400.0,114848.0,19500.0
4000299,27767.0,114848.0,19500.0
4000300,16867.0,111060.0,19500.0
4000301,16867.0,111923.0,19500.0
4000302,16867.0,112785.0,19500.0
4000303,27067.0,113798.0,19500.0
4000304,27067.0,114148.0,19500.0
4000305,27067.0,114498.0,19500.0
4000306,30067.0,114148.0,19500.0
4000307,27067.0,111448.0,19500.0
4000308,27067.0,112448.0,19500.0
4000309,27767.0,113448.0,19500.0
4000310,27567.0,110448.0,19500.0
4000311,30067.0,111448.0,19500.0
4000312,30067.0,112448.0,19500.0
4000313,20667.0,109345.0,19500.0
4000314,20667.0,107541.0,19500.0
4000315,20667.0,107960.0,19500.0
4000316,20667.0,108379.0,19500.0
4000317,21533.0,108798.0,19500.0
4000318,22400.0,108798.0,19500.0
4000319,23267.0,109345.0,19500.0
4000320,28567.0,110448.0,19500.0
4000321,29067.0,110448.0,19500.0
4000322,29567.0,110448.0,19500.0
4000323,23267.0,107560.0,19500.0
4000324,23267.0,107973.0,19500.0
4000325,23267.0,108385.0,19500.0
4000326,17317.0,107148.0,19500.0
4000327,21533.0,107131.0,19500.0
4000328,22400.0,107139.0,19500.0
4000329,23267.0,106723.0,19500.0
4000330,27067.0,106723.0,19500.0
4000331,28067.0,107148.0,19500.0
4000332,29067.0,107148.0,19500.0
4000333,16867.0,101931.0,19500.0
4000334,16867.0,102814.0,19500.0
4000335,16867.0,99381.0,19500.0
4000336,16867.0,100214.0,19500.0
4000337,17317.0,101048.0,19500.0
4000338,18167.0,107139.0,19500.0
4000339,18567.0,107131.0,19500.0
4000340,18967.0,107123.0,19500.0
4000341,19367.0,107114.0,19500.0
4000342,19767.0,107106.0,19500.0
4000343,18617.0,101048.0,19500.0
4000344,20667.0,99381.0,19500.0
4000345,20667.0,100214.0,19500.0
4000346,17642.0,98548.0,19500.0
4000347,18942.0,98548.0,19500.0
4000348,21533.0,98548.0,19500.0
4000349,22400.0,98548.0,19500.0
4000350,23267.0,99070.0,19500.0
4000351,27067.0,99070.0,19500.0
4000352,28067.0,98548.0,19500.0
4000353,29067.0,98548.0,19500.0
4000354,16867.0,114248.0,19500.0
4000355,20667.0,114248.0,19500.0
4000356,20292.0,114848.0,19500.0
4000357,18142.0,114848.0,19500.0
4000358,18642.0,114848.0,19500.0
4000359,19142.0,114848.0,19500.0
4000360,19642.0,114848.0,19500.0
4000361,29267.0,114848.0,19500.0
4000362,28867.0,113448.0,19500.0
4000363,29267.0,113448.0,19500.0
4000364,29667.0,113448.0,19500.0
4000365,20067.0,101048.0,19500.0
4000366,20067.0,98548.0,19500.0
4000367,16867.0,104698.0,19500.0
4000368,16867.0,105698.0,19500.0
4000369,20667.0,106710.0,19500.0
4000370,23267.0,114248.0,19500.0
4000371,30067.0,105281.0,19500.0
4000372,30067.0,106214.0,19500.0
4000373,30067.0,102481.0,19500.0
4000374,30067.0,103414.0,19500.0
4000375,60347.0,101873.0,19500.0
4000376,60347.0,102698.0,19500.0
4000377,60347.0,103523.0,19500.0
4000378,63747.0,111328.0,19500.0
4000379,63747.0,112208.0,19500.0
4000380,63747.0,113088.0,19500.0
4000381,63747.0,113968.0,19500.0
4000382,61022.0,114848.0,19500.0
4000383,61697.0,114848.0,19500.0
4000384,62197.0,114848.0,19500.0
4000385,62697.0,114848.0,19500.0
4000386,63197.0,114848.0,19500.0
4000387,52947.0,104560.0,19500.0
4000388,52947.0,105423.0,19500.0
4000389,52947.0,106285.0,19500.0
4000390,53722.0,98548.0,19500.0
4000391,52947.0,99381.0,19500.0
4000392,52947.0,100214.0,19500.0
4000393,52947.0,101931.0,19500.0
4000394,52947.0,102814.0,19500.0
4000395,53397.0,101048.0,19500.0
4000396,53397.0,107148.0,19500.0
4000397,56347.0,111328.0,19500.0
4000398,56347.0,112208.0,19500.0
4000399,56347.0,113088.0,19500.0
4000400,56347.0,113798.0,19500.0
4000401,56347.0,114148.0,19500.0
4000402,56347.0,114498.0,19500.0
4000403,52947.0,111128.0,19500.0
4000404,52947.0,112058.0,19500.0
4000405,52947.0,112988.0,19500.0
4000406,52947.0,113918.0,19500.0
4000407,53622.0,114848.0,19500.0
4000408,54297.0,114848.0,19500.0
4000409,54797.0,114848.0,19500.0
4000410,55297.0,114848.0,19500.0
4000411,55797.0,114848.0,19500.0
4000412,54372.0,107123.0,19500.0
4000413,54897.0,107098.0,19500.0
4000414,55422.0,107073.0,19500.0
4000415,56347.0,106673.0,19500.0
4000416,56347.0,99381.0,19500.0
4000417,56347.0,100214.0,19500.0
4000418,54959.0,98548.0,19500.0
4000419,55422.0,98548.0,19500.0
4000420,55884.0,98548.0,19500.0
4000421,63747.0,102064.0,19500.0
4000422,63747.0,103081.0,19500.0
4000423,63747.0,104098.0,19500.0
4000424,63747.0,105114.0,19500.0
4000425,63747.0,106131.0,19500.0
4000426,63747.0,99381.0,19500.0
4000427,63747.0,100214.0,19500.0
4000428,54680.0,101048.0,19500.0
4000429,55513.0,101048.0,19500.0
4000430,60822.0,98548.0,19500.0
4000431,61297.0,98548.0,19500.0
4000432,61797.0,98548.0,19500.0
4000433,62297.0,98548.0,19500.0
4000434,62797.0,98548.0,19500.0
4000435,63272.0,98548.0,19500.0
4000436,61197.0,101048.0,19500.0
4000437,62047.0,101048.0,19500.0
4000438,62897.0,101048.0,19500.0
4000439,111267.0,104698.0,19500.0
4000440,111267.0,105698.0,19500.0
4000441,108067.0,98548.0,19500.0
4000442,108067.0,101048.0,19500.0
4000443,98467.0,113448.0,19500.0
4000444,98867.0,113448.0,19500.0
4000445,99267.0,113448.0,19500.0
4000446,98867.0,114848.0,19500.0
4000447,108492.0,114848.0,19500.0
4000448,108992.0,114848.0,19500.0
4000449,109492.0,114848.0,19500.0
4000450,109992.0,114848.0,19500.0
4000451,107842.0,114848.0,19500.0
4000452,107467.0,114248.0,19500.0
4000453,111267.0,114248.0,19500.0
4000454,110767.0,114848.0,19500.0
4000455,110492.0,98548.0,19500.0
4000456,99067.0,98548.0,19500.0
4000457,100067.0,98548.0,19500.0
4000458,105733.0,98548.0,19500.0
4000459,106600.0,98548.0,19500.0
4000460,101067.0,99070.0,19500.0
4000461,104867.0,99070.0,19500.0
4000462,107467.0,99381.0,19500.0
4000463,107467.0,100214.0,19500.0
4000464,109517.0,101048.0,19500.0
4000465,108367.0,107106.0,19500.0
4000466,108767.0,107114.0,19500.0
4000467,109167.0,107123.0,19500.0
4000468,109567.0,107131.0,19500.0
4000469,109967.0,107139.0,19500.0
4000470,110817.0,101048.0,19500.0
4000471,111267.0,99381.0,19500.0
4000472,111267.0,100214.0,19500.0
4000473,111267.0,101931.0,19500.0
4000474,111267.0,102814.0,19500.0
4000475,99067.0,107148.0,19500.0
4000476,100067.0,107148.0,19500.0
4000477,101067.0,106723.0,19500.0
4000478,104867.0,106723.0,19500.0
4000479,105733.0,107139.0,19500.0
4000480,106600.0,107131.0,19500.0
4000481,110817.0,107148.0,19500.0
4000482,104867.0,107560.0,19500.0
4000483,104867.0,107973.0,19500.0
4000484,104867.0,108385.0,19500.0
4000485,104867.0,109345.0,19500.0
4000486,105733.0,108798.0,19500.0
4000487,106600.0,108798.0,19500.0
4000488,107467.0,107541.0,19500.0
4000489,107467.0,107960.0,19500.0
4000490,107467.0,108379.0,19500.0
4000491,107467.0,109345.0,19500.0
4000492,98067.0,111448.0,19500.0
4000493,98067.0,112448.0,19500.0
4000494,100567.0,110448.0,19500.0
4000495,100367.0,113448.0,19500.0
4000496,101067.0,111448.0,19500.0
4000497,101067.0,112448.0,19500.0
4000498,98067.0,114148.0,19500.0
4000499,101067.0,113798.0,19500.0
4000500,101067.0,114148.0,19500.0
4000501,101067.0,114498.0,19500.0
4000502,111267.0,111060.0,19500.0
4000503,111267.0,111923.0,19500.0
4000504,111267.0,112785.0,19500.0
4000505,100367.0,114848.0,19500.0
4000506,105733.0,114848.0,19500.0
4000507,106600.0,114848.0,19500.0
4000508,107467.0,106710.0,19500.0
4000509,98067.0,102481.0,19500.0
4000510,98067.0,103414.0,19500.0
4000511,98067.0,105281.0,19500.0
4000512,98067.0,106214.0,19500.0
4000513,104867.0,114248.0,19500.0
4000514,98067.0,99381.0,19500.0
4000515,98067.0,100214.0,19500.0
4000516,98567.0,110448.0,19500.0
4000517,99067.0,110448.0,19500.0
4000518,99567.0,110448.0,19500.0
4000519,109192.0,98548.0,19500.0
4000520,61197.0,110448.0,19500.0
4000521,62047.0,110448.0,19500.0
4000522,62897.0,110448.0,19500.0
4000523,16867.0,114848.0,18500.0
4000524,16867.0,114848.0,17500.0
4000525,16867.0,114848.0,16666.0
4000526,16867.0,114848.0,15833.0
4000527,17867.0,114848.0,18500.0
4000528,17867.0,114848.0,17500.0
4000529,17867.0,114848.0,16666.0
4000530,17867.0,114848.0,15833.0
4000531,20667.0,114848.0,18500.0
4000532,20667.0,114848.0,17500.0
4000533,20667.0,114848.0,16666.0
4000534,20667.0,114848.0,15833.0
4000535,23267.0,114848.0,18550.0
4000536,23267.0,114848.0,17600.0
4000537,23267.0,114848.0,16733.0
4000538,23267.0,114848.0,15866.0
4000539,28467.0,114848.0,18600.0
4000540,28467.0,114848.0,17700.0
4000541,28467.0,114848.0,16800.0
4000542,28467.0,114848.0,15900.0
4000543,27067.0,110448.0,18600.0
4000544,27067.0,110448.0,17700.0
4000545,27067.0,110448.0,16800.0
4000546,27067.0,110448.0,15900.0
4000547,20667.0,109893.0,18600.0
4000548,20667.0,109893.0,17700.0
4000549,20667.0,109893.0,16800.0
4000550,20667.0,109893.0,15900.0
4000551,16867.0,110198.0,18500.0
4000552,16867.0,110198.0,17500.0
4000553,16867.0,110198.0,16666.0
4000554,16867.0,110198.0,15833.0
4000555,16867.0,113648.0,18500.0
4000556,16867.0,113648.0,17500.0
4000557,16867.0,113648.0,16666.0
4000558,16867.0,113648.0,15833.0
4000559,23267.0,109893.0,18600.0
4000560,23267.0,109893.0,17700.0
4000561,23267.0,109893.0,16800.0
4000562,23267.0,109893.0,15900.0
4000563,16867.0,106698.0,18600.0
4000564,16867.0,106698.0,17700.0
4000565,16867.0,106698.0,16800.0
4000566,16867.0,106698.0,15900.0
4000567,16867.0,107148.0,18600.0
4000568,16867.0,107148.0,17700.0
4000569,16867.0,107148.0,16800.0
4000570,16867.0,107148.0,15900.0
4000571,23267.0,106298.0,18600.0
4000572,23267.0,106298.0,17700.0
4000573,23267.0,106298.0,16800.0
4000574,23267.0,106298.0,15900.0
4000575,27067.0,106298.0,18600.0
4000576,27067.0,106298.0,17700.0
4000577,27067.0,106298.0,16800.0
4000578,27067.0,106298.0,15900.0
4000579,27067.0,107148.0,18600.0
4000580,27067.0,107148.0,17700.0
4000581,27067.0,107148.0,16800.0
4000582,27067.0,107148.0,15900.0
4000583,16867.0,101048.0,18600.0
4000584,16867.0,101048.0,17700.0
4000585,16867.0,101048.0,16800.0
4000586,16867.0,101048.0,15900.0
4000587,16867.0,103698.0,18600.0
4000588,16867.0,103698.0,17700.0
4000589,16867.0,103698.0,16800.0
4000590,16867.0,103698.0,15900.0
4000591,16867.0,98548.0,18600.0
4000592,16867.0,98548.0,17700.0
4000593,16867.0,98548.0,16800.0
4000594,16867.0,98548.0,15900.0
4000595,17767.0,101048.0,18600.0
4000596,17767.0,101048.0,17700.0
4000597,17767.0,101048.0,16800.0
4000598,17767.0,101048.0,15900.0
4000599,19467.0,101048.0,18600.0
4000600,19467.0,101048.0,17700.0
4000601,19467.0,101048.0,16800.0
4000602,19467.0,101048.0,15900.0
4000603,20667.0,101048.0,18600.0
4000604,20667.0,101048.0,17700.0
4000605,20667.0,101048.0,16800.0
4000606,20667.0,101048.0,15900.0
4000607,23267.0,98548.0,18600.0
4000608,23267.0,98548.0,17700.0
4000609,23267.0,98548.0,16800.0
4000610,23267.0,98548.0,15900.0
4000611,23267.0,99593.0,18600.0
4000612,23267.0,99593.0,17700.0
4000613,23267.0,99593.0,16800.0
4000614,23267.0,99593.0,15900.0
4000615,27067.0,98548.0,18600.0
4000616,27067.0,98548.0,17700.0
4000617,27067.0,98548.0,16800.0
4000618,27067.0,98548.0,15900.0
4000619,27067.0,99593.0,18600.0
4000620,27067.0,99593.0,17700.0
4000621,27067.0,99593.0,16800.0
4000622,27067.0,99593.0,15900.0
4000623,30067.0,98548.0,18600.0
4000624,30067.0,98548.0,17700.0
4000625,30067.0,98548.0,16800.0
4000626,30067.0,98548.0,15900.0
4000627,19917.0,114848.0,18500.0
4000628,19917.0,114848.0,17500.0
4000629,19917.0,114848.0,16666.0
4000630,19917.0,114848.0,15833.0
4000631,30067.0,114848.0,18600.0
4000632,30067.0,114848.0,17700.0
4000633,30067.0,114848.0,16800.0
4000634,30067.0,114848.0,15900.0
4000635,20667.0,106298.0,18600.0
4000636,20667.0,106298.0,17700.0
4000637,20667.0,106298.0,16800.0
4000638,20667.0,106298.0,15900.0
4000639,20667.0,113648.0,18500.0
4000640,20667.0,113648.0,17500.0
4000641,20667.0,113648.0,16666.0
4000642,20667.0,113648.0,15833.0
4000643,23267.0,113648.0,18600.0
4000644,23267.0,113648.0,17700.0
4000645,23267.0,113648.0,16800.0
4000646,23267.0,113648.0,15900.0
4000647,20667.0,101548.0,18600.0
4000648,20667.0,101548.0,17700.0
4000649,20667.0,101548.0,16800.0
4000650,20667.0,101548.0,15900.0
4000651,30067.0,107148.0,18600.0
4000652,30067.0,107148.0,17700.0
4000653,30067.0,107148.0,16800.0
4000654,30067.0,107148.0,15900.0
4000655,30067.0,104348.0,18600.0
4000656,30067.0,104348.0,17700.0
4000657,30067.0,104348.0,16800.0
4000658,30067.0,104348.0,15900.0
4000659,30067.0,106698.0,18600.0
4000660,30067.0,106698.0,17700.0
4000661,30067.0,106698.0,16800.0
4000662,30067.0,106698.0,15900.0
4000663,30067.0,101548.0,18600.0
4000664,30067.0,101548.0,17700.0
4000665,30067.0,101548.0,16800.0
4000666,30067.0,101548.0,15900.0
4000667,60347.0,101048.0,18500.0
4000668,60347.0,101048.0,17500.0
4000669,60347.0,101048.0,16666.0
4000670,60347.0,101048.0,15833.0
4000671,60347.0,104348.0,18500.0
4000672,60347.0,104348.0,17500.0
4000673,60347.0,104348.0,16666.0
4000674,60347.0,104348.0,15833.0
4000675,63747.0,110448.0,18500.0
4000676,63747.0,110448.0,17500.0
4000677,63747.0,110448.0,16666.0
4000678,63747.0,110448.0,15833.0
4000679,63747.0,114848.0,18500.0
4000680,63747.0,114848.0,17500.0
4000681,63747.0,114848.0,16666.0
4000682,63747.0,114848.0,15833.0
4000683,60347.0,114848.0,18500.0
4000684,60347.0,114848.0,17500.0
4000685,60347.0,114848.0,16666.0
4000686,60347.0,114848.0,15833.0
4000687,52947.0,103698.0,18600.0
4000688,52947.0,103698.0,17700.0
4000689,52947.0,103698.0,16800.0
4000690,52947.0,103698.0,15900.0
4000691,52947.0,106698.0,18600.0
4000692,52947.0,106698.0,17700.0
4000693,52947.0,106698.0,16800.0
4000694,52947.0,106698.0,15900.0
4000695,52947.0,98548.0,18600.0
4000696,52947.0,98548.0,17700.0
4000697,52947.0,98548.0,16800.0
4000698,52947.0,98548.0,15900.0
4000699,52947.0,101048.0,18600.0
4000700,52947.0,101048.0,17700.0
4000701,52947.0,101048.0,16800.0
4000702,52947.0,101048.0,15900.0
4000703,53847.0,101048.0,18600.0
4000704,53847.0,101048.0,17700.0
4000705,53847.0,101048.0,16800.0
4000706,53847.0,101048.0,15900.0
4000707,52947.0,107148.0,18600.0
4000708,52947.0,107148.0,17700.0
4000709,52947.0,107148.0,16800.0
4000710,52947.0,107148.0,15900.0
4000711,56347.0,107048.0,18600.0
4000712,56347.0,107048.0,17700.0
4000713,56347.0,107048.0,16800.0
4000714,56347.0,107048.0,15900.0
4000715,56347.0,110448.0,18600.0
4000716,56347.0,110448.0,17700.0
4000717,56347.0,110448.0,16800.0
4000718,56347.0,110448.0,15900.0
4000719,52947.0,110198.0,18500.0
4000720,52947.0,110198.0,17500.0
4000721,52947.0,110198.0,16666.0
4000722,52947.0,110198.0,15833.0
4000723,52947.0,114848.0,18500.0
4000724,52947.0,114848.0,17500.0
4000725,52947.0,114848.0,16666.0
4000726,52947.0,114848.0,15833.0
4000727,56347.0,106298.0,18600.0
4000728,56347.0,106298.0,17700.0
4000729,56347.0,106298.0,16800.0
4000730,56347.0,106298.0,15900.0
4000731,56347.0,101048.0,18600.0
4000732,56347.0,101048.0,17700.0
4000733,56347.0,101048.0,16800.0
4000734,56347.0,101048.0,15900.0
4000735,56347.0,101548.0,18600.0
4000736,56347.0,101548.0,17700.0
4000737,56347.0,101548.0,16800.0
4000738,56347.0,101548.0,15900.0
4000739,63747.0,101048.0,18500.0
4000740,63747.0,101048.0,17500.0
4000741,63747.0,101048.0,16666.0
4000742,63747.0,101048.0,15833.0
4000743,63747.0,106698.0,18550.0
4000744,63747.0,106698.0,17600.0
4000745,63747.0,106698.0,16733.0
4000746,63747.0,106698.0,15866.0
4000747,63747.0,98548.0,18500.0
4000748,63747.0,98548.0,17500.0
4000749,63747.0,98548.0,16666.0
4000750,63747.0,98548.0,15833.0
4000751,60347.0,98548.0,18500.0
4000752,60347.0,98548.0,17500.0
4000753,60347.0,98548.0,16666.0
4000754,60347.0,98548.0,15833.0
4000755,111267.0,103698.0,18600.0
4000756,111267.0,103698.0,17700.0
4000757,111267.0,103698.0,16800.0
4000758,111267.0,103698.0,15900.0
4000759,111267.0,106698.0,18600.0
4000760,111267.0,106698.0,17700.0
4000761,111267.0,106698.0,16800.0
4000762,111267.0,106698.0,15900.0
4000763,107467.0,101048.0,18600.0
4000764,107467.0,101048.0,17700.0
4000765,107467.0,101048.0,16800.0
4000766,107467.0,101048.0,15900.0
4000767,108667.0,101048.0,18600.0
4000768,108667.0,101048.0,17700.0
4000769,108667.0,101048.0,16800.0
4000770,108667.0,101048.0,15900.0
4000771,98067.0,114848.0,18600.0
4000772,98067.0,114848.0,17700.0
4000773,98067.0,114848.0,16800.0
4000774,98067.0,114848.0,15900.0
4000775,99667.0,114848.0,18600.0
4000776,99667.0,114848.0,17700.0
4000777,99667.0,114848.0,16800.0
4000778,99667.0,114848.0,15900.0
4000779,108217.0,114848.0,18500.0
4000780,108217.0,114848.0,17500.0
4000781,108217.0,114848.0,16666.0
4000782,108217.0,114848.0,15833.0
4000783,110267.0,114848.0,18500.0
4000784,110267.0,114848.0,17500.0
4000785,110267.0,114848.0,16666.0
4000786,110267.0,114848.0,15833.0
4000787,107467.0,114848.0,18550.0
4000788,107467.0,114848.0,17600.0
4000789,107467.0,114848.0,16733.0
4000790,107467.0,114848.0,15866.0
4000791,107467.0,113648.0,18500.0
4000792,107467.0,113648.0,17500.0
4000793,107467.0,113648.0,16666.0
4000794,107467.0,113648.0,15833.0
4000795,111267.0,113648.0,18600.0
4000796,111267.0,113648.0,17700.0
4000797,111267.0,113648.0,16800.0
4000798,111267.0,113648.0,15900.0
4000799,111267.0,114848.0,18550.0
4000800,111267.0,114848.0,17600.0
4000801,111267.0,114848.0,16733.0
4000802,111267.0,114848.0,15866.0
4000803,111267.0,98548.0,18600.0
4000804,111267.0,98548.0,17700.0
4000805,111267.0,98548.0,16800.0
4000806,111267.0,98548.0,15900.0
4000807,98067.0,98548.0,18600.0
4000808,98067.0,98548.0,17700.0
4000809,98067.0,98548.0,16800.0
4000810,98067.0,98548.0,15900.0
4000811,101067.0,98548.0,18600.0
4000812,101067.0,98548.0,17700.0
4000813,101067.0,98548.0,16800.0
4000814,101067.0,98548.0,15900.0
4000815,104867.0,98548.0,18600.0
4000816,104867.0,98548.0,17700.0
4000817,104867.0,98548.0,16800.0
4000818,104867.0,98548.0,15900.0
4000819,101067.0,99593.0,18600.0
4000820,101067.0,99593.0,17700.0
4000821,101067.0,99593.0,16800.0
4000822,101067.0,99593.0,15900.0
4000823,104867.0,99593.0,18600.0
4000824,104867.0,99593.0,17700.0
4000825,104867.0,99593.0,16800.0
4000826,104867.0,99593.0,15900.0
4000827,107467.0,101548.0,18600.0
4000828,107467.0,101548.0,17700.0
4000829,107467.0,101548.0,16800.0
4000830,107467.0,101548.0,15900.0
4000831,110367.0,101048.0,18600.0
4000832,110367.0,101048.0,17700.0
4000833,110367.0,101048.0,16800.0
4000834,110367.0,101048.0,15900.0
4000835,111267.0,101048.0,18600.0
4000836,111267.0,101048.0,17700.0
4000837,111267.0,101048.0,16800.0
4000838,111267.0,101048.0,15900.0
4000839,98067.0,107148.0,18600.0
4000840,98067.0,107148.0,17700.0
4000841,98067.0,107148.0,16800.0
4000842,98067.0,107148.0,15900.0
4000843,101067.0,107148.0,18600.0
4000844,101067.0,107148.0,17700.0
4000845,101067.0,107148.0,16800.0
4000846,101067.0,107148.0,15900.0
4000847,101067.0,106298.0,18600.0
4000848,101067.0,106298.0,17700.0
4000849,101067.0,106298.0,16800.0
4000850,101067.0,106298.0,15900.0
4000851,104867.0,106298.0,18600.0
4000852,104867.0,106298.0,17700.0
4000853,104867.0,106298.0,16800.0
4000854,104867.0,106298.0,15900.0
4000855,111267.0,107148.0,18600.0
4000856,111267.0,107148.0,17700.0
4000857,111267.0,107148.0,16800.0
4000858,111267.0,107148.0,15900.0
4000859,104867.0,109893.0,18600.0
4000860,104867.0,109893.0,17700.0
4000861,104867.0,109893.0,16800.0
4000862,104867.0,109893.0,15900.0
4000863,107467.0,109893.0,18600.0
4000864,107467.0,109893.0,17700.0
4000865,107467.0,109893.0,16800.0
4000866,107467.0,109893.0,15900.0
4000867,101067.0,110448.0,18600.0
4000868,101067.0,110448.0,17700.0
4000869,101067.0,110448.0,16800.0
4000870,101067.0,110448.0,15900.0
4000871,111267.0,110198.0,18600.0
4000872,111267.0,110198.0,17700.0
4000873,111267.0,110198.0,16800.0
4000874,111267.0,110198.0,15900.0
4000875,104867.0,114848.0,18600.0
4000876,104867.0,114848.0,17700.0
4000877,104867.0,114848.0,16800.0
4000878,104867.0,114848.0,15900.0
4000879,107467.0,106298.0,18600.0
4000880,107467.0,106298.0,17700.0
4000881,107467.0,106298.0,16800.0
4000882,107467.0,106298.0,15900.0
4000883,98067.0,101548.0,18600.0
4000884,98067.0,101548.0,17700.0
4000885,98067.0,101548.0,16800.0
4000886,98067.0,101548.0,15900.0
4000887,98067.0,104348.0,18600.0
4000888,98067.0,104348.0,17700.0
4000889,98067.0,104348.0,16800.0
4000890,98067.0,104348.0,15900.0
4000891,98067.0,106698.0,18600.0
4000892,98067.0,106698.0,17700.0
4000893,98067.0,106698.0,16800.0
4000894,98067.0,106698.0,15900.0
4000895,104867.0,113648.0,18600.0
4000896,104867.0,113648.0,17700.0
4000897,104867.0,113648.0,16800.0
4000898,104867.0,113648.0,15900.0
4000899,98067.0,101048.0,18600.0
4000900,98067.0,101048.0,17700.0
4000901,98067.0,101048.0,16800.0
4000902,98067.0,101048.0,15900.0
4000903,63747.0,107148.0,18600.0
4000904,63747.0,107148.0,17700.0
4000905,63747.0,107148.0,16800.0
4000906,63747.0,107148.0,15900.0
4000907,60347.0,110448.0,18500.0
4000908,60347.0,110448.0,17500.0
4000909,60347.0,110448.0,16666.0
4000910,60347.0,110448.0,15833.0
4000911,30067.0,99381.0,19500.0
4000912,30067.0,100214.0,19500.0
4000913,27067.0,113798.0,18900.0
4000914,27067.0,114148.0,18900.0
4000915,27067.0,114498.0,18900.0
4000916,20667.0,107541.0,18900.0
4000917,20667.0,107960.0,18900.0
4000918,20667.0,108379.0,18900.0
4000919,28567.0,110448.0,18900.0
4000920,29067.0,110448.0,18900.0
4000921,29567.0,110448.0,18900.0
4000922,23267.0,107560.0,18900.0
4000923,23267.0,107973.0,18900.0
4000924,23267.0,108385.0,18900.0
4000925,18167.0,107139.0,18800.0
4000926,18567.0,107131.0,18800.0
4000927,18967.0,107123.0,18800.0
4000928,19367.0,107114.0,18800.0
4000929,19767.0,107106.0,18800.0
4000930,18942.0,98548.0,18750.0
4000931,28867.0,113448.0,18900.0
4000932,29267.0,113448.0,18900.0
4000933,29667.0,113448.0,18900.0
4000934,20067.0,98548.0,18750.0
4000935,56347.0,113798.0,18800.0
4000936,56347.0,114148.0,18800.0
4000937,56347.0,114498.0,18800.0
4000938,54372.0,107123.0,18800.0
4000939,54897.0,107098.0,18800.0
4000940,55422.0,107073.0,18800.0
4000941,54959.0,98548.0,18750.0
4000942,55422.0,98548.0,18750.0
4000943,55884.0,98548.0,18750.0
4000944,108067.0,98548.0,18750.0
4000945,98467.0,113448.0,18900.0
4000946,98867.0,113448.0,18900.0
4000947,99267.0,113448.0,18900.0
4000948,108367.0,107106.0,18800.0
4000949,108767.0,107114.0,18800.0
4000950,109167.0,107123.0,18800.0
4000951,109567.0,107131.0,18800.0
4000952,109967.0,107139.0,18800.0
4000953,104867.0,107560.0,18900.0
4000954,104867.0,107973.0,18900.0
4000955,104867.0,108385.0,18900.0
4000956,107467.0,107541.0,18900.0
4000957,107467.0,107960.0,18900.0
4000958,107467.0,108379.0,18900.0
4000959,101067.0,113798.0,18900.0
4000960,101067.0,114148.0,18900.0
4000961,101067.0,114498.0,18900.0
4000962,98567.0,110448.0,18900.0
4000963,99067.0,110448.0,18900.0
4000964,99567.0,110448.0,18900.0
4000965,109192.0,98548.0,18750.0
4000966,27067.0,114848.0,17700.0
4000967,27067.0,114848.0,16800.0
4000968,27067.0,114848.0,15900.0
4000969,27067.0,113448.0,17700.0
4000970,27067.0,113448.0,16800.0
4000971,27067.0,113448.0,15900.0
4000972,28467.0,113448.0,17700.0
4000973,28467.0,113448.0,16800.0
4000974,28467.0,113448.0,15900.0
4000975,20667.0,108798.0,17700.0
4000976,20667.0,108798.0,16800.0
4000977,20667.0,108798.0,15900.0
4000978,28067.0,110448.0,17700.0
4000979,28067.0,110448.0,16800.0
4000980,28067.0,110448.0,15900.0
4000981,23267.0,108798.0,17700.0
4000982,23267.0,108798.0,16800.0
4000983,23267.0,108798.0,15900.0
4000984,20167.0,107098.0,17700.0
4000985,20167.0,107098.0,16800.0
4000986,20167.0,107098.0,15900.0
4000987,20667.0,107123.0,17700.0
4000988,20667.0,107123.0,16800.0
4000989,20667.0,107123.0,15900.0
4000990,23267.0,107148.0,17700.0
4000991,23267.0,107148.0,16800.0
4000992,23267.0,107148.0,15900.0
4000993,20667.0,98548.0,17700.0
4000994,20667.0,98548.0,16800.0
4000995,20667.0,98548.0,15900.0
4000996,18417.0,98548.0,17700.0
4000997,18417.0,98548.0,16800.0
4000998,18417.0,98548.0,15900.0
4000999,17767.0,107148.0,17700.0
4001000,17767.0,107148.0,16800.0
4001001,17767.0,107148.0,15900.0
4001002,30067.0,113448.0,17700.0
4001003,30067.0,113448.0,16800.0
4001004,30067.0,113448.0,15900.0
4001005,30067.0,110448.0,17700.0
4001006,30067.0,110448.0,16800.0
4001007,30067.0,110448.0,15900.0
4001008,54497.0,98548.0,17700.0
4001009,54497.0,98548.0,16800.0
4001010,54497.0,98548.0,15900.0
4001011,53847.0,107148.0,17700.0
4001012,53847.0,107148.0,16800.0
4001013,53847.0,107148.0,15900.0
4001014,55947.0,107048.0,17700.0
4001015,55947.0,107048.0,16800.0
4001016,55947.0,107048.0,15900.0
4001017,56347.0,113448.0,17700.0
4001018,56347.0,113448.0,16800.0
4001019,56347.0,113448.0,15900.0
4001020,56347.0,114848.0,17500.0
4001021,56347.0,114848.0,16666.0
4001022,56347.0,114848.0,15833.0
4001023,56347.0,98548.0,17700.0
4001024,56347.0,98548.0,16800.0
4001025,56347.0,98548.0,15900.0
4001026,109717.0,98548.0,17700.0
4001027,109717.0,98548.0,16800.0
4001028,109717.0,98548.0,15900.0
4001029,107467.0,98548.0,17700.0
4001030,107467.0,98548.0,16800.0
4001031,107467.0,98548.0,15900.0
4001032,107467.0,107123.0,17700.0
4001033,107467.0,107123.0,16800.0
4001034,107467.0,107123.0,15900.0
4001035,107967.0,107098.0,17700.0
4001036,107967.0,107098.0,16800.0
4001037,107967.0,107098.0,15900.0
4001038,104867.0,107148.0,17700.0
4001039,104867.0,107148.0,16800.0
4001040,104867.0,107148.0,15900.0
4001041,110367.0,107148.0,17700.0
4001042,110367.0,107148.0,16800.0
4001043,110367.0,107148.0,15900.0
4001044,104867.0,108798.0,17700.0
4001045,104867.0,108798.0,16800.0
4001046,104867.0,108798.0,15900.0
4001047,107467.0,108798.0,17700.0
4001048,107467.0,108798.0,16800.0
4001049,107467.0,108798.0,15900.0
4001050,98067.0,110448.0,17700.0
4001051,98067.0,110448.0,16800.0
4001052,98067.0,110448.0,15900.0
4001053,98067.0,113448.0,17700.0
4001054,98067.0,113448.0,16800.0
4001055,98067.0,113448.0,15900.0
4001056,100067.0,110448.0,17700.0
4001057,100067.0,110448.0,16800.0
4001058,100067.0,110448.0,15900.0
4001059,99667.0,113448.0,17700.0
4001060,99667.0,113448.0,16800.0
4001061,99667.0,113448.0,15900.0
4001062,101067.0,113448.0,17700.0
4001063,101067.0,113448.0,16800.0
4001064,101067.0,113448.0,15900.0
4001065,101067.0,114848.0,17700.0
4001066,101067.0,114848.0,16800.0
4001067,101067.0,114848.0,15900.0
4001068,24217.0,107148.0,19500.0
4001069,25167.0,107148.0,19500.0
4001070,26117.0,107148.0,19500.0
4001071,27067.0,108248.0,19500.0
4001072,27067.0,109348.0,19500.0
4001073,26117.0,114848.0,19500.0
4001074,24217.0,114848.0,19500.0
4001075,23267.0,112748.0,19500.0
4001076,23267.0,110870.0,19500.0
4001077,28467.0,114148.0,19500.0
4001078,17817.0,108760.0,19500.0
4001079,18767.0,108773.0,19500.0
4001080,19717.0,108785.0,19500.0
4001081,20667.0,110870.0,19500.0
4001082,20667.0,112748.0,19500.0
4001083,18892.0,113648.0,19500.0
4001084,16867.0,109473.0,19500.0
4001085,16867.0,107948.0,19500.0
4001086,24217.0,104348.0,19500.0
4001087,25167.0,104348.0,19500.0
4001088,26117.0,104348.0,19500.0
4001089,27067.0,105323.0,19500.0
4001090,23267.0,105323.0,19500.0
4001091,19467.0,99381.0,19500.0
4001092,19467.0,100214.0,19500.0
4001093,24217.0,101548.0,19500.0
4001094,25167.0,101548.0,19500.0
4001095,26117.0,101548.0,19500.0
4001096,27067.0,102481.0,19500.0
4001097,27067.0,103414.0,19500.0
4001098,23267.0,102481.0,19500.0
4001099,23267.0,103414.0,19500.0
4001100,24217.0,98548.0,19500.0
4001101,26117.0,98548.0,19500.0
4001102,27067.0,100570.0,19500.0
4001103,23267.0,100570.0,19500.0
4001104,56347.0,107898.0,19500.0
4001105,53797.0,108748.0,19500.0
4001106,54647.0,108748.0,19500.0
4001107,55497.0,108748.0,19500.0
4001108,52947.0,107948.0,19500.0
4001109,108667.0,99381.0,19500.0
4001110,108667.0,100214.0,19500.0
4001111,99667.0,114148.0,19500.0
4001112,109242.0,113648.0,19500.0
4001113,108417.0,108785.0,19500.0
4001114,109367.0,108773.0,19500.0
4001115,110317.0,108760.0,19500.0
4001116,111267.0,109473.0,19500.0
4001117,107467.0,112748.0,19500.0
4001118,107467.0,110870.0,19500.0
4001119,102017.0,98548.0,19500.0
4001120,103917.0,98548.0,19500.0
4001121,104867.0,100570.0,19500.0
4001122,102017.0,101548.0,19500.0
4001123,102967.0,101548.0,19500.0
4001124,103917.0,101548.0,19500.0
4001125,101067.0,100570.0,19500.0
4001126,111267.0,107948.0,19500.0
4001127,102017.0,104348.0,19500.0
4001128,102967.0,104348.0,19500.0
4001129,103917.0,104348.0,19500.0
4001130,104867.0,105323.0,19500.0
4001131,102017.0,107148.0,19500.0
4001132,102967.0,107148.0,19500.0
4001133,103917.0,107148.0,19500.0
4001134,101067.0,105323.0,19500.0
4001135,104867.0,110870.0,19500.0
4001136,104867.0,112748.0,19500.0
4001137,103917.0,114848.0,19500.0
4001138,102017.0,114848.0,19500.0
4001139,101067.0,108248.0,19500.0
4001140,101067.0,109348.0,19500.0
4001141,104867.0,102481.0,19500.0
4001142,104867.0,103414.0,19500.0
4001143,101067.0,102481.0,19500.0
4001144,101067.0,103414.0,19500.0
4001147,64246.0,106675.0,19500.0
4001148,108667.0,98548.0,19125.0
4001149,109192.0,98548.0,19125.0
4001150,109717.0,98548.0,19125.0
4001151,98067.0,110448.0,19200.0
4001152,98567.0,110448.0,19200.0
4001153,99067.0,110448.0,19200.0
4001154,99567.0,110448.0,19200.0
4001155,100067.0,110448.0,19200.0
4001156,101067.0,113448.0,19200.0
4001157,101067.0,113798.0,19200.0
4001158,101067.0,114148.0,19200.0
4001159,101067.0,114498.0,19200.0
4001160,101067.0,114848.0,19200.0
4001161,107467.0,107123.0,19200.0
4001162,107467.0,107541.0,19200.0
4001163,107467.0,107960.0,19200.0
4001164,107467.0,108379.0,19200.0
4001165,107467.0,108798.0,19200.0
4001166,104867.0,107148.0,19200.0
4001167,104867.0,107560.0,19200.0
4001168,104867.0,107973.0,19200.0
4001169,104867.0,108385.0,19200.0
4001170,104867.0,108798.0,19200.0
4001171,107967.0,107098.0,19150.0
4001172,108367.0,107106.0,19150.0
4001173,108767.0,107114.0,19150.0
4001174,109167.0,107123.0,19150.0
4001175,109567.0,107131.0,19150.0
4001176,109967.0,107139.0,19150.0
4001177,110367.0,107148.0,19150.0
4001178,98067.0,113448.0,19200.0
4001179,98467.0,113448.0,19200.0
4001180,98867.0,113448.0,19200.0
4001181,99267.0,113448.0,19200.0
4001182,99667.0,113448.0,19200.0
4001183,107467.0,98548.0,19125.0
4001184,108067.0,98548.0,19125.0
4001185,54497.0,98548.0,19125.0
4001186,54959.0,98548.0,19125.0
4001187,55422.0,98548.0,19125.0
4001188,55884.0,98548.0,19125.0
4001189,56347.0,98548.0,19125.0
4001190,53847.0,107148.0,19150.0
4001191,54372.0,107123.0,19150.0
4001192,54897.0,107098.0,19150.0
4001193,55422.0,107073.0,19150.0
4001194,55947.0,107048.0,19150.0
4001195,56347.0,113448.0,19150.0
4001196,56347.0,113798.0,19150.0
4001197,56347.0,114148.0,19150.0
4001198,56347.0,114498.0,19150.0
4001199,56347.0,114848.0,19150.0
4001200,19467.0,98548.0,19125.0
4001201,20067.0,98548.0,19125.0
4001202,20667.0,98548.0,19125.0
4001203,28467.0,113448.0,19200.0
4001204,28867.0,113448.0,19200.0
4001205,29267.0,113448.0,19200.0
4001206,29667.0,113448.0,19200.0
4001207,30067.0,113448.0,19200.0
4001208,18417.0,98548.0,19125.0
4001209,18942.0,98548.0,19125.0
4001210,17767.0,107148.0,19150.0
4001211,18167.0,107139.0,19150.0
4001212,18567.0,107131.0,19150.0
4001213,18967.0,107123.0,19150.0
4001214,19367.0,107114.0,19150.0
4001215,19767.0,107106.0,19150.0
4001216,20167.0,107098.0,19150.0
4001217,23267.0,107148.0,19200.0
4001218,23267.0,107560.0,19200.0
4001219,23267.0,107973.0,19200.0
4001220,23267.0,108385.0,19200.0
4001221,23267.0,108798.0,19200.0
4001222,28067.0,110448.0,19200.0
4001223,28567.0,110448.0,19200.0
4001224,29067.0,110448.0,19200.0
4001225,29567.0,110448.0,19200.0
4001226,30067.0,110448.0,19200.0
4001227,20667.0,107123.0,19200.0
4001228,20667.0,107541.0,19200.0
4001229,20667.0,107960.0,19200.0
4001230,20667.0,108379.0,19200.0
4001231,20667.0,108798.0,19200.0
4001232,27067.0,113448.0,19200.0
4001233,27067.0,113798.0,19200.0
4001234,27067.0,114148.0,19200.0
4001235,27067.0,114498.0,19200.0
4001236,27067.0,114848.0,19200.0
4001237,17367.0,114848.0,18500.0
4001238,17367.0,114848.0,15833.0
4001239,17367.0,114848.0,16666.0
4001240,17367.0,114848.0,17500.0
4001241,21533.0,114848.0,18550.0
4001242,22400.0,114848.0,18550.0
4001243,21533.0,114848.0,15866.0
4001244,22400.0,114848.0,15866.0
4001245,21533.0,114848.0,16733.0
4001246,21533.0,114848.0,17600.0
4001247,22400.0,114848.0,16733.0
4001248,22400.0,114848.0,17600.0
4001249,27767.0,114848.0,18600.0
4001250,27767.0,114848.0,15900.0
4001251,27767.0,114848.0,16800.0
4001252,27767.0,114848.0,17700.0
4001253,16867.0,111060.0,18500.0
4001254,16867.0,111923.0,18500.0
4001255,16867.0,112785.0,18500.0
4001256,16867.0,111060.0,15833.0
4001257,16867.0,111923.0,15833.0
4001258,16867.0,112785.0,15833.0
4001259,16867.0,111060.0,16666.0
4001260,16867.0,111060.0,17500.0
4001261,16867.0,112785.0,16666.0
4001262,16867.0,112785.0,17500.0
4001263,16867.0,111923.0,16666.0
4001264,16867.0,111923.0,17500.0
4001265,30067.0,114148.0,18600.0
4001266,30067.0,114148.0,15900.0
4001267,30067.0,114148.0,16800.0
4001268,30067.0,114148.0,17700.0
4001269,27067.0,111448.0,18600.0
4001270,27067.0,112448.0,18600.0
4001271,27067.0,111448.0,15900.0
4001272,27067.0,112448.0,15900.0
4001273,27067.0,111448.0,16800.0
4001274,27067.0,111448.0,17700.0
4001275,27067.0,112448.0,16800.0
4001276,27067.0,112448.0,17700.0
4001277,27767.0,113448.0,18900.0
4001278,27767.0,113448.0,15900.0
4001279,27767.0,113448.0,16800.0
4001280,27767.0,113448.0,17700.0
4001281,27567.0,110448.0,18600.0
4001282,27567.0,110448.0,15900.0
4001283,27567.0,110448.0,16800.0
4001284,27567.0,110448.0,17700.0
4001285,30067.0,111448.0,18900.0
4001286,30067.0,112448.0,18900.0
4001287,30067.0,111448.0,15900.0
4001288,30067.0,112448.0,15900.0
4001289,30067.0,111448.0,16800.0
4001290,30067.0,111448.0,17700.0
4001291,30067.0,112448.0,16800.0
4001292,30067.0,112448.0,17700.0
4001293,20667.0,109345.0,18600.0
4001294,20667.0,109345.0,15900.0
4001295,20667.0,109345.0,16800.0
4001296,20667.0,109345.0,17700.0
4001297,21533.0,108798.0,18900.0
4001298,22400.0,108798.0,18900.0
4001299,21533.0,108798.0,15900.0
4001300,22400.0,108798.0,15900.0
4001301,21533.0,108798.0,16800.0
4001302,21533.0,108798.0,17700.0
4001303,22400.0,108798.0,16800.0
4001304,22400.0,108798.0,17700.0
4001305,23267.0,109345.0,18600.0
4001306,23267.0,109345.0,15900.0
4001307,23267.0,109345.0,16800.0
4001308,23267.0,109345.0,17700.0
4001309,17317.0,107148.0,18600.0
4001310,17317.0,107148.0,15900.0
4001311,17317.0,107148.0,16800.0
4001312,17317.0,107148.0,17700.0
4001313,21533.0,107131.0,18900.0
4001314,22400.0,107139.0,18900.0
4001315,21533.0,107131.0,15900.0
4001316,22400.0,107139.0,15900.0
4001317,21533.0,107131.0,16800.0
4001318,21533.0,107131.0,17700.0
4001319,22400.0,107139.0,16800.0
4001320,22400.0,107139.0,17700.0
4001321,23267.0,106723.0,18600.0
4001322,23267.0,106723.0,15900.0
4001323,23267.0,106723.0,16800.0
4001324,23267.0,106723.0,17700.0
4001325,27067.0,106723.0,18600.0
4001326,27067.0,106723.0,15900.0
4001327,27067.0,106723.0,16800.0
4001328,27067.0,106723.0,17700.0
4001329,28067.0,107148.0,18600.0
4001330,29067.0,107148.0,18600.0
4001331,28067.0,107148.0,15900.0
4001332,29067.0,107148.0,15900.0
4001333,28067.0,107148.0,16800.0
4001334,28067.0,107148.0,17700.0
4001335,29067.0,107148.0,16800.0
4001336,29067.0,107148.0,17700.0
4001337,16867.0,101931.0,18600.0
4001338,16867.0,102814.0,18600.0
4001339,16867.0,101931.0,15900.0
4001340,16867.0,102814.0,15900.0
4001341,16867.0,101931.0,16800.0
4001342,16867.0,101931.0,17700.0
4001343,16867.0,102814.0,16800.0
4001344,16867.0,102814.0,17700.0
4001345,16867.0,99381.0,18600.0
4001346,16867.0,100214.0,18600.0
4001347,16867.0,99381.0,15900.0
4001348,16867.0,100214.0,15900.0
4001349,16867.0,99381.0,16800.0
4001350,16867.0,99381.0,17700.0
4001351,16867.0,100214.0,16800.0
4001352,16867.0,100214.0,17700.0
4001353,17317.0,101048.0,18600.0
4001354,17317.0,101048.0,15900.0
4001355,17317.0,101048.0,16800.0
4001356,17317.0,101048.0,17700.0
4001357,18617.0,101048.0,18600.0
4001358,18617.0,101048.0,15900.0
4001359,18617.0,101048.0,16800.0
4001360,18617.0,101048.0,17700.0
4001361,20667.0,99381.0,18600.0
4001362,20667.0,100214.0,18600.0
4001363,20667.0,99381.0,15900.0
4001364,20667.0,100214.0,15900.0
4001365,20667.0,99381.0,16800.0
4001366,20667.0,99381.0,17700.0
4001367,20667.0,100214.0,16800.0
4001368,20667.0,100214.0,17700.0
4001369,17642.0,98548.0,18600.0
4001370,17642.0,98548.0,15900.0
4001371,17642.0,98548.0,16800.0
4001372,17642.0,98548.0,17700.0
4001373,21533.0,98548.0,18600.0
4001374,22400.0,98548.0,18600.0
4001375,21533.0,98548.0,15900.0
4001376,22400.0,98548.0,15900.0
4001377,21533.0,98548.0,16800.0
4001378,21533.0,98548.0,17700.0
4001379,22400.0,98548.0,16800.0
4001380,22400.0,98548.0,17700.0
4001381,23267.0,99070.0,18600.0
4001382,23267.0,99070.0,15900.0
4001383,23267.0,99070.0,16800.0
4001384,23267.0,99070.0,17700.0
4001385,27067.0,99070.0,18600.0
4001386,27067.0,99070.0,15900.0
4001387,27067.0,99070.0,16800.0
4001388,27067.0,99070.0,17700.0
4001389,28067.0,98548.0,18600.0
4001390,29067.0,98548.0,18600.0
4001391,28067.0,98548.0,15900.0
4001392,29067.0,98548.0,15900.0
4001393,28067.0,98548.0,16800.0
4001394,28067.0,98548.0,17700.0
4001395,29067.0,98548.0,16800.0
4001396,29067.0,98548.0,17700.0
4001397,16867.0,114248.0,18500.0
4001398,16867.0,114248.0,15833.0
4001399,16867.0,114248.0,16666.0
4001400,16867.0,114248.0,17500.0
4001401,20667.0,114248.0,18500.0
4001402,20667.0,114248.0,15833.0
4001403,20667.0,114248.0,16666.0
4001404,20667.0,114248.0,17500.0
4001405,20292.0,114848.0,18500.0
4001406,20292.0,114848.0,15833.0
4001407,20292.0,114848.0,16666.0
4001408,20292.0,114848.0,17500.0
4001409,18142.0,114848.0,18500.0
4001410,18145.0,114848.0,19000.0
4001411,18642.0,114848.0,19000.0
4001412,19142.0,114848.0,19000.0
4001413,19639.0,114848.0,19000.0
4001414,19642.0,114848.0,18500.0
4001415,18142.0,114848.0,15833.0
4001416,19642.0,114848.0,15833.0
4001417,18142.0,114848.0,16666.0
4001418,18142.0,114848.0,17500.0
4001419,19642.0,114848.0,16666.0
4001420,19642.0,114848.0,17500.0
4001421,18642.0,114848.0,17500.0
4001422,18642.0,114848.0,18000.0
4001423,18145.0,114848.0,18000.0
4001424,19639.0,114848.0,18000.0
4001425,19142.0,114848.0,18000.0
4001426,19142.0,114848.0,17500.0
4001427,18642.0,114848.0,18500.0
4001428,19142.0,114848.0,18500.0
4001429,29267.0,114848.0,18600.0
4001430,29267.0,114848.0,15900.0
4001431,29267.0,114848.0,16800.0
4001432,29267.0,114848.0,17700.0
4001433,20067.0,101048.0,18600.0
4001434,20067.0,101048.0,15900.0
4001435,20067.0,101048.0,16800.0
4001436,20067.0,101048.0,17700.0
4001437,16867.0,104698.0,18600.0
4001438,16867.0,105698.0,18600.0
4001439,16867.0,104698.0,15900.0
4001440,16867.0,105698.0,15900.0
4001441,16867.0,104698.0,16800.0
4001442,16867.0,104698.0,17700.0
4001443,16867.0,105698.0,16800.0
4001444,16867.0,105698.0,17700.0
4001445,20667.0,106710.0,18600.0
4001446,20667.0,106710.0,15900.0
4001447,20667.0,106710.0,16800.0
4001448,20667.0,106710.0,17700.0
4001449,23267.0,114248.0,18600.0
4001450,23267.0,114248.0,15900.0
4001451,23267.0,114248.0,16800.0
4001452,23267.0,114248.0,17700.0
4001453,30067.0,99381.0,18600.0
4001454,30067.0,100214.0,18600.0
4001455,30067.0,100881.0,18600.0
4001456,30067.0,99381.0,15900.0
4001457,30067.0,100214.0,15900.0
4001458,30067.0,100881.0,15900.0
4001459,30067.0,99381.0,16800.0
4001460,30067.0,99381.0,17700.0
4001461,30067.0,100881.0,16800.0
4001462,30067.0,100881.0,17700.0
4001463,30067.0,100214.0,16800.0
4001464,30067.0,100214.0,17700.0
4001465,30067.0,105281.0,18600.0
4001466,30067.0,106214.0,18600.0
4001467,30067.0,105281.0,15900.0
4001468,30067.0,106214.0,15900.0
4001469,30067.0,105281.0,16800.0
4001470,30067.0,105281.0,17700.0
4001471,30067.0,106214.0,16800.0
4001472,30067.0,106214.0,17700.0
4001473,30067.0,102481.0,18600.0
4001474,30067.0,103414.0,18600.0
4001475,30067.0,102481.0,15900.0
4001476,30067.0,103414.0,15900.0
4001477,30067.0,102481.0,16800.0
4001478,30067.0,102481.0,17700.0
4001479,30067.0,103414.0,16800.0
4001480,30067.0,103414.0,17700.0
4001481,60347.0,101873.0,18500.0
4001482,60347.0,102698.0,18500.0
4001483,60347.0,103523.0,18500.0
4001484,60347.0,101873.0,15833.0
4001485,60347.0,102698.0,15833.0
4001486,60347.0,103523.0,15833.0
4001487,60347.0,101873.0,16666.0
4001488,60347.0,101873.0,17500.0
4001489,60347.0,103523.0,16666.0
4001490,60347.0,103523.0,17500.0
4001491,60347.0,102698.0,16666.0
4001492,60347.0,102698.0,17500.0
4001493,63747.0,111328.0,18500.0
4001494,63747.0,112208.0,18500.0
4001495,63747.0,113088.0,18500.0
4001496,63747.0,113968.0,18500.0
4001497,63747.0,111328.0,15833.0
4001498,63747.0,112208.0,15833.0
4001499,63747.0,113088.0,15833.0
4001500,63747.0,113968.0,15833.0
4001501,63747.0,111328.0,16666.0
4001502,63747.0,111328.0,17500.0
4001503,63747.0,113968.0,16666.0
4001504,63747.0,113968.0,17500.0
4001505,63747.0,112208.0,16666.0
4001506,63747.0,113088.0,16666.0
4001507,63747.0,112208.0,17500.0
4001508,63747.0,113088.0,17500.0
4001509,61022.0,114848.0,18500.0
4001510,61697.0,114848.0,18500.0
4001511,61700.0,114848.0,19000.0
4001512,62197.0,114848.0,19000.0
4001513,62697.0,114848.0,19000.0
4001514,63194.0,114848.0,19000.0
4001515,63197.0,114848.0,18500.0
4001516,61022.0,114848.0,15833.0
4001517,61697.0,114848.0,15833.0
4001518,63197.0,114848.0,15833.0
4001519,61022.0,114848.0,16666.0
4001520,61022.0,114848.0,17500.0
4001521,63197.0,114848.0,16666.0
4001522,63197.0,114848.0,17500.0
4001523,62197.0,114848.0,17500.0
4001524,62197.0,114848.0,18000.0
4001525,61700.0,114848.0,18000.0
4001526,61697.0,114848.0,17500.0
4001527,61697.0,114848.0,16666.0
4001528,63194.0,114848.0,18000.0
4001529,62697.0,114848.0,18000.0
4001530,62697.0,114848.0,17500.0
4001531,62197.0,114848.0,18500.0
4001532,62697.0,114848.0,18500.0
4001533,52947.0,104560.0,18600.0
4001534,52947.0,105423.0,18600.0
4001535,52947.0,106285.0,18600.0
4001536,52947.0,104560.0,15900.0
4001537,52947.0,105423.0,15900.0
4001538,52947.0,106285.0,15900.0
4001539,52947.0,104560.0,16800.0
4001540,52947.0,104560.0,17700.0
4001541,52947.0,106285.0,16800.0
4001542,52947.0,106285.0,17700.0
4001543,52947.0,105423.0,16800.0
4001544,52947.0,105423.0,17700.0
4001545,53722.0,98548.0,18600.0
4001546,53722.0,98548.0,15900.0
4001547,53722.0,98548.0,16800.0
4001548,53722.0,98548.0,17700.0
4001549,52947.0,99381.0,18600.0
4001550,52947.0,100214.0,18600.0
4001551,52947.0,99381.0,15900.0
4001552,52947.0,100214.0,15900.0
4001553,52947.0,99381.0,16800.0
4001554,52947.0,99381.0,17700.0
4001555,52947.0,100214.0,16800.0
4001556,52947.0,100214.0,17700.0
4001557,52947.0,101931.0,18600.0
4001558,52947.0,102814.0,18600.0
4001559,52947.0,101931.0,15900.0
4001560,52947.0,102814.0,15900.0
4001561,52947.0,101931.0,16800.0
4001562,52947.0,101931.0,17700.0
4001563,52947.0,102814.0,16800.0
4001564,52947.0,102814.0,17700.0
4001565,53397.0,101048.0,18600.0
4001566,53397.0,101048.0,15900.0
4001567,53397.0,101048.0,16800.0
4001568,53397.0,101048.0,17700.0
4001569,53397.0,107148.0,18600.0
4001570,53397.0,107148.0,15900.0
4001571,53397.0,107148.0,16800.0
4001572,53397.0,107148.0,17700.0
4001573,56347.0,111328.0,18600.0
4001574,56347.0,112208.0,18600.0
4001575,56347.0,113088.0,18600.0
4001576,56347.0,111328.0,15900.0
4001577,56347.0,112208.0,15900.0
4001578,56347.0,113088.0,15900.0
4001579,56347.0,111328.0,16800.0
4001580,56347.0,111328.0,17700.0
4001581,56347.0,113088.0,16800.0
4001582,56347.0,113088.0,17700.0
4001583,56347.0,112208.0,16800.0
4001584,56347.0,112208.0,17700.0
4001585,52947.0,111128.0,18500.0
4001586,52947.0,112058.0,18500.0
4001587,52947.0,112988.0,18500.0
4001588,52947.0,113918.0,18500.0
4001589,52947.0,111128.0,15833.0
4001590,52947.0,112058.0,15833.0
4001591,52947.0,112988.0,15833.0
4001592,52947.0,113918.0,15833.0
4001593,52947.0,111128.0,16666.0
4001594,52947.0,111128.0,17500.0
4001595,52947.0,113918.0,16666.0
4001596,52947.0,113918.0,17500.0
4001597,52947.0,112058.0,16666.0
4001598,52947.0,112988.0,16666.0
4001599,52947.0,112058.0,17500.0
4001600,52947.0,112988.0,17500.0
4001601,53622.0,114848.0,18500.0
4001602,54297.0,114848.0,18500.0
4001603,54300.0,114848.0,19000.0
4001604,54797.0,114848.0,19000.0
4001605,55297.0,114848.0,19000.0
4001606,55794.0,114848.0,19000.0
4001607,55797.0,114848.0,18500.0
4001608,53622.0,114848.0,15833.0
4001609,54297.0,114848.0,15833.0
4001610,55797.0,114848.0,15833.0
4001611,53622.0,114848.0,16666.0
4001612,53622.0,114848.0,17500.0
4001613,55797.0,114848.0,16666.0
4001614,55797.0,114848.0,17500.0
4001615,54797.0,114848.0,17500.0
4001616,54797.0,114848.0,18000.0
4001617,54300.0,114848.0,18000.0
4001618,54297.0,114848.0,17500.0
4001619,54297.0,114848.0,16666.0
4001620,55794.0,114848.0,18000.0
4001621,55297.0,114848.0,18000.0
4001622,55297.0,114848.0,17500.0
4001623,54797.0,114848.0,18500.0
4001624,55297.0,114848.0,18500.0
4001625,56347.0,106673.0,18600.0
4001626,56347.0,106673.0,15900.0
4001627,56347.0,106673.0,16800.0
4001628,56347.0,106673.0,17700.0
4001629,56347.0,99381.0,18600.0
4001630,56347.0,100214.0,18600.0
4001631,56347.0,99381.0,15900.0
4001632,56347.0,100214.0,15900.0
4001633,56347.0,99381.0,16800.0
4001634,56347.0,99381.0,17700.0
4001635,56347.0,100214.0,16800.0
4001636,56347.0,100214.0,17700.0
4001637,63747.0,102064.0,18550.0
4001638,63747.0,103081.0,18550.0
4001639,63747.0,104098.0,18550.0
4001640,63747.0,105114.0,18550.0
4001641,63747.0,106131.0,18550.0
4001642,63747.0,102064.0,15866.0
4001643,63747.0,103081.0,15866.0
4001644,63747.0,104098.0,15866.0
4001645,63747.0,105114.0,15866.0
4001646,63747.0,106131.0,15866.0
4001647,63747.0,102064.0,16733.0
4001648,63747.0,102064.0,17600.0
4001649,63747.0,106131.0,16733.0
4001650,63747.0,106131.0,17600.0
4001651,63747.0,103081.0,16733.0
4001652,63747.0,104098.0,16733.0
4001653,63747.0,105114.0,16733.0
4001654,63747.0,103081.0,17600.0
4001655,63747.0,104098.0,17600.0
4001656,63747.0,105114.0,17600.0
4001657,63747.0,99381.0,18500.0
4001658,63747.0,100214.0,18500.0
4001659,63747.0,99381.0,15833.0
4001660,63747.0,100214.0,15833.0
4001661,63747.0,99381.0,16666.0
4001662,63747.0,99381.0,17500.0
4001663,63747.0,100214.0,16666.0
4001664,63747.0,100214.0,17500.0
4001665,54680.0,101048.0,18600.0
4001666,55513.0,101048.0,18600.0
4001667,54680.0,101048.0,15900.0
4001668,55513.0,101048.0,15900.0
4001669,54680.0,101048.0,16800.0
4001670,54680.0,101048.0,17700.0
4001671,55513.0,101048.0,16800.0
4001672,55513.0,101048.0,17700.0
4001673,60822.0,98548.0,18500.0
4001674,61297.0,98548.0,18500.0
4001675,61300.0,98548.0,19000.0
4001676,61797.0,98548.0,19000.0
4001677,62297.0,98548.0,19000.0
4001678,62794.0,98548.0,19000.0
4001679,62797.0,98548.0,18500.0
4001680,63272.0,98548.0,18500.0
4001681,60822.0,98548.0,15833.0
4001682,61297.0,98548.0,15833.0
4001683,63272.0,98548.0,15833.0
4001684,62797.0,98548.0,15833.0
4001685,60822.0,98548.0,16666.0
4001686,60822.0,98548.0,17500.0
4001687,63272.0,98548.0,16666.0
4001688,63272.0,98548.0,17500.0
4001689,61797.0,98548.0,17500.0
4001690,61797.0,98548.0,18000.0
4001691,61300.0,98548.0,18000.0
4001692,61297.0,98548.0,17500.0
4001693,61297.0,98548.0,16666.0
4001694,62797.0,98548.0,17500.0
4001695,62794.0,98548.0,18000.0
4001696,62297.0,98548.0,18000.0
4001697,62297.0,98548.0,17500.0
4001698,62797.0,98548.0,16666.0
4001699,61797.0,98548.0,18500.0
4001700,62297.0,98548.0,18500.0
4001701,61197.0,101048.0,18500.0
4001702,62047.0,101048.0,18500.0
4001703,62897.0,101048.0,18500.0
4001704,61197.0,101048.0,15833.0
4001705,62047.0,101048.0,15833.0
4001706,62897.0,101048.0,15833.0
4001707,61197.0,101048.0,16666.0
4001708,61197.0,101048.0,17500.0
4001709,62897.0,101048.0,16666.0
4001710,62897.0,101048.0,17500.0
4001711,62047.0,101048.0,16666.0
4001712,62047.0,101048.0,17500.0
4001713,111267.0,104698.0,18600.0
4001714,111267.0,105698.0,18600.0
4001715,111267.0,104698.0,15900.0
4001716,111267.0,105698.0,15900.0
4001717,111267.0,104698.0,16800.0
4001718,111267.0,104698.0,17700.0
4001719,111267.0,105698.0,16800.0
4001720,111267.0,105698.0,17700.0
4001721,108067.0,101048.0,18600.0
4001722,108067.0,101048.0,15900.0
4001723,108067.0,101048.0,16800.0
4001724,108067.0,101048.0,17700.0
4001725,98867.0,114848.0,18600.0
4001726,98867.0,114848.0,15900.0
4001727,98867.0,114848.0,16800.0
4001728,98867.0,114848.0,17700.0
4001729,108492.0,114848.0,18500.0
4001730,108495.0,114848.0,19000.0
4001731,108992.0,114848.0,19000.0
4001732,109492.0,114848.0,19000.0
4001733,109989.0,114848.0,19000.0
4001734,109992.0,114848.0,18500.0
4001735,108492.0,114848.0,15833.0
4001736,109992.0,114848.0,15833.0
4001737,108492.0,114848.0,16666.0
4001738,108492.0,114848.0,17500.0
4001739,109992.0,114848.0,16666.0
4001740,109992.0,114848.0,17500.0
4001741,108992.0,114848.0,17500.0
4001742,108992.0,114848.0,18000.0
4001743,108495.0,114848.0,18000.0
4001744,109989.0,114848.0,18000.0
4001745,109492.0,114848.0,18000.0
4001746,109492.0,114848.0,17500.0
4001747,108992.0,114848.0,18500.0
4001748,109492.0,114848.0,18500.0
4001749,107842.0,114848.0,18550.0
4001750,107842.0,114848.0,15866.0
4001751,107842.0,114848.0,16733.0
4001752,107842.0,114848.0,17600.0
4001753,107467.0,114248.0,18550.0
4001754,107467.0,114248.0,15866.0
4001755,107467.0,114248.0,16733.0
4001756,107467.0,114248.0,17600.0
4001757,111267.0,114248.0,18600.0
4001758,111267.0,114248.0,15900.0
4001759,111267.0,114248.0,16800.0
4001760,111267.0,114248.0,17700.0
4001761,110767.0,114848.0,18550.0
4001762,110767.0,114848.0,15866.0
4001763,110767.0,114848.0,16733.0
4001764,110767.0,114848.0,17600.0
4001765,110492.0,98548.0,18600.0
4001766,110492.0,98548.0,15900.0
4001767,110492.0,98548.0,16800.0
4001768,110492.0,98548.0,17700.0
4001769,99067.0,98548.0,18600.0
4001770,100067.0,98548.0,18600.0
4001771,99067.0,98548.0,15900.0
4001772,100067.0,98548.0,15900.0
4001773,99067.0,98548.0,16800.0
4001774,99067.0,98548.0,17700.0
4001775,100067.0,98548.0,16800.0
4001776,100067.0,98548.0,17700.0
4001777,105733.0,98548.0,18600.0
4001778,106600.0,98548.0,18600.0
4001779,105733.0,98548.0,15900.0
4001780,106600.0,98548.0,15900.0
4001781,105733.0,98548.0,16800.0
4001782,105733.0,98548.0,17700.0
4001783,106600.0,98548.0,16800.0
4001784,106600.0,98548.0,17700.0
4001785,101067.0,99070.0,18600.0
4001786,101067.0,99070.0,15900.0
4001787,101067.0,99070.0,16800.0
4001788,101067.0,99070.0,17700.0
4001789,104867.0,99070.0,18600.0
4001790,104867.0,99070.0,15900.0
4001791,104867.0,99070.0,16800.0
4001792,104867.0,99070.0,17700.0
4001793,107467.0,99381.0,18600.0
4001794,107467.0,100214.0,18600.0
4001795,107467.0,99381.0,15900.0
4001796,107467.0,100214.0,15900.0
4001797,107467.0,99381.0,16800.0
4001798,107467.0,99381.0,17700.0
4001799,107467.0,100214.0,16800.0
4001800,107467.0,100214.0,17700.0
4001801,109517.0,101048.0,18600.0
4001802,109517.0,101048.0,15900.0
4001803,109517.0,101048.0,16800.0
4001804,109517.0,101048.0,17700.0
4001805,110817.0,101048.0,18600.0
4001806,110817.0,101048.0,15900.0
4001807,110817.0,101048.0,16800.0
4001808,110817.0,101048.0,17700.0
4001809,111267.0,99381.0,18600.0
4001810,111267.0,100214.0,18600.0
4001811,111267.0,99381.0,15900.0
4001812,111267.0,100214.0,15900.0
4001813,111267.0,99381.0,16800.0
4001814,111267.0,99381.0,17700.0
4001815,111267.0,100214.0,16800.0
4001816,111267.0,100214.0,17700.0
4001817,111267.0,101931.0,18600.0
4001818,111267.0,102814.0,18600.0
4001819,111267.0,101931.0,15900.0
4001820,111267.0,102814.0,15900.0
4001821,111267.0,101931.0,16800.0
4001822,111267.0,101931.0,17700.0
4001823,111267.0,102814.0,16800.0
4001824,111267.0,102814.0,17700.0
4001825,99067.0,107148.0,18600.0
4001826,100067.0,107148.0,18600.0
4001827,99067.0,107148.0,15900.0
4001828,100067.0,107148.0,15900.0
4001829,99067.0,107148.0,16800.0
4001830,99067.0,107148.0,17700.0
4001831,100067.0,107148.0,16800.0
4001832,100067.0,107148.0,17700.0
4001833,101067.0,106723.0,18600.0
4001834,101067.0,106723.0,15900.0
4001835,101067.0,106723.0,16800.0
4001836,101067.0,106723.0,17700.0
4001837,104867.0,106723.0,18600.0
4001838,104867.0,106723.0,15900.0
4001839,104867.0,106723.0,16800.0
4001840,104867.0,106723.0,17700.0
4001841,105733.0,107139.0,18900.0
4001842,106600.0,107131.0,18900.0
4001843,105733.0,107139.0,15900.0
4001844,106600.0,107131.0,15900.0
4001845,105733.0,107139.0,16800.0
4001846,105733.0,107139.0,17700.0
4001847,106600.0,107131.0,16800.0
4001848,106600.0,107131.0,17700.0
4001849,110817.0,107148.0,18600.0
4001850,110817.0,107148.0,15900.0
4001851,110817.0,107148.0,16800.0
4001852,110817.0,107148.0,17700.0
4001853,104867.0,109345.0,18600.0
4001854,104867.0,109345.0,15900.0
4001855,104867.0,109345.0,16800.0
4001856,104867.0,109345.0,17700.0
4001857,105733.0,108798.0,18900.0
4001858,106600.0,108798.0,18900.0
4001859,105733.0,108798.0,15900.0
4001860,106600.0,108798.0,15900.0
4001861,105733.0,108798.0,16800.0
4001862,105733.0,108798.0,17700.0
4001863,106600.0,108798.0,16800.0
4001864,106600.0,108798.0,17700.0
4001865,107467.0,109345.0,18600.0
4001866,107467.0,109345.0,15900.0
4001867,107467.0,109345.0,16800.0
4001868,107467.0,109345.0,17700.0
4001869,98067.0,111448.0,18900.0
4001870,98067.0,112448.0,18900.0
4001871,98067.0,111448.0,15900.0
4001872,98067.0,112448.0,15900.0
4001873,98067.0,111448.0,16800.0
4001874,98067.0,111448.0,17700.0
4001875,98067.0,112448.0,16800.0
4001876,98067.0,112448.0,17700.0
4001877,100567.0,110448.0,18600.0
4001878,100567.0,110448.0,15900.0
4001879,100567.0,110448.0,16800.0
4001880,100567.0,110448.0,17700.0
4001881,100367.0,113448.0,18900.0
4001882,100367.0,113448.0,15900.0
4001883,100367.0,113448.0,16800.0
4001884,100367.0,113448.0,17700.0
4001885,101067.0,111448.0,18600.0
4001886,101067.0,112448.0,18600.0
4001887,101067.0,111448.0,15900.0
4001888,101067.0,112448.0,15900.0
4001889,101067.0,111448.0,16800.0
4001890,101067.0,111448.0,17700.0
4001891,101067.0,112448.0,16800.0
4001892,101067.0,112448.0,17700.0
4001893,98067.0,114148.0,18600.0
4001894,98067.0,114148.0,15900.0
4001895,98067.0,114148.0,16800.0
4001896,98067.0,114148.0,17700.0
4001897,111267.0,111060.0,18600.0
4001898,111267.0,111923.0,18600.0
4001899,111267.0,112785.0,18600.0
4001900,111267.0,111060.0,15900.0
4001901,111267.0,111923.0,15900.0
4001902,111267.0,112785.0,15900.0
4001903,111267.0,111060.0,16800.0
4001904,111267.0,111060.0,17700.0
4001905,111267.0,112785.0,16800.0
4001906,111267.0,112785.0,17700.0
4001907,111267.0,111923.0,16800.0
4001908,111267.0,111923.0,17700.0
4001909,100367.0,114848.0,18600.0
4001910,100367.0,114848.0,15900.0
4001911,100367.0,114848.0,16800.0
4001912,100367.0,114848.0,17700.0
4001913,105733.0,114848.0,18600.0
4001914,106600.0,114848.0,18600.0
4001915,105733.0,114848.0,15900.0
4001916,106600.0,114848.0,15900.0
4001917,105733.0,114848.0,16800.0
4001918,105733.0,114848.0,17700.0
4001919,106600.0,114848.0,16800.0
4001920,106600.0,114848.0,17700.0
4001921,107467.0,106710.0,18600.0
4001922,107467.0,106710.0,15900.0
4001923,107467.0,106710.0,16800.0
4001924,107467.0,106710.0,17700.0
4001925,98067.0,102481.0,18600.0
4001926,98067.0,103414.0,18600.0
4001927,98067.0,102481.0,15900.0
4001928,98067.0,103414.0,15900.0
4001929,98067.0,102481.0,16800.0
4001930,98067.0,102481.0,17700.0
4001931,98067.0,103414.0,16800.0
4001932,98067.0,103414.0,17700.0
4001933,98067.0,105281.0,18600.0
4001934,98067.0,106214.0,18600.0
4001935,98067.0,105281.0,15900.0
4001936,98067.0,106214.0,15900.0
4001937,98067.0,105281.0,16800.0
4001938,98067.0,105281.0,17700.0
4001939,98067.0,106214.0,16800.0
4001940,98067.0,106214.0,17700.0
4001941,104867.0,114248.0,18600.0
4001942,104867.0,114248.0,15900.0
4001943,104867.0,114248.0,16800.0
4001944,104867.0,114248.0,17700.0
4001945,98067.0,99381.0,18600.0
4001946,98067.0,100214.0,18600.0
4001947,98067.0,99381.0,15900.0
4001948,98067.0,100214.0,15900.0
4001949,98067.0,99381.0,16800.0
4001950,98067.0,99381.0,17700.0
4001951,98067.0,100214.0,16800.0
4001952,98067.0,100214.0,17700.0
4001953,61197.0,110448.0,18500.0
4001954,62047.0,110448.0,18500.0
4001955,62897.0,110448.0,18500.0
4001956,61197.0,110448.0,15833.0
4001957,62047.0,110448.0,15833.0
4001958,62897.0,110448.0,15833.0
4001959,61197.0,110448.0,16666.0
4001960,61197.0,110448.0,17500.0
4001961,62897.0,110448.0,16666.0
4001962,62897.0,110448.0,17500.0
4001963,62047.0,110448.0,16666.0
4001964,62047.0,110448.0,17500.0
4001965,24217.0,113842.0,19500.0
4001966,24217.0,112888.0,19500.0
4001967,24217.0,111942.0,19500.0
4001968,24217.0,110977.0,19500.0
4001969,24217.0,109999.0,19500.0
4001970,24217.0,109011.0,19500.0
4001971,24217.0,108071.0,19500.0
4001972,25167.0,113929.0,19500.0
4001973,25167.0,113007.0,19500.0
4001974,25167.0,112066.0,19500.0
4001975,25167.0,111102.0,19500.0
4001976,25167.0,110119.0,19500.0
4001977,25167.0,109126.0,19500.0
4001978,25167.0,108135.0,19500.0
4001979,26117.0,114015.0,19500.0
4001980,26117.0,113157.0,19500.0
4001981,26117.0,112223.0,19500.0
4001982,26117.0,111253.0,19500.0
4001983,26117.0,110256.0,19500.0
4001984,26117.0,109228.0,19500.0
4001985,26117.0,108189.0,19500.0
4001986,27767.0,114148.0,19500.0
4001987,29267.0,114148.0,19500.0
4001988,17833.0,112807.0,19500.0
4001989,17803.0,111978.0,19500.0
4001990,17814.0,109560.0,19500.0
4001991,17803.0,110360.0,19500.0
4001992,17797.0,111175.0,19500.0
4001993,18747.0,110499.0,19500.0
4001994,18711.0,111308.0,19500.0
4001995,18758.0,109644.0,19500.0
4001996,18725.0,111989.0,19500.0
4001997,18796.0,112799.0,19500.0
4001998,19605.0,111720.0,19500.0
4001999,19687.0,110724.0,19500.0
4002000,19711.0,109759.0,19500.0
4002001,19736.0,112715.0,19500.0
4002002,17727.0,107952.0,19500.0
4002003,18522.0,107951.0,19500.0
4002004,19173.0,107945.0,19500.0
4002005,19928.0,107945.0,19500.0
4002006,21533.0,107964.0,19500.0
4002007,22400.0,107968.0,19500.0
4002008,24217.0,106235.0,19500.0
4002009,24217.0,105296.0,19500.0
4002010,25167.0,106224.0,19500.0
4002011,25167.0,105289.0,19500.0
4002012,26117.0,106235.0,19500.0
4002013,26117.0,105296.0,19500.0
4002014,17733.0,100214.0,19500.0
4002015,17704.0,99381.0,19500.0
4002016,18596.0,100214.0,19500.0
4002017,18559.0,99381.0,19500.0
4002018,24217.0,103414.0,19500.0
4002019,24217.0,102481.0,19500.0
4002020,25167.0,103414.0,19500.0
4002021,25167.0,102481.0,19500.0
4002022,26117.0,103414.0,19500.0
4002023,26117.0,102481.0,19500.0
4002024,24217.0,100556.0,19500.0
4002025,24217.0,99559.0,19500.0
4002026,25167.0,100552.0,19500.0
4002027,25167.0,99553.0,19500.0
4002028,26117.0,100556.0,19500.0
4002029,26117.0,99559.0,19500.0
4002030,53835.0,107943.0,19500.0
4002031,54736.0,107923.0,19500.0
4002032,55602.0,107903.0,19500.0
4002033,109538.0,100214.0,19500.0
4002034,109574.0,99381.0,19500.0
4002035,110401.0,100214.0,19500.0
4002036,110429.0,99381.0,19500.0
4002037,98867.0,114148.0,19500.0
4002038,100367.0,114148.0,19500.0
4002039,108372.0,112745.0,19500.0
4002040,108436.0,111814.0,19500.0
4002041,108445.0,109786.0,19500.0
4002042,108536.0,110807.0,19500.0
4002043,109424.0,111113.0,19500.0
4002044,109371.0,111930.0,19500.0
4002045,109425.0,110435.0,19500.0
4002046,109388.0,109627.0,19500.0
4002047,109326.0,112783.0,19500.0
4002048,110341.0,110329.0,19500.0
4002049,110337.0,111124.0,19500.0
4002050,110328.0,109547.0,19500.0
4002051,110293.0,112795.0,19500.0
4002052,110320.0,111948.0,19500.0
4002053,102017.0,100556.0,19500.0
4002054,102017.0,99559.0,19500.0
4002055,102967.0,100552.0,19500.0
4002056,102967.0,99553.0,19500.0
4002057,103917.0,100556.0,19500.0
4002058,103917.0,99559.0,19500.0
4002059,108205.0,107945.0,19500.0
4002060,108960.0,107945.0,19500.0
4002061,109611.0,107951.0,19500.0
4002062,110406.0,107952.0,19500.0
4002063,102017.0,106235.0,19500.0
4002064,102017.0,105296.0,19500.0
4002065,102967.0,106224.0,19500.0
4002066,102967.0,105289.0,19500.0
4002067,103917.0,106235.0,19500.0
4002068,103917.0,105296.0,19500.0
4002069,102017.0,114015.0,19500.0
4002070,102017.0,113157.0,19500.0
4002071,102017.0,112223.0,19500.0
4002072,102017.0,111253.0,19500.0
4002073,102017.0,110256.0,19500.0
4002074,102017.0,109228.0,19500.0
4002075,102017.0,108189.0,19500.0
4002076,102967.0,113929.0,19500.0
4002077,102967.0,113007.0,19500.0
4002078,102967.0,112066.0,19500.0
4002079,102967.0,111102.0,19500.0
4002080,102967.0,110119.0,19500.0
4002081,102967.0,109126.0,19500.0
4002082,102967.0,108135.0,19500.0
4002083,103917.0,113842.0,19500.0
4002084,103917.0,112888.0,19500.0
4002085,103917.0,111942.0,19500.0
4002086,103917.0,110977.0,19500.0
4002087,103917.0,109999.0,19500.0
4002088,103917.0,109011.0,19500.0
4002089,103917.0,108071.0,19500.0
4002090,102017.0,103414.0,19500.0
4002091,102017.0,102481.0,19500.0
4002092,102967.0,103414.0,19500.0
4002093,102967.0,102481.0,19500.0
4002094,103917.0,103414.0,19500.0
4002095,103917.0,102481.0,19500.0
4002096,105733.0,107968.0,19500.0
4002097,106600.0,107964.0,19500.0
5000001,23267.0,114848.0,23100.0
5000002,27067.0,114848.0,23100.0
5000003,20667.0,114848.0,23100.0
5000004,30067.0,114848.0,23100.0
5000005,27067.0,113448.0,23100.0
5000006,27067.0,110448.0,23100.0
5000007,30067.0,113448.0,23100.0
5000008,20667.0,111848.0,23100.0
5000009,20667.0,108798.0,23100.0
5000010,23267.0,111848.0,23100.0
5000011,16867.0,108748.0,23100.0
5000012,23267.0,108798.0,23100.0
5000013,16867.0,107148.0,23100.0
5000014,30067.0,107148.0,23100.0
5000015,23267.0,107148.0,23100.0
5000016,20667.0,107123.0,23100.0
5000017,27067.0,107148.0,23100.0
5000018,16867.0,101048.0,23100.0
5000019,17767.0,107148.0,23100.0
5000020,17767.0,101048.0,23100.0
5000021,20667.0,104348.0,23100.0
5000022,23267.0,104348.0,23100.0
5000023,27067.0,104348.0,23100.0
5000024,20667.0,101548.0,23100.0
5000025,20667.0,101048.0,23100.0
5000026,23267.0,101548.0,23100.0
5000027,27067.0,101548.0,23100.0
5000028,20667.0,98548.0,23100.0
5000029,23267.0,98548.0,23100.0
5000030,27067.0,98548.0,23100.0
5000031,16867.0,110198.0,23100.0
5000032,30067.0,110448.0,23100.0
5000033,23267.0,109893.0,23100.0
5000034,28067.0,110448.0,23100.0
5000035,23267.0,106298.0,23100.0
5000036,27067.0,106298.0,23100.0
5000037,20167.0,107098.0,23100.0
5000038,23267.0,99593.0,23100.0
5000039,27067.0,99593.0,23100.0
5000040,18417.0,98548.0,23100.0
5000041,20667.0,113648.0,23100.0
5000042,16867.0,113648.0,23100.0
5000043,19917.0,113648.0,23100.0
5000044,19917.0,114848.0,23100.0
5000045,17867.0,113648.0,23100.0
5000046,17867.0,114848.0,23100.0
5000047,28467.0,113448.0,23100.0
5000048,28467.0,114848.0,23100.0
5000049,19467.0,98548.0,23100.0
5000050,19467.0,101048.0,23100.0
5000051,17767.0,103698.0,23100.0
5000052,16867.0,103698.0,23100.0
5000053,20667.0,106298.0,23100.0
5000054,23267.0,113648.0,23100.0
5000055,20667.0,109893.0,23100.0
5000056,4867.0,114848.0,23100.0
5000057,4867.0,106698.0,23100.0
5000058,4867.0,98548.0,23100.0
5000059,4867.0,87098.0,23100.0
5000060,4867.0,126298.0,23100.0
5000061,9467.0,126348.0,23100.0
5000062,13067.0,126348.0,23100.0
5000063,124067.0,114848.0,23100.0
5000064,124067.0,106698.0,23100.0
5000065,124067.0,98548.0,23100.0
5000066,124067.0,87098.0,23100.0
5000067,124067.0,126298.0,23100.0
5000068,30067.0,98548.0,23100.0
5000069,30067.0,101048.0,23100.0
5000070,30067.0,104348.0,23100.0
5000071,30067.0,101548.0,23100.0
5000072,13067.0,87048.0,23100.0
5000073,9467.0,87048.0,23100.0
5000074,63747.0,110448.0,23100.0
5000075,60347.0,101048.0,23100.0
5000076,60347.0,107048.0,23100.0
5000077,63747.0,107148.0,23100.0
5000078,52947.0,114848.0,23100.0
5000079,56347.0,108748.0,23100.0
5000080,52947.0,103698.0,23100.0
5000081,53847.0,103698.0,23100.0
5000082,54497.0,98548.0,23100.0
5000083,56347.0,110448.0,23100.0
5000084,52947.0,110198.0,23100.0
5000085,56347.0,113448.0,23100.0
5000086,52947.0,101048.0,23100.0
5000087,53847.0,101048.0,23100.0
5000088,53847.0,107148.0,23100.0
5000089,52947.0,107148.0,23100.0
5000090,56347.0,107048.0,23100.0
5000091,52947.0,108748.0,23100.0
5000092,56347.0,101548.0,23100.0
5000093,55947.0,107048.0,23100.0
5000094,56347.0,106298.0,23100.0
5000095,60347.0,110448.0,23100.0
5000096,56347.0,104348.0,23100.0
5000097,56347.0,101048.0,23100.0
5000098,63747.0,101048.0,23100.0
5000099,52947.0,98548.0,23100.0
5000100,60347.0,104348.0,23100.0
5000101,119800.0,87048.0,23100.0
5000102,115533.0,87048.0,23100.0
5000103,111267.0,103698.0,23100.0
5000104,110367.0,103698.0,23100.0
5000105,108667.0,101048.0,23100.0
5000106,108667.0,98548.0,23100.0
5000107,99667.0,114848.0,23100.0
5000108,99667.0,113448.0,23100.0
5000109,110267.0,114848.0,23100.0
5000110,110267.0,113648.0,23100.0
5000111,108217.0,114848.0,23100.0
5000112,108217.0,113648.0,23100.0
5000113,111267.0,113648.0,23100.0
5000114,107467.0,113648.0,23100.0
5000115,109717.0,98548.0,23100.0
5000116,101067.0,99593.0,23100.0
5000117,104867.0,99593.0,23100.0
5000118,107967.0,107098.0,23100.0
5000119,101067.0,106298.0,23100.0
5000120,104867.0,106298.0,23100.0
5000121,100067.0,110448.0,23100.0
5000122,104867.0,109893.0,23100.0
5000123,98067.0,110448.0,23100.0
5000124,111267.0,110198.0,23100.0
5000125,101067.0,98548.0,23100.0
5000126,104867.0,98548.0,23100.0
5000127,107467.0,98548.0,23100.0
5000128,101067.0,101548.0,23100.0
5000129,104867.0,101548.0,23100.0
5000130,107467.0,101048.0,23100.0
5000131,107467.0,101548.0,23100.0
5000132,101067.0,104348.0,23100.0
5000133,104867.0,104348.0,23100.0
5000134,107467.0,104348.0,23100.0
5000135,110367.0,101048.0,23100.0
5000136,110367.0,107148.0,23100.0
5000137,111267.0,101048.0,23100.0
5000138,101067.0,107148.0,23100.0
5000139,107467.0,107123.0,23100.0
5000140,104867.0,107148.0,23100.0
5000141,98067.0,107148.0,23100.0
5000142,111267.0,107148.0,23100.0
5000143,104867.0,108798.0,23100.0
5000144,111267.0,108748.0,23100.0
5000145,104867.0,111848.0,23100.0
5000146,107467.0,108798.0,23100.0
5000147,107467.0,111848.0,23100.0
5000148,98067.0,113448.0,23100.0
5000149,101067.0,110448.0,23100.0
5000150,101067.0,113448.0,23100.0
5000151,98067.0,114848.0,23100.0
5000152,107467.0,114848.0,23100.0
5000153,101067.0,114848.0,23100.0
5000154,104867.0,114848.0,23100.0
5000155,107467.0,106298.0,23100.0
5000156,98067.0,101548.0,23100.0
5000157,98067.0,104348.0,23100.0
5000158,107467.0,109893.0,23100.0
5000159,104867.0,113648.0,23100.0
5000160,98067.0,98548.0,23100.0
5000161,63747.0,98548.0,23100.0
5000162,56347.0,98548.0,23100.0
5000163,56347.0,114848.0,23100.0
5000164,63747.0,114848.0,23100.0
5000165,60347.0,114848.0,23100.0
5000166,60347.0,98548.0,23100.0
5000167,30067.0,87098.0,23100.0
5000168,30067.0,126298.0,23100.0
5000169,16867.0,98548.0,23100.0
5000170,16867.0,114848.0,23100.0
5000171,16867.0,106698.0,23100.0
5000172,16867.0,87098.0,23100.0
5000173,16867.0,126298.0,23100.0
5000174,111267.0,87098.0,23100.0
5000175,111267.0,126298.0,23100.0
5000176,98067.0,126298.0,23100.0
5000177,111267.0,98548.0,23100.0
5000178,98067.0,87098.0,23100.0
5000179,111267.0,106698.0,23100.0
5000180,111267.0,114848.0,23100.0
5000181,41507.0,126298.0,23100.0
5000182,41507.0,87098.0,23100.0
5000183,52947.0,87098.0,23100.0
5000184,52947.0,126298.0,23100.0
5000185,75187.0,87098.0,23100.0
5000186,75187.0,126298.0,23100.0
5000187,86627.0,126298.0,23100.0
5000188,86627.0,87098.0,23100.0
5000189,58347.0,98548.0,23100.0
5000190,58347.0,87048.0,23100.0
5000191,58322.0,126348.0,23100.0
5000192,58322.0,114848.0,23100.0
5000193,119800.0,126348.0,23100.0
5000194,115533.0,126348.0,23100.0
5000195,107467.0,126348.0,23100.0
5000196,107467.0,87048.0,23100.0
5000197,102967.0,98548.0,23100.0
5000198,102967.0,87048.0,23100.0
5000199,102967.0,114848.0,23100.0
5000200,102967.0,126348.0,23100.0
5000201,92347.0,126348.0,23100.0
5000202,92347.0,87048.0,23100.0
5000203,80907.0,126348.0,23100.0
5000204,69467.0,126348.0,23100.0
5000205,69467.0,87048.0,23100.0
5000206,47227.0,126348.0,23100.0
5000207,47227.0,87048.0,23100.0
5000208,35787.0,126348.0,23100.0
5000209,35787.0,87048.0,23100.0
5000210,25167.0,98548.0,23100.0
5000211,25167.0,87048.0,23100.0
5000212,20667.0,87048.0,23100.0
5000213,25167.0,114848.0,23100.0
5000214,25167.0,126348.0,23100.0
5000215,20667.0,126348.0,23100.0
5000216,30067.0,106698.0,23100.0
5000217,52947.0,106698.0,23100.0
5000218,63747.0,106698.0,23100.0
5000219,98067.0,106698.0,23100.0
5000220,119800.0,106698.0,23100.0
5000221,115533.0,106698.0,23100.0
5000222,47227.0,106698.0,23100.0
5000223,35787.0,106698.0,23100.0
5000224,41507.0,106698.0,23100.0
5000225,13067.0,106698.0,23100.0
5000226,9467.0,106698.0,23100.0
5000227,119800.0,98548.0,23100.0
5000228,115533.0,98548.0,23100.0
5000229,47227.0,98548.0,23100.0
5000230,35787.0,98548.0,23100.0
5000231,41507.0,98548.0,23100.0
5000232,13067.0,98548.0,23100.0
5000233,9467.0,98548.0,23100.0
5000234,119800.0,114848.0,23100.0
5000235,115533.0,114848.0,23100.0
5000236,47227.0,114848.0,23100.0
5000237,35787.0,114848.0,23100.0
5000238,41507.0,114848.0,23100.0
5000239,13067.0,114848.0,23100.0
5000240,9467.0,114848.0,23100.0
5000241,63747.0,126298.0,23100.0
5000242,63747.0,87098.0,23100.0
5000243,92347.0,98548.0,23100.0
5000244,92347.0,107148.0,23100.0
5000245,92347.0,114848.0,23100.0
5000246,69467.0,98548.0,23100.0
5000247,69467.0,107148.0,23100.0
5000248,69467.0,114848.0,23100.0
5000249,75187.0,98548.0,23100.0
5000250,75187.0,107148.0,23100.0
5000251,75187.0,114848.0,23100.0
5000252,86627.0,98548.0,23100.0
5000253,86627.0,107148.0,23100.0
5000254,86627.0,114848.0,23100.0
5000255,80907.0,98548.0,23100.0
5000256,80907.0,107148.0,23100.0
5000257,80907.0,114848.0,23100.0
5000258,80907.0,87048.0,23100.0
5000259,27067.0,113448.0,22500.0
5000260,27067.0,114848.0,22500.0
5000261,20667.0,107123.0,22500.0
5000262,20667.0,108798.0,22500.0
5000263,28067.0,110448.0,22500.0
5000264,30067.0,110448.0,22500.0
5000265,23267.0,107148.0,22500.0
5000266,23267.0,108798.0,22500.0
5000267,17767.0,107148.0,22400.0
5000268,20167.0,107098.0,22400.0
5000269,18417.0,98548.0,22350.0
5000270,19467.0,98548.0,22350.0
5000271,28467.0,113448.0,22500.0
5000272,30067.0,113448.0,22500.0
5000273,20667.0,98548.0,22350.0
5000274,56347.0,113448.0,22400.0
5000275,56347.0,114848.0,22400.0
5000276,53847.0,107148.0,22400.0
5000277,55947.0,107048.0,22400.0
5000278,54497.0,98548.0,22350.0
5000279,56347.0,98548.0,22350.0
5000280,107467.0,98548.0,22350.0
5000281,108667.0,98548.0,22350.0
5000282,98067.0,113448.0,22500.0
5000283,99667.0,113448.0,22500.0
5000284,107967.0,107098.0,22400.0
5000285,110367.0,107148.0,22400.0
5000286,104867.0,107148.0,22500.0
5000287,104867.0,108798.0,22500.0
5000288,107467.0,107123.0,22500.0
5000289,107467.0,108798.0,22500.0
5000290,101067.0,113448.0,22500.0
5000291,101067.0,114848.0,22500.0
5000292,98067.0,110448.0,22500.0
5000293,100067.0,110448.0,22500.0
5000294,109717.0,98548.0,22350.0
5000295,17367.0,114848.0,23100.0
5000296,21533.0,114848.0,23100.0
5000297,22400.0,114848.0,23100.0
5000298,27767.0,114848.0,23100.0
5000299,16867.0,111060.0,23100.0
5000300,16867.0,111923.0,23100.0
5000301,16867.0,112785.0,23100.0
5000302,27067.0,113798.0,23100.0
5000303,27067.0,114148.0,23100.0
5000304,27067.0,114498.0,23100.0
5000305,30067.0,114148.0,23100.0
5000306,27067.0,111448.0,23100.0
5000307,27067.0,112448.0,23100.0
5000308,27767.0,113448.0,23100.0
5000309,27567.0,110448.0,23100.0
5000310,30067.0,111448.0,23100.0
5000311,30067.0,112448.0,23100.0
5000312,20667.0,109345.0,23100.0
5000313,20667.0,107541.0,23100.0
5000314,20667.0,107960.0,23100.0
5000315,20667.0,108379.0,23100.0
5000316,21533.0,108798.0,23100.0
5000317,22400.0,108798.0,23100.0
5000318,23267.0,109345.0,23100.0
5000319,28567.0,110448.0,23100.0
5000320,29067.0,110448.0,23100.0
5000321,29567.0,110448.0,23100.0
5000322,23267.0,107560.0,23100.0
5000323,23267.0,107973.0,23100.0
5000324,23267.0,108385.0,23100.0
5000325,17317.0,107148.0,23100.0
5000326,21533.0,107131.0,23100.0
5000327,22400.0,107139.0,23100.0
5000328,23267.0,106723.0,23100.0
5000329,27067.0,106723.0,23100.0
5000330,28067.0,107148.0,23100.0
5000331,29067.0,107148.0,23100.0
5000332,16867.0,101931.0,23100.0
5000333,16867.0,102814.0,23100.0
5000334,16867.0,99381.0,23100.0
5000335,16867.0,100214.0,23100.0
5000336,17317.0,101048.0,23100.0
5000337,18167.0,107139.0,23100.0
5000338,18567.0,107131.0,23100.0
5000339,18967.0,107123.0,23100.0
5000340,19367.0,107114.0,23100.0
5000341,19767.0,107106.0,23100.0
5000342,18617.0,101048.0,23100.0
5000343,20667.0,99381.0,23100.0
5000344,20667.0,100214.0,23100.0
5000345,17642.0,98548.0,23100.0
5000346,18942.0,98548.0,23100.0
5000347,21533.0,98548.0,23100.0
5000348,22400.0,98548.0,23100.0
5000349,23267.0,99070.0,23100.0
5000350,27067.0,99070.0,23100.0
5000351,28067.0,98548.0,23100.0
5000352,29067.0,98548.0,23100.0
5000353,16867.0,114248.0,23100.0
5000354,20667.0,114248.0,23100.0
5000355,20292.0,114848.0,23100.0
5000356,18142.0,114848.0,23100.0
5000357,18642.0,114848.0,23100.0
5000358,19142.0,114848.0,23100.0
5000359,19642.0,114848.0,23100.0
5000360,29267.0,114848.0,23100.0
5000361,28867.0,113448.0,23100.0
5000362,29267.0,113448.0,23100.0
5000363,29667.0,113448.0,23100.0
5000364,20067.0,101048.0,23100.0
5000365,20067.0,98548.0,23100.0
5000366,16867.0,104698.0,23100.0
5000367,16867.0,105698.0,23100.0
5000368,20667.0,106710.0,23100.0
5000369,23267.0,114248.0,23100.0
5000370,30067.0,99381.0,23100.0
5000371,30067.0,100214.0,23100.0
5000372,30067.0,105281.0,23100.0
5000373,30067.0,106214.0,23100.0
5000374,30067.0,102481.0,23100.0
5000375,30067.0,103414.0,23100.0
5000376,60347.0,101873.0,23100.0
5000377,60347.0,102698.0,23100.0
5000378,60347.0,103523.0,23100.0
5000379,63747.0,111328.0,23100.0
5000380,63747.0,112208.0,23100.0
5000381,63747.0,113088.0,23100.0
5000382,63747.0,113968.0,23100.0
5000383,61022.0,114848.0,23100.0
5000384,61697.0,114848.0,23100.0
5000385,62197.0,114848.0,23100.0
5000386,62697.0,114848.0,23100.0
5000387,63197.0,114848.0,23100.0
5000388,52947.0,104560.0,23100.0
5000389,52947.0,105423.0,23100.0
5000390,52947.0,106285.0,23100.0
5000391,53722.0,98548.0,23100.0
5000392,52947.0,99381.0,23100.0
5000393,52947.0,100214.0,23100.0
5000394,52947.0,101931.0,23100.0
5000395,52947.0,102814.0,23100.0
5000396,53397.0,101048.0,23100.0
5000397,53397.0,107148.0,23100.0
5000398,56347.0,111328.0,23100.0
5000399,56347.0,112208.0,23100.0
5000400,56347.0,113088.0,23100.0
5000401,56347.0,113798.0,23100.0
5000402,56347.0,114148.0,23100.0
5000403,56347.0,114498.0,23100.0
5000404,52947.0,111128.0,23100.0
5000405,52947.0,112058.0,23100.0
5000406,52947.0,112988.0,23100.0
5000407,52947.0,113918.0,23100.0
5000408,53622.0,114848.0,23100.0
5000409,54297.0,114848.0,23100.0
5000410,54797.0,114848.0,23100.0
5000411,55297.0,114848.0,23100.0
5000412,55797.0,114848.0,23100.0
5000413,54372.0,107123.0,23100.0
5000414,54897.0,107098.0,23100.0
5000415,55422.0,107073.0,23100.0
5000416,56347.0,106673.0,23100.0
5000417,56347.0,99381.0,23100.0
5000418,56347.0,100214.0,23100.0
5000419,54959.0,98548.0,23100.0
5000420,55422.0,98548.0,23100.0
5000421,55884.0,98548.0,23100.0
5000422,63747.0,102064.0,23100.0
5000423,63747.0,103081.0,23100.0
5000424,63747.0,104098.0,23100.0
5000425,63747.0,105114.0,23100.0
5000426,63747.0,106131.0,23100.0
5000427,63747.0,99381.0,23100.0
5000428,63747.0,100214.0,23100.0
5000429,54680.0,101048.0,23100.0
5000430,55513.0,101048.0,23100.0
5000431,60822.0,98548.0,23100.0
5000432,61297.0,98548.0,23100.0
5000433,61797.0,98548.0,23100.0
5000434,62297.0,98548.0,23100.0
5000435,62797.0,98548.0,23100.0
5000436,63272.0,98548.0,23100.0
5000437,61197.0,101048.0,23100.0
5000438,62047.0,101048.0,23100.0
5000439,62897.0,101048.0,23100.0
5000440,111267.0,104698.0,23100.0
5000441,111267.0,105698.0,23100.0
5000442,108067.0,98548.0,23100.0
5000443,108067.0,101048.0,23100.0
5000444,98467.0,113448.0,23100.0
5000445,98867.0,113448.0,23100.0
5000446,99267.0,113448.0,23100.0
5000447,98867.0,114848.0,23100.0
5000448,108492.0,114848.0,23100.0
5000449,108992.0,114848.0,23100.0
5000450,109492.0,114848.0,23100.0
5000451,109992.0,114848.0,23100.0
5000452,107842.0,114848.0,23100.0
5000453,107467.0,114248.0,23100.0
5000454,111267.0,114248.0,23100.0
5000455,110767.0,114848.0,23100.0
5000456,110492.0,98548.0,23100.0
5000457,99067.0,98548.0,23100.0
5000458,100067.0,98548.0,23100.0
5000459,105733.0,98548.0,23100.0
5000460,106600.0,98548.0,23100.0
5000461,101067.0,99070.0,23100.0
5000462,104867.0,99070.0,23100.0
5000463,107467.0,99381.0,23100.0
5000464,107467.0,100214.0,23100.0
5000465,109517.0,101048.0,23100.0
5000466,108367.0,107106.0,23100.0
5000467,108767.0,107114.0,23100.0
5000468,109167.0,107123.0,23100.0
5000469,109567.0,107131.0,23100.0
5000470,109967.0,107139.0,23100.0
5000471,110817.0,101048.0,23100.0
5000472,111267.0,99381.0,23100.0
5000473,111267.0,100214.0,23100.0
5000474,111267.0,101931.0,23100.0
5000475,111267.0,102814.0,23100.0
5000476,99067.0,107148.0,23100.0
5000477,100067.0,107148.0,23100.0
5000478,101067.0,106723.0,23100.0
5000479,104867.0,106723.0,23100.0
5000480,105733.0,107139.0,23100.0
5000481,106600.0,107131.0,23100.0
5000482,110817.0,107148.0,23100.0
5000483,104867.0,107560.0,23100.0
5000484,104867.0,107973.0,23100.0
5000485,104867.0,108385.0,23100.0
5000486,104867.0,109345.0,23100.0
5000487,105733.0,108798.0,23100.0
5000488,106600.0,108798.0,23100.0
5000489,107467.0,107541.0,23100.0
5000490,107467.0,107960.0,23100.0
5000491,107467.0,108379.0,23100.0
5000492,107467.0,109345.0,23100.0
5000493,98067.0,111448.0,23100.0
5000494,98067.0,112448.0,23100.0
5000495,100567.0,110448.0,23100.0
5000496,100367.0,113448.0,23100.0
5000497,101067.0,111448.0,23100.0
5000498,101067.0,112448.0,23100.0
5000499,98067.0,114148.0,23100.0
5000500,101067.0,113798.0,23100.0
5000501,101067.0,114148.0,23100.0
5000502,101067.0,114498.0,23100.0
5000503,111267.0,111060.0,23100.0
5000504,111267.0,111923.0,23100.0
5000505,111267.0,112785.0,23100.0
5000506,100367.0,114848.0,23100.0
5000507,105733.0,114848.0,23100.0
5000508,106600.0,114848.0,23100.0
5000509,107467.0,106710.0,23100.0
5000510,98067.0,102481.0,23100.0
5000511,98067.0,103414.0,23100.0
5000512,98067.0,105281.0,23100.0
5000513,98067.0,106214.0,23100.0
5000514,104867.0,114248.0,23100.0
5000515,98067.0,99381.0,23100.0
5000516,98067.0,100214.0,23100.0
5000517,98067.0,100881.0,23100.0
5000518,98567.0,110448.0,23100.0
5000519,99067.0,110448.0,23100.0
5000520,99567.0,110448.0,23100.0
5000521,109192.0,98548.0,23100.0
5000522,61197.0,110448.0,23100.0
5000523,62047.0,110448.0,23100.0
5000524,62897.0,110448.0,23100.0
5000525,16867.0,114848.0,22000.0
5000526,16867.0,114848.0,21166.0
5000527,16867.0,114848.0,20333.0
5000528,17867.0,114848.0,22000.0
5000529,17867.0,114848.0,21166.0
5000530,17867.0,114848.0,20333.0
5000531,20667.0,114848.0,22000.0
5000532,20667.0,114848.0,21166.0
5000533,20667.0,114848.0,20333.0
5000534,23267.0,114848.0,22100.0
5000535,23267.0,114848.0,21233.0
5000536,23267.0,114848.0,20366.0
5000537,28467.0,114848.0,22200.0
5000538,28467.0,114848.0,21300.0
5000539,28467.0,114848.0,20400.0
5000540,27067.0,110448.0,22200.0
5000541,27067.0,110448.0,21300.0
5000542,27067.0,110448.0,20400.0
5000543,20667.0,109893.0,22200.0
5000544,20667.0,109893.0,21300.0
5000545,20667.0,109893.0,20400.0
5000546,16867.0,110198.0,22000.0
5000547,16867.0,110198.0,21166.0
5000548,16867.0,110198.0,20333.0
5000549,16867.0,113648.0,22000.0
5000550,16867.0,113648.0,21166.0
5000551,16867.0,113648.0,20333.0
5000552,23267.0,109893.0,22200.0
5000553,23267.0,109893.0,21300.0
5000554,23267.0,109893.0,20400.0
5000555,16867.0,106698.0,22200.0
5000556,16867.0,106698.0,21300.0
5000557,16867.0,106698.0,20400.0
5000558,16867.0,107148.0,22200.0
5000559,16867.0,107148.0,21300.0
5000560,16867.0,107148.0,20400.0
5000561,23267.0,106298.0,22200.0
5000562,23267.0,106298.0,21300.0
5000563,23267.0,106298.0,20400.0
5000564,27067.0,106298.0,22200.0
5000565,27067.0,106298.0,21300.0
5000566,27067.0,106298.0,20400.0
5000567,27067.0,107148.0,22200.0
5000568,27067.0,107148.0,21300.0
5000569,27067.0,107148.0,20400.0
5000570,16867.0,101048.0,22200.0
5000571,16867.0,101048.0,21300.0
5000572,16867.0,101048.0,20400.0
5000573,16867.0,103698.0,22200.0
5000574,16867.0,103698.0,21300.0
5000575,16867.0,103698.0,20400.0
5000576,16867.0,98548.0,22200.0
5000577,16867.0,98548.0,21300.0
5000578,16867.0,98548.0,20400.0
5000579,17767.0,101048.0,22200.0
5000580,17767.0,101048.0,21300.0
5000581,17767.0,101048.0,20400.0
5000582,19467.0,101048.0,22200.0
5000583,19467.0,101048.0,21300.0
5000584,19467.0,101048.0,20400.0
5000585,20667.0,101048.0,22200.0
5000586,20667.0,101048.0,21300.0
5000587,20667.0,101048.0,20400.0
5000588,23267.0,98548.0,22200.0
5000589,23267.0,98548.0,21300.0
5000590,23267.0,98548.0,20400.0
5000591,23267.0,99593.0,22200.0
5000592,23267.0,99593.0,21300.0
5000593,23267.0,99593.0,20400.0
5000594,27067.0,98548.0,22200.0
5000595,27067.0,98548.0,21300.0
5000596,27067.0,98548.0,20400.0
5000597,27067.0,99593.0,22200.0
5000598,27067.0,99593.0,21300.0
5000599,27067.0,99593.0,20400.0
5000600,30067.0,98548.0,22200.0
5000601,30067.0,98548.0,21300.0
5000602,30067.0,98548.0,20400.0
5000603,19917.0,114848.0,22000.0
5000604,19917.0,114848.0,21166.0
5000605,19917.0,114848.0,20333.0
5000606,30067.0,114848.0,22200.0
5000607,30067.0,114848.0,21300.0
5000608,30067.0,114848.0,20400.0
5000609,20667.0,106298.0,22200.0
5000610,20667.0,106298.0,21300.0
5000611,20667.0,106298.0,20400.0
5000612,20667.0,113648.0,22000.0
5000613,20667.0,113648.0,21166.0
5000614,20667.0,113648.0,20333.0
5000615,23267.0,113648.0,22200.0
5000616,23267.0,113648.0,21300.0
5000617,23267.0,113648.0,20400.0
5000618,20667.0,101548.0,22200.0
5000619,20667.0,101548.0,21300.0
5000620,20667.0,101548.0,20400.0
5000621,30067.0,101048.0,22200.0
5000622,30067.0,101048.0,21300.0
5000623,30067.0,101048.0,20400.0
5000624,30067.0,101548.0,22200.0
5000625,30067.0,101548.0,21300.0
5000626,30067.0,101548.0,20400.0
5000627,30067.0,107148.0,22200.0
5000628,30067.0,107148.0,21300.0
5000629,30067.0,107148.0,20400.0
5000630,30067.0,104348.0,22200.0
5000631,30067.0,104348.0,21300.0
5000632,30067.0,104348.0,20400.0
5000633,30067.0,106698.0,22200.0
5000634,30067.0,106698.0,21300.0
5000635,30067.0,106698.0,20400.0
5000636,60347.0,101048.0,22000.0
5000637,60347.0,101048.0,21166.0
5000638,60347.0,101048.0,20333.0
5000639,60347.0,104348.0,22000.0
5000640,60347.0,104348.0,21166.0
5000641,60347.0,104348.0,20333.0
5000642,63747.0,110448.0,22000.0
5000643,63747.0,110448.0,21166.0
5000644,63747.0,110448.0,20333.0
5000645,63747.0,114848.0,22000.0
5000646,63747.0,114848.0,21166.0
5000647,63747.0,114848.0,20333.0
5000648,60347.0,114848.0,22000.0
5000649,60347.0,114848.0,21166.0
5000650,60347.0,114848.0,20333.0
5000651,52947.0,103698.0,22200.0
5000652,52947.0,103698.0,21300.0
5000653,52947.0,103698.0,20400.0
5000654,52947.0,106698.0,22200.0
5000655,52947.0,106698.0,21300.0
5000656,52947.0,106698.0,20400.0
5000657,52947.0,98548.0,22200.0
5000658,52947.0,98548.0,21300.0
5000659,52947.0,98548.0,20400.0
5000660,52947.0,101048.0,22200.0
5000661,52947.0,101048.0,21300.0
5000662,52947.0,101048.0,20400.0
5000663,53847.0,101048.0,22200.0
5000664,53847.0,101048.0,21300.0
5000665,53847.0,101048.0,20400.0
5000666,52947.0,107148.0,22200.0
5000667,52947.0,107148.0,21300.0
5000668,52947.0,107148.0,20400.0
5000669,56347.0,107048.0,22200.0
5000670,56347.0,107048.0,21300.0
5000671,56347.0,107048.0,20400.0
5000672,56347.0,110448.0,22200.0
5000673,56347.0,110448.0,21300.0
5000674,56347.0,110448.0,20400.0
5000675,52947.0,110198.0,22000.0
5000676,52947.0,110198.0,21166.0
5000677,52947.0,110198.0,20333.0
5000678,52947.0,114848.0,22000.0
5000679,52947.0,114848.0,21166.0
5000680,52947.0,114848.0,20333.0
5000681,56347.0,106298.0,22200.0
5000682,56347.0,106298.0,21300.0
5000683,56347.0,106298.0,20400.0
5000684,56347.0,101048.0,22200.0
5000685,56347.0,101048.0,21300.0
5000686,56347.0,101048.0,20400.0
5000687,56347.0,101548.0,22200.0
5000688,56347.0,101548.0,21300.0
5000689,56347.0,101548.0,20400.0
5000690,63747.0,101048.0,22000.0
5000691,63747.0,101048.0,21166.0
5000692,63747.0,101048.0,20333.0
5000693,63747.0,106698.0,22100.0
5000694,63747.0,106698.0,21233.0
5000695,63747.0,106698.0,20366.0
5000696,63747.0,98548.0,22000.0
5000697,63747.0,98548.0,21166.0
5000698,63747.0,98548.0,20333.0
5000699,60347.0,98548.0,22000.0
5000700,60347.0,98548.0,21166.0
5000701,60347.0,98548.0,20333.0
5000702,111267.0,103698.0,22200.0
5000703,111267.0,103698.0,21300.0
5000704,111267.0,103698.0,20400.0
5000705,111267.0,106698.0,22200.0
5000706,111267.0,106698.0,21300.0
5000707,111267.0,106698.0,20400.0
5000708,107467.0,101048.0,22200.0
5000709,107467.0,101048.0,21300.0
5000710,107467.0,101048.0,20400.0
5000711,108667.0,101048.0,22200.0
5000712,108667.0,101048.0,21300.0
5000713,108667.0,101048.0,20400.0
5000714,98067.0,114848.0,22200.0
5000715,98067.0,114848.0,21300.0
5000716,98067.0,114848.0,20400.0
5000717,99667.0,114848.0,22200.0
5000718,99667.0,114848.0,21300.0
5000719,99667.0,114848.0,20400.0
5000720,108217.0,114848.0,22000.0
5000721,108217.0,114848.0,21166.0
5000722,108217.0,114848.0,20333.0
5000723,110267.0,114848.0,22000.0
5000724,110267.0,114848.0,21166.0
5000725,110267.0,114848.0,20333.0
5000726,107467.0,114848.0,22100.0
5000727,107467.0,114848.0,21233.0
5000728,107467.0,114848.0,20366.0
5000729,107467.0,113648.0,22000.0
5000730,107467.0,113648.0,21166.0
5000731,107467.0,113648.0,20333.0
5000732,111267.0,113648.0,22200.0
5000733,111267.0,113648.0,21300.0
5000734,111267.0,113648.0,20400.0
5000735,111267.0,114848.0,22100.0
5000736,111267.0,114848.0,21233.0
5000737,111267.0,114848.0,20366.0
5000738,111267.0,98548.0,22200.0
5000739,111267.0,98548.0,21300.0
5000740,111267.0,98548.0,20400.0
5000741,98067.0,98548.0,22200.0
5000742,98067.0,98548.0,21300.0
5000743,98067.0,98548.0,20400.0
5000744,101067.0,98548.0,22200.0
5000745,101067.0,98548.0,21300.0
5000746,101067.0,98548.0,20400.0
5000747,104867.0,98548.0,22200.0
5000748,104867.0,98548.0,21300.0
5000749,104867.0,98548.0,20400.0
5000750,101067.0,99593.0,22200.0
5000751,101067.0,99593.0,21300.0
5000752,101067.0,99593.0,20400.0
5000753,104867.0,99593.0,22200.0
5000754,104867.0,99593.0,21300.0
5000755,104867.0,99593.0,20400.0
5000756,107467.0,101548.0,22200.0
5000757,107467.0,101548.0,21300.0
5000758,107467.0,101548.0,20400.0
5000759,110367.0,101048.0,22200.0
5000760,110367.0,101048.0,21300.0
5000761,110367.0,101048.0,20400.0
5000762,111267.0,101048.0,22200.0
5000763,111267.0,101048.0,21300.0
5000764,111267.0,101048.0,20400.0
5000765,98067.0,107148.0,22200.0
5000766,98067.0,107148.0,21300.0
5000767,98067.0,107148.0,20400.0
5000768,101067.0,107148.0,22200.0
5000769,101067.0,107148.0,21300.0
5000770,101067.0,107148.0,20400.0
5000771,101067.0,106298.0,22200.0
5000772,101067.0,106298.0,21300.0
5000773,101067.0,106298.0,20400.0
5000774,104867.0,106298.0,22200.0
5000775,104867.0,106298.0,21300.0
5000776,104867.0,106298.0,20400.0
5000777,111267.0,107148.0,22200.0
5000778,111267.0,107148.0,21300.0
5000779,111267.0,107148.0,20400.0
5000780,104867.0,109893.0,22200.0
5000781,104867.0,109893.0,21300.0
5000782,104867.0,109893.0,20400.0
5000783,107467.0,109893.0,22200.0
5000784,107467.0,109893.0,21300.0
5000785,107467.0,109893.0,20400.0
5000786,101067.0,110448.0,22200.0
5000787,101067.0,110448.0,21300.0
5000788,101067.0,110448.0,20400.0
5000789,111267.0,110198.0,22200.0
5000790,111267.0,110198.0,21300.0
5000791,111267.0,110198.0,20400.0
5000792,104867.0,114848.0,22200.0
5000793,104867.0,114848.0,21300.0
5000794,104867.0,114848.0,20400.0
5000795,107467.0,106298.0,22200.0
5000796,107467.0,106298.0,21300.0
5000797,107467.0,106298.0,20400.0
5000798,98067.0,101548.0,22200.0
5000799,98067.0,101548.0,21300.0
5000800,98067.0,101548.0,20400.0
5000801,98067.0,104348.0,22200.0
5000802,98067.0,104348.0,21300.0
5000803,98067.0,104348.0,20400.0
5000804,98067.0,106698.0,22200.0
5000805,98067.0,106698.0,21300.0
5000806,98067.0,106698.0,20400.0
5000807,104867.0,113648.0,22200.0
5000808,104867.0,113648.0,21300.0
5000809,104867.0,113648.0,20400.0
5000810,63747.0,107148.0,22200.0
5000811,63747.0,107148.0,21300.0
5000812,63747.0,107148.0,20400.0
5000813,60347.0,110448.0,22000.0
5000814,60347.0,110448.0,21166.0
5000815,60347.0,110448.0,20333.0
5000816,27067.0,113798.0,22500.0
5000817,27067.0,114148.0,22500.0
5000818,27067.0,114498.0,22500.0
5000819,20667.0,107541.0,22500.0
5000820,20667.0,107960.0,22500.0
5000821,20667.0,108379.0,22500.0
5000822,28567.0,110448.0,22500.0
5000823,29067.0,110448.0,22500.0
5000824,29567.0,110448.0,22500.0
5000825,23267.0,107560.0,22500.0
5000826,23267.0,107973.0,22500.0
5000827,23267.0,108385.0,22500.0
5000828,18167.0,107139.0,22400.0
5000829,18567.0,107131.0,22400.0
5000830,18967.0,107123.0,22400.0
5000831,19367.0,107114.0,22400.0
5000832,19767.0,107106.0,22400.0
5000833,18942.0,98548.0,22350.0
5000834,28867.0,113448.0,22500.0
5000835,29267.0,113448.0,22500.0
5000836,29667.0,113448.0,22500.0
5000837,20067.0,98548.0,22350.0
5000838,56347.0,113798.0,22400.0
5000839,56347.0,114148.0,22400.0
5000840,56347.0,114498.0,22400.0
5000841,54372.0,107123.0,22400.0
5000842,54897.0,107098.0,22400.0
5000843,55422.0,107073.0,22400.0
5000844,54959.0,98548.0,22350.0
5000845,55422.0,98548.0,22350.0
5000846,55884.0,98548.0,22350.0
5000847,108067.0,98548.0,22350.0
5000848,98467.0,113448.0,22500.0
5000849,98867.0,113448.0,22500.0
5000850,99267.0,113448.0,22500.0
5000851,108367.0,107106.0,22400.0
5000852,108767.0,107114.0,22400.0
5000853,109167.0,107123.0,22400.0
5000854,109567.0,107131.0,22400.0
5000855,109967.0,107139.0,22400.0
5000856,104867.0,107560.0,22500.0
5000857,104867.0,107973.0,22500.0
5000858,104867.0,108385.0,22500.0
5000859,107467.0,107541.0,22500.0
5000860,107467.0,107960.0,22500.0
5000861,107467.0,108379.0,22500.0
5000862,101067.0,113798.0,22500.0
5000863,101067.0,114148.0,22500.0
5000864,101067.0,114498.0,22500.0
5000865,98567.0,110448.0,22500.0
5000866,99067.0,110448.0,22500.0
5000867,99567.0,110448.0,22500.0
5000868,109192.0,98548.0,22350.0
5000869,27067.0,114848.0,21300.0
5000870,27067.0,114848.0,20400.0
5000871,27067.0,113448.0,21300.0
5000872,27067.0,113448.0,20400.0
5000873,28467.0,113448.0,21300.0
5000874,28467.0,113448.0,20400.0
5000875,20667.0,108798.0,21300.0
5000876,20667.0,108798.0,20400.0
5000877,28067.0,110448.0,21300.0
5000878,28067.0,110448.0,20400.0
5000879,23267.0,108798.0,21300.0
5000880,23267.0,108798.0,20400.0
5000881,20167.0,107098.0,21300.0
5000882,20167.0,107098.0,20400.0
5000883,20667.0,107123.0,21300.0
5000884,20667.0,107123.0,20400.0
5000885,23267.0,107148.0,21300.0
5000886,23267.0,107148.0,20400.0
5000887,20667.0,98548.0,21300.0
5000888,20667.0,98548.0,20400.0
5000889,18417.0,98548.0,21300.0
5000890,18417.0,98548.0,20400.0
5000891,17767.0,107148.0,21300.0
5000892,17767.0,107148.0,20400.0
5000893,30067.0,113448.0,21300.0
5000894,30067.0,113448.0,20400.0
5000895,30067.0,110448.0,21300.0
5000896,30067.0,110448.0,20400.0
5000897,54497.0,98548.0,21300.0
5000898,54497.0,98548.0,20400.0
5000899,53847.0,107148.0,21300.0
5000900,53847.0,107148.0,20400.0
5000901,55947.0,107048.0,21300.0
5000902,55947.0,107048.0,20400.0
5000903,56347.0,113448.0,21300.0
5000904,56347.0,113448.0,20400.0
5000905,56347.0,114848.0,21166.0
5000906,56347.0,114848.0,20333.0
5000907,56347.0,98548.0,21300.0
5000908,56347.0,98548.0,20400.0
5000909,109717.0,98548.0,21300.0
5000910,109717.0,98548.0,20400.0
5000911,107467.0,98548.0,21300.0
5000912,107467.0,98548.0,20400.0
5000913,107467.0,107123.0,21300.0
5000914,107467.0,107123.0,20400.0
5000915,107967.0,107098.0,21300.0
5000916,107967.0,107098.0,20400.0
5000917,104867.0,107148.0,21300.0
5000918,104867.0,107148.0,20400.0
5000919,110367.0,107148.0,21300.0
5000920,110367.0,107148.0,20400.0
5000921,104867.0,108798.0,21300.0
5000922,104867.0,108798.0,20400.0
5000923,107467.0,108798.0,21300.0
5000924,107467.0,108798.0,20400.0
5000925,98067.0,110448.0,21300.0
5000926,98067.0,110448.0,20400.0
5000927,98067.0,113448.0,21300.0
5000928,98067.0,113448.0,20400.0
5000929,100067.0,110448.0,21300.0
5000930,100067.0,110448.0,20400.0
5000931,99667.0,113448.0,21300.0
5000932,99667.0,113448.0,20400.0
5000933,101067.0,113448.0,21300.0
5000934,101067.0,113448.0,20400.0
5000935,101067.0,114848.0,21300.0
5000936,101067.0,114848.0,20400.0
5000937,24217.0,107148.0,23100.0
5000938,25167.0,107148.0,23100.0
5000939,26117.0,107148.0,23100.0
5000940,27067.0,108248.0,23100.0
5000941,27067.0,109348.0,23100.0
5000942,26117.0,114848.0,23100.0
5000943,24217.0,114848.0,23100.0
5000944,23267.0,112748.0,23100.0
5000945,23267.0,110870.0,23100.0
5000946,28467.0,114148.0,23100.0
5000947,17817.0,108760.0,23100.0
5000948,18767.0,108773.0,23100.0
5000949,19717.0,108785.0,23100.0
5000950,20667.0,110870.0,23100.0
5000951,20667.0,112748.0,23100.0
5000952,18892.0,113648.0,23100.0
5000953,16867.0,109473.0,23100.0
5000954,16867.0,107948.0,23100.0
5000955,24217.0,104348.0,23100.0
5000956,25167.0,104348.0,23100.0
5000957,26117.0,104348.0,23100.0
5000958,27067.0,105323.0,23100.0
5000959,23267.0,105323.0,23100.0
5000960,19467.0,99381.0,23100.0
5000961,19467.0,100214.0,23100.0
5000962,24217.0,101548.0,23100.0
5000963,25167.0,101548.0,23100.0
5000964,26117.0,101548.0,23100.0
5000965,27067.0,102481.0,23100.0
5000966,27067.0,103414.0,23100.0
5000967,23267.0,102481.0,23100.0
5000968,23267.0,103414.0,23100.0
5000969,24217.0,98548.0,23100.0
5000970,26117.0,98548.0,23100.0
5000971,27067.0,100570.0,23100.0
5000972,23267.0,100570.0,23100.0
5000973,56347.0,107898.0,23100.0
5000974,53797.0,108748.0,23100.0
5000975,54647.0,108748.0,23100.0
5000976,55497.0,108748.0,23100.0
5000977,52947.0,107948.0,23100.0
5000978,108667.0,99381.0,23100.0
5000979,108667.0,100214.0,23100.0
5000980,99667.0,114148.0,23100.0
5000981,109242.0,113648.0,23100.0
5000982,108417.0,108785.0,23100.0
5000983,109367.0,108773.0,23100.0
5000984,110317.0,108760.0,23100.0
5000985,111267.0,109473.0,23100.0
5000986,107467.0,112748.0,23100.0
5000987,107467.0,110870.0,23100.0
5000988,102017.0,98548.0,23100.0
5000989,103917.0,98548.0,23100.0
5000990,104867.0,100570.0,23100.0
5000991,102017.0,101548.0,23100.0
5000992,102967.0,101548.0,23100.0
5000993,103917.0,101548.0,23100.0
5000994,101067.0,100570.0,23100.0
5000995,111267.0,107948.0,23100.0
5000996,102017.0,104348.0,23100.0
5000997,102967.0,104348.0,23100.0
5000998,103917.0,104348.0,23100.0
5000999,104867.0,105323.0,23100.0
5001000,102017.0,107148.0,23100.0
5001001,102967.0,107148.0,23100.0
5001002,103917.0,107148.0,23100.0
5001003,101067.0,105323.0,23100.0
5001004,104867.0,110870.0,23100.0
5001005,104867.0,112748.0,23100.0
5001006,103917.0,114848.0,23100.0
5001007,102017.0,114848.0,23100.0
5001008,101067.0,108248.0,23100.0
5001009,101067.0,109348.0,23100.0
5001010,104867.0,102481.0,23100.0
5001011,104867.0,103414.0,23100.0
5001012,101067.0,102481.0,23100.0
5001013,101067.0,103414.0,23100.0
5001016,64239.0,106666.0,23099.0
5001017,108667.0,98548.0,22725.0
5001018,109192.0,98548.0,22725.0
5001019,109717.0,98548.0,22725.0
5001020,98067.0,110448.0,22800.0
5001021,98567.0,110448.0,22800.0
5001022,99067.0,110448.0,22800.0
5001023,99567.0,110448.0,22800.0
5001024,100067.0,110448.0,22800.0
5001025,101067.0,113448.0,22800.0
5001026,101067.0,113798.0,22800.0
5001027,101067.0,114148.0,22800.0
5001028,101067.0,114498.0,22800.0
5001029,101067.0,114848.0,22800.0
5001030,107467.0,107123.0,22800.0
5001031,107467.0,107541.0,22800.0
5001032,107467.0,107960.0,22800.0
5001033,107467.0,108379.0,22800.0
5001034,107467.0,108798.0,22800.0
5001035,104867.0,107148.0,22800.0
5001036,104867.0,107560.0,22800.0
5001037,104867.0,107973.0,22800.0
5001038,104867.0,108385.0,22800.0
5001039,104867.0,108798.0,22800.0
5001040,107967.0,107098.0,22750.0
5001041,108367.0,107106.0,22750.0
5001042,108767.0,107114.0,22750.0
5001043,109167.0,107123.0,22750.0
5001044,109567.0,107131.0,22750.0
5001045,109967.0,107139.0,22750.0
5001046,110367.0,107148.0,22750.0
5001047,98067.0,113448.0,22800.0
5001048,98467.0,113448.0,22800.0
5001049,98867.0,113448.0,22800.0
5001050,99267.0,113448.0,22800.0
5001051,99667.0,113448.0,22800.0
5001052,107467.0,98548.0,22725.0
5001053,108067.0,98548.0,22725.0
5001054,54497.0,98548.0,22725.0
5001055,54959.0,98548.0,22725.0
5001056,55422.0,98548.0,22725.0
5001057,55884.0,98548.0,22725.0
5001058,56347.0,98548.0,22725.0
5001059,53847.0,107148.0,22750.0
5001060,54372.0,107123.0,22750.0
5001061,54897.0,107098.0,22750.0
5001062,55422.0,107073.0,22750.0
5001063,55947.0,107048.0,22750.0
5001064,56347.0,113448.0,22750.0
5001065,56347.0,113798.0,22750.0
5001066,56347.0,114148.0,22750.0
5001067,56347.0,114498.0,22750.0
5001068,56347.0,114848.0,22750.0
5001069,19467.0,98548.0,22725.0
5001070,20067.0,98548.0,22725.0
5001071,20667.0,98548.0,22725.0
5001072,28467.0,113448.0,22800.0
5001073,28867.0,113448.0,22800.0
5001074,29267.0,113448.0,22800.0
5001075,29667.0,113448.0,22800.0
5001076,30067.0,113448.0,22800.0
5001077,18417.0,98548.0,22725.0
5001078,18942.0,98548.0,22725.0
5001079,17767.0,107148.0,22750.0
5001080,18167.0,107139.0,22750.0
5001081,18567.0,107131.0,22750.0
5001082,18967.0,107123.0,22750.0
5001083,19367.0,107114.0,22750.0
5001084,19767.0,107106.0,22750.0
5001085,20167.0,107098.0,22750.0
5001086,23267.0,107148.0,22800.0
5001087,23267.0,107560.0,22800.0
5001088,23267.0,107973.0,22800.0
5001089,23267.0,108385.0,22800.0
5001090,23267.0,108798.0,22800.0
5001091,28067.0,110448.0,22800.0
5001092,28567.0,110448.0,22800.0
5001093,29067.0,110448.0,22800.0
5001094,29567.0,110448.0,22800.0
5001095,30067.0,110448.0,22800.0
5001096,20667.0,107123.0,22800.0
5001097,20667.0,107541.0,22800.0
5001098,20667.0,107960.0,22800.0
5001099,20667.0,108379.0,22800.0
5001100,20667.0,108798.0,22800.0
5001101,27067.0,113448.0,22800.0
5001102,27067.0,113798.0,22800.0
5001103,27067.0,114148.0,22800.0
5001104,27067.0,114498.0,22800.0
5001105,27067.0,114848.0,22800.0
5001106,17367.0,114848.0,22000.0
5001107,17367.0,114848.0,20333.0
5001108,17367.0,114848.0,21166.0
5001109,21533.0,114848.0,22100.0
5001110,22400.0,114848.0,22100.0
5001111,21533.0,114848.0,20366.0
5001112,22400.0,114848.0,20366.0
5001113,21533.0,114848.0,21233.0
5001114,22400.0,114848.0,21233.0
5001115,27767.0,114848.0,22200.0
5001116,27767.0,114848.0,20400.0
5001117,27767.0,114848.0,21300.0
5001118,16867.0,111060.0,22000.0
5001119,16867.0,111923.0,22000.0
5001120,16867.0,112785.0,22000.0
5001121,16867.0,111060.0,20333.0
5001122,16867.0,111923.0,20333.0
5001123,16867.0,112785.0,20333.0
5001124,16867.0,111060.0,21166.0
5001125,16867.0,112785.0,21166.0
5001126,16867.0,111923.0,21166.0
5001127,30067.0,114148.0,22200.0
5001128,30067.0,114148.0,20400.0
5001129,30067.0,114148.0,21300.0
5001130,27067.0,111448.0,22200.0
5001131,27067.0,112448.0,22200.0
5001132,27067.0,111448.0,20400.0
5001133,27067.0,112448.0,20400.0
5001134,27067.0,111448.0,21300.0
5001135,27067.0,112448.0,21300.0
5001136,27767.0,113448.0,22500.0
5001137,27767.0,113448.0,20400.0
5001138,27767.0,113448.0,21300.0
5001139,27567.0,110448.0,22200.0
5001140,27567.0,110448.0,20400.0
5001141,27567.0,110448.0,21300.0
5001142,30067.0,111448.0,22500.0
5001143,30067.0,112448.0,22500.0
5001144,30067.0,111448.0,20400.0
5001145,30067.0,112448.0,20400.0
5001146,30067.0,111448.0,21300.0
5001147,30067.0,112448.0,21300.0
5001148,20667.0,109345.0,22200.0
5001149,20667.0,109345.0,20400.0
5001150,20667.0,109345.0,21300.0
5001151,21533.0,108798.0,22500.0
5001152,22400.0,108798.0,22500.0
5001153,21533.0,108798.0,20400.0
5001154,22400.0,108798.0,20400.0
5001155,21533.0,108798.0,21300.0
5001156,22400.0,108798.0,21300.0
5001157,23267.0,109345.0,22200.0
5001158,23267.0,109345.0,20400.0
5001159,23267.0,109345.0,21300.0
5001160,17317.0,107148.0,22200.0
5001161,17317.0,107148.0,20400.0
5001162,17317.0,107148.0,21300.0
5001163,21533.0,107131.0,22500.0
5001164,22400.0,107139.0,22500.0
5001165,21533.0,107131.0,20400.0
5001166,22400.0,107139.0,20400.0
5001167,21533.0,107131.0,21300.0
5001168,22400.0,107139.0,21300.0
5001169,23267.0,106723.0,22200.0
5001170,23267.0,106723.0,20400.0
5001171,23267.0,106723.0,21300.0
5001172,27067.0,106723.0,22200.0
5001173,27067.0,106723.0,20400.0
5001174,27067.0,106723.0,21300.0
5001175,28067.0,107148.0,22200.0
5001176,29067.0,107148.0,22200.0
5001177,28067.0,107148.0,20400.0
5001178,29067.0,107148.0,20400.0
5001179,28067.0,107148.0,21300.0
5001180,29067.0,107148.0,21300.0
5001181,16867.0,101931.0,22200.0
5001182,16867.0,102814.0,22200.0
5001183,16867.0,101931.0,20400.0
5001184,16867.0,102814.0,20400.0
5001185,16867.0,101931.0,21300.0
5001186,16867.0,102814.0,21300.0
5001187,16867.0,99381.0,22200.0
5001188,16867.0,100214.0,22200.0
5001189,16867.0,99381.0,20400.0
5001190,16867.0,100214.0,20400.0
5001191,16867.0,99381.0,21300.0
5001192,16867.0,100214.0,21300.0
5001193,17317.0,101048.0,22200.0
5001194,17317.0,101048.0,20400.0
5001195,17317.0,101048.0,21300.0
5001196,18617.0,101048.0,22200.0
5001197,18617.0,101048.0,20400.0
5001198,18617.0,101048.0,21300.0
5001199,20667.0,99381.0,22200.0
5001200,20667.0,100214.0,22200.0
5001201,20667.0,99381.0,20400.0
5001202,20667.0,100214.0,20400.0
5001203,20667.0,99381.0,21300.0
5001204,20667.0,100214.0,21300.0
5001205,17642.0,98548.0,22200.0
5001206,17642.0,98548.0,20400.0
5001207,17642.0,98548.0,21300.0
5001208,21533.0,98548.0,22200.0
5001209,22400.0,98548.0,22200.0
5001210,21533.0,98548.0,20400.0
5001211,22400.0,98548.0,20400.0
5001212,21533.0,98548.0,21300.0
5001213,22400.0,98548.0,21300.0
5001214,23267.0,99070.0,22200.0
5001215,23267.0,99070.0,20400.0
5001216,23267.0,99070.0,21300.0
5001217,27067.0,99070.0,22200.0
5001218,27067.0,99070.0,20400.0
5001219,27067.0,99070.0,21300.0
5001220,28067.0,98548.0,22200.0
5001221,29067.0,98548.0,22200.0
5001222,28067.0,98548.0,20400.0
5001223,29067.0,98548.0,20400.0
5001224,28067.0,98548.0,21300.0
5001225,29067.0,98548.0,21300.0
5001226,16867.0,114248.0,22000.0
5001227,16867.0,114248.0,20333.0
5001228,16867.0,114248.0,21166.0
5001229,20667.0,114248.0,22000.0
5001230,20667.0,114248.0,20333.0
5001231,20667.0,114248.0,21166.0
5001232,20292.0,114848.0,22000.0
5001233,20292.0,114848.0,20333.0
5001234,20292.0,114848.0,21166.0
5001235,18142.0,114848.0,22000.0
5001236,18145.0,114848.0,22550.0
5001237,18642.0,114848.0,22550.0
5001238,19142.0,114848.0,22550.0
5001239,19639.0,114848.0,22550.0
5001240,19642.0,114848.0,22000.0
5001241,18142.0,114848.0,20333.0
5001242,19642.0,114848.0,20333.0
5001243,18142.0,114848.0,21166.0
5001244,19642.0,114848.0,21166.0
5001245,18642.0,114848.0,22000.0
5001246,19142.0,114848.0,22000.0
5001247,29267.0,114848.0,22200.0
5001248,29267.0,114848.0,20400.0
5001249,29267.0,114848.0,21300.0
5001250,20067.0,101048.0,22200.0
5001251,20067.0,101048.0,20400.0
5001252,20067.0,101048.0,21300.0
5001253,16867.0,104698.0,22200.0
5001254,16867.0,105698.0,22200.0
5001255,16867.0,104698.0,20400.0
5001256,16867.0,105698.0,20400.0
5001257,16867.0,104698.0,21300.0
5001258,16867.0,105698.0,21300.0
5001259,20667.0,106710.0,22200.0
5001260,20667.0,106710.0,20400.0
5001261,20667.0,106710.0,21300.0
5001262,23267.0,114248.0,22200.0
5001263,23267.0,114248.0,20400.0
5001264,23267.0,114248.0,21300.0
5001265,30067.0,99381.0,22200.0
5001266,30067.0,100214.0,22200.0
5001267,30067.0,99381.0,20400.0
5001268,30067.0,100214.0,20400.0
5001269,30067.0,99381.0,21300.0
5001270,30067.0,100214.0,21300.0
5001271,30067.0,105281.0,22200.0
5001272,30067.0,106214.0,22200.0
5001273,30067.0,105281.0,20400.0
5001274,30067.0,106214.0,20400.0
5001275,30067.0,105281.0,21300.0
5001276,30067.0,106214.0,21300.0
5001277,30067.0,102481.0,22200.0
5001278,30067.0,103414.0,22200.0
5001279,30067.0,102481.0,20400.0
5001280,30067.0,103414.0,20400.0
5001281,30067.0,102481.0,21300.0
5001282,30067.0,103414.0,21300.0
5001283,60347.0,101873.0,22000.0
5001284,60347.0,102698.0,22000.0
5001285,60347.0,103523.0,22000.0
5001286,60347.0,101873.0,20333.0
5001287,60347.0,102698.0,20333.0
5001288,60347.0,103523.0,20333.0
5001289,60347.0,101873.0,21166.0
5001290,60347.0,103523.0,21166.0
5001291,60347.0,102698.0,21166.0
5001292,63747.0,111328.0,22000.0
5001293,63747.0,112208.0,22000.0
5001294,63747.0,113088.0,22000.0
5001295,63747.0,113968.0,22000.0
5001296,63747.0,111328.0,20333.0
5001297,63747.0,112208.0,20333.0
5001298,63747.0,113088.0,20333.0
5001299,63747.0,113968.0,20333.0
5001300,63747.0,111328.0,21166.0
5001301,63747.0,113968.0,21166.0
5001302,63747.0,112208.0,21166.0
5001303,63747.0,113088.0,21166.0
5001304,61022.0,114848.0,22000.0
5001305,61697.0,114848.0,22000.0
5001306,61700.0,114848.0,22550.0
5001307,62197.0,114848.0,22550.0
5001308,62697.0,114848.0,22550.0
5001309,63194.0,114848.0,22550.0
5001310,63197.0,114848.0,22000.0
5001311,61022.0,114848.0,20333.0
5001312,61697.0,114848.0,20333.0
5001313,63197.0,114848.0,20333.0
5001314,61022.0,114848.0,21166.0
5001315,63197.0,114848.0,21166.0
5001316,62197.0,114848.0,22000.0
5001317,61697.0,114848.0,21166.0
5001318,62697.0,114848.0,22000.0
5001319,52947.0,104560.0,22200.0
5001320,52947.0,105423.0,22200.0
5001321,52947.0,106285.0,22200.0
5001322,52947.0,104560.0,20400.0
5001323,52947.0,105423.0,20400.0
5001324,52947.0,106285.0,20400.0
5001325,52947.0,104560.0,21300.0
5001326,52947.0,106285.0,21300.0
5001327,52947.0,105423.0,21300.0
5001328,53722.0,98548.0,22200.0
5001329,53722.0,98548.0,20400.0
5001330,53722.0,98548.0,21300.0
5001331,52947.0,99381.0,22200.0
5001332,52947.0,100214.0,22200.0
5001333,52947.0,99381.0,20400.0
5001334,52947.0,100214.0,20400.0
5001335,52947.0,99381.0,21300.0
5001336,52947.0,100214.0,21300.0
5001337,52947.0,101931.0,22200.0
5001338,52947.0,102814.0,22200.0
5001339,52947.0,101931.0,20400.0
5001340,52947.0,102814.0,20400.0
5001341,52947.0,101931.0,21300.0
5001342,52947.0,102814.0,21300.0
5001343,53397.0,101048.0,22200.0
5001344,53397.0,101048.0,20400.0
5001345,53397.0,101048.0,21300.0
5001346,53397.0,107148.0,22200.0
5001347,53397.0,107148.0,20400.0
5001348,53397.0,107148.0,21300.0
5001349,56347.0,111328.0,22200.0
5001350,56347.0,112208.0,22200.0
5001351,56347.0,113088.0,22200.0
5001352,56347.0,111328.0,20400.0
5001353,56347.0,112208.0,20400.0
5001354,56347.0,113088.0,20400.0
5001355,56347.0,111328.0,21300.0
5001356,56347.0,113088.0,21300.0
5001357,56347.0,112208.0,21300.0
5001358,52947.0,111128.0,22000.0
5001359,52947.0,112058.0,22000.0
5001360,52947.0,112988.0,22000.0
5001361,52947.0,113918.0,22000.0
5001362,52947.0,111128.0,20333.0
5001363,52947.0,112058.0,20333.0
5001364,52947.0,112988.0,20333.0
5001365,52947.0,113918.0,20333.0
5001366,52947.0,111128.0,21166.0
5001367,52947.0,113918.0,21166.0
5001368,52947.0,112058.0,21166.0
5001369,52947.0,112988.0,21166.0
5001370,53622.0,114848.0,22000.0
5001371,54297.0,114848.0,22000.0
5001372,54300.0,114848.0,22550.0
5001373,54797.0,114848.0,22550.0
5001374,55297.0,114848.0,22550.0
5001375,55794.0,114848.0,22550.0
5001376,55797.0,114848.0,22000.0
5001377,53622.0,114848.0,20333.0
5001378,54297.0,114848.0,20333.0
5001379,55797.0,114848.0,20333.0
5001380,53622.0,114848.0,21166.0
5001381,55797.0,114848.0,21166.0
5001382,54797.0,114848.0,22000.0
5001383,54297.0,114848.0,21166.0
5001384,55297.0,114848.0,22000.0
5001385,56347.0,106673.0,22200.0
5001386,56347.0,106673.0,20400.0
5001387,56347.0,106673.0,21300.0
5001388,56347.0,99381.0,22200.0
5001389,56347.0,100214.0,22200.0
5001390,56347.0,99381.0,20400.0
5001391,56347.0,100214.0,20400.0
5001392,56347.0,99381.0,21300.0
5001393,56347.0,100214.0,21300.0
5001394,63747.0,102064.0,22100.0
5001395,63747.0,103081.0,22100.0
5001396,63747.0,104098.0,22100.0
5001397,63747.0,105114.0,22100.0
5001398,63747.0,106131.0,22100.0
5001399,63747.0,102064.0,20366.0
5001400,63747.0,103081.0,20366.0
5001401,63747.0,104098.0,20366.0
5001402,63747.0,105114.0,20366.0
5001403,63747.0,106131.0,20366.0
5001404,63747.0,102064.0,21233.0
5001405,63747.0,106131.0,21233.0
5001406,63747.0,103081.0,21233.0
5001407,63747.0,104098.0,21233.0
5001408,63747.0,105114.0,21233.0
5001409,63747.0,99381.0,22000.0
5001410,63747.0,100214.0,22000.0
5001411,63747.0,99381.0,20333.0
5001412,63747.0,100214.0,20333.0
5001413,63747.0,99381.0,21166.0
5001414,63747.0,100214.0,21166.0
5001415,54680.0,101048.0,22200.0
5001416,55513.0,101048.0,22200.0
5001417,54680.0,101048.0,20400.0
5001418,55513.0,101048.0,20400.0
5001419,54680.0,101048.0,21300.0
5001420,55513.0,101048.0,21300.0
5001421,60822.0,98548.0,22000.0
5001422,61297.0,98548.0,22000.0
5001423,61300.0,98548.0,22550.0
5001424,61797.0,98548.0,22550.0
5001425,62297.0,98548.0,22550.0
5001426,62794.0,98548.0,22550.0
5001427,62797.0,98548.0,22000.0
5001428,63272.0,98548.0,22000.0
5001429,60822.0,98548.0,20333.0
5001430,61297.0,98548.0,20333.0
5001431,63272.0,98548.0,20333.0
5001432,62797.0,98548.0,20333.0
5001433,60822.0,98548.0,21166.0
5001434,63272.0,98548.0,21166.0
5001435,61797.0,98548.0,22000.0
5001436,61297.0,98548.0,21166.0
5001437,62297.0,98548.0,22000.0
5001438,62797.0,98548.0,21166.0
5001439,61197.0,101048.0,22000.0
5001440,62047.0,101048.0,22000.0
5001441,62897.0,101048.0,22000.0
5001442,61197.0,101048.0,20333.0
5001443,62047.0,101048.0,20333.0
5001444,62897.0,101048.0,20333.0
5001445,61197.0,101048.0,21166.0
5001446,62897.0,101048.0,21166.0
5001447,62047.0,101048.0,21166.0
5001448,111267.0,104698.0,22200.0
5001449,111267.0,105698.0,22200.0
5001450,111267.0,104698.0,20400.0
5001451,111267.0,105698.0,20400.0
5001452,111267.0,104698.0,21300.0
5001453,111267.0,105698.0,21300.0
5001454,108067.0,101048.0,22200.0
5001455,108067.0,101048.0,20400.0
5001456,108067.0,101048.0,21300.0
5001457,98867.0,114848.0,22200.0
5001458,98867.0,114848.0,20400.0
5001459,98867.0,114848.0,21300.0
5001460,108492.0,114848.0,22000.0
5001461,108495.0,114848.0,22550.0
5001462,108992.0,114848.0,22550.0
5001463,109492.0,114848.0,22550.0
5001464,109989.0,114848.0,22550.0
5001465,109992.0,114848.0,22000.0
5001466,108492.0,114848.0,20333.0
5001467,109992.0,114848.0,20333.0
5001468,108492.0,114848.0,21166.0
5001469,109992.0,114848.0,21166.0
5001470,108992.0,114848.0,22000.0
5001471,109492.0,114848.0,22000.0
5001472,107842.0,114848.0,22100.0
5001473,107842.0,114848.0,20366.0
5001474,107842.0,114848.0,21233.0
5001475,107467.0,114248.0,22100.0
5001476,107467.0,114248.0,20366.0
5001477,107467.0,114248.0,21233.0
5001478,111267.0,114248.0,22200.0
5001479,111267.0,114248.0,20400.0
5001480,111267.0,114248.0,21300.0
5001481,110767.0,114848.0,22100.0
5001482,110767.0,114848.0,20366.0
5001483,110767.0,114848.0,21233.0
5001484,110492.0,98548.0,22200.0
5001485,110492.0,98548.0,20400.0
5001486,110492.0,98548.0,21300.0
5001487,99067.0,98548.0,22200.0
5001488,100067.0,98548.0,22200.0
5001489,99067.0,98548.0,20400.0
5001490,100067.0,98548.0,20400.0
5001491,99067.0,98548.0,21300.0
5001492,100067.0,98548.0,21300.0
5001493,105733.0,98548.0,22200.0
5001494,106600.0,98548.0,22200.0
5001495,105733.0,98548.0,20400.0
5001496,106600.0,98548.0,20400.0
5001497,105733.0,98548.0,21300.0
5001498,106600.0,98548.0,21300.0
5001499,101067.0,99070.0,22200.0
5001500,101067.0,99070.0,20400.0
5001501,101067.0,99070.0,21300.0
5001502,104867.0,99070.0,22200.0
5001503,104867.0,99070.0,20400.0
5001504,104867.0,99070.0,21300.0
5001505,107467.0,99381.0,22200.0
5001506,107467.0,100214.0,22200.0
5001507,107467.0,99381.0,20400.0
5001508,107467.0,100214.0,20400.0
5001509,107467.0,99381.0,21300.0
5001510,107467.0,100214.0,21300.0
5001511,109517.0,101048.0,22200.0
5001512,109517.0,101048.0,20400.0
5001513,109517.0,101048.0,21300.0
5001514,110817.0,101048.0,22200.0
5001515,110817.0,101048.0,20400.0
5001516,110817.0,101048.0,21300.0
5001517,111267.0,99381.0,22200.0
5001518,111267.0,100214.0,22200.0
5001519,111267.0,99381.0,20400.0
5001520,111267.0,100214.0,20400.0
5001521,111267.0,99381.0,21300.0
5001522,111267.0,100214.0,21300.0
5001523,111267.0,101931.0,22200.0
5001524,111267.0,102814.0,22200.0
5001525,111267.0,101931.0,20400.0
5001526,111267.0,102814.0,20400.0
5001527,111267.0,101931.0,21300.0
5001528,111267.0,102814.0,21300.0
5001529,99067.0,107148.0,22200.0
5001530,100067.0,107148.0,22200.0
5001531,99067.0,107148.0,20400.0
5001532,100067.0,107148.0,20400.0
5001533,99067.0,107148.0,21300.0
5001534,100067.0,107148.0,21300.0
5001535,101067.0,106723.0,22200.0
5001536,101067.0,106723.0,20400.0
5001537,101067.0,106723.0,21300.0
5001538,104867.0,106723.0,22200.0
5001539,104867.0,106723.0,20400.0
5001540,104867.0,106723.0,21300.0
5001541,105733.0,107139.0,22500.0
5001542,106600.0,107131.0,22500.0
5001543,105733.0,107139.0,20400.0
5001544,106600.0,107131.0,20400.0
5001545,105733.0,107139.0,21300.0
5001546,106600.0,107131.0,21300.0
5001547,110817.0,107148.0,22200.0
5001548,110817.0,107148.0,20400.0
5001549,110817.0,107148.0,21300.0
5001550,104867.0,109345.0,22200.0
5001551,104867.0,109345.0,20400.0
5001552,104867.0,109345.0,21300.0
5001553,105733.0,108798.0,22500.0
5001554,106600.0,108798.0,22500.0
5001555,105733.0,108798.0,20400.0
5001556,106600.0,108798.0,20400.0
5001557,105733.0,108798.0,21300.0
5001558,106600.0,108798.0,21300.0
5001559,107467.0,109345.0,22200.0
5001560,107467.0,109345.0,20400.0
5001561,107467.0,109345.0,21300.0
5001562,98067.0,111448.0,22500.0
5001563,98067.0,112448.0,22500.0
5001564,98067.0,111448.0,20400.0
5001565,98067.0,112448.0,20400.0
5001566,98067.0,111448.0,21300.0
5001567,98067.0,112448.0,21300.0
5001568,100567.0,110448.0,22200.0
5001569,100567.0,110448.0,20400.0
5001570,100567.0,110448.0,21300.0
5001571,100367.0,113448.0,22500.0
5001572,100367.0,113448.0,20400.0
5001573,100367.0,113448.0,21300.0
5001574,101067.0,111448.0,22200.0
5001575,101067.0,112448.0,22200.0
5001576,101067.0,111448.0,20400.0
5001577,101067.0,112448.0,20400.0
5001578,101067.0,111448.0,21300.0
5001579,101067.0,112448.0,21300.0
5001580,98067.0,114148.0,22200.0
5001581,98067.0,114148.0,20400.0
5001582,98067.0,114148.0,21300.0
5001583,111267.0,111060.0,22200.0
5001584,111267.0,111923.0,22200.0
5001585,111267.0,112785.0,22200.0
5001586,111267.0,111060.0,20400.0
5001587,111267.0,111923.0,20400.0
5001588,111267.0,112785.0,20400.0
5001589,111267.0,111060.0,21300.0
5001590,111267.0,112785.0,21300.0
5001591,111267.0,111923.0,21300.0
5001592,100367.0,114848.0,22200.0
5001593,100367.0,114848.0,20400.0
5001594,100367.0,114848.0,21300.0
5001595,105733.0,114848.0,22200.0
5001596,106600.0,114848.0,22200.0
5001597,105733.0,114848.0,20400.0
5001598,106600.0,114848.0,20400.0
5001599,105733.0,114848.0,21300.0
5001600,106600.0,114848.0,21300.0
5001601,107467.0,106710.0,22200.0
5001602,107467.0,106710.0,20400.0
5001603,107467.0,106710.0,21300.0
5001604,98067.0,102481.0,22200.0
5001605,98067.0,103414.0,22200.0
5001606,98067.0,102481.0,20400.0
5001607,98067.0,103414.0,20400.0
5001608,98067.0,102481.0,21300.0
5001609,98067.0,103414.0,21300.0
5001610,98067.0,105281.0,22200.0
5001611,98067.0,106214.0,22200.0
5001612,98067.0,105281.0,20400.0
5001613,98067.0,106214.0,20400.0
5001614,98067.0,105281.0,21300.0
5001615,98067.0,106214.0,21300.0
5001616,104867.0,114248.0,22200.0
5001617,104867.0,114248.0,20400.0
5001618,104867.0,114248.0,21300.0
5001619,98067.0,99381.0,22200.0
5001620,98067.0,100214.0,22200.0
5001621,98067.0,100881.0,22200.0
5001622,98067.0,99381.0,20400.0
5001623,98067.0,100214.0,20400.0
5001624,98067.0,100881.0,20400.0
5001625,98067.0,99381.0,21300.0
5001626,98067.0,100881.0,21300.0
5001627,98067.0,100214.0,21300.0
5001628,61197.0,110448.0,22000.0
5001629,62047.0,110448.0,22000.0
5001630,62897.0,110448.0,22000.0
5001631,61197.0,110448.0,20333.0
5001632,62047.0,110448.0,20333.0
5001633,62897.0,110448.0,20333.0
5001634,61197.0,110448.0,21166.0
5001635,62897.0,110448.0,21166.0
5001636,62047.0,110448.0,21166.0
5001637,24217.0,113842.0,23100.0
5001638,24217.0,112888.0,23100.0
5001639,24217.0,111942.0,23100.0
5001640,24217.0,110977.0,23100.0
5001641,24217.0,109999.0,23100.0
5001642,24217.0,109011.0,23100.0
5001643,24217.0,108071.0,23100.0
5001644,25167.0,113929.0,23100.0
5001645,25167.0,113007.0,23100.0
5001646,25167.0,112066.0,23100.0
5001647,25167.0,111102.0,23100.0
5001648,25167.0,110119.0,23100.0
5001649,25167.0,109126.0,23100.0
5001650,25167.0,108135.0,23100.0
5001651,26117.0,114015.0,23100.0
5001652,26117.0,113157.0,23100.0
5001653,26117.0,112223.0,23100.0
5001654,26117.0,111253.0,23100.0
5001655,26117.0,110256.0,23100.0
5001656,26117.0,109228.0,23100.0
5001657,26117.0,108189.0,23100.0
5001658,27767.0,114148.0,23100.0
5001659,29267.0,114148.0,23100.0
5001660,17833.0,112807.0,23100.0
5001661,17803.0,111978.0,23100.0
5001662,17814.0,109560.0,23100.0
5001663,17803.0,110360.0,23100.0
5001664,17797.0,111175.0,23100.0
5001665,18747.0,110499.0,23100.0
5001666,18711.0,111308.0,23100.0
5001667,18758.0,109644.0,23100.0
5001668,18725.0,111989.0,23100.0
5001669,18796.0,112799.0,23100.0
5001670,19605.0,111720.0,23100.0
5001671,19687.0,110724.0,23100.0
5001672,19711.0,109759.0,23100.0
5001673,19736.0,112715.0,23100.0
5001674,17727.0,107952.0,23100.0
5001675,18522.0,107951.0,23100.0
5001676,19173.0,107945.0,23100.0
5001677,19928.0,107945.0,23100.0
5001678,21533.0,107964.0,23100.0
5001679,22400.0,107968.0,23100.0
5001680,24217.0,106235.0,23100.0
5001681,24217.0,105296.0,23100.0
5001682,25167.0,106224.0,23100.0
5001683,25167.0,105289.0,23100.0
5001684,26117.0,106235.0,23100.0
5001685,26117.0,105296.0,23100.0
5001686,17733.0,100214.0,23100.0
5001687,17704.0,99381.0,23100.0
5001688,18596.0,100214.0,23100.0
5001689,18559.0,99381.0,23100.0
5001690,24217.0,103414.0,23100.0
5001691,24217.0,102481.0,23100.0
5001692,25167.0,103414.0,23100.0
5001693,25167.0,102481.0,23100.0
5001694,26117.0,103414.0,23100.0
5001695,26117.0,102481.0,23100.0
5001696,24217.0,100556.0,23100.0
5001697,24217.0,99559.0,23100.0
5001698,25167.0,100552.0,23100.0
5001699,25167.0,99553.0,23100.0
5001700,26117.0,100556.0,23100.0
5001701,26117.0,99559.0,23100.0
5001702,53835.0,107943.0,23100.0
5001703,54736.0,107923.0,23100.0
5001704,55602.0,107903.0,23100.0
5001705,109538.0,100214.0,23100.0
5001706,109574.0,99381.0,23100.0
5001707,110401.0,100214.0,23100.0
5001708,110429.0,99381.0,23100.0
5001709,98867.0,114148.0,23100.0
5001710,100367.0,114148.0,23100.0
5001711,108372.0,112745.0,23100.0
5001712,108436.0,111814.0,23100.0
5001713,108445.0,109786.0,23100.0
5001714,108536.0,110807.0,23100.0
5001715,109424.0,111113.0,23100.0
5001716,109371.0,111930.0,23100.0
5001717,109425.0,110435.0,23100.0
5001718,109388.0,109627.0,23100.0
5001719,109326.0,112783.0,23100.0
5001720,110341.0,110329.0,23100.0
5001721,110337.0,111124.0,23100.0
5001722,110328.0,109547.0,23100.0
5001723,110293.0,112795.0,23100.0
5001724,110320.0,111948.0,23100.0
5001725,102017.0,100556.0,23100.0
5001726,102017.0,99559.0,23100.0
5001727,102967.0,100552.0,23100.0
5001728,102967.0,99553.0,23100.0
5001729,103917.0,100556.0,23100.0
5001730,103917.0,99559.0,23100.0
5001731,108205.0,107945.0,23100.0
5001732,108960.0,107945.0,23100.0
5001733,109611.0,107951.0,23100.0
5001734,110406.0,107952.0,23100.0
5001735,102017.0,106235.0,23100.0
5001736,102017.0,105296.0,23100.0
5001737,102967.0,106224.0,23100.0
5001738,102967.0,105289.0,23100.0
5001739,103917.0,106235.0,23100.0
5001740,103917.0,105296.0,23100.0
5001741,102017.0,114015.0,23100.0
5001742,102017.0,113157.0,23100.0
5001743,102017.0,112223.0,23100.0
5001744,102017.0,111253.0,23100.0
5001745,102017.0,110256.0,23100.0
5001746,102017.0,109228.0,23100.0
5001747,102017.0,108189.0,23100.0
5001748,102967.0,113929.0,23100.0
5001749,102967.0,113007.0,23100.0
5001750,102967.0,112066.0,23100.0
5001751,102967.0,111102.0,23100.0
5001752,102967.0,110119.0,23100.0
5001753,102967.0,109126.0,23100.0
5001754,102967.0,108135.0,23100.0
5001755,103917.0,113842.0,23100.0
5001756,103917.0,112888.0,23100.0
5001757,103917.0,111942.0,23100.0
5001758,103917.0,110977.0,23100.0
5001759,103917.0,109999.0,23100.0
5001760,103917.0,109011.0,23100.0
5001761,103917.0,108071.0,23100.0
5001762,102017.0,103414.0,23100.0
5001763,102017.0,102481.0,23100.0
5001764,102967.0,103414.0,23100.0
5001765,102967.0,102481.0,23100.0
5001766,103917.0,103414.0,23100.0
5001767,103917.0,102481.0,23100.0
5001768,105733.0,107968.0,23100.0
5001769,106600.0,107964.0,23100.0
6000001,23267.0,114848.0,26700.0
6000002,27067.0,114848.0,26700.0
6000003,20667.0,114848.0,26700.0
6000004,30067.0,114848.0,26700.0
6000005,27067.0,113448.0,26700.0
6000006,27067.0,110448.0,26700.0
6000007,30067.0,113448.0,26700.0
6000008,20667.0,111848.0,26700.0
6000009,20667.0,108798.0,26700.0
6000010,23267.0,111848.0,26700.0
6000011,16867.0,108748.0,26700.0
6000012,23267.0,108798.0,26700.0
6000013,16867.0,107148.0,26700.0
6000014,30067.0,107148.0,26700.0
6000015,23267.0,107148.0,26700.0
6000016,20667.0,107123.0,26700.0
6000017,27067.0,107148.0,26700.0
6000018,16867.0,101048.0,26700.0
6000019,17767.0,107148.0,26700.0
6000020,17767.0,101048.0,26700.0
6000021,20667.0,104348.0,26700.0
6000022,23267.0,104348.0,26700.0
6000023,27067.0,104348.0,26700.0
6000024,20667.0,101548.0,26700.0
6000025,20667.0,101048.0,26700.0
6000026,23267.0,101548.0,26700.0
6000027,27067.0,101548.0,26700.0
6000028,20667.0,98548.0,26700.0
6000029,23267.0,98548.0,26700.0
6000030,27067.0,98548.0,26700.0
6000031,16867.0,110198.0,26700.0
6000032,30067.0,110448.0,26700.0
6000033,23267.0,109893.0,26700.0
6000034,28067.0,110448.0,26700.0
6000035,23267.0,106298.0,26700.0
6000036,27067.0,106298.0,26700.0
6000037,20167.0,107098.0,26700.0
6000038,23267.0,99593.0,26700.0
6000039,27067.0,99593.0,26700.0
6000040,18417.0,98548.0,26700.0
6000041,20667.0,113648.0,26700.0
6000042,16867.0,113648.0,26700.0
6000043,19917.0,113648.0,26700.0
6000044,19917.0,114848.0,26700.0
6000045,17867.0,113648.0,26700.0
6000046,17867.0,114848.0,26700.0
6000047,28467.0,113448.0,26700.0
6000048,28467.0,114848.0,26700.0
6000049,19467.0,98548.0,26700.0
6000050,19467.0,101048.0,26700.0
6000051,17767.0,103698.0,26700.0
6000052,16867.0,103698.0,26700.0
6000053,20667.0,106298.0,26700.0
6000054,23267.0,113648.0,26700.0
6000055,20667.0,109893.0,26700.0
6000056,4867.0,114848.0,26700.0
6000057,4867.0,106698.0,26700.0
6000058,4867.0,98548.0,26700.0
6000059,4867.0,87098.0,26700.0
6000060,4867.0,126298.0,26700.0
6000061,9467.0,126348.0,26700.0
6000062,13067.0,126348.0,26700.0
6000063,124067.0,114848.0,26700.0
6000064,124067.0,106698.0,26700.0
6000065,124067.0,98548.0,26700.0
6000066,124067.0,87098.0,26700.0
6000067,124067.0,126298.0,26700.0
6000068,30067.0,98548.0,26700.0
6000069,30067.0,101048.0,26700.0
6000070,30067.0,104348.0,26700.0
6000071,30067.0,101548.0,26700.0
6000072,13067.0,87048.0,26700.0
6000073,9467.0,87048.0,26700.0
6000074,63747.0,110448.0,26700.0
6000075,60347.0,101048.0,26700.0
6000076,60347.0,107048.0,26700.0
6000077,63747.0,107148.0,26700.0
6000078,52947.0,114848.0,26700.0
6000079,56347.0,108748.0,26700.0
6000080,52947.0,103698.0,26700.0
6000081,53847.0,103698.0,26700.0
6000082,54497.0,98548.0,26700.0
6000083,56347.0,110448.0,26700.0
6000084,52947.0,110198.0,26700.0
6000085,56347.0,113448.0,26700.0
6000086,52947.0,101048.0,26700.0
6000087,53847.0,101048.0,26700.0
6000088,53847.0,107148.0,26700.0
6000089,52947.0,107148.0,26700.0
6000090,56347.0,107048.0,26700.0
6000091,52947.0,108748.0,26700.0
6000092,56347.0,101548.0,26700.0
6000093,55947.0,107048.0,26700.0
6000094,56347.0,106298.0,26700.0
6000095,60347.0,110448.0,26700.0
6000096,56347.0,104348.0,26700.0
6000097,56347.0,101048.0,26700.0
6000098,63747.0,101048.0,26700.0
6000099,52947.0,98548.0,26700.0
6000100,60347.0,104348.0,26700.0
6000101,119800.0,87048.0,26700.0
6000102,115533.0,87048.0,26700.0
6000103,111267.0,103698.0,26700.0
6000104,110367.0,103698.0,26700.0
6000105,108667.0,101048.0,26700.0
6000106,108667.0,98548.0,26700.0
6000107,99667.0,114848.0,26700.0
6000108,99667.0,113448.0,26700.0
6000109,110267.0,114848.0,26700.0
6000110,110267.0,113648.0,26700.0
6000111,108217.0,114848.0,26700.0
6000112,108217.0,113648.0,26700.0
6000113,111267.0,113648.0,26700.0
6000114,107467.0,113648.0,26700.0
6000115,109717.0,98548.0,26700.0
6000116,101067.0,99593.0,26700.0
6000117,104867.0,99593.0,26700.0
6000118,107967.0,107098.0,26700.0
6000119,101067.0,106298.0,26700.0
6000120,104867.0,106298.0,26700.0
6000121,100067.0,110448.0,26700.0
6000122,104867.0,109893.0,26700.0
6000123,98067.0,110448.0,26700.0
6000124,111267.0,110198.0,26700.0
6000125,101067.0,98548.0,26700.0
6000126,104867.0,98548.0,26700.0
6000127,107467.0,98548.0,26700.0
6000128,101067.0,101548.0,26700.0
6000129,104867.0,101548.0,26700.0
6000130,107467.0,101048.0,26700.0
6000131,107467.0,101548.0,26700.0
6000132,101067.0,104348.0,26700.0
6000133,104867.0,104348.0,26700.0
6000134,107467.0,104348.0,26700.0
6000135,110367.0,101048.0,26700.0
6000136,110367.0,107148.0,26700.0
6000137,111267.0,101048.0,26700.0
6000138,101067.0,107148.0,26700.0
6000139,107467.0,107123.0,26700.0
6000140,104867.0,107148.0,26700.0
6000141,98067.0,107148.0,26700.0
6000142,111267.0,107148.0,26700.0
6000143,104867.0,108798.0,26700.0
6000144,111267.0,108748.0,26700.0
6000145,104867.0,111848.0,26700.0
6000146,107467.0,108798.0,26700.0
6000147,107467.0,111848.0,26700.0
6000148,98067.0,113448.0,26700.0
6000149,101067.0,110448.0,26700.0
6000150,101067.0,113448.0,26700.0
6000151,98067.0,114848.0,26700.0
6000152,107467.0,114848.0,26700.0
6000153,101067.0,114848.0,26700.0
6000154,104867.0,114848.0,26700.0
6000155,107467.0,106298.0,26700.0
6000156,98067.0,101548.0,26700.0
6000157,98067.0,104348.0,26700.0
6000158,107467.0,109893.0,26700.0
6000159,104867.0,113648.0,26700.0
6000160,98067.0,98548.0,26700.0
6000161,63747.0,98548.0,26700.0
6000162,56347.0,98548.0,26700.0
6000163,56347.0,114848.0,26700.0
6000164,63747.0,114848.0,26700.0
6000165,60347.0,114848.0,26700.0
6000166,60347.0,98548.0,26700.0
6000167,30067.0,87098.0,26700.0
6000168,30067.0,126298.0,26700.0
6000169,16867.0,98548.0,26700.0
6000170,16867.0,114848.0,26700.0
6000171,16867.0,106698.0,26700.0
6000172,16867.0,87098.0,26700.0
6000173,16867.0,126298.0,26700.0
6000174,111267.0,87098.0,26700.0
6000175,111267.0,126298.0,26700.0
6000176,98067.0,126298.0,26700.0
6000177,111267.0,98548.0,26700.0
6000178,98067.0,87098.0,26700.0
6000179,111267.0,106698.0,26700.0
6000180,111267.0,114848.0,26700.0
6000181,41507.0,126298.0,26700.0
6000182,41507.0,87098.0,26700.0
6000183,52947.0,87098.0,26700.0
6000184,52947.0,126298.0,26700.0
6000185,75187.0,87098.0,26700.0
6000186,75187.0,126298.0,26700.0
6000187,86627.0,126298.0,26700.0
6000188,86627.0,87098.0,26700.0
6000189,58347.0,98548.0,26700.0
6000190,58347.0,87048.0,26700.0
6000191,58322.0,126348.0,26700.0
6000192,58322.0,114848.0,26700.0
6000193,119800.0,126348.0,26700.0
6000194,115533.0,126348.0,26700.0
6000195,107467.0,126348.0,26700.0
6000196,107467.0,87048.0,26700.0
6000197,102967.0,98548.0,26700.0
6000198,102967.0,87048.0,26700.0
6000199,102967.0,114848.0,26700.0
6000200,102967.0,126348.0,26700.0
6000201,92347.0,126348.0,26700.0
6000202,92347.0,87048.0,26700.0
6000203,80907.0,126348.0,26700.0
6000204,69467.0,126348.0,26700.0
6000205,69467.0,87048.0,26700.0
6000206,47227.0,126348.0,26700.0
6000207,47227.0,87048.0,26700.0
6000208,35787.0,126348.0,26700.0
6000209,35787.0,87048.0,26700.0
6000210,25167.0,98548.0,26700.0
6000211,25167.0,87048.0,26700.0
6000212,20667.0,87048.0,26700.0
6000213,25167.0,114848.0,26700.0
6000214,25167.0,126348.0,26700.0
6000215,20667.0,126348.0,26700.0
6000216,30067.0,106698.0,26700.0
6000217,52947.0,106698.0,26700.0
6000218,63747.0,106698.0,26700.0
6000219,98067.0,106698.0,26700.0
6000220,119800.0,106698.0,26700.0
6000221,115533.0,106698.0,26700.0
6000222,47227.0,106698.0,26700.0
6000223,35787.0,106698.0,26700.0
6000224,41507.0,106698.0,26700.0
6000225,13067.0,106698.0,26700.0
6000226,9467.0,106698.0,26700.0
6000227,119800.0,98548.0,26700.0
6000228,115533.0,98548.0,26700.0
6000229,47227.0,98548.0,26700.0
6000230,35787.0,98548.0,26700.0
6000231,41507.0,98548.0,26700.0
6000232,13067.0,98548.0,26700.0
6000233,9467.0,98548.0,26700.0
6000234,119800.0,114848.0,26700.0
6000235,115533.0,114848.0,26700.0
6000236,47227.0,114848.0,26700.0
6000237,35787.0,114848.0,26700.0
6000238,41507.0,114848.0,26700.0
6000239,13067.0,114848.0,26700.0
6000240,9467.0,114848.0,26700.0
6000241,63747.0,126298.0,26700.0
6000242,63747.0,87098.0,26700.0
6000243,92347.0,98548.0,26700.0
6000244,92347.0,107148.0,26700.0
6000245,92347.0,114848.0,26700.0
6000246,69467.0,98548.0,26700.0
6000247,69467.0,107148.0,26700.0
6000248,69467.0,114848.0,26700.0
6000249,75187.0,98548.0,26700.0
6000250,75187.0,107148.0,26700.0
6000251,75187.0,114848.0,26700.0
6000252,86627.0,98548.0,26700.0
6000253,86627.0,107148.0,26700.0
6000254,86627.0,114848.0,26700.0
6000255,80907.0,98548.0,26700.0
6000256,80907.0,107148.0,26700.0
6000257,80907.0,114848.0,26700.0
6000258,80907.0,87048.0,26700.0
6000259,27067.0,113448.0,26100.0
6000260,27067.0,114848.0,26100.0
6000261,20667.0,107123.0,26100.0
6000262,20667.0,108798.0,26100.0
6000263,28067.0,110448.0,26100.0
6000264,30067.0,110448.0,26100.0
6000265,23267.0,107148.0,26100.0
6000266,23267.0,108798.0,26100.0
6000267,17767.0,107148.0,26000.0
6000268,20167.0,107098.0,26000.0
6000269,18417.0,98548.0,25950.0
6000270,19467.0,98548.0,25950.0
6000271,28467.0,113448.0,26100.0
6000272,30067.0,113448.0,26100.0
6000273,20667.0,98548.0,25950.0
6000274,56347.0,113448.0,26000.0
6000275,56347.0,114848.0,26000.0
6000276,53847.0,107148.0,26000.0
6000277,55947.0,107048.0,26000.0
6000278,54497.0,98548.0,25950.0
6000279,56347.0,98548.0,25950.0
6000280,107467.0,98548.0,25950.0
6000281,108667.0,98548.0,25950.0
6000282,98067.0,113448.0,26100.0
6000283,99667.0,113448.0,26100.0
6000284,107967.0,107098.0,26000.0
6000285,110367.0,107148.0,26000.0
6000286,104867.0,107148.0,26100.0
6000287,104867.0,108798.0,26100.0
6000288,107467.0,107123.0,26100.0
6000289,107467.0,108798.0,26100.0
6000290,101067.0,113448.0,26100.0
6000291,101067.0,114848.0,26100.0
6000292,98067.0,110448.0,26100.0
6000293,100067.0,110448.0,26100.0
6000294,109717.0,98548.0,25950.0
6000295,17367.0,114848.0,26700.0
6000296,21533.0,114848.0,26700.0
6000297,22400.0,114848.0,26700.0
6000298,27767.0,114848.0,26700.0
6000299,16867.0,111060.0,26700.0
6000300,16867.0,111923.0,26700.0
6000301,16867.0,112785.0,26700.0
6000302,27067.0,113798.0,26700.0
6000303,27067.0,114148.0,26700.0
6000304,27067.0,114498.0,26700.0
6000305,30067.0,114148.0,26700.0
6000306,27067.0,111448.0,26700.0
6000307,27067.0,112448.0,26700.0
6000308,27767.0,113448.0,26700.0
6000309,27567.0,110448.0,26700.0
6000310,30067.0,111448.0,26700.0
6000311,30067.0,112448.0,26700.0
6000312,20667.0,109345.0,26700.0
6000313,20667.0,107541.0,26700.0
6000314,20667.0,107960.0,26700.0
6000315,20667.0,108379.0,26700.0
6000316,21533.0,108798.0,26700.0
6000317,22400.0,108798.0,26700.0
6000318,23267.0,109345.0,26700.0
6000319,28567.0,110448.0,26700.0
6000320,29067.0,110448.0,26700.0
6000321,29567.0,110448.0,26700.0
6000322,23267.0,107560.0,26700.0
6000323,23267.0,107973.0,26700.0
6000324,23267.0,108385.0,26700.0
6000325,17317.0,107148.0,26700.0
6000326,21533.0,107131.0,26700.0
6000327,22400.0,107139.0,26700.0
6000328,23267.0,106723.0,26700.0
6000329,27067.0,106723.0,26700.0
6000330,28067.0,107148.0,26699.0
6000331,29067.0,107148.0,26700.0
6000332,16867.0,101931.0,26700.0
6000333,16867.0,102814.0,26700.0
6000334,16867.0,99381.0,26700.0
6000335,16867.0,100214.0,26700.0
6000336,17317.0,101048.0,26700.0
6000337,18167.0,107139.0,26700.0
6000338,18567.0,107131.0,26699.0
6000339,18967.0,107123.0,26700.0
6000340,19367.0,107114.0,26700.0
6000341,19767.0,107106.0,26700.0
6000342,18617.0,101048.0,26700.0
6000343,20667.0,99381.0,26700.0
6000344,20667.0,100214.0,26700.0
6000345,17642.0,98548.0,26700.0
6000346,18942.0,98548.0,26700.0
6000347,21533.0,98548.0,26700.0
6000348,22400.0,98548.0,26700.0
6000349,23267.0,99070.0,26700.0
6000350,27067.0,99070.0,26700.0
6000351,28067.0,98548.0,26699.0
6000352,29067.0,98548.0,26700.0
6000353,16867.0,114248.0,26700.0
6000354,20667.0,114248.0,26700.0
6000355,20292.0,114848.0,26700.0
6000356,18142.0,114848.0,26700.0
6000357,18642.0,114848.0,26699.0
6000358,19142.0,114848.0,26700.0
6000359,19642.0,114848.0,26700.0
6000360,29267.0,114848.0,26700.0
6000361,28867.0,113448.0,26700.0
6000362,29267.0,113448.0,26700.0
6000363,29667.0,113448.0,26700.0
6000364,20067.0,101048.0,26700.0
6000365,20067.0,98548.0,26700.0
6000366,16867.0,104698.0,26700.0
6000367,16867.0,105698.0,26700.0
6000368,20667.0,106710.0,26700.0
6000369,23267.0,114248.0,26700.0
6000370,30067.0,99381.0,26700.0
6000371,30067.0,100214.0,26700.0
6000372,30067.0,105281.0,26700.0
6000373,30067.0,106214.0,26700.0
6000374,30067.0,102481.0,26700.0
6000375,30067.0,103414.0,26700.0
6000376,60347.0,101873.0,26700.0
6000377,60347.0,102698.0,26700.0
6000378,60347.0,103523.0,26700.0
6000379,63747.0,111328.0,26700.0
6000380,63747.0,112208.0,26700.0
6000381,63747.0,113088.0,26700.0
6000382,63747.0,113968.0,26700.0
6000383,61022.0,114848.0,26700.0
6000384,61697.0,114848.0,26700.0
6000385,62197.0,114848.0,26699.0
6000386,62697.0,114848.0,26700.0
6000387,63197.0,114848.0,26700.0
6000388,52947.0,104560.0,26700.0
6000389,52947.0,105423.0,26700.0
6000390,52947.0,106285.0,26700.0
6000391,53722.0,98548.0,26700.0
6000392,52947.0,99381.0,26700.0
6000393,52947.0,100214.0,26700.0
6000394,52947.0,101931.0,26700.0
6000395,52947.0,102814.0,26700.0
6000396,53397.0,101048.0,26700.0
6000397,53397.0,107148.0,26700.0
6000398,56347.0,111328.0,26700.0
6000399,56347.0,112208.0,26700.0
6000400,56347.0,113088.0,26700.0
6000401,56347.0,113798.0,26700.0
6000402,56347.0,114148.0,26700.0
6000403,56347.0,114498.0,26700.0
6000404,52947.0,111128.0,26700.0
6000405,52947.0,112058.0,26700.0
6000406,52947.0,112988.0,26700.0
6000407,52947.0,113918.0,26700.0
6000408,53622.0,114848.0,26700.0
6000409,54297.0,114848.0,26700.0
6000410,54797.0,114848.0,26699.0
6000411,55297.0,114848.0,26700.0
6000412,55797.0,114848.0,26700.0
6000413,54372.0,107123.0,26700.0
6000414,54897.0,107098.0,26700.0
6000415,55422.0,107073.0,26700.0
6000416,56347.0,106673.0,26700.0
6000417,56347.0,99381.0,26700.0
6000418,56347.0,100214.0,26700.0
6000419,54959.0,98548.0,26700.0
6000420,55422.0,98548.0,26700.0
6000421,55884.0,98548.0,26700.0
6000422,63747.0,102064.0,26700.0
6000423,63747.0,103081.0,26700.0
6000424,63747.0,104098.0,26700.0
6000425,63747.0,105114.0,26700.0
6000426,63747.0,106131.0,26700.0
6000427,63747.0,99381.0,26700.0
6000428,63747.0,100214.0,26700.0
6000429,54680.0,101048.0,26700.0
6000430,55513.0,101048.0,26700.0
6000431,60822.0,98548.0,26700.0
6000432,61297.0,98548.0,26700.0
6000433,61797.0,98548.0,26699.0
6000434,62297.0,98548.0,26700.0
6000435,62797.0,98548.0,26700.0
6000436,63272.0,98548.0,26700.0
6000437,61197.0,101048.0,26700.0
6000438,62047.0,101048.0,26700.0
6000439,62897.0,101048.0,26700.0
6000440,111267.0,104698.0,26700.0
6000441,111267.0,105698.0,26700.0
6000442,108067.0,98548.0,26700.0
6000443,108067.0,101048.0,26700.0
6000444,98467.0,113448.0,26700.0
6000445,98867.0,113448.0,26700.0
6000446,99267.0,113448.0,26700.0
6000447,98867.0,114848.0,26700.0
6000448,108492.0,114848.0,26700.0
6000449,108992.0,114848.0,26699.0
6000450,109492.0,114848.0,26700.0
6000451,109992.0,114848.0,26700.0
6000452,107842.0,114848.0,26700.0
6000453,107467.0,114248.0,26700.0
6000454,111267.0,114248.0,26700.0
6000455,110767.0,114848.0,26700.0
6000456,110492.0,98548.0,26700.0
6000457,99067.0,98548.0,26699.0
6000458,100067.0,98548.0,26700.0
6000459,105733.0,98548.0,26700.0
6000460,106600.0,98548.0,26700.0
6000461,101067.0,99070.0,26700.0
6000462,104867.0,99070.0,26700.0
6000463,107467.0,99381.0,26700.0
6000464,107467.0,100214.0,26700.0
6000465,109517.0,101048.0,26700.0
6000466,108367.0,107106.0,26700.0
6000467,108767.0,107114.0,26699.0
6000468,109167.0,107123.0,26700.0
6000469,109567.0,107131.0,26700.0
6000470,109967.0,107139.0,26700.0
6000471,110817.0,101048.0,26700.0
6000472,111267.0,99381.0,26700.0
6000473,111267.0,100214.0,26700.0
6000474,111267.0,101931.0,26700.0
6000475,111267.0,102814.0,26700.0
6000476,99067.0,107148.0,26699.0
6000477,100067.0,107148.0,26700.0
6000478,101067.0,106723.0,26700.0
6000479,104867.0,106723.0,26700.0
6000480,105733.0,107139.0,26700.0
6000481,106600.0,107131.0,26700.0
6000482,110817.0,107148.0,26700.0
6000483,104867.0,107560.0,26700.0
6000484,104867.0,107973.0,26700.0
6000485,104867.0,108385.0,26700.0
6000486,104867.0,109345.0,26700.0
6000487,105733.0,108798.0,26700.0
6000488,106600.0,108798.0,26700.0
6000489,107467.0,107541.0,26700.0
6000490,107467.0,107960.0,26700.0
6000491,107467.0,108379.0,26700.0
6000492,107467.0,109345.0,26700.0
6000493,98067.0,111448.0,26700.0
6000494,98067.0,112448.0,26700.0
6000495,100567.0,110448.0,26700.0
6000496,100367.0,113448.0,26700.0
6000497,101067.0,111448.0,26700.0
6000498,101067.0,112448.0,26700.0
6000499,98067.0,114148.0,26700.0
6000500,101067.0,113798.0,26700.0
6000501,101067.0,114148.0,26700.0
6000502,101067.0,114498.0,26700.0
6000503,111267.0,111060.0,26700.0
6000504,111267.0,111923.0,26700.0
6000505,111267.0,112785.0,26700.0
6000506,100367.0,114848.0,26700.0
6000507,105733.0,114848.0,26700.0
6000508,106600.0,114848.0,26700.0
6000509,107467.0,106710.0,26700.0
6000510,98067.0,102481.0,26700.0
6000511,98067.0,103414.0,26700.0
6000512,98067.0,105281.0,26700.0
6000513,98067.0,106214.0,26700.0
6000514,104867.0,114248.0,26700.0
6000515,98067.0,99381.0,26700.0
6000516,98067.0,100214.0,26700.0
6000517,98067.0,100881.0,26700.0
6000518,98567.0,110448.0,26700.0
6000519,99067.0,110448.0,26700.0
6000520,99567.0,110448.0,26700.0
6000521,109192.0,98548.0,26700.0
6000522,61197.0,110448.0,26700.0
6000523,62047.0,110448.0,26700.0
6000524,62897.0,110448.0,26700.0
6000525,16867.0,114848.0,25600.0
6000526,16867.0,114848.0,24766.0
6000527,16867.0,114848.0,23933.0
6000528,17867.0,114848.0,25600.0
6000529,17867.0,114848.0,24766.0
6000530,17867.0,114848.0,23933.0
6000531,20667.0,114848.0,25600.0
6000532,20667.0,114848.0,24766.0
6000533,20667.0,114848.0,23933.0
6000534,23267.0,114848.0,25700.0
6000535,23267.0,114848.0,24833.0
6000536,23267.0,114848.0,23966.0
6000537,28467.0,114848.0,25800.0
6000538,28467.0,114848.0,24900.0
6000539,28467.0,114848.0,24000.0
6000540,27067.0,110448.0,25800.0
6000541,27067.0,110448.0,24900.0
6000542,27067.0,110448.0,24000.0
6000543,20667.0,109893.0,25800.0
6000544,20667.0,109893.0,24900.0
6000545,20667.0,109893.0,24000.0
6000546,16867.0,110198.0,25600.0
6000547,16867.0,110198.0,24766.0
6000548,16867.0,110198.0,23933.0
6000549,16867.0,113648.0,25600.0
6000550,16867.0,113648.0,24766.0
6000551,16867.0,113648.0,23933.0
6000552,23267.0,109893.0,25800.0
6000553,23267.0,109893.0,24900.0
6000554,23267.0,109893.0,24000.0
6000555,16867.0,106698.0,25800.0
6000556,16867.0,106698.0,24900.0
6000557,16867.0,106698.0,24000.0
6000558,16867.0,107148.0,25800.0
6000559,16867.0,107148.0,24900.0
6000560,16867.0,107148.0,24000.0
6000561,23267.0,106298.0,25800.0
6000562,23267.0,106298.0,24900.0
6000563,23267.0,106298.0,24000.0
6000564,27067.0,106298.0,25800.0
6000565,27067.0,106298.0,24900.0
6000566,27067.0,106298.0,24000.0
6000567,27067.0,107148.0,25800.0
6000568,27067.0,107148.0,24900.0
6000569,27067.0,107148.0,24000.0
6000570,16867.0,101048.0,25800.0
6000571,16867.0,101048.0,24900.0
6000572,16867.0,101048.0,24000.0
6000573,16867.0,103698.0,25800.0
6000574,16867.0,103698.0,24900.0
6000575,16867.0,103698.0,24000.0
6000576,16867.0,98548.0,25800.0
6000577,16867.0,98548.0,24900.0
6000578,16867.0,98548.0,24000.0
6000579,17767.0,101048.0,25800.0
6000580,17767.0,101048.0,24900.0
6000581,17767.0,101048.0,24000.0
6000582,19467.0,101048.0,25800.0
6000583,19467.0,101048.0,24900.0
6000584,19467.0,101048.0,24000.0
6000585,20667.0,101048.0,25800.0
6000586,20667.0,101048.0,24900.0
6000587,20667.0,101048.0,24000.0
6000588,23267.0,98548.0,25800.0
6000589,23267.0,98548.0,24900.0
6000590,23267.0,98548.0,24000.0
6000591,23267.0,99593.0,25800.0
6000592,23267.0,99593.0,24900.0
6000593,23267.0,99593.0,24000.0
6000594,27067.0,98548.0,25800.0
6000595,27067.0,98548.0,24900.0
6000596,27067.0,98548.0,24000.0
6000597,27067.0,99593.0,25800.0
6000598,27067.0,99593.0,24900.0
6000599,27067.0,99593.0,24000.0
6000600,30067.0,98548.0,25800.0
6000601,30067.0,98548.0,24900.0
6000602,30067.0,98548.0,24000.0
6000603,19917.0,114848.0,25600.0
6000604,19917.0,114848.0,24766.0
6000605,19917.0,114848.0,23933.0
6000606,30067.0,114848.0,25800.0
6000607,30067.0,114848.0,24900.0
6000608,30067.0,114848.0,24000.0
6000609,20667.0,106298.0,25800.0
6000610,20667.0,106298.0,24900.0
6000611,20667.0,106298.0,24000.0
6000612,20667.0,113648.0,25600.0
6000613,20667.0,113648.0,24766.0
6000614,20667.0,113648.0,23933.0
6000615,23267.0,113648.0,25800.0
6000616,23267.0,113648.0,24900.0
6000617,23267.0,113648.0,24000.0
6000618,20667.0,101548.0,25800.0
6000619,20667.0,101548.0,24900.0
6000620,20667.0,101548.0,24000.0
6000621,30067.0,101048.0,25800.0
6000622,30067.0,101048.0,24900.0
6000623,30067.0,101048.0,24000.0
6000624,30067.0,101548.0,25800.0
6000625,30067.0,101548.0,24900.0
6000626,30067.0,101548.0,24000.0
6000627,30067.0,107148.0,25800.0
6000628,30067.0,107148.0,24900.0
6000629,30067.0,107148.0,24000.0
6000630,30067.0,104348.0,25800.0
6000631,30067.0,104348.0,24900.0
6000632,30067.0,104348.0,24000.0
6000633,30067.0,106698.0,25800.0
6000634,30067.0,106698.0,24900.0
6000635,30067.0,106698.0,24000.0
6000636,60347.0,101048.0,25600.0
6000637,60347.0,101048.0,24766.0
6000638,60347.0,101048.0,23933.0
6000639,60347.0,104348.0,25600.0
6000640,60347.0,104348.0,24766.0
6000641,60347.0,104348.0,23933.0
6000642,63747.0,110448.0,25600.0
6000643,63747.0,110448.0,24766.0
6000644,63747.0,110448.0,23933.0
6000645,63747.0,114848.0,25600.0
6000646,63747.0,114848.0,24766.0
6000647,63747.0,114848.0,23933.0
6000648,60347.0,114848.0,25600.0
6000649,60347.0,114848.0,24766.0
6000650,60347.0,114848.0,23933.0
6000651,52947.0,103698.0,25800.0
6000652,52947.0,103698.0,24900.0
6000653,52947.0,103698.0,24000.0
6000654,52947.0,106698.0,25800.0
6000655,52947.0,106698.0,24900.0
6000656,52947.0,106698.0,24000.0
6000657,52947.0,98548.0,25800.0
6000658,52947.0,98548.0,24900.0
6000659,52947.0,98548.0,24000.0
6000660,52947.0,101048.0,25800.0
6000661,52947.0,101048.0,24900.0
6000662,52947.0,101048.0,24000.0
6000663,53847.0,101048.0,25800.0
6000664,53847.0,101048.0,24900.0
6000665,53847.0,101048.0,24000.0
6000666,52947.0,107148.0,25800.0
6000667,52947.0,107148.0,24900.0
6000668,52947.0,107148.0,24000.0
6000669,56347.0,107048.0,25800.0
6000670,56347.0,107048.0,24900.0
6000671,56347.0,107048.0,24000.0
6000672,56347.0,110448.0,25800.0
6000673,56347.0,110448.0,24900.0
6000674,56347.0,110448.0,24000.0
6000675,52947.0,110198.0,25600.0
6000676,52947.0,110198.0,24766.0
6000677,52947.0,110198.0,23933.0
6000678,52947.0,114848.0,25600.0
6000679,52947.0,114848.0,24766.0
6000680,52947.0,114848.0,23933.0
6000681,56347.0,106298.0,25800.0
6000682,56347.0,106298.0,24900.0
6000683,56347.0,106298.0,24000.0
6000684,56347.0,101048.0,25800.0
6000685,56347.0,101048.0,24900.0
6000686,56347.0,101048.0,24000.0
6000687,56347.0,101548.0,25800.0
6000688,56347.0,101548.0,24900.0
6000689,56347.0,101548.0,24000.0
6000690,63747.0,101048.0,25600.0
6000691,63747.0,101048.0,24766.0
6000692,63747.0,101048.0,23933.0
6000693,63747.0,106698.0,25700.0
6000694,63747.0,106698.0,24833.0
6000695,63747.0,106698.0,23966.0
6000696,63747.0,98548.0,25600.0
6000697,63747.0,98548.0,24766.0
6000698,63747.0,98548.0,23933.0
6000699,60347.0,98548.0,25600.0
6000700,60347.0,98548.0,24766.0
6000701,60347.0,98548.0,23933.0
6000702,111267.0,103698.0,25800.0
6000703,111267.0,103698.0,24900.0
6000704,111267.0,103698.0,24000.0
6000705,111267.0,106698.0,25800.0
6000706,111267.0,106698.0,24900.0
6000707,111267.0,106698.0,24000.0
6000708,107467.0,101048.0,25800.0
6000709,107467.0,101048.0,24900.0
6000710,107467.0,101048.0,24000.0
6000711,108667.0,101048.0,25800.0
6000712,108667.0,101048.0,24900.0
6000713,108667.0,101048.0,24000.0
6000714,98067.0,114848.0,25800.0
6000715,98067.0,114848.0,24900.0
6000716,98067.0,114848.0,24000.0
6000717,99667.0,114848.0,25800.0
6000718,99667.0,114848.0,24900.0
6000719,99667.0,114848.0,24000.0
6000720,108217.0,114848.0,25600.0
6000721,108217.0,114848.0,24766.0
6000722,108217.0,114848.0,23933.0
6000723,110267.0,114848.0,25600.0
6000724,110267.0,114848.0,24766.0
6000725,110267.0,114848.0,23933.0
6000726,107467.0,114848.0,25700.0
6000727,107467.0,114848.0,24833.0
6000728,107467.0,114848.0,23966.0
6000729,107467.0,113648.0,25600.0
6000730,107467.0,113648.0,24766.0
6000731,107467.0,113648.0,23933.0
6000732,111267.0,113648.0,25800.0
6000733,111267.0,113648.0,24900.0
6000734,111267.0,113648.0,24000.0
6000735,111267.0,114848.0,25700.0
6000736,111267.0,114848.0,24833.0
6000737,111267.0,114848.0,23966.0
6000738,111267.0,98548.0,25800.0
6000739,111267.0,98548.0,24900.0
6000740,111267.0,98548.0,24000.0
6000741,98067.0,98548.0,25800.0
6000742,98067.0,98548.0,24900.0
6000743,98067.0,98548.0,24000.0
6000744,101067.0,98548.0,25800.0
6000745,101067.0,98548.0,24900.0
6000746,101067.0,98548.0,24000.0
6000747,104867.0,98548.0,25800.0
6000748,104867.0,98548.0,24900.0
6000749,104867.0,98548.0,24000.0
6000750,101067.0,99593.0,25800.0
6000751,101067.0,99593.0,24900.0
6000752,101067.0,99593.0,24000.0
6000753,104867.0,99593.0,25800.0
6000754,104867.0,99593.0,24900.0
6000755,104867.0,99593.0,24000.0
6000756,107467.0,101548.0,25800.0
6000757,107467.0,101548.0,24900.0
6000758,107467.0,101548.0,24000.0
6000759,110367.0,101048.0,25800.0
6000760,110367.0,101048.0,24900.0
6000761,110367.0,101048.0,24000.0
6000762,111267.0,101048.0,25800.0
6000763,111267.0,101048.0,24900.0
6000764,111267.0,101048.0,24000.0
6000765,98067.0,107148.0,25800.0
6000766,98067.0,107148.0,24900.0
6000767,98067.0,107148.0,24000.0
6000768,101067.0,107148.0,25800.0
6000769,101067.0,107148.0,24900.0
6000770,101067.0,107148.0,24000.0
6000771,101067.0,106298.0,25800.0
6000772,101067.0,106298.0,24900.0
6000773,101067.0,106298.0,24000.0
6000774,104867.0,106298.0,25800.0
6000775,104867.0,106298.0,24900.0
6000776,104867.0,106298.0,24000.0
6000777,111267.0,107148.0,25800.0
6000778,111267.0,107148.0,24900.0
6000779,111267.0,107148.0,24000.0
6000780,104867.0,109893.0,25800.0
6000781,104867.0,109893.0,24900.0
6000782,104867.0,109893.0,24000.0
6000783,107467.0,109893.0,25800.0
6000784,107467.0,109893.0,24900.0
6000785,107467.0,109893.0,24000.0
6000786,101067.0,110448.0,25800.0
6000787,101067.0,110448.0,24900.0
6000788,101067.0,110448.0,24000.0
6000789,111267.0,110198.0,25800.0
6000790,111267.0,110198.0,24900.0
6000791,111267.0,110198.0,24000.0
6000792,104867.0,114848.0,25800.0
6000793,104867.0,114848.0,24900.0
6000794,104867.0,114848.0,24000.0
6000795,107467.0,106298.0,25800.0
6000796,107467.0,106298.0,24900.0
6000797,107467.0,106298.0,24000.0
6000798,98067.0,101548.0,25800.0
6000799,98067.0,101548.0,24900.0
6000800,98067.0,101548.0,24000.0
6000801,98067.0,104348.0,25800.0
6000802,98067.0,104348.0,24900.0
6000803,98067.0,104348.0,24000.0
6000804,98067.0,106698.0,25800.0
6000805,98067.0,106698.0,24900.0
6000806,98067.0,106698.0,24000.0
6000807,104867.0,113648.0,25800.0
6000808,104867.0,113648.0,24900.0
6000809,104867.0,113648.0,24000.0
6000810,63747.0,107148.0,25800.0
6000811,63747.0,107148.0,24900.0
6000812,63747.0,107148.0,24000.0
6000813,60347.0,110448.0,25600.0
6000814,60347.0,110448.0,24766.0
6000815,60347.0,110448.0,23933.0
6000816,27067.0,113798.0,26100.0
6000817,27067.0,114148.0,26100.0
6000818,27067.0,114498.0,26100.0
6000819,20667.0,107541.0,26100.0
6000820,20667.0,107960.0,26100.0
6000821,20667.0,108379.0,26100.0
6000822,28567.0,110448.0,26100.0
6000823,29067.0,110448.0,26100.0
6000824,29567.0,110448.0,26100.0
6000825,23267.0,107560.0,26100.0
6000826,23267.0,107973.0,26100.0
6000827,23267.0,108385.0,26100.0
6000828,18167.0,107139.0,26000.0
6000829,18567.0,107131.0,26000.0
6000830,18967.0,107123.0,26000.0
6000831,19367.0,107114.0,26000.0
6000832,19767.0,107106.0,26000.0
6000833,18942.0,98548.0,25950.0
6000834,28867.0,113448.0,26100.0
6000835,29267.0,113448.0,26100.0
6000836,29667.0,113448.0,26100.0
6000837,20067.0,98548.0,25950.0
6000838,56347.0,113798.0,26000.0
6000839,56347.0,114148.0,26000.0
6000840,56347.0,114498.0,26000.0
6000841,54372.0,107123.0,26000.0
6000842,54897.0,107098.0,26000.0
6000843,55422.0,107073.0,26000.0
6000844,54959.0,98548.0,25950.0
6000845,55422.0,98548.0,25950.0
6000846,55884.0,98548.0,25950.0
6000847,108067.0,98548.0,25950.0
6000848,98467.0,113448.0,26100.0
6000849,98867.0,113448.0,26100.0
6000850,99267.0,113448.0,26100.0
6000851,108367.0,107106.0,26000.0
6000852,108767.0,107114.0,26000.0
6000853,109167.0,107123.0,26000.0
6000854,109567.0,107131.0,26000.0
6000855,109967.0,107139.0,26000.0
6000856,104867.0,107560.0,26100.0
6000857,104867.0,107973.0,26100.0
6000858,104867.0,108385.0,26100.0
6000859,107467.0,107541.0,26100.0
6000860,107467.0,107960.0,26100.0
6000861,107467.0,108379.0,26100.0
6000862,101067.0,113798.0,26100.0
6000863,101067.0,114148.0,26100.0
6000864,101067.0,114498.0,26100.0
6000865,98567.0,110448.0,26100.0
6000866,99067.0,110448.0,26100.0
6000867,99567.0,110448.0,26100.0
6000868,109192.0,98548.0,25950.0
6000869,27067.0,114848.0,24900.0
6000870,27067.0,114848.0,24000.0
6000871,27067.0,113448.0,24900.0
6000872,27067.0,113448.0,24000.0
6000873,28467.0,113448.0,24900.0
6000874,28467.0,113448.0,24000.0
6000875,20667.0,108798.0,24900.0
6000876,20667.0,108798.0,24000.0
6000877,28067.0,110448.0,24900.0
6000878,28067.0,110448.0,24000.0
6000879,23267.0,108798.0,24900.0
6000880,23267.0,108798.0,24000.0
6000881,20167.0,107098.0,24900.0
6000882,20167.0,107098.0,24000.0
6000883,20667.0,107123.0,24900.0
6000884,20667.0,107123.0,24000.0
6000885,23267.0,107148.0,24900.0
6000886,23267.0,107148.0,24000.0
6000887,20667.0,98548.0,24900.0
6000888,20667.0,98548.0,24000.0
6000889,18417.0,98548.0,24900.0
6000890,18417.0,98548.0,24000.0
6000891,17767.0,107148.0,24900.0
6000892,17767.0,107148.0,24000.0
6000893,30067.0,113448.0,24900.0
6000894,30067.0,113448.0,24000.0
6000895,30067.0,110448.0,24900.0
6000896,30067.0,110448.0,24000.0
6000897,54497.0,98548.0,24900.0
6000898,54497.0,98548.0,24000.0
6000899,53847.0,107148.0,24900.0
6000900,53847.0,107148.0,24000.0
6000901,55947.0,107048.0,24900.0
6000902,55947.0,107048.0,24000.0
6000903,56347.0,113448.0,24900.0
6000904,56347.0,113448.0,24000.0
6000905,56347.0,114848.0,24766.0
6000906,56347.0,114848.0,23933.0
6000907,56347.0,98548.0,24900.0
6000908,56347.0,98548.0,24000.0
6000909,109717.0,98548.0,24900.0
6000910,109717.0,98548.0,24000.0
6000911,107467.0,98548.0,24900.0
6000912,107467.0,98548.0,24000.0
6000913,107467.0,107123.0,24900.0
6000914,107467.0,107123.0,24000.0
6000915,107967.0,107098.0,24900.0
6000916,107967.0,107098.0,24000.0
6000917,104867.0,107148.0,24900.0
6000918,104867.0,107148.0,24000.0
6000919,110367.0,107148.0,24900.0
6000920,110367.0,107148.0,24000.0
6000921,104867.0,108798.0,24900.0
6000922,104867.0,108798.0,24000.0
6000923,107467.0,108798.0,24900.0
6000924,107467.0,108798.0,24000.0
6000925,98067.0,110448.0,24900.0
6000926,98067.0,110448.0,24000.0
6000927,98067.0,113448.0,24900.0
6000928,98067.0,113448.0,24000.0
6000929,100067.0,110448.0,24900.0
6000930,100067.0,110448.0,24000.0
6000931,99667.0,113448.0,24900.0
6000932,99667.0,113448.0,24000.0
6000933,101067.0,113448.0,24900.0
6000934,101067.0,113448.0,24000.0
6000935,101067.0,114848.0,24900.0
6000936,101067.0,114848.0,24000.0
6000937,24217.0,107148.0,26700.0
6000938,25167.0,107148.0,26700.0
6000939,26117.0,107148.0,26700.0
6000940,27067.0,108248.0,26699.0
6000941,27067.0,109348.0,26700.0
6000942,26117.0,114848.0,26700.0
6000943,24217.0,114848.0,26700.0
6000944,23267.0,112748.0,26700.0
6000945,23267.0,110870.0,26700.0
6000946,28467.0,114148.0,26700.0
6000947,17817.0,108760.0,26700.0
6000948,18767.0,108773.0,26700.0
6000949,19717.0,108785.0,26700.0
6000950,20667.0,110870.0,26700.0
6000951,20667.0,112748.0,26700.0
6000952,18892.0,113648.0,26700.0
6000953,16867.0,109473.0,26700.0
6000954,16867.0,107948.0,26700.0
6000955,24217.0,104348.0,26700.0
6000956,25167.0,104348.0,26700.0
6000957,26117.0,104348.0,26700.0
6000958,27067.0,105323.0,26700.0
6000959,23267.0,105323.0,26700.0
6000960,19467.0,99381.0,26700.0
6000961,19467.0,100214.0,26700.0
6000962,24217.0,101548.0,26700.0
6000963,25167.0,101548.0,26700.0
6000964,26117.0,101548.0,26700.0
6000965,27067.0,102481.0,26700.0
6000966,27067.0,103414.0,26700.0
6000967,23267.0,102481.0,26700.0
6000968,23267.0,103414.0,26700.0
6000969,24217.0,98548.0,26700.0
6000970,26117.0,98548.0,26700.0
6000971,27067.0,100570.0,26700.0
6000972,23267.0,100570.0,26700.0
6000973,56347.0,107898.0,26700.0
6000974,53797.0,108748.0,26700.0
6000975,54647.0,108748.0,26700.0
6000976,55497.0,108748.0,26700.0
6000977,52947.0,107948.0,26700.0
6000978,108667.0,99381.0,26700.0
6000979,108667.0,100214.0,26700.0
6000980,99667.0,114148.0,26700.0
6000981,109242.0,113648.0,26700.0
6000982,108417.0,108785.0,26700.0
6000983,109367.0,108773.0,26700.0
6000984,110317.0,108760.0,26700.0
6000985,111267.0,109473.0,26700.0
6000986,107467.0,112748.0,26700.0
6000987,107467.0,110870.0,26700.0
6000988,102017.0,98548.0,26700.0
6000989,103917.0,98548.0,26700.0
6000990,104867.0,100570.0,26700.0
6000991,102017.0,101548.0,26700.0
6000992,102967.0,101548.0,26700.0
6000993,103917.0,101548.0,26700.0
6000994,101067.0,100570.0,26700.0
6000995,111267.0,107948.0,26700.0
6000996,102017.0,104348.0,26700.0
6000997,102967.0,104348.0,26700.0
6000998,103917.0,104348.0,26700.0
6000999,104867.0,105323.0,26700.0
6001000,102017.0,107148.0,26700.0
6001001,102967.0,107148.0,26700.0
6001002,103917.0,107148.0,26700.0
6001003,101067.0,105323.0,26700.0
6001004,104867.0,110870.0,26700.0
6001005,104867.0,112748.0,26700.0
6001006,103917.0,114848.0,26700.0
6001007,102017.0,114848.0,26700.0
6001008,101067.0,108248.0,26699.0
6001009,101067.0,109348.0,26700.0
6001010,104867.0,102481.0,26700.0
6001011,104867.0,103414.0,26700.0
6001012,101067.0,102481.0,26700.0
6001013,101067.0,103414.0,26700.0
6001016,64239.0,106666.0,26699.0
6001017,108667.0,98548.0,26325.0
6001018,109192.0,98548.0,26325.0
6001019,109717.0,98548.0,26325.0
6001020,98067.0,110448.0,26400.0
6001021,98567.0,110448.0,26400.0
6001022,99067.0,110448.0,26400.0
6001023,99567.0,110448.0,26400.0
6001024,100067.0,110448.0,26400.0
6001025,101067.0,113448.0,26400.0
6001026,101067.0,113798.0,26400.0
6001027,101067.0,114148.0,26400.0
6001028,101067.0,114498.0,26400.0
6001029,101067.0,114848.0,26400.0
6001030,107467.0,107123.0,26400.0
6001031,107467.0,107541.0,26400.0
6001032,107467.0,107960.0,26400.0
6001033,107467.0,108379.0,26400.0
6001034,107467.0,108798.0,26400.0
6001035,104867.0,107148.0,26400.0
6001036,104867.0,107560.0,26400.0
6001037,104867.0,107973.0,26400.0
6001038,104867.0,108385.0,26400.0
6001039,104867.0,108798.0,26400.0
6001040,107967.0,107098.0,26350.0
6001041,108367.0,107106.0,26350.0
6001042,108767.0,107114.0,26350.0
6001043,109167.0,107123.0,26350.0
6001044,109567.0,107131.0,26350.0
6001045,109967.0,107139.0,26350.0
6001046,110367.0,107148.0,26350.0
6001047,98067.0,113448.0,26400.0
6001048,98467.0,113448.0,26400.0
6001049,98867.0,113448.0,26400.0
6001050,99267.0,113448.0,26400.0
6001051,99667.0,113448.0,26400.0
6001052,107467.0,98548.0,26325.0
6001053,108067.0,98548.0,26325.0
6001054,54497.0,98548.0,26325.0
6001055,54959.0,98548.0,26325.0
6001056,55422.0,98548.0,26325.0
6001057,55884.0,98548.0,26325.0
6001058,56347.0,98548.0,26325.0
6001059,53847.0,107148.0,26350.0
6001060,54372.0,107123.0,26350.0
6001061,54897.0,107098.0,26350.0
6001062,55422.0,107073.0,26350.0
6001063,55947.0,107048.0,26350.0
6001064,56347.0,113448.0,26350.0
6001065,56347.0,113798.0,26350.0
6001066,56347.0,114148.0,26350.0
6001067,56347.0,114498.0,26350.0
6001068,56347.0,114848.0,26350.0
6001069,19467.0,98548.0,26325.0
6001070,20067.0,98548.0,26325.0
6001071,20667.0,98548.0,26325.0
6001072,28467.0,113448.0,26400.0
6001073,28867.0,113448.0,26400.0
6001074,29267.0,113448.0,26400.0
6001075,29667.0,113448.0,26400.0
6001076,30067.0,113448.0,26400.0
6001077,18417.0,98548.0,26325.0
6001078,18942.0,98548.0,26325.0
6001079,17767.0,107148.0,26350.0
6001080,18167.0,107139.0,26350.0
6001081,18567.0,107131.0,26350.0
6001082,18967.0,107123.0,26350.0
6001083,19367.0,107114.0,26350.0
6001084,19767.0,107106.0,26350.0
6001085,20167.0,107098.0,26350.0
6001086,23267.0,107148.0,26400.0
6001087,23267.0,107560.0,26400.0
6001088,23267.0,107973.0,26400.0
6001089,23267.0,108385.0,26400.0
6001090,23267.0,108798.0,26400.0
6001091,28067.0,110448.0,26400.0
6001092,28567.0,110448.0,26400.0
6001093,29067.0,110448.0,26400.0
6001094,29567.0,110448.0,26400.0
6001095,30067.0,110448.0,26400.0
6001096,20667.0,107123.0,26400.0
6001097,20667.0,107541.0,26400.0
6001098,20667.0,107960.0,26400.0
6001099,20667.0,108379.0,26400.0
6001100,20667.0,108798.0,26400.0
6001101,27067.0,113448.0,26400.0
6001102,27067.0,113798.0,26400.0
6001103,27067.0,114148.0,26400.0
6001104,27067.0,114498.0,26400.0
6001105,27067.0,114848.0,26400.0
6001106,17367.0,114848.0,25600.0
6001107,17367.0,114848.0,23933.0
6001108,17367.0,114848.0,24766.0
6001109,21533.0,114848.0,25700.0
6001110,22400.0,114848.0,25700.0
6001111,21533.0,114848.0,23966.0
6001112,22400.0,114848.0,23966.0
6001113,21533.0,114848.0,24833.0
6001114,22400.0,114848.0,24833.0
6001115,27767.0,114848.0,25800.0
6001116,27767.0,114848.0,24000.0
6001117,27767.0,114848.0,24900.0
6001118,16867.0,111060.0,25600.0
6001119,16867.0,111923.0,25600.0
6001120,16867.0,112785.0,25600.0
6001121,16867.0,111060.0,23933.0
6001122,16867.0,111923.0,23933.0
6001123,16867.0,112785.0,23933.0
6001124,16867.0,111060.0,24766.0
6001125,16867.0,112785.0,24766.0
6001126,16867.0,111923.0,24766.0
6001127,30067.0,114148.0,25800.0
6001128,30067.0,114148.0,24000.0
6001129,30067.0,114148.0,24900.0
6001130,27067.0,111448.0,25800.0
6001131,27067.0,112448.0,25800.0
6001132,27067.0,111448.0,24000.0
6001133,27067.0,112448.0,24000.0
6001134,27067.0,111448.0,24900.0
6001135,27067.0,112448.0,24900.0
6001136,27767.0,113448.0,26100.0
6001137,27767.0,113448.0,24000.0
6001138,27767.0,113448.0,24900.0
6001139,27567.0,110448.0,25800.0
6001140,27567.0,110448.0,24000.0
6001141,27567.0,110448.0,24900.0
6001142,30067.0,111448.0,26100.0
6001143,30067.0,112448.0,26100.0
6001144,30067.0,111448.0,24000.0
6001145,30067.0,112448.0,24000.0
6001146,30067.0,111448.0,24900.0
6001147,30067.0,112448.0,24900.0
6001148,20667.0,109345.0,25800.0
6001149,20667.0,109345.0,24000.0
6001150,20667.0,109345.0,24900.0
6001151,21533.0,108798.0,26100.0
6001152,22400.0,108798.0,26100.0
6001153,21533.0,108798.0,24000.0
6001154,22400.0,108798.0,24000.0
6001155,21533.0,108798.0,24900.0
6001156,22400.0,108798.0,24900.0
6001157,23267.0,109345.0,25800.0
6001158,23267.0,109345.0,24000.0
6001159,23267.0,109345.0,24900.0
6001160,17317.0,107148.0,25800.0
6001161,17317.0,107148.0,24000.0
6001162,17317.0,107148.0,24900.0
6001163,21533.0,107131.0,26100.0
6001164,22400.0,107139.0,26100.0
6001165,21533.0,107131.0,24000.0
6001166,22400.0,107139.0,24000.0
6001167,21533.0,107131.0,24900.0
6001168,22400.0,107139.0,24900.0
6001169,23267.0,106723.0,25800.0
6001170,23267.0,106723.0,24000.0
6001171,23267.0,106723.0,24900.0
6001172,27067.0,106723.0,25800.0
6001173,27067.0,106723.0,24000.0
6001174,27067.0,106723.0,24900.0
6001175,28067.0,107148.0,25800.0
6001176,29067.0,107148.0,25800.0
6001177,28067.0,107148.0,24000.0
6001178,29067.0,107148.0,24000.0
6001179,28067.0,107148.0,24900.0
6001180,29067.0,107148.0,24900.0
6001181,16867.0,101931.0,25800.0
6001182,16867.0,102814.0,25800.0
6001183,16867.0,101931.0,24000.0
6001184,16867.0,102814.0,24000.0
6001185,16867.0,101931.0,24900.0
6001186,16867.0,102814.0,24900.0
6001187,16867.0,99381.0,25800.0
6001188,16867.0,100214.0,25800.0
6001189,16867.0,99381.0,24000.0
6001190,16867.0,100214.0,24000.0
6001191,16867.0,99381.0,24900.0
6001192,16867.0,100214.0,24900.0
6001193,17317.0,101048.0,25800.0
6001194,17317.0,101048.0,24000.0
6001195,17317.0,101048.0,24900.0
6001196,18617.0,101048.0,25800.0
6001197,18617.0,101048.0,24000.0
6001198,18617.0,101048.0,24900.0
6001199,20667.0,99381.0,25800.0
6001200,20667.0,100214.0,25800.0
6001201,20667.0,99381.0,24000.0
6001202,20667.0,100214.0,24000.0
6001203,20667.0,99381.0,24900.0
6001204,20667.0,100214.0,24900.0
6001205,17642.0,98548.0,25800.0
6001206,17642.0,98548.0,24000.0
6001207,17642.0,98548.0,24900.0
6001208,21533.0,98548.0,25800.0
6001209,22400.0,98548.0,25800.0
6001210,21533.0,98548.0,24000.0
6001211,22400.0,98548.0,24000.0
6001212,21533.0,98548.0,24900.0
6001213,22400.0,98548.0,24900.0
6001214,23267.0,99070.0,25800.0
6001215,23267.0,99070.0,24000.0
6001216,23267.0,99070.0,24900.0
6001217,27067.0,99070.0,25800.0
6001218,27067.0,99070.0,24000.0
6001219,27067.0,99070.0,24900.0
6001220,28067.0,98548.0,25800.0
6001221,29067.0,98548.0,25800.0
6001222,28067.0,98548.0,24000.0
6001223,29067.0,98548.0,24000.0
6001224,28067.0,98548.0,24900.0
6001225,29067.0,98548.0,24900.0
6001226,16867.0,114248.0,25600.0
6001227,16867.0,114248.0,23933.0
6001228,16867.0,114248.0,24766.0
6001229,20667.0,114248.0,25600.0
6001230,20667.0,114248.0,23933.0
6001231,20667.0,114248.0,24766.0
6001232,20292.0,114848.0,25600.0
6001233,20292.0,114848.0,23933.0
6001234,20292.0,114848.0,24766.0
6001235,18142.0,114848.0,25600.0
6001236,18145.0,114848.0,26150.0
6001237,18642.0,114848.0,26150.0
6001238,19142.0,114848.0,26150.0
6001239,19639.0,114848.0,26150.0
6001240,19642.0,114848.0,25600.0
6001241,18142.0,114848.0,23933.0
6001242,19642.0,114848.0,23933.0
6001243,18142.0,114848.0,24766.0
6001244,19642.0,114848.0,24766.0
6001245,18642.0,114848.0,25600.0
6001246,19142.0,114848.0,25600.0
6001247,29267.0,114848.0,25800.0
6001248,29267.0,114848.0,24000.0
6001249,29267.0,114848.0,24900.0
6001250,20067.0,101048.0,25800.0
6001251,20067.0,101048.0,24000.0
6001252,20067.0,101048.0,24900.0
6001253,16867.0,104698.0,25800.0
6001254,16867.0,105698.0,25800.0
6001255,16867.0,104698.0,24000.0
6001256,16867.0,105698.0,24000.0
6001257,16867.0,104698.0,24900.0
6001258,16867.0,105698.0,24900.0
6001259,20667.0,106710.0,25800.0
6001260,20667.0,106710.0,24000.0
6001261,20667.0,106710.0,24900.0
6001262,23267.0,114248.0,25800.0
6001263,23267.0,114248.0,24000.0
6001264,23267.0,114248.0,24900.0
6001265,30067.0,99381.0,25800.0
6001266,30067.0,100214.0,25800.0
6001267,30067.0,99381.0,24000.0
6001268,30067.0,100214.0,24000.0
6001269,30067.0,99381.0,24900.0
6001270,30067.0,100214.0,24900.0
6001271,30067.0,105281.0,25800.0
6001272,30067.0,106214.0,25800.0
6001273,30067.0,105281.0,24000.0
6001274,30067.0,106214.0,24000.0
6001275,30067.0,105281.0,24900.0
6001276,30067.0,106214.0,24900.0
6001277,30067.0,102481.0,25800.0
6001278,30067.0,103414.0,25800.0
6001279,30067.0,102481.0,24000.0
6001280,30067.0,103414.0,24000.0
6001281,30067.0,102481.0,24900.0
6001282,30067.0,103414.0,24900.0
6001283,60347.0,101873.0,25600.0
6001284,60347.0,102698.0,25600.0
6001285,60347.0,103523.0,25600.0
6001286,60347.0,101873.0,23933.0
6001287,60347.0,102698.0,23933.0
6001288,60347.0,103523.0,23933.0
6001289,60347.0,101873.0,24766.0
6001290,60347.0,103523.0,24766.0
6001291,60347.0,102698.0,24766.0
6001292,63747.0,111328.0,25600.0
6001293,63747.0,112208.0,25600.0
6001294,63747.0,113088.0,25600.0
6001295,63747.0,113968.0,25600.0
6001296,63747.0,111328.0,23933.0
6001297,63747.0,112208.0,23933.0
6001298,63747.0,113088.0,23933.0
6001299,63747.0,113968.0,23933.0
6001300,63747.0,111328.0,24766.0
6001301,63747.0,113968.0,24766.0
6001302,63747.0,112208.0,24766.0
6001303,63747.0,113088.0,24766.0
6001304,61022.0,114848.0,25600.0
6001305,61697.0,114848.0,25600.0
6001306,61700.0,114848.0,26150.0
6001307,62197.0,114848.0,26150.0
6001308,62697.0,114848.0,26150.0
6001309,63194.0,114848.0,26150.0
6001310,63197.0,114848.0,25600.0
6001311,61022.0,114848.0,23933.0
6001312,61697.0,114848.0,23933.0
6001313,63197.0,114848.0,23933.0
6001314,61022.0,114848.0,24766.0
6001315,63197.0,114848.0,24766.0
6001316,62197.0,114848.0,25600.0
6001317,61697.0,114848.0,24766.0
6001318,62697.0,114848.0,25600.0
6001319,52947.0,104560.0,25800.0
6001320,52947.0,105423.0,25800.0
6001321,52947.0,106285.0,25800.0
6001322,52947.0,104560.0,24000.0
6001323,52947.0,105423.0,24000.0
6001324,52947.0,106285.0,24000.0
6001325,52947.0,104560.0,24900.0
6001326,52947.0,106285.0,24900.0
6001327,52947.0,105423.0,24900.0
6001328,53722.0,98548.0,25800.0
6001329,53722.0,98548.0,24000.0
6001330,53722.0,98548.0,24900.0
6001331,52947.0,99381.0,25800.0
6001332,52947.0,100214.0,25800.0
6001333,52947.0,99381.0,24000.0
6001334,52947.0,100214.0,24000.0
6001335,52947.0,99381.0,24900.0
6001336,52947.0,100214.0,24900.0
6001337,52947.0,101931.0,25800.0
6001338,52947.0,102814.0,25800.0
6001339,52947.0,101931.0,24000.0
6001340,52947.0,102814.0,24000.0
6001341,52947.0,101931.0,24900.0
6001342,52947.0,102814.0,24900.0
6001343,53397.0,101048.0,25800.0
6001344,53397.0,101048.0,24000.0
6001345,53397.0,101048.0,24900.0
6001346,53397.0,107148.0,25800.0
6001347,53397.0,107148.0,24000.0
6001348,53397.0,107148.0,24900.0
6001349,56347.0,111328.0,25800.0
6001350,56347.0,112208.0,25800.0
6001351,56347.0,113088.0,25800.0
6001352,56347.0,111328.0,24000.0
6001353,56347.0,112208.0,24000.0
6001354,56347.0,113088.0,24000.0
6001355,56347.0,111328.0,24900.0
6001356,56347.0,113088.0,24900.0
6001357,56347.0,112208.0,24900.0
6001358,52947.0,111128.0,25600.0
6001359,52947.0,112058.0,25600.0
6001360,52947.0,112988.0,25600.0
6001361,52947.0,113918.0,25600.0
6001362,52947.0,111128.0,23933.0
6001363,52947.0,112058.0,23933.0
6001364,52947.0,112988.0,23933.0
6001365,52947.0,113918.0,23933.0
6001366,52947.0,111128.0,24766.0
6001367,52947.0,113918.0,24766.0
6001368,52947.0,112058.0,24766.0
6001369,52947.0,112988.0,24766.0
6001370,53622.0,114848.0,25600.0
6001371,54297.0,114848.0,25600.0
6001372,54300.0,114848.0,26150.0
6001373,54797.0,114848.0,26150.0
6001374,55297.0,114848.0,26150.0
6001375,55794.0,114848.0,26150.0
6001376,55797.0,114848.0,25600.0
6001377,53622.0,114848.0,23933.0
6001378,54297.0,114848.0,23933.0
6001379,55797.0,114848.0,23933.0
6001380,53622.0,114848.0,24766.0
6001381,55797.0,114848.0,24766.0
6001382,54797.0,114848.0,25600.0
6001383,54297.0,114848.0,24766.0
6001384,55297.0,114848.0,25600.0
6001385,56347.0,106673.0,25800.0
6001386,56347.0,106673.0,24000.0
6001387,56347.0,106673.0,24900.0
6001388,56347.0,99381.0,25800.0
6001389,56347.0,100214.0,25800.0
6001390,56347.0,99381.0,24000.0
6001391,56347.0,100214.0,24000.0
6001392,56347.0,99381.0,24900.0
6001393,56347.0,100214.0,24900.0
6001394,63747.0,102064.0,25700.0
6001395,63747.0,103081.0,25700.0
6001396,63747.0,104098.0,25700.0
6001397,63747.0,105114.0,25700.0
6001398,63747.0,106131.0,25700.0
6001399,63747.0,102064.0,23966.0
6001400,63747.0,103081.0,23966.0
6001401,63747.0,104098.0,23966.0
6001402,63747.0,105114.0,23966.0
6001403,63747.0,106131.0,23966.0
6001404,63747.0,102064.0,24833.0
6001405,63747.0,106131.0,24833.0
6001406,63747.0,103081.0,24833.0
6001407,63747.0,104098.0,24833.0
6001408,63747.0,105114.0,24833.0
6001409,63747.0,99381.0,25600.0
6001410,63747.0,100214.0,25600.0
6001411,63747.0,99381.0,23933.0
6001412,63747.0,100214.0,23933.0
6001413,63747.0,99381.0,24766.0
6001414,63747.0,100214.0,24766.0
6001415,54680.0,101048.0,25800.0
6001416,55513.0,101048.0,25800.0
6001417,54680.0,101048.0,24000.0
6001418,55513.0,101048.0,24000.0
6001419,54680.0,101048.0,24900.0
6001420,55513.0,101048.0,24900.0
6001421,60822.0,98548.0,25600.0
6001422,61297.0,98548.0,25600.0
6001423,61300.0,98548.0,26150.0
6001424,61797.0,98548.0,26150.0
6001425,62297.0,98548.0,26150.0
6001426,62794.0,98548.0,26150.0
6001427,62797.0,98548.0,25600.0
6001428,63272.0,98548.0,25600.0
6001429,60822.0,98548.0,23933.0
6001430,61297.0,98548.0,23933.0
6001431,63272.0,98548.0,23933.0
6001432,62797.0,98548.0,23933.0
6001433,60822.0,98548.0,24766.0
6001434,63272.0,98548.0,24766.0
6001435,61797.0,98548.0,25600.0
6001436,61297.0,98548.0,24766.0
6001437,62297.0,98548.0,25600.0
6001438,62797.0,98548.0,24766.0
6001439,61197.0,101048.0,25600.0
6001440,62047.0,101048.0,25600.0
6001441,62897.0,101048.0,25600.0
6001442,61197.0,101048.0,23933.0
6001443,62047.0,101048.0,23933.0
6001444,62897.0,101048.0,23933.0
6001445,61197.0,101048.0,24766.0
6001446,62897.0,101048.0,24766.0
6001447,62047.0,101048.0,24766.0
6001448,111267.0,104698.0,25800.0
6001449,111267.0,105698.0,25800.0
6001450,111267.0,104698.0,24000.0
6001451,111267.0,105698.0,24000.0
6001452,111267.0,104698.0,24900.0
6001453,111267.0,105698.0,24900.0
6001454,108067.0,101048.0,25800.0
6001455,108067.0,101048.0,24000.0
6001456,108067.0,101048.0,24900.0
6001457,98867.0,114848.0,25800.0
6001458,98867.0,114848.0,24000.0
6001459,98867.0,114848.0,24900.0
6001460,108492.0,114848.0,25600.0
6001461,108495.0,114848.0,26150.0
6001462,108992.0,114848.0,26150.0
6001463,109492.0,114848.0,26150.0
6001464,109989.0,114848.0,26150.0
6001465,109992.0,114848.0,25600.0
6001466,108492.0,114848.0,23933.0
6001467,109992.0,114848.0,23933.0
6001468,108492.0,114848.0,24766.0
6001469,109992.0,114848.0,24766.0
6001470,108992.0,114848.0,25600.0
6001471,109492.0,114848.0,25600.0
6001472,107842.0,114848.0,25700.0
6001473,107842.0,114848.0,23966.0
6001474,107842.0,114848.0,24833.0
6001475,107467.0,114248.0,25700.0
6001476,107467.0,114248.0,23966.0
6001477,107467.0,114248.0,24833.0
6001478,111267.0,114248.0,25800.0
6001479,111267.0,114248.0,24000.0
6001480,111267.0,114248.0,24900.0
6001481,110767.0,114848.0,25700.0
6001482,110767.0,114848.0,23966.0
6001483,110767.0,114848.0,24833.0
6001484,110492.0,98548.0,25800.0
6001485,110492.0,98548.0,24000.0
6001486,110492.0,98548.0,24900.0
6001487,99067.0,98548.0,25800.0
6001488,100067.0,98548.0,25800.0
6001489,99067.0,98548.0,24000.0
6001490,100067.0,98548.0,24000.0
6001491,99067.0,98548.0,24900.0
6001492,100067.0,98548.0,24900.0
6001493,105733.0,98548.0,25800.0
6001494,106600.0,98548.0,25800.0
6001495,105733.0,98548.0,24000.0
6001496,106600.0,98548.0,24000.0
6001497,105733.0,98548.0,24900.0
6001498,106600.0,98548.0,24900.0
6001499,101067.0,99070.0,25800.0
6001500,101067.0,99070.0,24000.0
6001501,101067.0,99070.0,24900.0
6001502,104867.0,99070.0,25800.0
6001503,104867.0,99070.0,24000.0
6001504,104867.0,99070.0,24900.0
6001505,107467.0,99381.0,25800.0
6001506,107467.0,100214.0,25800.0
6001507,107467.0,99381.0,24000.0
6001508,107467.0,100214.0,24000.0
6001509,107467.0,99381.0,24900.0
6001510,107467.0,100214.0,24900.0
6001511,109517.0,101048.0,25800.0
6001512,109517.0,101048.0,24000.0
6001513,109517.0,101048.0,24900.0
6001514,110817.0,101048.0,25800.0
6001515,110817.0,101048.0,24000.0
6001516,110817.0,101048.0,24900.0
6001517,111267.0,99381.0,25800.0
6001518,111267.0,100214.0,25800.0
6001519,111267.0,99381.0,24000.0
6001520,111267.0,100214.0,24000.0
6001521,111267.0,99381.0,24900.0
6001522,111267.0,100214.0,24900.0
6001523,111267.0,101931.0,25800.0
6001524,111267.0,102814.0,25800.0
6001525,111267.0,101931.0,24000.0
6001526,111267.0,102814.0,24000.0
6001527,111267.0,101931.0,24900.0
6001528,111267.0,102814.0,24900.0
6001529,99067.0,107148.0,25800.0
6001530,100067.0,107148.0,25800.0
6001531,99067.0,107148.0,24000.0
6001532,100067.0,107148.0,24000.0
6001533,99067.0,107148.0,24900.0
6001534,100067.0,107148.0,24900.0
6001535,101067.0,106723.0,25800.0
6001536,101067.0,106723.0,24000.0
6001537,101067.0,106723.0,24900.0
6001538,104867.0,106723.0,25800.0
6001539,104867.0,106723.0,24000.0
6001540,104867.0,106723.0,24900.0
6001541,105733.0,107139.0,26100.0
6001542,106600.0,107131.0,26100.0
6001543,105733.0,107139.0,24000.0
6001544,106600.0,107131.0,24000.0
6001545,105733.0,107139.0,24900.0
6001546,106600.0,107131.0,24900.0
6001547,110817.0,107148.0,25800.0
6001548,110817.0,107148.0,24000.0
6001549,110817.0,107148.0,24900.0
6001550,104867.0,109345.0,25800.0
6001551,104867.0,109345.0,24000.0
6001552,104867.0,109345.0,24900.0
6001553,105733.0,108798.0,26100.0
6001554,106600.0,108798.0,26100.0
6001555,105733.0,108798.0,24000.0
6001556,106600.0,108798.0,24000.0
6001557,105733.0,108798.0,24900.0
6001558,106600.0,108798.0,24900.0
6001559,107467.0,109345.0,25800.0
6001560,107467.0,109345.0,24000.0
6001561,107467.0,109345.0,24900.0
6001562,98067.0,111448.0,26100.0
6001563,98067.0,112448.0,26100.0
6001564,98067.0,111448.0,24000.0
6001565,98067.0,112448.0,24000.0
6001566,98067.0,111448.0,24900.0
6001567,98067.0,112448.0,24900.0
6001568,100567.0,110448.0,25800.0
6001569,100567.0,110448.0,24000.0
6001570,100567.0,110448.0,24900.0
6001571,100367.0,113448.0,26100.0
6001572,100367.0,113448.0,24000.0
6001573,100367.0,113448.0,24900.0
6001574,101067.0,111448.0,25800.0
6001575,101067.0,112448.0,25800.0
6001576,101067.0,111448.0,24000.0
6001577,101067.0,112448.0,24000.0
6001578,101067.0,111448.0,24900.0
6001579,101067.0,112448.0,24900.0
6001580,98067.0,114148.0,25800.0
6001581,98067.0,114148.0,24000.0
6001582,98067.0,114148.0,24900.0
6001583,111267.0,111060.0,25800.0
6001584,111267.0,111923.0,25800.0
6001585,111267.0,112785.0,25800.0
6001586,111267.0,111060.0,24000.0
6001587,111267.0,111923.0,24000.0
6001588,111267.0,112785.0,24000.0
6001589,111267.0,111060.0,24900.0
6001590,111267.0,112785.0,24900.0
6001591,111267.0,111923.0,24900.0
6001592,100367.0,114848.0,25800.0
6001593,100367.0,114848.0,24000.0
6001594,100367.0,114848.0,24900.0
6001595,105733.0,114848.0,25800.0
6001596,106600.0,114848.0,25800.0
6001597,105733.0,114848.0,24000.0
6001598,106600.0,114848.0,24000.0
6001599,105733.0,114848.0,24900.0
6001600,106600.0,114848.0,24900.0
6001601,107467.0,106710.0,25800.0
6001602,107467.0,106710.0,24000.0
6001603,107467.0,106710.0,24900.0
6001604,98067.0,102481.0,25800.0
6001605,98067.0,103414.0,25800.0
6001606,98067.0,102481.0,24000.0
6001607,98067.0,103414.0,24000.0
6001608,98067.0,102481.0,24900.0
6001609,98067.0,103414.0,24900.0
6001610,98067.0,105281.0,25800.0
6001611,98067.0,106214.0,25800.0
6001612,98067.0,105281.0,24000.0
6001613,98067.0,106214.0,24000.0
6001614,98067.0,105281.0,24900.0
6001615,98067.0,106214.0,24900.0
6001616,104867.0,114248.0,25800.0
6001617,104867.0,114248.0,24000.0
6001618,104867.0,114248.0,24900.0
6001619,98067.0,99381.0,25800.0
6001620,98067.0,100214.0,25800.0
6001621,98067.0,100881.0,25800.0
6001622,98067.0,99381.0,24000.0
6001623,98067.0,100214.0,24000.0
6001624,98067.0,100881.0,24000.0
6001625,98067.0,99381.0,24900.0
6001626,98067.0,100881.0,24900.0
6001627,98067.0,100214.0,24900.0
6001628,61197.0,110448.0,25600.0
6001629,62047.0,110448.0,25600.0
6001630,62897.0,110448.0,25600.0
6001631,61197.0,110448.0,23933.0
6001632,62047.0,110448.0,23933.0
6001633,62897.0,110448.0,23933.0
6001634,61197.0,110448.0,24766.0
6001635,62897.0,110448.0,24766.0
6001636,62047.0,110448.0,24766.0
6001637,24217.0,113842.0,26700.0
6001638,24217.0,112888.0,26700.0
6001639,24217.0,111942.0,26700.0
6001640,24217.0,110977.0,26700.0
6001641,24217.0,109999.0,26700.0
6001642,24217.0,109011.0,26700.0
6001643,24217.0,108071.0,26700.0
6001644,25167.0,113929.0,26700.0
6001645,25167.0,113007.0,26700.0
6001646,25167.0,112066.0,26700.0
6001647,25167.0,111102.0,26700.0
6001648,25167.0,110119.0,26700.0
6001649,25167.0,109126.0,26700.0
6001650,25167.0,108135.0,26700.0
6001651,26117.0,114015.0,26700.0
6001652,26117.0,113157.0,26700.0
6001653,26117.0,112223.0,26700.0
6001654,26117.0,111253.0,26700.0
6001655,26117.0,110256.0,26700.0
6001656,26117.0,109228.0,26700.0
6001657,26117.0,108189.0,26700.0
6001658,27767.0,114148.0,26700.0
6001659,29267.0,114148.0,26700.0
6001660,17833.0,112807.0,26700.0
6001661,17803.0,111978.0,26700.0
6001662,17814.0,109560.0,26700.0
6001663,17803.0,110360.0,26700.0
6001664,17797.0,111175.0,26700.0
6001665,18747.0,110499.0,26700.0
6001666,18711.0,111308.0,26700.0
6001667,18758.0,109644.0,26700.0
6001668,18725.0,111989.0,26700.0
6001669,18796.0,112799.0,26700.0
6001670,19605.0,111720.0,26700.0
6001671,19687.0,110724.0,26700.0
6001672,19711.0,109759.0,26700.0
6001673,19736.0,112715.0,26700.0
6001674,17727.0,107952.0,26700.0
6001675,18522.0,107951.0,26700.0
6001676,19173.0,107945.0,26700.0
6001677,19928.0,107945.0,26700.0
6001678,21533.0,107964.0,26700.0
6001679,22400.0,107968.0,26700.0
6001680,24217.0,106235.0,26700.0
6001681,24217.0,105296.0,26700.0
6001682,25167.0,106224.0,26700.0
6001683,25167.0,105289.0,26700.0
6001684,26117.0,106235.0,26700.0
6001685,26117.0,105296.0,26700.0
6001686,17733.0,100214.0,26700.0
6001687,17704.0,99381.0,26700.0
6001688,18596.0,100214.0,26700.0
6001689,18559.0,99381.0,26700.0
6001690,24217.0,103414.0,26700.0
6001691,24217.0,102481.0,26700.0
6001692,25167.0,103414.0,26700.0
6001693,25167.0,102481.0,26700.0
6001694,26117.0,103414.0,26700.0
6001695,26117.0,102481.0,26700.0
6001696,24217.0,100556.0,26700.0
6001697,24217.0,99559.0,26700.0
6001698,25167.0,100552.0,26700.0
6001699,25167.0,99553.0,26700.0
6001700,26117.0,100556.0,26700.0
6001701,26117.0,99559.0,26700.0
6001702,53835.0,107943.0,26700.0
6001703,54736.0,107923.0,26700.0
6001704,55602.0,107903.0,26700.0
6001705,109538.0,100214.0,26700.0
6001706,109574.0,99381.0,26700.0
6001707,110401.0,100214.0,26700.0
6001708,110429.0,99381.0,26700.0
6001709,98867.0,114148.0,26700.0
6001710,100367.0,114148.0,26700.0
6001711,108372.0,112745.0,26700.0
6001712,108436.0,111814.0,26700.0
6001713,108445.0,109786.0,26700.0
6001714,108536.0,110807.0,26700.0
6001715,109424.0,111113.0,26700.0
6001716,109371.0,111930.0,26700.0
6001717,109425.0,110435.0,26700.0
6001718,109388.0,109627.0,26700.0
6001719,109326.0,112783.0,26700.0
6001720,110341.0,110329.0,26700.0
6001721,110337.0,111124.0,26700.0
6001722,110328.0,109547.0,26700.0
6001723,110293.0,112795.0,26700.0
6001724,110320.0,111948.0,26700.0
6001725,102017.0,100556.0,26700.0
6001726,102017.0,99559.0,26700.0
6001727,102967.0,100552.0,26700.0
6001728,102967.0,99553.0,26700.0
6001729,103917.0,100556.0,26700.0
6001730,103917.0,99559.0,26700.0
6001731,108205.0,107945.0,26700.0
6001732,108960.0,107945.0,26700.0
6001733,109611.0,107951.0,26700.0
6001734,110406.0,107952.0,26700.0
6001735,102017.0,106235.0,26700.0
6001736,102017.0,105296.0,26700.0
6001737,102967.0,106224.0,26700.0
6001738,102967.0,105289.0,26700.0
6001739,103917.0,106235.0,26700.0
6001740,103917.0,105296.0,26700.0
6001741,102017.0,114015.0,26700.0
6001742,102017.0,113157.0,26700.0
6001743,102017.0,112223.0,26700.0
6001744,102017.0,111253.0,26700.0
6001745,102017.0,110256.0,26700.0
6001746,102017.0,109228.0,26700.0
6001747,102017.0,108189.0,26700.0
6001748,102967.0,113929.0,26700.0
6001749,102967.0,113007.0,26700.0
6001750,102967.0,112066.0,26700.0
6001751,102967.0,111102.0,26700.0
6001752,102967.0,110119.0,26700.0
6001753,102967.0,109126.0,26700.0
6001754,102967.0,108135.0,26700.0
6001755,103917.0,113842.0,26700.0
6001756,103917.0,112888.0,26700.0
6001757,103917.0,111942.0,26700.0
6001758,103917.0,110977.0,26700.0
6001759,103917.0,109999.0,26700.0
6001760,103917.0,109011.0,26700.0
6001761,103917.0,108071.0,26700.0
6001762,102017.0,103414.0,26700.0
6001763,102017.0,102481.0,26700.0
6001764,102967.0,103414.0,26700.0
6001765,102967.0,102481.0,26700.0
6001766,103917.0,103414.0,26700.0
6001767,103917.0,102481.0,26700.0
6001768,105733.0,107968.0,26700.0
6001769,106600.0,107964.0,26700.0
7000001,23267.0,114848.0,30300.0
7000002,27067.0,114848.0,30300.0
7000003,20667.0,114848.0,30300.0
7000004,30067.0,114848.0,30300.0
7000005,27067.0,113448.0,30300.0
7000006,27067.0,110448.0,30300.0
7000007,30067.0,113448.0,30300.0
7000008,20667.0,111848.0,30300.0
7000009,20667.0,108798.0,30300.0
7000010,23267.0,111848.0,30300.0
7000011,16867.0,108748.0,30300.0
7000012,23267.0,108798.0,30300.0
7000013,16867.0,107148.0,30300.0
7000014,30067.0,107148.0,30300.0
7000015,23267.0,107148.0,30300.0
7000016,20667.0,107123.0,30300.0
7000017,27067.0,107148.0,30300.0
7000018,16867.0,101048.0,30300.0
7000019,17767.0,107148.0,30300.0
7000020,17767.0,101048.0,30300.0
7000021,20667.0,104348.0,30300.0
7000022,23267.0,104348.0,30300.0
7000023,27067.0,104348.0,30300.0
7000024,20667.0,101548.0,30300.0
7000025,20667.0,101048.0,30300.0
7000026,23267.0,101548.0,30300.0
7000027,27067.0,101548.0,30300.0
7000028,20667.0,98548.0,30300.0
7000029,23267.0,98548.0,30300.0
7000030,27067.0,98548.0,30300.0
7000031,16867.0,110198.0,30300.0
7000032,30067.0,110448.0,30300.0
7000033,23267.0,109893.0,30300.0
7000034,28067.0,110448.0,30300.0
7000035,23267.0,106298.0,30300.0
7000036,27067.0,106298.0,30300.0
7000037,20167.0,107098.0,30300.0
7000038,23267.0,99593.0,30300.0
7000039,27067.0,99593.0,30300.0
7000040,18417.0,98548.0,30300.0
7000041,20667.0,113648.0,30300.0
7000042,16867.0,113648.0,30300.0
7000043,19917.0,113648.0,30300.0
7000044,19917.0,114848.0,30300.0
7000045,17867.0,113648.0,30300.0
7000046,17867.0,114848.0,30300.0
7000047,28467.0,113448.0,30300.0
7000048,28467.0,114848.0,30300.0
7000049,19467.0,98548.0,30300.0
7000050,19467.0,101048.0,30300.0
7000051,17767.0,103698.0,30300.0
7000052,16867.0,103698.0,30300.0
7000053,20667.0,106298.0,30300.0
7000054,23267.0,113648.0,30300.0
7000055,20667.0,109893.0,30300.0
7000056,4867.0,114848.0,30300.0
7000057,4867.0,106698.0,30300.0
7000058,4867.0,98548.0,30300.0
7000059,4867.0,87098.0,30300.0
7000060,4867.0,126298.0,30300.0
7000061,9467.0,126348.0,30300.0
7000062,13067.0,126348.0,30300.0
7000063,124067.0,114848.0,30300.0
7000064,124067.0,106698.0,30300.0
7000065,124067.0,98548.0,30300.0
7000066,124067.0,87098.0,30300.0
7000067,124067.0,126298.0,30300.0
7000068,30067.0,98548.0,30300.0
7000069,30067.0,101048.0,30300.0
7000070,30067.0,104348.0,30300.0
7000071,30067.0,101548.0,30300.0
7000072,13067.0,87048.0,30300.0
7000073,9467.0,87048.0,30300.0
7000074,63747.0,110448.0,30300.0
7000075,60347.0,101048.0,30300.0
7000076,60347.0,107048.0,30300.0
7000077,63747.0,107148.0,30300.0
7000078,52947.0,114848.0,30300.0
7000079,56347.0,108748.0,30300.0
7000080,52947.0,103698.0,30300.0
7000081,53847.0,103698.0,30300.0
7000082,54497.0,98548.0,30300.0
7000083,56347.0,110448.0,30300.0
7000084,52947.0,110198.0,30300.0
7000085,56347.0,113448.0,30300.0
7000086,52947.0,101048.0,30300.0
7000087,53847.0,101048.0,30300.0
7000088,53847.0,107148.0,30300.0
7000089,52947.0,107148.0,30300.0
7000090,56347.0,107048.0,30300.0
7000091,52947.0,108748.0,30300.0
7000092,56347.0,101548.0,30300.0
7000093,55947.0,107048.0,30300.0
7000094,56347.0,106298.0,30300.0
7000095,60347.0,110448.0,30300.0
7000096,56347.0,104348.0,30300.0
7000097,56347.0,101048.0,30300.0
7000098,63747.0,101048.0,30300.0
7000099,52947.0,98548.0,30300.0
7000100,60347.0,104348.0,30300.0
7000101,119800.0,87048.0,30300.0
7000102,115533.0,87048.0,30300.0
7000103,111267.0,103698.0,30300.0
7000104,110367.0,103698.0,30300.0
7000105,108667.0,101048.0,30300.0
7000106,108667.0,98548.0,30300.0
7000107,99667.0,114848.0,30300.0
7000108,99667.0,113448.0,30300.0
7000109,110267.0,114848.0,30300.0
7000110,110267.0,113648.0,30300.0
7000111,108217.0,114848.0,30300.0
7000112,108217.0,113648.0,30300.0
7000113,111267.0,113648.0,30300.0
7000114,107467.0,113648.0,30300.0
7000115,109717.0,98548.0,30300.0
7000116,101067.0,99593.0,30300.0
7000117,104867.0,99593.0,30300.0
7000118,107967.0,107098.0,30300.0
7000119,101067.0,106298.0,30300.0
7000120,104867.0,106298.0,30300.0
7000121,100067.0,110448.0,30300.0
7000122,104867.0,109893.0,30300.0
7000123,98067.0,110448.0,30300.0
7000124,111267.0,110198.0,30300.0
7000125,101067.0,98548.0,30300.0
7000126,104867.0,98548.0,30300.0
7000127,107467.0,98548.0,30300.0
7000128,101067.0,101548.0,30300.0
7000129,104867.0,101548.0,30300.0
7000130,107467.0,101048.0,30300.0
7000131,107467.0,101548.0,30300.0
7000132,101067.0,104348.0,30300.0
7000133,104867.0,104348.0,30300.0
7000134,107467.0,104348.0,30300.0
7000135,110367.0,101048.0,30300.0
7000136,110367.0,107148.0,30300.0
7000137,111267.0,101048.0,30300.0
7000138,101067.0,107148.0,30300.0
7000139,107467.0,107123.0,30300.0
7000140,104867.0,107148.0,30300.0
7000141,98067.0,107148.0,30300.0
7000142,111267.0,107148.0,30300.0
7000143,104867.0,108798.0,30300.0
7000144,111267.0,108748.0,30300.0
7000145,104867.0,111848.0,30300.0
7000146,107467.0,108798.0,30300.0
7000147,107467.0,111848.0,30300.0
7000148,98067.0,113448.0,30300.0
7000149,101067.0,110448.0,30300.0
7000150,101067.0,113448.0,30300.0
7000151,98067.0,114848.0,30300.0
7000152,107467.0,114848.0,30300.0
7000153,101067.0,114848.0,30300.0
7000154,104867.0,114848.0,30300.0
7000155,107467.0,106298.0,30300.0
7000156,98067.0,101548.0,30300.0
7000157,98067.0,104348.0,30300.0
7000158,107467.0,109893.0,30300.0
7000159,104867.0,113648.0,30300.0
7000160,98067.0,98548.0,30300.0
7000161,63747.0,98548.0,30300.0
7000162,56347.0,98548.0,30300.0
7000163,56347.0,114848.0,30300.0
7000164,63747.0,114848.0,30300.0
7000165,60347.0,114848.0,30300.0
7000166,60347.0,98548.0,30300.0
7000167,30067.0,87098.0,30300.0
7000168,30067.0,126298.0,30300.0
7000169,16867.0,98548.0,30300.0
7000170,16867.0,114848.0,30300.0
7000171,16867.0,106698.0,30300.0
7000172,16867.0,87098.0,30300.0
7000173,16867.0,126298.0,30300.0
7000174,111267.0,87098.0,30300.0
7000175,111267.0,126298.0,30300.0
7000176,98067.0,126298.0,30300.0
7000177,111267.0,98548.0,30300.0
7000178,98067.0,87098.0,30300.0
7000179,111267.0,106698.0,30300.0
7000180,111267.0,114848.0,30300.0
7000181,41507.0,126298.0,30300.0
7000182,41507.0,87098.0,30300.0
7000183,52947.0,87098.0,30300.0
7000184,52947.0,126298.0,30300.0
7000185,75187.0,87098.0,30300.0
7000186,75187.0,126298.0,30300.0
7000187,86627.0,126298.0,30300.0
7000188,86627.0,87098.0,30300.0
7000189,58347.0,98548.0,30300.0
7000190,58347.0,87048.0,30300.0
7000191,58322.0,126348.0,30300.0
7000192,58322.0,114848.0,30300.0
7000193,119800.0,126348.0,30300.0
7000194,115533.0,126348.0,30300.0
7000195,107467.0,126348.0,30300.0
7000196,107467.0,87048.0,30300.0
7000197,102967.0,98548.0,30300.0
7000198,102967.0,87048.0,30300.0
7000199,102967.0,114848.0,30300.0
7000200,102967.0,126348.0,30300.0
7000201,92347.0,126348.0,30300.0
7000202,92347.0,87048.0,30300.0
7000203,80907.0,126348.0,30300.0
7000204,69467.0,126348.0,30300.0
7000205,69467.0,87048.0,30300.0
7000206,47227.0,126348.0,30300.0
7000207,47227.0,87048.0,30300.0
7000208,35787.0,126348.0,30300.0
7000209,35787.0,87048.0,30300.0
7000210,25167.0,98548.0,30300.0
7000211,25167.0,87048.0,30300.0
7000212,20667.0,87048.0,30300.0
7000213,25167.0,114848.0,30300.0
7000214,25167.0,126348.0,30300.0
7000215,20667.0,126348.0,30300.0
7000216,30067.0,106698.0,30300.0
7000217,52947.0,106698.0,30300.0
7000218,63747.0,106698.0,30300.0
7000219,98067.0,106698.0,30300.0
7000220,119800.0,106698.0,30300.0
7000221,115533.0,106698.0,30300.0
7000222,47227.0,106698.0,30300.0
7000223,35787.0,106698.0,30300.0
7000224,41507.0,106698.0,30300.0
7000225,13067.0,106698.0,30300.0
7000226,9467.0,106698.0,30300.0
7000227,119800.0,98548.0,30300.0
7000228,115533.0,98548.0,30300.0
7000229,47227.0,98548.0,30300.0
7000230,35787.0,98548.0,30300.0
7000231,41507.0,98548.0,30300.0
7000232,13067.0,98548.0,30300.0
7000233,9467.0,98548.0,30300.0
7000234,119800.0,114848.0,30300.0
7000235,115533.0,114848.0,30300.0
7000236,47227.0,114848.0,30300.0
7000237,35787.0,114848.0,30300.0
7000238,41507.0,114848.0,30300.0
7000239,13067.0,114848.0,30300.0
7000240,9467.0,114848.0,30300.0
7000241,63747.0,126298.0,30300.0
7000242,63747.0,87098.0,30300.0
7000243,92347.0,98548.0,30300.0
7000244,92347.0,107148.0,30300.0
7000245,92347.0,114848.0,30300.0
7000246,69467.0,98548.0,30300.0
7000247,69467.0,107148.0,30300.0
7000248,69467.0,114848.0,30300.0
7000249,75187.0,98548.0,30300.0
7000250,75187.0,107148.0,30300.0
7000251,75187.0,114848.0,30300.0
7000252,86627.0,98548.0,30300.0
7000253,86627.0,107148.0,30300.0
7000254,86627.0,114848.0,30300.0
7000255,80907.0,98548.0,30300.0
7000256,80907.0,107148.0,30300.0
7000257,80907.0,114848.0,30300.0
7000258,80907.0,87048.0,30300.0
7000259,27067.0,113448.0,29700.0
7000260,27067.0,114848.0,29700.0
7000261,20667.0,107123.0,29700.0
7000262,20667.0,108798.0,29700.0
7000263,28067.0,110448.0,29700.0
7000264,30067.0,110448.0,29700.0
7000265,23267.0,107148.0,29700.0
7000266,23267.0,108798.0,29700.0
7000267,17767.0,107148.0,29600.0
7000268,20167.0,107098.0,29600.0
7000269,18417.0,98548.0,29550.0
7000270,19467.0,98548.0,29550.0
7000271,28467.0,113448.0,29700.0
7000272,30067.0,113448.0,29700.0
7000273,20667.0,98548.0,29550.0
7000274,56347.0,113448.0,29600.0
7000275,56347.0,114848.0,29600.0
7000276,53847.0,107148.0,29600.0
7000277,55947.0,107048.0,29600.0
7000278,54497.0,98548.0,29550.0
7000279,56347.0,98548.0,29550.0
7000280,107467.0,98548.0,29550.0
7000281,108667.0,98548.0,29550.0
7000282,98067.0,113448.0,29700.0
7000283,99667.0,113448.0,29700.0
7000284,107967.0,107098.0,29600.0
7000285,110367.0,107148.0,29600.0
7000286,104867.0,107148.0,29700.0
7000287,104867.0,108798.0,29700.0
7000288,107467.0,107123.0,29700.0
7000289,107467.0,108798.0,29700.0
7000290,101067.0,113448.0,29700.0
7000291,101067.0,114848.0,29700.0
7000292,98067.0,110448.0,29700.0
7000293,100067.0,110448.0,29700.0
7000294,109717.0,98548.0,29550.0
7000295,17367.0,114848.0,30300.0
7000296,21533.0,114848.0,30300.0
7000297,22400.0,114848.0,30300.0
7000298,27767.0,114848.0,30300.0
7000299,16867.0,111060.0,30300.0
7000300,16867.0,111923.0,30300.0
7000301,16867.0,112785.0,30300.0
7000302,27067.0,113798.0,30300.0
7000303,27067.0,114148.0,30300.0
7000304,27067.0,114498.0,30300.0
7000305,30067.0,114148.0,30300.0
7000306,27067.0,111448.0,30300.0
7000307,27067.0,112448.0,30300.0
7000308,27767.0,113448.0,30300.0
7000309,27567.0,110448.0,30300.0
7000310,30067.0,111448.0,30300.0
7000311,30067.0,112448.0,30300.0
7000312,20667.0,109345.0,30300.0
7000313,20667.0,107541.0,30300.0
7000314,20667.0,107960.0,30300.0
7000315,20667.0,108379.0,30300.0
7000316,21533.0,108798.0,30300.0
7000317,22400.0,108798.0,30300.0
7000318,23267.0,109345.0,30300.0
7000319,28567.0,110448.0,30300.0
7000320,29067.0,110448.0,30300.0
7000321,29567.0,110448.0,30300.0
7000322,23267.0,107560.0,30300.0
7000323,23267.0,107973.0,30300.0
7000324,23267.0,108385.0,30300.0
7000325,17317.0,107148.0,30300.0
7000326,21533.0,107131.0,30300.0
7000327,22400.0,107139.0,30300.0
7000328,23267.0,106723.0,30300.0
7000329,27067.0,106723.0,30300.0
7000330,28067.0,107148.0,30300.0
7000331,29067.0,107148.0,30300.0
7000332,16867.0,101931.0,30300.0
7000333,16867.0,102814.0,30300.0
7000334,16867.0,99381.0,30300.0
7000335,16867.0,100214.0,30300.0
7000336,17317.0,101048.0,30300.0
7000337,18167.0,107139.0,30300.0
7000338,18567.0,107131.0,30300.0
7000339,18967.0,107123.0,30300.0
7000340,19367.0,107114.0,30300.0
7000341,19767.0,107106.0,30300.0
7000342,18617.0,101048.0,30300.0
7000343,20667.0,99381.0,30300.0
7000344,20667.0,100214.0,30300.0
7000345,17642.0,98548.0,30300.0
7000346,18942.0,98548.0,30300.0
7000347,21533.0,98548.0,30300.0
7000348,22400.0,98548.0,30300.0
7000349,23267.0,99070.0,30300.0
7000350,27067.0,99070.0,30300.0
7000351,28067.0,98548.0,30300.0
7000352,29067.0,98548.0,30300.0
7000353,16867.0,114248.0,30300.0
7000354,20667.0,114248.0,30300.0
7000355,20292.0,114848.0,30300.0
7000356,18142.0,114848.0,30300.0
7000357,18642.0,114848.0,30300.0
7000358,19142.0,114848.0,30300.0
7000359,19642.0,114848.0,30300.0
7000360,29267.0,114848.0,30300.0
7000361,28867.0,113448.0,30300.0
7000362,29267.0,113448.0,30300.0
7000363,29667.0,113448.0,30300.0
7000364,20067.0,101048.0,30300.0
7000365,20067.0,98548.0,30300.0
7000366,16867.0,104698.0,30300.0
7000367,16867.0,105698.0,30300.0
7000368,20667.0,106710.0,30300.0
7000369,23267.0,114248.0,30300.0
7000370,30067.0,99381.0,30300.0
7000371,30067.0,100214.0,30300.0
7000372,30067.0,105281.0,30300.0
7000373,30067.0,106214.0,30300.0
7000374,30067.0,102481.0,30300.0
7000375,30067.0,103414.0,30300.0
7000376,60347.0,101873.0,30300.0
7000377,60347.0,102698.0,30300.0
7000378,60347.0,103523.0,30300.0
7000379,63747.0,111328.0,30300.0
7000380,63747.0,112208.0,30300.0
7000381,63747.0,113088.0,30300.0
7000382,63747.0,113968.0,30300.0
7000383,61022.0,114848.0,30300.0
7000384,61697.0,114848.0,30300.0
7000385,62197.0,114848.0,30300.0
7000386,62697.0,114848.0,30300.0
7000387,63197.0,114848.0,30300.0
7000388,52947.0,104560.0,30300.0
7000389,52947.0,105423.0,30300.0
7000390,52947.0,106285.0,30300.0
7000391,53722.0,98548.0,30300.0
7000392,52947.0,99381.0,30300.0
7000393,52947.0,100214.0,30300.0
7000394,52947.0,101931.0,30300.0
7000395,52947.0,102814.0,30300.0
7000396,53397.0,101048.0,30300.0
7000397,53397.0,107148.0,30300.0
7000398,56347.0,111328.0,30300.0
7000399,56347.0,112208.0,30300.0
7000400,56347.0,113088.0,30300.0
7000401,56347.0,113798.0,30300.0
7000402,56347.0,114148.0,30300.0
7000403,56347.0,114498.0,30300.0
7000404,52947.0,111128.0,30300.0
7000405,52947.0,112058.0,30300.0
7000406,52947.0,112988.0,30300.0
7000407,52947.0,113918.0,30300.0
7000408,53622.0,114848.0,30300.0
7000409,54297.0,114848.0,30300.0
7000410,54797.0,114848.0,30300.0
7000411,55297.0,114848.0,30300.0
7000412,55797.0,114848.0,30300.0
7000413,54372.0,107123.0,30300.0
7000414,54897.0,107098.0,30300.0
7000415,55422.0,107073.0,30300.0
7000416,56347.0,106673.0,30300.0
7000417,56347.0,99381.0,30300.0
7000418,56347.0,100214.0,30300.0
7000419,54959.0,98548.0,30300.0
7000420,55422.0,98548.0,30300.0
7000421,55884.0,98548.0,30300.0
7000422,63747.0,102064.0,30300.0
7000423,63747.0,103081.0,30300.0
7000424,63747.0,104098.0,30300.0
7000425,63747.0,105114.0,30300.0
7000426,63747.0,106131.0,30300.0
7000427,63747.0,99381.0,30300.0
7000428,63747.0,100214.0,30300.0
7000429,54680.0,101048.0,30300.0
7000430,55513.0,101048.0,30300.0
7000431,60822.0,98548.0,30300.0
7000432,61297.0,98548.0,30300.0
7000433,61797.0,98548.0,30300.0
7000434,62297.0,98548.0,30300.0
7000435,62797.0,98548.0,30300.0
7000436,63272.0,98548.0,30300.0
7000437,61197.0,101048.0,30300.0
7000438,62047.0,101048.0,30300.0
7000439,62897.0,101048.0,30300.0
7000440,111267.0,104698.0,30300.0
7000441,111267.0,105698.0,30300.0
7000442,108067.0,98548.0,30300.0
7000443,108067.0,101048.0,30300.0
7000444,98467.0,113448.0,30300.0
7000445,98867.0,113448.0,30300.0
7000446,99267.0,113448.0,30300.0
7000447,98867.0,114848.0,30300.0
7000448,108492.0,114848.0,30300.0
7000449,108992.0,114848.0,30300.0
7000450,109492.0,114848.0,30300.0
7000451,109992.0,114848.0,30300.0
7000452,107842.0,114848.0,30300.0
7000453,107467.0,114248.0,30300.0
7000454,111267.0,114248.0,30300.0
7000455,110767.0,114848.0,30300.0
7000456,110492.0,98548.0,30300.0
7000457,99067.0,98548.0,30300.0
7000458,100067.0,98548.0,30300.0
7000459,105733.0,98548.0,30300.0
7000460,106600.0,98548.0,30300.0
7000461,101067.0,99070.0,30300.0
7000462,104867.0,99070.0,30300.0
7000463,107467.0,99381.0,30300.0
7000464,107467.0,100214.0,30300.0
7000465,109517.0,101048.0,30300.0
7000466,108367.0,107106.0,30300.0
7000467,108767.0,107114.0,30300.0
7000468,109167.0,107123.0,30300.0
7000469,109567.0,107131.0,30300.0
7000470,109967.0,107139.0,30300.0
7000471,110817.0,101048.0,30300.0
7000472,111267.0,99381.0,30300.0
7000473,111267.0,100214.0,30300.0
7000474,111267.0,101931.0,30300.0
7000475,111267.0,102814.0,30300.0
7000476,99067.0,107148.0,30300.0
7000477,100067.0,107148.0,30300.0
7000478,101067.0,106723.0,30300.0
7000479,104867.0,106723.0,30300.0
7000480,105733.0,107139.0,30300.0
7000481,106600.0,107131.0,30300.0
7000482,110817.0,107148.0,30300.0
7000483,104867.0,107560.0,30300.0
7000484,104867.0,107973.0,30300.0
7000485,104867.0,108385.0,30300.0
7000486,104867.0,109345.0,30300.0
7000487,105733.0,108798.0,30300.0
7000488,106600.0,108798.0,30300.0
7000489,107467.0,107541.0,30300.0
7000490,107467.0,107960.0,30300.0
7000491,107467.0,108379.0,30300.0
7000492,107467.0,109345.0,30300.0
7000493,98067.0,111448.0,30300.0
7000494,98067.0,112448.0,30300.0
7000495,100567.0,110448.0,30300.0
7000496,100367.0,113448.0,30300.0
7000497,101067.0,111448.0,30300.0
7000498,101067.0,112448.0,30300.0
7000499,98067.0,114148.0,30300.0
7000500,101067.0,113798.0,30300.0
7000501,101067.0,114148.0,30300.0
7000502,101067.0,114498.0,30300.0
7000503,111267.0,111060.0,30300.0
7000504,111267.0,111923.0,30300.0
7000505,111267.0,112785.0,30300.0
7000506,100367.0,114848.0,30300.0
7000507,105733.0,114848.0,30300.0
7000508,106600.0,114848.0,30300.0
7000509,107467.0,106710.0,30300.0
7000510,98067.0,102481.0,30300.0
7000511,98067.0,103414.0,30300.0
7000512,98067.0,105281.0,30300.0
7000513,98067.0,106214.0,30300.0
7000514,104867.0,114248.0,30300.0
7000515,98067.0,99381.0,30300.0
7000516,98067.0,100214.0,30300.0
7000517,98067.0,100881.0,30300.0
7000518,98567.0,110448.0,30300.0
7000519,99067.0,110448.0,30300.0
7000520,99567.0,110448.0,30300.0
7000521,109192.0,98548.0,30300.0
7000522,61197.0,110448.0,30300.0
7000523,62047.0,110448.0,30300.0
7000524,62897.0,110448.0,30300.0
7000525,16867.0,114848.0,29200.0
7000526,16867.0,114848.0,28366.0
7000527,16867.0,114848.0,27533.0
7000528,17867.0,114848.0,29200.0
7000529,17867.0,114848.0,28366.0
7000530,17867.0,114848.0,27533.0
7000531,20667.0,114848.0,29200.0
7000532,20667.0,114848.0,28366.0
7000533,20667.0,114848.0,27533.0
7000534,23267.0,114848.0,29300.0
7000535,23267.0,114848.0,28433.0
7000536,23267.0,114848.0,27566.0
7000537,28467.0,114848.0,29400.0
7000538,28467.0,114848.0,28500.0
7000539,28467.0,114848.0,27600.0
7000540,27067.0,110448.0,29400.0
7000541,27067.0,110448.0,28500.0
7000542,27067.0,110448.0,27600.0
7000543,20667.0,109893.0,29400.0
7000544,20667.0,109893.0,28500.0
7000545,20667.0,109893.0,27600.0
7000546,16867.0,110198.0,29200.0
7000547,16867.0,110198.0,28366.0
7000548,16867.0,110198.0,27533.0
7000549,16867.0,113648.0,29200.0
7000550,16867.0,113648.0,28366.0
7000551,16867.0,113648.0,27533.0
7000552,23267.0,109893.0,29400.0
7000553,23267.0,109893.0,28500.0
7000554,23267.0,109893.0,27600.0
7000555,16867.0,106698.0,29400.0
7000556,16867.0,106698.0,28500.0
7000557,16867.0,106698.0,27600.0
7000558,16867.0,107148.0,29400.0
7000559,16867.0,107148.0,28500.0
7000560,16867.0,107148.0,27600.0
7000561,23267.0,106298.0,29400.0
7000562,23267.0,106298.0,28500.0
7000563,23267.0,106298.0,27600.0
7000564,27067.0,106298.0,29400.0
7000565,27067.0,106298.0,28500.0
7000566,27067.0,106298.0,27600.0
7000567,27067.0,107148.0,29400.0
7000568,27067.0,107148.0,28500.0
7000569,27067.0,107148.0,27600.0
7000570,16867.0,101048.0,29400.0
7000571,16867.0,101048.0,28500.0
7000572,16867.0,101048.0,27600.0
7000573,16867.0,103698.0,29400.0
7000574,16867.0,103698.0,28500.0
7000575,16867.0,103698.0,27600.0
7000576,16867.0,98548.0,29400.0
7000577,16867.0,98548.0,28500.0
7000578,16867.0,98548.0,27600.0
7000579,17767.0,101048.0,29400.0
7000580,17767.0,101048.0,28500.0
7000581,17767.0,101048.0,27600.0
7000582,19467.0,101048.0,29400.0
7000583,19467.0,101048.0,28500.0
7000584,19467.0,101048.0,27600.0
7000585,20667.0,101048.0,29400.0
7000586,20667.0,101048.0,28500.0
7000587,20667.0,101048.0,27600.0
7000588,23267.0,98548.0,29400.0
7000589,23267.0,98548.0,28500.0
7000590,23267.0,98548.0,27600.0
7000591,23267.0,99593.0,29400.0
7000592,23267.0,99593.0,28500.0
7000593,23267.0,99593.0,27600.0
7000594,27067.0,98548.0,29400.0
7000595,27067.0,98548.0,28500.0
7000596,27067.0,98548.0,27600.0
7000597,27067.0,99593.0,29400.0
7000598,27067.0,99593.0,28500.0
7000599,27067.0,99593.0,27600.0
7000600,30067.0,98548.0,29400.0
7000601,30067.0,98548.0,28500.0
7000602,30067.0,98548.0,27600.0
7000603,19917.0,114848.0,29200.0
7000604,19917.0,114848.0,28366.0
7000605,19917.0,114848.0,27533.0
7000606,30067.0,114848.0,29400.0
7000607,30067.0,114848.0,28500.0
7000608,30067.0,114848.0,27600.0
7000609,20667.0,106298.0,29400.0
7000610,20667.0,106298.0,28500.0
7000611,20667.0,106298.0,27600.0
7000612,20667.0,113648.0,29200.0
7000613,20667.0,113648.0,28366.0
7000614,20667.0,113648.0,27533.0
7000615,23267.0,113648.0,29400.0
7000616,23267.0,113648.0,28500.0
7000617,23267.0,113648.0,27600.0
7000618,20667.0,101548.0,29400.0
7000619,20667.0,101548.0,28500.0
7000620,20667.0,101548.0,27600.0
7000621,30067.0,101048.0,29400.0
7000622,30067.0,101048.0,28500.0
7000623,30067.0,101048.0,27600.0
7000624,30067.0,101548.0,29400.0
7000625,30067.0,101548.0,28500.0
7000626,30067.0,101548.0,27600.0
7000627,30067.0,107148.0,29400.0
7000628,30067.0,107148.0,28500.0
7000629,30067.0,107148.0,27600.0
7000630,30067.0,104348.0,29400.0
7000631,30067.0,104348.0,28500.0
7000632,30067.0,104348.0,27600.0
7000633,30067.0,106698.0,29400.0
7000634,30067.0,106698.0,28500.0
7000635,30067.0,106698.0,27600.0
7000636,60347.0,101048.0,29200.0
7000637,60347.0,101048.0,28366.0
7000638,60347.0,101048.0,27533.0
7000639,60347.0,104348.0,29200.0
7000640,60347.0,104348.0,28366.0
7000641,60347.0,104348.0,27533.0
7000642,63747.0,110448.0,29200.0
7000643,63747.0,110448.0,28366.0
7000644,63747.0,110448.0,27533.0
7000645,63747.0,114848.0,29200.0
7000646,63747.0,114848.0,28366.0
7000647,63747.0,114848.0,27533.0
7000648,60347.0,114848.0,29200.0
7000649,60347.0,114848.0,28366.0
7000650,60347.0,114848.0,27533.0
7000651,52947.0,103698.0,29400.0
7000652,52947.0,103698.0,28500.0
7000653,52947.0,103698.0,27600.0
7000654,52947.0,106698.0,29400.0
7000655,52947.0,106698.0,28500.0
7000656,52947.0,106698.0,27600.0
7000657,52947.0,98548.0,29400.0
7000658,52947.0,98548.0,28500.0
7000659,52947.0,98548.0,27600.0
7000660,52947.0,101048.0,29400.0
7000661,52947.0,101048.0,28500.0
7000662,52947.0,101048.0,27600.0
7000663,53847.0,101048.0,29400.0
7000664,53847.0,101048.0,28500.0
7000665,53847.0,101048.0,27600.0
7000666,52947.0,107148.0,29400.0
7000667,52947.0,107148.0,28500.0
7000668,52947.0,107148.0,27600.0
7000669,56347.0,107048.0,29400.0
7000670,56347.0,107048.0,28500.0
7000671,56347.0,107048.0,27600.0
7000672,56347.0,110448.0,29400.0
7000673,56347.0,110448.0,28500.0
7000674,56347.0,110448.0,27600.0
7000675,52947.0,110198.0,29200.0
7000676,52947.0,110198.0,28366.0
7000677,52947.0,110198.0,27533.0
7000678,52947.0,114848.0,29200.0
7000679,52947.0,114848.0,28366.0
7000680,52947.0,114848.0,27533.0
7000681,56347.0,106298.0,29400.0
7000682,56347.0,106298.0,28500.0
7000683,56347.0,106298.0,27600.0
7000684,56347.0,101048.0,29400.0
7000685,56347.0,101048.0,28500.0
7000686,56347.0,101048.0,27600.0
7000687,56347.0,101548.0,29400.0
7000688,56347.0,101548.0,28500.0
7000689,56347.0,101548.0,27600.0
7000690,63747.0,101048.0,29200.0
7000691,63747.0,101048.0,28366.0
7000692,63747.0,101048.0,27533.0
7000693,63747.0,106698.0,29300.0
7000694,63747.0,106698.0,28433.0
7000695,63747.0,106698.0,27566.0
7000696,63747.0,98548.0,29200.0
7000697,63747.0,98548.0,28366.0
7000698,63747.0,98548.0,27533.0
7000699,60347.0,98548.0,29200.0
7000700,60347.0,98548.0,28366.0
7000701,60347.0,98548.0,27533.0
7000702,111267.0,103698.0,29400.0
7000703,111267.0,103698.0,28500.0
7000704,111267.0,103698.0,27600.0
7000705,111267.0,106698.0,29400.0
7000706,111267.0,106698.0,28500.0
7000707,111267.0,106698.0,27600.0
7000708,107467.0,101048.0,29400.0
7000709,107467.0,101048.0,28500.0
7000710,107467.0,101048.0,27600.0
7000711,108667.0,101048.0,29400.0
7000712,108667.0,101048.0,28500.0
7000713,108667.0,101048.0,27600.0
7000714,98067.0,114848.0,29400.0
7000715,98067.0,114848.0,28500.0
7000716,98067.0,114848.0,27600.0
7000717,99667.0,114848.0,29400.0
7000718,99667.0,114848.0,28500.0
7000719,99667.0,114848.0,27600.0
7000720,108217.0,114848.0,29200.0
7000721,108217.0,114848.0,28366.0
7000722,108217.0,114848.0,27533.0
7000723,110267.0,114848.0,29200.0
7000724,110267.0,114848.0,28366.0
7000725,110267.0,114848.0,27533.0
7000726,107467.0,114848.0,29300.0
7000727,107467.0,114848.0,28433.0
7000728,107467.0,114848.0,27566.0
7000729,107467.0,113648.0,29200.0
7000730,107467.0,113648.0,28366.0
7000731,107467.0,113648.0,27533.0
7000732,111267.0,113648.0,29400.0
7000733,111267.0,113648.0,28500.0
7000734,111267.0,113648.0,27600.0
7000735,111267.0,114848.0,29300.0
7000736,111267.0,114848.0,28433.0
7000737,111267.0,114848.0,27566.0
7000738,111267.0,98548.0,29400.0
7000739,111267.0,98548.0,28500.0
7000740,111267.0,98548.0,27600.0
7000741,98067.0,98548.0,29400.0
7000742,98067.0,98548.0,28500.0
7000743,98067.0,98548.0,27600.0
7000744,101067.0,98548.0,29400.0
7000745,101067.0,98548.0,28500.0
7000746,101067.0,98548.0,27600.0
7000747,104867.0,98548.0,29400.0
7000748,104867.0,98548.0,28500.0
7000749,104867.0,98548.0,27600.0
7000750,101067.0,99593.0,29400.0
7000751,101067.0,99593.0,28500.0
7000752,101067.0,99593.0,27600.0
7000753,104867.0,99593.0,29400.0
7000754,104867.0,99593.0,28500.0
7000755,104867.0,99593.0,27600.0
7000756,107467.0,101548.0,29400.0
7000757,107467.0,101548.0,28500.0
7000758,107467.0,101548.0,27600.0
7000759,110367.0,101048.0,29400.0
7000760,110367.0,101048.0,28500.0
7000761,110367.0,101048.0,27600.0
7000762,111267.0,101048.0,29400.0
7000763,111267.0,101048.0,28500.0
7000764,111267.0,101048.0,27600.0
7000765,98067.0,107148.0,29400.0
7000766,98067.0,107148.0,28500.0
7000767,98067.0,107148.0,27600.0
7000768,101067.0,107148.0,29400.0
7000769,101067.0,107148.0,28500.0
7000770,101067.0,107148.0,27600.0
7000771,101067.0,106298.0,29400.0
7000772,101067.0,106298.0,28500.0
7000773,101067.0,106298.0,27600.0
7000774,104867.0,106298.0,29400.0
7000775,104867.0,106298.0,28500.0
7000776,104867.0,106298.0,27600.0
7000777,111267.0,107148.0,29400.0
7000778,111267.0,107148.0,28500.0
7000779,111267.0,107148.0,27600.0
7000780,104867.0,109893.0,29400.0
7000781,104867.0,109893.0,28500.0
7000782,104867.0,109893.0,27600.0
7000783,107467.0,109893.0,29400.0
7000784,107467.0,109893.0,28500.0
7000785,107467.0,109893.0,27600.0
7000786,101067.0,110448.0,29400.0
7000787,101067.0,110448.0,28500.0
7000788,101067.0,110448.0,27600.0
7000789,111267.0,110198.0,29400.0
7000790,111267.0,110198.0,28500.0
7000791,111267.0,110198.0,27600.0
7000792,104867.0,114848.0,29400.0
7000793,104867.0,114848.0,28500.0
7000794,104867.0,114848.0,27600.0
7000795,107467.0,106298.0,29400.0
7000796,107467.0,106298.0,28500.0
7000797,107467.0,106298.0,27600.0
7000798,98067.0,101548.0,29400.0
7000799,98067.0,101548.0,28500.0
7000800,98067.0,101548.0,27600.0
7000801,98067.0,104348.0,29400.0
7000802,98067.0,104348.0,28500.0
7000803,98067.0,104348.0,27600.0
7000804,98067.0,106698.0,29400.0
7000805,98067.0,106698.0,28500.0
7000806,98067.0,106698.0,27600.0
7000807,104867.0,113648.0,29400.0
7000808,104867.0,113648.0,28500.0
7000809,104867.0,113648.0,27600.0
7000810,63747.0,107148.0,29400.0
7000811,63747.0,107148.0,28500.0
7000812,63747.0,107148.0,27600.0
7000813,60347.0,110448.0,29200.0
7000814,60347.0,110448.0,28366.0
7000815,60347.0,110448.0,27533.0
7000816,27067.0,113798.0,29700.0
7000817,27067.0,114148.0,29700.0
7000818,27067.0,114498.0,29700.0
7000819,20667.0,107541.0,29700.0
7000820,20667.0,107960.0,29700.0
7000821,20667.0,108379.0,29700.0
7000822,28567.0,110448.0,29700.0
7000823,29067.0,110448.0,29700.0
7000824,29567.0,110448.0,29700.0
7000825,23267.0,107560.0,29700.0
7000826,23267.0,107973.0,29700.0
7000827,23267.0,108385.0,29700.0
7000828,18167.0,107139.0,29600.0
7000829,18567.0,107131.0,29600.0
7000830,18967.0,107123.0,29600.0
7000831,19367.0,107114.0,29600.0
7000832,19767.0,107106.0,29600.0
7000833,18942.0,98548.0,29550.0
7000834,28867.0,113448.0,29700.0
7000835,29267.0,113448.0,29700.0
7000836,29667.0,113448.0,29700.0
7000837,20067.0,98548.0,29550.0
7000838,56347.0,113798.0,29600.0
7000839,56347.0,114148.0,29600.0
7000840,56347.0,114498.0,29600.0
7000841,54372.0,107123.0,29600.0
7000842,54897.0,107098.0,29600.0
7000843,55422.0,107073.0,29600.0
7000844,54959.0,98548.0,29550.0
7000845,55422.0,98548.0,29550.0
7000846,55884.0,98548.0,29550.0
7000847,108067.0,98548.0,29550.0
7000848,98467.0,113448.0,29700.0
7000849,98867.0,113448.0,29700.0
7000850,99267.0,113448.0,29700.0
7000851,108367.0,107106.0,29600.0
7000852,108767.0,107114.0,29600.0
7000853,109167.0,107123.0,29600.0
7000854,109567.0,107131.0,29600.0
7000855,109967.0,107139.0,29600.0
7000856,104867.0,107560.0,29700.0
7000857,104867.0,107973.0,29700.0
7000858,104867.0,108385.0,29700.0
7000859,107467.0,107541.0,29700.0
7000860,107467.0,107960.0,29700.0
7000861,107467.0,108379.0,29700.0
7000862,101067.0,113798.0,29700.0
7000863,101067.0,114148.0,29700.0
7000864,101067.0,114498.0,29700.0
7000865,98567.0,110448.0,29700.0
7000866,99067.0,110448.0,29700.0
7000867,99567.0,110448.0,29700.0
7000868,109192.0,98548.0,29550.0
7000869,27067.0,114848.0,28500.0
7000870,27067.0,114848.0,27600.0
7000871,27067.0,113448.0,28500.0
7000872,27067.0,113448.0,27600.0
7000873,28467.0,113448.0,28500.0
7000874,28467.0,113448.0,27600.0
7000875,20667.0,108798.0,28500.0
7000876,20667.0,108798.0,27600.0
7000877,28067.0,110448.0,28500.0
7000878,28067.0,110448.0,27600.0
7000879,23267.0,108798.0,28500.0
7000880,23267.0,108798.0,27600.0
7000881,20167.0,107098.0,28500.0
7000882,20167.0,107098.0,27600.0
7000883,20667.0,107123.0,28500.0
7000884,20667.0,107123.0,27600.0
7000885,23267.0,107148.0,28500.0
7000886,23267.0,107148.0,27600.0
7000887,20667.0,98548.0,28500.0
7000888,20667.0,98548.0,27600.0
7000889,18417.0,98548.0,28500.0
7000890,18417.0,98548.0,27600.0
7000891,17767.0,107148.0,28500.0
7000892,17767.0,107148.0,27600.0
7000893,30067.0,113448.0,28500.0
7000894,30067.0,113448.0,27600.0
7000895,30067.0,110448.0,28500.0
7000896,30067.0,110448.0,27600.0
7000897,54497.0,98548.0,28500.0
7000898,54497.0,98548.0,27600.0
7000899,53847.0,107148.0,28500.0
7000900,53847.0,107148.0,27600.0
7000901,55947.0,107048.0,28500.0
7000902,55947.0,107048.0,27600.0
7000903,56347.0,113448.0,28500.0
7000904,56347.0,113448.0,27600.0
7000905,56347.0,114848.0,28366.0
7000906,56347.0,114848.0,27533.0
7000907,56347.0,98548.0,28500.0
7000908,56347.0,98548.0,27600.0
7000909,109717.0,98548.0,28500.0
7000910,109717.0,98548.0,27600.0
7000911,107467.0,98548.0,28500.0
7000912,107467.0,98548.0,27600.0
7000913,107467.0,107123.0,28500.0
7000914,107467.0,107123.0,27600.0
7000915,107967.0,107098.0,28500.0
7000916,107967.0,107098.0,27600.0
7000917,104867.0,107148.0,28500.0
7000918,104867.0,107148.0,27600.0
7000919,110367.0,107148.0,28500.0
7000920,110367.0,107148.0,27600.0
7000921,104867.0,108798.0,28500.0
7000922,104867.0,108798.0,27600.0
7000923,107467.0,108798.0,28500.0
7000924,107467.0,108798.0,27600.0
7000925,98067.0,110448.0,28500.0
7000926,98067.0,110448.0,27600.0
7000927,98067.0,113448.0,28500.0
7000928,98067.0,113448.0,27600.0
7000929,100067.0,110448.0,28500.0
7000930,100067.0,110448.0,27600.0
7000931,99667.0,113448.0,28500.0
7000932,99667.0,113448.0,27600.0
7000933,101067.0,113448.0,28500.0
7000934,101067.0,113448.0,27600.0
7000935,101067.0,114848.0,28500.0
7000936,101067.0,114848.0,27600.0
7000937,24217.0,107148.0,30300.0
7000938,25167.0,107148.0,30300.0
7000939,26117.0,107148.0,30300.0
7000940,27067.0,108248.0,30300.0
7000941,27067.0,109348.0,30300.0
7000942,26117.0,114848.0,30300.0
7000943,24217.0,114848.0,30300.0
7000944,23267.0,112748.0,30300.0
7000945,23267.0,110870.0,30300.0
7000946,28467.0,114148.0,30300.0
7000947,17817.0,108760.0,30300.0
7000948,18767.0,108773.0,30300.0
7000949,19717.0,108785.0,30300.0
7000950,20667.0,110870.0,30300.0
7000951,20667.0,112748.0,30300.0
7000952,18892.0,113648.0,30300.0
7000953,16867.0,109473.0,30300.0
7000954,16867.0,107948.0,30300.0
7000955,24217.0,104348.0,30300.0
7000956,25167.0,104348.0,30300.0
7000957,26117.0,104348.0,30300.0
7000958,27067.0,105323.0,30300.0
7000959,23267.0,105323.0,30300.0
7000960,19467.0,99381.0,30300.0
7000961,19467.0,100214.0,30300.0
7000962,24217.0,101548.0,30300.0
7000963,25167.0,101548.0,30300.0
7000964,26117.0,101548.0,30300.0
7000965,27067.0,102481.0,30300.0
7000966,27067.0,103414.0,30300.0
7000967,23267.0,102481.0,30300.0
7000968,23267.0,103414.0,30300.0
7000969,24217.0,98548.0,30300.0
7000970,26117.0,98548.0,30300.0
7000971,27067.0,100570.0,30300.0
7000972,23267.0,100570.0,30300.0
7000973,56347.0,107898.0,30300.0
7000974,53797.0,108748.0,30300.0
7000975,54647.0,108748.0,30300.0
7000976,55497.0,108748.0,30300.0
7000977,52947.0,107948.0,30300.0
7000978,108667.0,99381.0,30300.0
7000979,108667.0,100214.0,30300.0
7000980,99667.0,114148.0,30300.0
7000981,109242.0,113648.0,30300.0
7000982,108417.0,108785.0,30300.0
7000983,109367.0,108773.0,30300.0
7000984,110317.0,108760.0,30300.0
7000985,111267.0,109473.0,30300.0
7000986,107467.0,112748.0,30300.0
7000987,107467.0,110870.0,30300.0
7000988,102017.0,98548.0,30300.0
7000989,103917.0,98548.0,30300.0
7000990,104867.0,100570.0,30300.0
7000991,102017.0,101548.0,30300.0
7000992,102967.0,101548.0,30300.0
7000993,103917.0,101548.0,30300.0
7000994,101067.0,100570.0,30300.0
7000995,111267.0,107948.0,30300.0
7000996,102017.0,104348.0,30300.0
7000997,102967.0,104348.0,30300.0
7000998,103917.0,104348.0,30300.0
7000999,104867.0,105323.0,30300.0
7001000,102017.0,107148.0,30300.0
7001001,102967.0,107148.0,30300.0
7001002,103917.0,107148.0,30300.0
7001003,101067.0,105323.0,30300.0
7001004,104867.0,110870.0,30300.0
7001005,104867.0,112748.0,30300.0
7001006,103917.0,114848.0,30300.0
7001007,102017.0,114848.0,30300.0
7001008,101067.0,108248.0,30300.0
7001009,101067.0,109348.0,30300.0
7001010,104867.0,102481.0,30300.0
7001011,104867.0,103414.0,30300.0
7001012,101067.0,102481.0,30300.0
7001013,101067.0,103414.0,30300.0
7001016,64239.0,106666.0,30300.0
7001017,108667.0,98548.0,29925.0
7001018,109192.0,98548.0,29925.0
7001019,109717.0,98548.0,29925.0
7001020,98067.0,110448.0,30000.0
7001021,98567.0,110448.0,30000.0
7001022,99067.0,110448.0,30000.0
7001023,99567.0,110448.0,30000.0
7001024,100067.0,110448.0,30000.0
7001025,101067.0,113448.0,30000.0
7001026,101067.0,113798.0,30000.0
7001027,101067.0,114148.0,30000.0
7001028,101067.0,114498.0,30000.0
7001029,101067.0,114848.0,30000.0
7001030,107467.0,107123.0,30000.0
7001031,107467.0,107541.0,30000.0
7001032,107467.0,107960.0,30000.0
7001033,107467.0,108379.0,30000.0
7001034,107467.0,108798.0,30000.0
7001035,104867.0,107148.0,30000.0
7001036,104867.0,107560.0,30000.0
7001037,104867.0,107973.0,30000.0
7001038,104867.0,108385.0,30000.0
7001039,104867.0,108798.0,30000.0
7001040,107967.0,107098.0,29950.0
7001041,108367.0,107106.0,29950.0
7001042,108767.0,107114.0,29950.0
7001043,109167.0,107123.0,29950.0
7001044,109567.0,107131.0,29950.0
7001045,109967.0,107139.0,29950.0
7001046,110367.0,107148.0,29950.0
7001047,98067.0,113448.0,30000.0
7001048,98467.0,113448.0,30000.0
7001049,98867.0,113448.0,30000.0
7001050,99267.0,113448.0,30000.0
7001051,99667.0,113448.0,30000.0
7001052,107467.0,98548.0,29925.0
7001053,108067.0,98548.0,29925.0
7001054,54497.0,98548.0,29925.0
7001055,54959.0,98548.0,29925.0
7001056,55422.0,98548.0,29925.0
7001057,55884.0,98548.0,29925.0
7001058,56347.0,98548.0,29925.0
7001059,53847.0,107148.0,29950.0
7001060,54372.0,107123.0,29950.0
7001061,54897.0,107098.0,29950.0
7001062,55422.0,107073.0,29950.0
7001063,55947.0,107048.0,29950.0
7001064,56347.0,113448.0,29950.0
7001065,56347.0,113798.0,29950.0
7001066,56347.0,114148.0,29950.0
7001067,56347.0,114498.0,29950.0
7001068,56347.0,114848.0,29950.0
7001069,19467.0,98548.0,29925.0
7001070,20067.0,98548.0,29925.0
7001071,20667.0,98548.0,29925.0
7001072,28467.0,113448.0,30000.0
7001073,28867.0,113448.0,30000.0
7001074,29267.0,113448.0,30000.0
7001075,29667.0,113448.0,30000.0
7001076,30067.0,113448.0,30000.0
7001077,18417.0,98548.0,29925.0
7001078,18942.0,98548.0,29925.0
7001079,17767.0,107148.0,29950.0
7001080,18167.0,107139.0,29950.0
7001081,18567.0,107131.0,29950.0
7001082,18967.0,107123.0,29950.0
7001083,19367.0,107114.0,29950.0
7001084,19767.0,107106.0,29950.0
7001085,20167.0,107098.0,29950.0
7001086,23267.0,107148.0,30000.0
7001087,23267.0,107560.0,30000.0
7001088,23267.0,107973.0,30000.0
7001089,23267.0,108385.0,30000.0
7001090,23267.0,108798.0,30000.0
7001091,28067.0,110448.0,30000.0
7001092,28567.0,110448.0,30000.0
7001093,29067.0,110448.0,30000.0
7001094,29567.0,110448.0,30000.0
7001095,30067.0,110448.0,30000.0
7001096,20667.0,107123.0,30000.0
7001097,20667.0,107541.0,30000.0
7001098,20667.0,107960.0,30000.0
7001099,20667.0,108379.0,30000.0
7001100,20667.0,108798.0,30000.0
7001101,27067.0,113448.0,30000.0
7001102,27067.0,113798.0,30000.0
7001103,27067.0,114148.0,30000.0
7001104,27067.0,114498.0,30000.0
7001105,27067.0,114848.0,30000.0
7001106,17367.0,114848.0,29200.0
7001107,17367.0,114848.0,27533.0
7001108,17367.0,114848.0,28366.0
7001109,21533.0,114848.0,29300.0
7001110,22400.0,114848.0,29300.0
7001111,21533.0,114848.0,27566.0
7001112,22400.0,114848.0,27566.0
7001113,21533.0,114848.0,28433.0
7001114,22400.0,114848.0,28433.0
7001115,27767.0,114848.0,29400.0
7001116,27767.0,114848.0,27600.0
7001117,27767.0,114848.0,28500.0
7001118,16867.0,111060.0,29200.0
7001119,16867.0,111923.0,29200.0
7001120,16867.0,112785.0,29200.0
7001121,16867.0,111060.0,27533.0
7001122,16867.0,111923.0,27533.0
7001123,16867.0,112785.0,27533.0
7001124,16867.0,111060.0,28366.0
7001125,16867.0,112785.0,28366.0
7001126,16867.0,111923.0,28366.0
7001127,30067.0,114148.0,29400.0
7001128,30067.0,114148.0,27600.0
7001129,30067.0,114148.0,28500.0
7001130,27067.0,111448.0,29400.0
7001131,27067.0,112448.0,29400.0
7001132,27067.0,111448.0,27600.0
7001133,27067.0,112448.0,27600.0
7001134,27067.0,111448.0,28500.0
7001135,27067.0,112448.0,28500.0
7001136,27767.0,113448.0,29700.0
7001137,27767.0,113448.0,27600.0
7001138,27767.0,113448.0,28500.0
7001139,27567.0,110448.0,29400.0
7001140,27567.0,110448.0,27600.0
7001141,27567.0,110448.0,28500.0
7001142,30067.0,111448.0,29700.0
7001143,30067.0,112448.0,29700.0
7001144,30067.0,111448.0,27600.0
7001145,30067.0,112448.0,27600.0
7001146,30067.0,111448.0,28500.0
7001147,30067.0,112448.0,28500.0
7001148,20667.0,109345.0,29400.0
7001149,20667.0,109345.0,27600.0
7001150,20667.0,109345.0,28500.0
7001151,21533.0,108798.0,29700.0
7001152,22400.0,108798.0,29700.0
7001153,21533.0,108798.0,27600.0
7001154,22400.0,108798.0,27600.0
7001155,21533.0,108798.0,28500.0
7001156,22400.0,108798.0,28500.0
7001157,23267.0,109345.0,29400.0
7001158,23267.0,109345.0,27600.0
7001159,23267.0,109345.0,28500.0
7001160,17317.0,107148.0,29400.0
7001161,17317.0,107148.0,27600.0
7001162,17317.0,107148.0,28500.0
7001163,21533.0,107131.0,29700.0
7001164,22400.0,107139.0,29700.0
7001165,21533.0,107131.0,27600.0
7001166,22400.0,107139.0,27600.0
7001167,21533.0,107131.0,28500.0
7001168,22400.0,107139.0,28500.0
7001169,23267.0,106723.0,29400.0
7001170,23267.0,106723.0,27600.0
7001171,23267.0,106723.0,28500.0
7001172,27067.0,106723.0,29400.0
7001173,27067.0,106723.0,27600.0
7001174,27067.0,106723.0,28500.0
7001175,28067.0,107148.0,29400.0
7001176,29067.0,107148.0,29400.0
7001177,28067.0,107148.0,27600.0
7001178,29067.0,107148.0,27600.0
7001179,28067.0,107148.0,28500.0
7001180,29067.0,107148.0,28500.0
7001181,16867.0,101931.0,29400.0
7001182,16867.0,102814.0,29400.0
7001183,16867.0,101931.0,27600.0
7001184,16867.0,102814.0,27600.0
7001185,16867.0,101931.0,28500.0
7001186,16867.0,102814.0,28500.0
7001187,16867.0,99381.0,29400.0
7001188,16867.0,100214.0,29400.0
7001189,16867.0,99381.0,27600.0
7001190,16867.0,100214.0,27600.0
7001191,16867.0,99381.0,28500.0
7001192,16867.0,100214.0,28500.0
7001193,17317.0,101048.0,29400.0
7001194,17317.0,101048.0,27600.0
7001195,17317.0,101048.0,28500.0
7001196,18617.0,101048.0,29400.0
7001197,18617.0,101048.0,27600.0
7001198,18617.0,101048.0,28500.0
7001199,20667.0,99381.0,29400.0
7001200,20667.0,100214.0,29400.0
7001201,20667.0,99381.0,27600.0
7001202,20667.0,100214.0,27600.0
7001203,20667.0,99381.0,28500.0
7001204,20667.0,100214.0,28500.0
7001205,17642.0,98548.0,29400.0
7001206,17642.0,98548.0,27600.0
7001207,17642.0,98548.0,28500.0
7001208,21533.0,98548.0,29400.0
7001209,22400.0,98548.0,29400.0
7001210,21533.0,98548.0,27600.0
7001211,22400.0,98548.0,27600.0
7001212,21533.0,98548.0,28500.0
7001213,22400.0,98548.0,28500.0
7001214,23267.0,99070.0,29400.0
7001215,23267.0,99070.0,27600.0
7001216,23267.0,99070.0,28500.0
7001217,27067.0,99070.0,29400.0
7001218,27067.0,99070.0,27600.0
7001219,27067.0,99070.0,28500.0
7001220,28067.0,98548.0,29400.0
7001221,29067.0,98548.0,29400.0
7001222,28067.0,98548.0,27600.0
7001223,29067.0,98548.0,27600.0
7001224,28067.0,98548.0,28500.0
7001225,29067.0,98548.0,28500.0
7001226,16867.0,114248.0,29200.0
7001227,16867.0,114248.0,27533.0
7001228,16867.0,114248.0,28366.0
7001229,20667.0,114248.0,29200.0
7001230,20667.0,114248.0,27533.0
7001231,20667.0,114248.0,28366.0
7001232,20292.0,114848.0,29200.0
7001233,20292.0,114848.0,27533.0
7001234,20292.0,114848.0,28366.0
7001235,18142.0,114848.0,29200.0
7001236,18145.0,114848.0,29750.0
7001237,18642.0,114848.0,29750.0
7001238,19142.0,114848.0,29750.0
7001239,19639.0,114848.0,29750.0
7001240,19642.0,114848.0,29200.0
7001241,18142.0,114848.0,27533.0
7001242,19642.0,114848.0,27533.0
7001243,18142.0,114848.0,28366.0
7001244,19642.0,114848.0,28366.0
7001245,18642.0,114848.0,29200.0
7001246,19142.0,114848.0,29200.0
7001247,29267.0,114848.0,29400.0
7001248,29267.0,114848.0,27600.0
7001249,29267.0,114848.0,28500.0
7001250,20067.0,101048.0,29400.0
7001251,20067.0,101048.0,27600.0
7001252,20067.0,101048.0,28500.0
7001253,16867.0,104698.0,29400.0
7001254,16867.0,105698.0,29400.0
7001255,16867.0,104698.0,27600.0
7001256,16867.0,105698.0,27600.0
7001257,16867.0,104698.0,28500.0
7001258,16867.0,105698.0,28500.0
7001259,20667.0,106710.0,29400.0
7001260,20667.0,106710.0,27600.0
7001261,20667.0,106710.0,28500.0
7001262,23267.0,114248.0,29400.0
7001263,23267.0,114248.0,27600.0
7001264,23267.0,114248.0,28500.0
7001265,30067.0,99381.0,29400.0
7001266,30067.0,100214.0,29400.0
7001267,30067.0,99381.0,27600.0
7001268,30067.0,100214.0,27600.0
7001269,30067.0,99381.0,28500.0
7001270,30067.0,100214.0,28500.0
7001271,30067.0,105281.0,29400.0
7001272,30067.0,106214.0,29400.0
7001273,30067.0,105281.0,27600.0
7001274,30067.0,106214.0,27600.0
7001275,30067.0,105281.0,28500.0
7001276,30067.0,106214.0,28500.0
7001277,30067.0,102481.0,29400.0
7001278,30067.0,103414.0,29400.0
7001279,30067.0,102481.0,27600.0
7001280,30067.0,103414.0,27600.0
7001281,30067.0,102481.0,28500.0
7001282,30067.0,103414.0,28500.0
7001283,60347.0,101873.0,29200.0
7001284,60347.0,102698.0,29200.0
7001285,60347.0,103523.0,29200.0
7001286,60347.0,101873.0,27533.0
7001287,60347.0,102698.0,27533.0
7001288,60347.0,103523.0,27533.0
7001289,60347.0,101873.0,28366.0
7001290,60347.0,103523.0,28366.0
7001291,60347.0,102698.0,28366.0
7001292,63747.0,111328.0,29200.0
7001293,63747.0,112208.0,29200.0
7001294,63747.0,113088.0,29200.0
7001295,63747.0,113968.0,29200.0
7001296,63747.0,111328.0,27533.0
7001297,63747.0,112208.0,27533.0
7001298,63747.0,113088.0,27533.0
7001299,63747.0,113968.0,27533.0
7001300,63747.0,111328.0,28366.0
7001301,63747.0,113968.0,28366.0
7001302,63747.0,112208.0,28366.0
7001303,63747.0,113088.0,28366.0
7001304,61022.0,114848.0,29200.0
7001305,61697.0,114848.0,29200.0
7001306,61700.0,114848.0,29750.0
7001307,62197.0,114848.0,29750.0
7001308,62697.0,114848.0,29750.0
7001309,63194.0,114848.0,29750.0
7001310,63197.0,114848.0,29200.0
7001311,61022.0,114848.0,27533.0
7001312,61697.0,114848.0,27533.0
7001313,63197.0,114848.0,27533.0
7001314,61022.0,114848.0,28366.0
7001315,63197.0,114848.0,28366.0
7001316,62197.0,114848.0,29200.0
7001317,61697.0,114848.0,28366.0
7001318,62697.0,114848.0,29200.0
7001319,52947.0,104560.0,29400.0
7001320,52947.0,105423.0,29400.0
7001321,52947.0,106285.0,29400.0
7001322,52947.0,104560.0,27600.0
7001323,52947.0,105423.0,27600.0
7001324,52947.0,106285.0,27600.0
7001325,52947.0,104560.0,28500.0
7001326,52947.0,106285.0,28500.0
7001327,52947.0,105423.0,28500.0
7001328,53722.0,98548.0,29400.0
7001329,53722.0,98548.0,27600.0
7001330,53722.0,98548.0,28500.0
7001331,52947.0,99381.0,29400.0
7001332,52947.0,100214.0,29400.0
7001333,52947.0,99381.0,27600.0
7001334,52947.0,100214.0,27600.0
7001335,52947.0,99381.0,28500.0
7001336,52947.0,100214.0,28500.0
7001337,52947.0,101931.0,29400.0
7001338,52947.0,102814.0,29400.0
7001339,52947.0,101931.0,27600.0
7001340,52947.0,102814.0,27600.0
7001341,52947.0,101931.0,28500.0
7001342,52947.0,102814.0,28500.0
7001343,53397.0,101048.0,29400.0
7001344,53397.0,101048.0,27600.0
7001345,53397.0,101048.0,28500.0
7001346,53397.0,107148.0,29400.0
7001347,53397.0,107148.0,27600.0
7001348,53397.0,107148.0,28500.0
7001349,56347.0,111328.0,29400.0
7001350,56347.0,112208.0,29400.0
7001351,56347.0,113088.0,29400.0
7001352,56347.0,111328.0,27600.0
7001353,56347.0,112208.0,27600.0
7001354,56347.0,113088.0,27600.0
7001355,56347.0,111328.0,28500.0
7001356,56347.0,113088.0,28500.0
7001357,56347.0,112208.0,28500.0
7001358,52947.0,111128.0,29200.0
7001359,52947.0,112058.0,29200.0
7001360,52947.0,112988.0,29200.0
7001361,52947.0,113918.0,29200.0
7001362,52947.0,111128.0,27533.0
7001363,52947.0,112058.0,27533.0
7001364,52947.0,112988.0,27533.0
7001365,52947.0,113918.0,27533.0
7001366,52947.0,111128.0,28366.0
7001367,52947.0,113918.0,28366.0
7001368,52947.0,112058.0,28366.0
7001369,52947.0,112988.0,28366.0
7001370,53622.0,114848.0,29200.0
7001371,54297.0,114848.0,29200.0
7001372,54300.0,114848.0,29750.0
7001373,54797.0,114848.0,29750.0
7001374,55297.0,114848.0,29750.0
7001375,55794.0,114848.0,29750.0
7001376,55797.0,114848.0,29200.0
7001377,53622.0,114848.0,27533.0
7001378,54297.0,114848.0,27533.0
7001379,55797.0,114848.0,27533.0
7001380,53622.0,114848.0,28366.0
7001381,55797.0,114848.0,28366.0
7001382,54797.0,114848.0,29200.0
7001383,54297.0,114848.0,28366.0
7001384,55297.0,114848.0,29200.0
7001385,56347.0,106673.0,29400.0
7001386,56347.0,106673.0,27600.0
7001387,56347.0,106673.0,28500.0
7001388,56347.0,99381.0,29400.0
7001389,56347.0,100214.0,29400.0
7001390,56347.0,99381.0,27600.0
7001391,56347.0,100214.0,27600.0
7001392,56347.0,99381.0,28500.0
7001393,56347.0,100214.0,28500.0
7001394,63747.0,102064.0,29300.0
7001395,63747.0,103081.0,29300.0
7001396,63747.0,104098.0,29300.0
7001397,63747.0,105114.0,29300.0
7001398,63747.0,106131.0,29300.0
7001399,63747.0,102064.0,27566.0
7001400,63747.0,103081.0,27566.0
7001401,63747.0,104098.0,27566.0
7001402,63747.0,105114.0,27566.0
7001403,63747.0,106131.0,27566.0
7001404,63747.0,102064.0,28433.0
7001405,63747.0,106131.0,28433.0
7001406,63747.0,103081.0,28433.0
7001407,63747.0,104098.0,28433.0
7001408,63747.0,105114.0,28433.0
7001409,63747.0,99381.0,29200.0
7001410,63747.0,100214.0,29200.0
7001411,63747.0,99381.0,27533.0
7001412,63747.0,100214.0,27533.0
7001413,63747.0,99381.0,28366.0
7001414,63747.0,100214.0,28366.0
7001415,54680.0,101048.0,29400.0
7001416,55513.0,101048.0,29400.0
7001417,54680.0,101048.0,27600.0
7001418,55513.0,101048.0,27600.0
7001419,54680.0,101048.0,28500.0
7001420,55513.0,101048.0,28500.0
7001421,60822.0,98548.0,29200.0
7001422,61297.0,98548.0,29200.0
7001423,61300.0,98548.0,29750.0
7001424,61797.0,98548.0,29750.0
7001425,62297.0,98548.0,29750.0
7001426,62794.0,98548.0,29750.0
7001427,62797.0,98548.0,29200.0
7001428,63272.0,98548.0,29200.0
7001429,60822.0,98548.0,27533.0
7001430,61297.0,98548.0,27533.0
7001431,63272.0,98548.0,27533.0
7001432,62797.0,98548.0,27533.0
7001433,60822.0,98548.0,28366.0
7001434,63272.0,98548.0,28366.0
7001435,61797.0,98548.0,29200.0
7001436,61297.0,98548.0,28366.0
7001437,62297.0,98548.0,29200.0
7001438,62797.0,98548.0,28366.0
7001439,61197.0,101048.0,29200.0
7001440,62047.0,101048.0,29200.0
7001441,62897.0,101048.0,29200.0
7001442,61197.0,101048.0,27533.0
7001443,62047.0,101048.0,27533.0
7001444,62897.0,101048.0,27533.0
7001445,61197.0,101048.0,28366.0
7001446,62897.0,101048.0,28366.0
7001447,62047.0,101048.0,28366.0
7001448,111267.0,104698.0,29400.0
7001449,111267.0,105698.0,29400.0
7001450,111267.0,104698.0,27600.0
7001451,111267.0,105698.0,27600.0
7001452,111267.0,104698.0,28500.0
7001453,111267.0,105698.0,28500.0
7001454,108067.0,101048.0,29400.0
7001455,108067.0,101048.0,27600.0
7001456,108067.0,101048.0,28500.0
7001457,98867.0,114848.0,29400.0
7001458,98867.0,114848.0,27600.0
7001459,98867.0,114848.0,28500.0
7001460,108492.0,114848.0,29200.0
7001461,108495.0,114848.0,29750.0
7001462,108992.0,114848.0,29750.0
7001463,109492.0,114848.0,29750.0
7001464,109989.0,114848.0,29750.0
7001465,109992.0,114848.0,29200.0
7001466,108492.0,114848.0,27533.0
7001467,109992.0,114848.0,27533.0
7001468,108492.0,114848.0,28366.0
7001469,109992.0,114848.0,28366.0
7001470,108992.0,114848.0,29200.0
7001471,109492.0,114848.0,29200.0
7001472,107842.0,114848.0,29300.0
7001473,107842.0,114848.0,27566.0
7001474,107842.0,114848.0,28433.0
7001475,107467.0,114248.0,29300.0
7001476,107467.0,114248.0,27566.0
7001477,107467.0,114248.0,28433.0
7001478,111267.0,114248.0,29400.0
7001479,111267.0,114248.0,27600.0
7001480,111267.0,114248.0,28500.0
7001481,110767.0,114848.0,29300.0
7001482,110767.0,114848.0,27566.0
7001483,110767.0,114848.0,28433.0
7001484,110492.0,98548.0,29400.0
7001485,110492.0,98548.0,27600.0
7001486,110492.0,98548.0,28500.0
7001487,99067.0,98548.0,29400.0
7001488,100067.0,98548.0,29400.0
7001489,99067.0,98548.0,27600.0
7001490,100067.0,98548.0,27600.0
7001491,99067.0,98548.0,28500.0
7001492,100067.0,98548.0,28500.0
7001493,105733.0,98548.0,29400.0
7001494,106600.0,98548.0,29400.0
7001495,105733.0,98548.0,27600.0
7001496,106600.0,98548.0,27600.0
7001497,105733.0,98548.0,28500.0
7001498,106600.0,98548.0,28500.0
7001499,101067.0,99070.0,29400.0
7001500,101067.0,99070.0,27600.0
7001501,101067.0,99070.0,28500.0
7001502,104867.0,99070.0,29400.0
7001503,104867.0,99070.0,27600.0
7001504,104867.0,99070.0,28500.0
7001505,107467.0,99381.0,29400.0
7001506,107467.0,100214.0,29400.0
7001507,107467.0,99381.0,27600.0
7001508,107467.0,100214.0,27600.0
7001509,107467.0,99381.0,28500.0
7001510,107467.0,100214.0,28500.0
7001511,109517.0,101048.0,29400.0
7001512,109517.0,101048.0,27600.0
7001513,109517.0,101048.0,28500.0
7001514,110817.0,101048.0,29400.0
7001515,110817.0,101048.0,27600.0
7001516,110817.0,101048.0,28500.0
7001517,111267.0,99381.0,29400.0
7001518,111267.0,100214.0,29400.0
7001519,111267.0,99381.0,27600.0
7001520,111267.0,100214.0,27600.0
7001521,111267.0,99381.0,28500.0
7001522,111267.0,100214.0,28500.0
7001523,111267.0,101931.0,29400.0
7001524,111267.0,102814.0,29400.0
7001525,111267.0,101931.0,27600.0
7001526,111267.0,102814.0,27600.0
7001527,111267.0,101931.0,28500.0
7001528,111267.0,102814.0,28500.0
7001529,99067.0,107148.0,29400.0
7001530,100067.0,107148.0,29400.0
7001531,99067.0,107148.0,27600.0
7001532,100067.0,107148.0,27600.0
7001533,99067.0,107148.0,28500.0
7001534,100067.0,107148.0,28500.0
7001535,101067.0,106723.0,29400.0
7001536,101067.0,106723.0,27600.0
7001537,101067.0,106723.0,28500.0
7001538,104867.0,106723.0,29400.0
7001539,104867.0,106723.0,27600.0
7001540,104867.0,106723.0,28500.0
7001541,105733.0,107139.0,29700.0
7001542,106600.0,107131.0,29700.0
7001543,105733.0,107139.0,27600.0
7001544,106600.0,107131.0,27600.0
7001545,105733.0,107139.0,28500.0
7001546,106600.0,107131.0,28500.0
7001547,110817.0,107148.0,29400.0
7001548,110817.0,107148.0,27600.0
7001549,110817.0,107148.0,28500.0
7001550,104867.0,109345.0,29400.0
7001551,104867.0,109345.0,27600.0
7001552,104867.0,109345.0,28500.0
7001553,105733.0,108798.0,29700.0
7001554,106600.0,108798.0,29700.0
7001555,105733.0,108798.0,27600.0
7001556,106600.0,108798.0,27600.0
7001557,105733.0,108798.0,28500.0
7001558,106600.0,108798.0,28500.0
7001559,107467.0,109345.0,29400.0
7001560,107467.0,109345.0,27600.0
7001561,107467.0,109345.0,28500.0
7001562,98067.0,111448.0,29700.0
7001563,98067.0,112448.0,29700.0
7001564,98067.0,111448.0,27600.0
7001565,98067.0,112448.0,27600.0
7001566,98067.0,111448.0,28500.0
7001567,98067.0,112448.0,28500.0
7001568,100567.0,110448.0,29400.0
7001569,100567.0,110448.0,27600.0
7001570,100567.0,110448.0,28500.0
7001571,100367.0,113448.0,29700.0
7001572,100367.0,113448.0,27600.0
7001573,100367.0,113448.0,28500.0
7001574,101067.0,111448.0,29400.0
7001575,101067.0,112448.0,29400.0
7001576,101067.0,111448.0,27600.0
7001577,101067.0,112448.0,27600.0
7001578,101067.0,111448.0,28500.0
7001579,101067.0,112448.0,28500.0
7001580,98067.0,114148.0,29400.0
7001581,98067.0,114148.0,27600.0
7001582,98067.0,114148.0,28500.0
7001583,111267.0,111060.0,29400.0
7001584,111267.0,111923.0,29400.0
7001585,111267.0,112785.0,29400.0
7001586,111267.0,111060.0,27600.0
7001587,111267.0,111923.0,27600.0
7001588,111267.0,112785.0,27600.0
7001589,111267.0,111060.0,28500.0
7001590,111267.0,112785.0,28500.0
7001591,111267.0,111923.0,28500.0
7001592,100367.0,114848.0,29400.0
7001593,100367.0,114848.0,27600.0
7001594,100367.0,114848.0,28500.0
7001595,105733.0,114848.0,29400.0
7001596,106600.0,114848.0,29400.0
7001597,105733.0,114848.0,27600.0
7001598,106600.0,114848.0,27600.0
7001599,105733.0,114848.0,28500.0
7001600,106600.0,114848.0,28500.0
7001601,107467.0,106710.0,29400.0
7001602,107467.0,106710.0,27600.0
7001603,107467.0,106710.0,28500.0
7001604,98067.0,102481.0,29400.0
7001605,98067.0,103414.0,29400.0
7001606,98067.0,102481.0,27600.0
7001607,98067.0,103414.0,27600.0
7001608,98067.0,102481.0,28500.0
7001609,98067.0,103414.0,28500.0
7001610,98067.0,105281.0,29400.0
7001611,98067.0,106214.0,29400.0
7001612,98067.0,105281.0,27600.0
7001613,98067.0,106214.0,27600.0
7001614,98067.0,105281.0,28500.0
7001615,98067.0,106214.0,28500.0
7001616,104867.0,114248.0,29400.0
7001617,104867.0,114248.0,27600.0
7001618,104867.0,114248.0,28500.0
7001619,98067.0,99381.0,29400.0
7001620,98067.0,100214.0,29400.0
7001621,98067.0,100881.0,29400.0
7001622,98067.0,99381.0,27600.0
7001623,98067.0,100214.0,27600.0
7001624,98067.0,100881.0,27600.0
7001625,98067.0,99381.0,28500.0
7001626,98067.0,100881.0,28500.0
7001627,98067.0,100214.0,28500.0
7001628,61197.0,110448.0,29200.0
7001629,62047.0,110448.0,29200.0
7001630,62897.0,110448.0,29200.0
7001631,61197.0,110448.0,27533.0
7001632,62047.0,110448.0,27533.0
7001633,62897.0,110448.0,27533.0
7001634,61197.0,110448.0,28366.0
7001635,62897.0,110448.0,28366.0
7001636,62047.0,110448.0,28366.0
7001637,24217.0,113842.0,30300.0
7001638,24217.0,112888.0,30300.0
7001639,24217.0,111942.0,30300.0
7001640,24217.0,110977.0,30300.0
7001641,24217.0,109999.0,30300.0
7001642,24217.0,109011.0,30300.0
7001643,24217.0,108071.0,30300.0
7001644,25167.0,113929.0,30300.0
7001645,25167.0,113007.0,30300.0
7001646,25167.0,112066.0,30300.0
7001647,25167.0,111102.0,30300.0
7001648,25167.0,110119.0,30300.0
7001649,25167.0,109126.0,30300.0
7001650,25167.0,108135.0,30300.0
7001651,26117.0,114015.0,30300.0
7001652,26117.0,113157.0,30300.0
7001653,26117.0,112223.0,30300.0
7001654,26117.0,111253.0,30300.0
7001655,26117.0,110256.0,30300.0
7001656,26117.0,109228.0,30300.0
7001657,26117.0,108189.0,30300.0
7001658,27767.0,114148.0,30300.0
7001659,29267.0,114148.0,30300.0
7001660,17833.0,112807.0,30300.0
7001661,17803.0,111978.0,30300.0
7001662,17814.0,109560.0,30300.0
7001663,17803.0,110360.0,30300.0
7001664,17797.0,111175.0,30300.0
7001665,18747.0,110499.0,30300.0
7001666,18711.0,111308.0,30300.0
7001667,18758.0,109644.0,30300.0
7001668,18725.0,111989.0,30300.0
7001669,18796.0,112799.0,30300.0
7001670,19605.0,111720.0,30300.0
7001671,19687.0,110724.0,30300.0
7001672,19711.0,109759.0,30300.0
7001673,19736.0,112715.0,30300.0
7001674,17727.0,107952.0,30300.0
7001675,18522.0,107951.0,30300.0
7001676,19173.0,107945.0,30300.0
7001677,19928.0,107945.0,30300.0
7001678,21533.0,107964.0,30300.0
7001679,22400.0,107968.0,30300.0
7001680,24217.0,106235.0,30300.0
7001681,24217.0,105296.0,30300.0
7001682,25167.0,106224.0,30300.0
7001683,25167.0,105289.0,30300.0
7001684,26117.0,106235.0,30300.0
7001685,26117.0,105296.0,30300.0
7001686,17733.0,100214.0,30300.0
7001687,17704.0,99381.0,30300.0
7001688,18596.0,100214.0,30300.0
7001689,18559.0,99381.0,30300.0
7001690,24217.0,103414.0,30300.0
7001691,24217.0,102481.0,30300.0
7001692,25167.0,103414.0,30300.0
7001693,25167.0,102481.0,30300.0
7001694,26117.0,103414.0,30300.0
7001695,26117.0,102481.0,30300.0
7001696,24217.0,100556.0,30300.0
7001697,24217.0,99559.0,30300.0
7001698,25167.0,100552.0,30300.0
7001699,25167.0,99553.0,30300.0
7001700,26117.0,100556.0,30300.0
7001701,26117.0,99559.0,30300.0
7001702,53835.0,107943.0,30300.0
7001703,54736.0,107923.0,30300.0
7001704,55602.0,107903.0,30300.0
7001705,109538.0,100214.0,30300.0
7001706,109574.0,99381.0,30300.0
7001707,110401.0,100214.0,30300.0
7001708,110429.0,99381.0,30300.0
7001709,98867.0,114148.0,30300.0
7001710,100367.0,114148.0,30300.0
7001711,108372.0,112745.0,30300.0
7001712,108436.0,111814.0,30300.0
7001713,108445.0,109786.0,30300.0
7001714,108536.0,110807.0,30300.0
7001715,109424.0,111113.0,30300.0
7001716,109371.0,111930.0,30300.0
7001717,109425.0,110435.0,30300.0
7001718,109388.0,109627.0,30300.0
7001719,109326.0,112783.0,30300.0
7001720,110341.0,110329.0,30300.0
7001721,110337.0,111124.0,30300.0
7001722,110328.0,109547.0,30300.0
7001723,110293.0,112795.0,30300.0
7001724,110320.0,111948.0,30300.0
7001725,102017.0,100556.0,30300.0
7001726,102017.0,99559.0,30300.0
7001727,102967.0,100552.0,30300.0
7001728,102967.0,99553.0,30300.0
7001729,103917.0,100556.0,30300.0
7001730,103917.0,99559.0,30300.0
7001731,108205.0,107945.0,30300.0
7001732,108960.0,107945.0,30300.0
7001733,109611.0,107951.0,30300.0
7001734,110406.0,107952.0,30300.0
7001735,102017.0,106235.0,30300.0
7001736,102017.0,105296.0,30300.0
7001737,102967.0,106224.0,30300.0
7001738,102967.0,105289.0,30300.0
7001739,103917.0,106235.0,30300.0
7001740,103917.0,105296.0,30300.0
7001741,102017.0,114015.0,30300.0
7001742,102017.0,113157.0,30300.0
7001743,102017.0,112223.0,30300.0
7001744,102017.0,111253.0,30300.0
7001745,102017.0,110256.0,30300.0
7001746,102017.0,109228.0,30300.0
7001747,102017.0,108189.0,30300.0
7001748,102967.0,113929.0,30300.0
7001749,102967.0,113007.0,30300.0
7001750,102967.0,112066.0,30300.0
7001751,102967.0,111102.0,30300.0
7001752,102967.0,110119.0,30300.0
7001753,102967.0,109126.0,30300.0
7001754,102967.0,108135.0,30300.0
7001755,103917.0,113842.0,30300.0
7001756,103917.0,112888.0,30300.0
7001757,103917.0,111942.0,30300.0
7001758,103917.0,110977.0,30300.0
7001759,103917.0,109999.0,30300.0
7001760,103917.0,109011.0,30300.0
7001761,103917.0,108071.0,30300.0
7001762,102017.0,103414.0,30300.0
7001763,102017.0,102481.0,30300.0
7001764,102967.0,103414.0,30300.0
7001765,102967.0,102481.0,30300.0
7001766,103917.0,103414.0,30300.0
7001767,103917.0,102481.0,30300.0
7001768,105733.0,107968.0,30300.0
7001769,106600.0,107964.0,30300.0
8000001,23267.0,114848.0,33899.0
8000002,27067.0,114848.0,33899.0
8000003,20667.0,114848.0,33899.0
8000004,30067.0,114848.0,33899.0
8000005,27067.0,113448.0,33899.0
8000006,27067.0,110448.0,33899.0
8000007,30067.0,113448.0,33899.0
8000008,20667.0,111848.0,33899.0
8000009,20667.0,108798.0,33899.0
8000010,23267.0,111848.0,33899.0
8000011,16867.0,108748.0,33899.0
8000012,23267.0,108798.0,33899.0
8000013,16867.0,107148.0,33899.0
8000014,30067.0,107148.0,33899.0
8000015,23267.0,107148.0,33899.0
8000016,20667.0,107123.0,33899.0
8000017,27067.0,107148.0,33899.0
8000018,16867.0,101048.0,33899.0
8000019,17767.0,107148.0,33899.0
8000020,17767.0,101048.0,33899.0
8000021,20667.0,104348.0,33899.0
8000022,23267.0,104348.0,33899.0
8000023,27067.0,104348.0,33899.0
8000024,20667.0,101548.0,33899.0
8000025,20667.0,101048.0,33899.0
8000026,23267.0,101548.0,33899.0
8000027,27067.0,101548.0,33899.0
8000028,20667.0,98548.0,33899.0
8000029,23267.0,98548.0,33899.0
8000030,27067.0,98548.0,33899.0
8000031,16867.0,110198.0,33899.0
8000032,30067.0,110448.0,33899.0
8000033,23267.0,109893.0,33899.0
8000034,28067.0,110448.0,33899.0
8000035,23267.0,106298.0,33899.0
8000036,27067.0,106298.0,33899.0
8000037,20167.0,107098.0,33899.0
8000038,23267.0,99593.0,33899.0
8000039,27067.0,99593.0,33899.0
8000040,18417.0,98548.0,33899.0
8000041,20667.0,113648.0,33899.0
8000042,16867.0,113648.0,33899.0
8000043,19917.0,113648.0,33899.0
8000044,19917.0,114848.0,33899.0
8000045,17867.0,113648.0,33899.0
8000046,17867.0,114848.0,33899.0
8000047,28467.0,113448.0,33899.0
8000048,28467.0,114848.0,33899.0
8000049,19467.0,98548.0,33899.0
8000050,19467.0,101048.0,33899.0
8000051,17767.0,103698.0,33899.0
8000052,16867.0,103698.0,33899.0
8000053,20667.0,106298.0,33899.0
8000054,23267.0,113648.0,33899.0
8000055,20667.0,109893.0,33899.0
8000056,4867.0,114848.0,33899.0
8000057,4867.0,106698.0,33899.0
8000058,4867.0,98548.0,33899.0
8000059,4867.0,87098.0,33899.0
8000060,4867.0,126298.0,33899.0
8000061,9467.0,126348.0,33899.0
8000062,13067.0,126348.0,33899.0
8000063,124067.0,114848.0,33899.0
8000064,124067.0,106698.0,33899.0
8000065,124067.0,98548.0,33899.0
8000066,124067.0,87098.0,33899.0
8000067,124067.0,126298.0,33899.0
8000068,30067.0,98548.0,33899.0
8000069,30067.0,101048.0,33899.0
8000070,30067.0,104348.0,33899.0
8000071,30067.0,101548.0,33899.0
8000072,13067.0,87048.0,33899.0
8000073,9467.0,87048.0,33899.0
8000074,63747.0,110448.0,33899.0
8000075,60347.0,101048.0,33899.0
8000076,60347.0,107048.0,33899.0
8000077,63747.0,107148.0,33899.0
8000078,52947.0,114848.0,33899.0
8000079,56347.0,108748.0,33899.0
8000080,52947.0,103698.0,33899.0
8000081,53847.0,103698.0,33899.0
8000082,54497.0,98548.0,33899.0
8000083,56347.0,110448.0,33899.0
8000084,52947.0,110198.0,33899.0
8000085,56347.0,113448.0,33899.0
8000086,52947.0,101048.0,33899.0
8000087,53847.0,101048.0,33899.0
8000088,53847.0,107148.0,33899.0
8000089,52947.0,107148.0,33899.0
8000090,56347.0,107048.0,33899.0
8000091,52947.0,108748.0,33899.0
8000092,56347.0,101548.0,33899.0
8000093,55947.0,107048.0,33899.0
8000094,56347.0,106298.0,33899.0
8000095,60347.0,110448.0,33899.0
8000096,56347.0,104348.0,33899.0
8000097,56347.0,101048.0,33899.0
8000098,63747.0,101048.0,33899.0
8000099,52947.0,98548.0,33899.0
8000100,60347.0,104348.0,33899.0
8000101,119800.0,87048.0,33899.0
8000102,115533.0,87048.0,33899.0
8000103,111267.0,103698.0,33899.0
8000104,110367.0,103698.0,33899.0
8000105,108667.0,101048.0,33899.0
8000106,108667.0,98548.0,33899.0
8000107,99667.0,114848.0,33899.0
8000108,99667.0,113448.0,33899.0
8000109,110267.0,114848.0,33899.0
8000110,110267.0,113648.0,33899.0
8000111,108217.0,114848.0,33899.0
8000112,108217.0,113648.0,33899.0
8000113,111267.0,113648.0,33899.0
8000114,107467.0,113648.0,33899.0
8000115,109717.0,98548.0,33899.0
8000116,101067.0,99593.0,33899.0
8000117,104867.0,99593.0,33899.0
8000118,107967.0,107098.0,33899.0
8000119,101067.0,106298.0,33899.0
8000120,104867.0,106298.0,33899.0
8000121,100067.0,110448.0,33899.0
8000122,104867.0,109893.0,33899.0
8000123,98067.0,110448.0,33899.0
8000124,111267.0,110198.0,33899.0
8000125,101067.0,98548.0,33899.0
8000126,104867.0,98548.0,33899.0
8000127,107467.0,98548.0,33899.0
8000128,101067.0,101548.0,33899.0
8000129,104867.0,101548.0,33899.0
8000130,107467.0,101048.0,33899.0
8000131,107467.0,101548.0,33899.0
8000132,101067.0,104348.0,33899.0
8000133,104867.0,104348.0,33899.0
8000134,107467.0,104348.0,33899.0
8000135,110367.0,101048.0,33899.0
8000136,110367.0,107148.0,33899.0
8000137,111267.0,101048.0,33899.0
8000138,101067.0,107148.0,33899.0
8000139,107467.0,107123.0,33899.0
8000140,104867.0,107148.0,33899.0
8000141,98067.0,107148.0,33899.0
8000142,111267.0,107148.0,33899.0
8000143,104867.0,108798.0,33899.0
8000144,111267.0,108748.0,33899.0
8000145,104867.0,111848.0,33899.0
8000146,107467.0,108798.0,33899.0
8000147,107467.0,111848.0,33899.0
8000148,98067.0,113448.0,33899.0
8000149,101067.0,110448.0,33899.0
8000150,101067.0,113448.0,33899.0
8000151,98067.0,114848.0,33899.0
8000152,107467.0,114848.0,33899.0
8000153,101067.0,114848.0,33899.0
8000154,104867.0,114848.0,33899.0
8000155,107467.0,106298.0,33899.0
8000156,98067.0,101548.0,33899.0
8000157,98067.0,104348.0,33899.0
8000158,107467.0,109893.0,33899.0
8000159,104867.0,113648.0,33899.0
8000160,98067.0,98548.0,33899.0
8000161,63747.0,98548.0,33899.0
8000162,56347.0,98548.0,33899.0
8000163,56347.0,114848.0,33899.0
8000164,63747.0,114848.0,33899.0
8000165,60347.0,114848.0,33899.0
8000166,60347.0,98548.0,33899.0
8000167,30067.0,87098.0,33899.0
8000168,30067.0,126298.0,33899.0
8000169,16867.0,98548.0,33899.0
8000170,16867.0,114848.0,33899.0
8000171,16867.0,106698.0,33899.0
8000172,16867.0,87098.0,33899.0
8000173,16867.0,126298.0,33899.0
8000174,111267.0,87098.0,33899.0
8000175,111267.0,126298.0,33899.0
8000176,98067.0,126298.0,33899.0
8000177,111267.0,98548.0,33899.0
8000178,98067.0,87098.0,33899.0
8000179,111267.0,106698.0,33899.0
8000180,111267.0,114848.0,33899.0
8000181,41507.0,126298.0,33899.0
8000182,41507.0,87098.0,33899.0
8000183,52947.0,87098.0,33899.0
8000184,52947.0,126298.0,33899.0
8000185,75187.0,87098.0,33899.0
8000186,75187.0,126298.0,33899.0
8000187,86627.0,126298.0,33899.0
8000188,86627.0,87098.0,33899.0
8000189,58347.0,98548.0,33899.0
8000190,58347.0,87048.0,33899.0
8000191,58322.0,126348.0,33899.0
8000192,58322.0,114848.0,33899.0
8000193,119800.0,126348.0,33899.0
8000194,115533.0,126348.0,33899.0
8000195,107467.0,126348.0,33899.0
8000196,107467.0,87048.0,33899.0
8000197,102967.0,98548.0,33899.0
8000198,102967.0,87048.0,33899.0
8000199,102967.0,114848.0,33899.0
8000200,102967.0,126348.0,33899.0
8000201,92347.0,126348.0,33899.0
8000202,92347.0,87048.0,33899.0
8000203,80907.0,126348.0,33899.0
8000204,69467.0,126348.0,33899.0
8000205,69467.0,87048.0,33899.0
8000206,47227.0,126348.0,33899.0
8000207,47227.0,87048.0,33899.0
8000208,35787.0,126348.0,33899.0
8000209,35787.0,87048.0,33899.0
8000210,25167.0,98548.0,33899.0
8000211,25167.0,87048.0,33899.0
8000212,20667.0,87048.0,33899.0
8000213,25167.0,114848.0,33899.0
8000214,25167.0,126348.0,33899.0
8000215,20667.0,126348.0,33899.0
8000216,30067.0,106698.0,33899.0
8000217,52947.0,106698.0,33899.0
8000218,63747.0,106698.0,33899.0
8000219,98067.0,106698.0,33899.0
8000220,119800.0,106698.0,33899.0
8000221,115533.0,106698.0,33899.0
8000222,47227.0,106698.0,33899.0
8000223,35787.0,106698.0,33899.0
8000224,41507.0,106698.0,33899.0
8000225,13067.0,106698.0,33899.0
8000226,9467.0,106698.0,33899.0
8000227,119800.0,98548.0,33899.0
8000228,115533.0,98548.0,33899.0
8000229,47227.0,98548.0,33899.0
8000230,35787.0,98548.0,33899.0
8000231,41507.0,98548.0,33899.0
8000232,13067.0,98548.0,33899.0
8000233,9467.0,98548.0,33899.0
8000234,119800.0,114848.0,33899.0
8000235,115533.0,114848.0,33899.0
8000236,47227.0,114848.0,33899.0
8000237,35787.0,114848.0,33899.0
8000238,41507.0,114848.0,33899.0
8000239,13067.0,114848.0,33899.0
8000240,9467.0,114848.0,33899.0
8000241,63747.0,126298.0,33899.0
8000242,63747.0,87098.0,33899.0
8000243,92347.0,98548.0,33899.0
8000244,92347.0,107148.0,33899.0
8000245,92347.0,114848.0,33899.0
8000246,69467.0,98548.0,33899.0
8000247,69467.0,107148.0,33899.0
8000248,69467.0,114848.0,33899.0
8000249,75187.0,98548.0,33899.0
8000250,75187.0,107148.0,33899.0
8000251,75187.0,114848.0,33899.0
8000252,86627.0,98548.0,33899.0
8000253,86627.0,107148.0,33899.0
8000254,86627.0,114848.0,33899.0
8000255,80907.0,98548.0,33899.0
8000256,80907.0,107148.0,33899.0
8000257,80907.0,114848.0,33899.0
8000258,80907.0,87048.0,33899.0
8000259,27067.0,113448.0,33299.0
8000260,27067.0,114848.0,33299.0
8000261,20667.0,107123.0,33299.0
8000262,20667.0,108798.0,33299.0
8000263,28067.0,110448.0,33299.0
8000264,30067.0,110448.0,33299.0
8000265,23267.0,107148.0,33299.0
8000266,23267.0,108798.0,33299.0
8000267,17767.0,107148.0,33199.0
8000268,20167.0,107098.0,33199.0
8000269,18417.0,98548.0,33149.0
8000270,19467.0,98548.0,33149.0
8000271,28467.0,113448.0,33299.0
8000272,30067.0,113448.0,33299.0
8000273,20667.0,98548.0,33149.0
8000274,56347.0,113448.0,33199.0
8000275,56347.0,114848.0,33199.0
8000276,53847.0,107148.0,33199.0
8000277,55947.0,107048.0,33199.0
8000278,54497.0,98548.0,33149.0
8000279,56347.0,98548.0,33149.0
8000280,107467.0,98548.0,33149.0
8000281,108667.0,98548.0,33149.0
8000282,98067.0,113448.0,33299.0
8000283,99667.0,113448.0,33299.0
8000284,107967.0,107098.0,33199.0
8000285,110367.0,107148.0,33199.0
8000286,104867.0,107148.0,33299.0
8000287,104867.0,108798.0,33299.0
8000288,107467.0,107123.0,33299.0
8000289,107467.0,108798.0,33299.0
8000290,101067.0,113448.0,33299.0
8000291,101067.0,114848.0,33299.0
8000292,98067.0,110448.0,33299.0
8000293,100067.0,110448.0,33299.0
8000294,109717.0,98548.0,33149.0
8000295,17367.0,114848.0,33899.0
8000296,21533.0,114848.0,33899.0
8000297,22400.0,114848.0,33899.0
8000298,27767.0,114848.0,33899.0
8000299,16867.0,111060.0,33899.0
8000300,16867.0,111923.0,33899.0
8000301,16867.0,112785.0,33899.0
8000302,27067.0,113798.0,33899.0
8000303,27067.0,114148.0,33899.0
8000304,27067.0,114498.0,33899.0
8000305,30067.0,114148.0,33899.0
8000306,27067.0,111448.0,33899.0
8000307,27067.0,112448.0,33899.0
8000308,27767.0,113448.0,33899.0
8000309,27567.0,110448.0,33899.0
8000310,30067.0,111448.0,33899.0
8000311,30067.0,112448.0,33899.0
8000312,20667.0,109345.0,33899.0
8000313,20667.0,107541.0,33899.0
8000314,20667.0,107960.0,33899.0
8000315,20667.0,108379.0,33899.0
8000316,21533.0,108798.0,33899.0
8000317,22400.0,108798.0,33899.0
8000318,23267.0,109345.0,33899.0
8000319,28567.0,110448.0,33899.0
8000320,29067.0,110448.0,33899.0
8000321,29567.0,110448.0,33899.0
8000322,23267.0,107560.0,33899.0
8000323,23267.0,107973.0,33899.0
8000324,23267.0,108385.0,33899.0
8000325,17317.0,107148.0,33899.0
8000326,21533.0,107131.0,33899.0
8000327,22400.0,107139.0,33899.0
8000328,23267.0,106723.0,33899.0
8000329,27067.0,106723.0,33899.0
8000330,28067.0,107148.0,33899.0
8000331,29067.0,107148.0,33899.0
8000332,16867.0,101931.0,33899.0
8000333,16867.0,102814.0,33899.0
8000334,16867.0,99381.0,33899.0
8000335,16867.0,100214.0,33899.0
8000336,17317.0,101048.0,33899.0
8000337,18167.0,107139.0,33899.0
8000338,18567.0,107131.0,33899.0
8000339,18967.0,107123.0,33899.0
8000340,19367.0,107114.0,33899.0
8000341,19767.0,107106.0,33899.0
8000342,18617.0,101048.0,33899.0
8000343,20667.0,99381.0,33899.0
8000344,20667.0,100214.0,33899.0
8000345,17642.0,98548.0,33899.0
8000346,18942.0,98548.0,33899.0
8000347,21533.0,98548.0,33899.0
8000348,22400.0,98548.0,33899.0
8000349,23267.0,99070.0,33899.0
8000350,27067.0,99070.0,33899.0
8000351,28067.0,98548.0,33899.0
8000352,29067.0,98548.0,33899.0
8000353,16867.0,114248.0,33899.0
8000354,20667.0,114248.0,33899.0
8000355,20292.0,114848.0,33899.0
8000356,18142.0,114848.0,33899.0
8000357,18642.0,114848.0,33899.0
8000358,19142.0,114848.0,33899.0
8000359,19642.0,114848.0,33899.0
8000360,29267.0,114848.0,33899.0
8000361,28867.0,113448.0,33899.0
8000362,29267.0,113448.0,33899.0
8000363,29667.0,113448.0,33899.0
8000364,20067.0,101048.0,33899.0
8000365,20067.0,98548.0,33899.0
8000366,16867.0,104698.0,33899.0
8000367,16867.0,105698.0,33899.0
8000368,20667.0,106710.0,33899.0
8000369,23267.0,114248.0,33899.0
8000370,30067.0,99381.0,33899.0
8000371,30067.0,100214.0,33899.0
8000372,30067.0,105281.0,33899.0
8000373,30067.0,106214.0,33899.0
8000374,30067.0,102481.0,33899.0
8000375,30067.0,103414.0,33899.0
8000376,60347.0,101873.0,33899.0
8000377,60347.0,102698.0,33899.0
8000378,60347.0,103523.0,33899.0
8000379,63747.0,111328.0,33899.0
8000380,63747.0,112208.0,33899.0
8000381,63747.0,113088.0,33899.0
8000382,63747.0,113968.0,33899.0
8000383,61022.0,114848.0,33899.0
8000384,61697.0,114848.0,33899.0
8000385,62197.0,114848.0,33899.0
8000386,62697.0,114848.0,33899.0
8000387,63197.0,114848.0,33899.0
8000388,52947.0,104560.0,33899.0
8000389,52947.0,105423.0,33899.0
8000390,52947.0,106285.0,33899.0
8000391,53722.0,98548.0,33899.0
8000392,52947.0,99381.0,33899.0
8000393,52947.0,100214.0,33899.0
8000394,52947.0,101931.0,33899.0
8000395,52947.0,102814.0,33899.0
8000396,53397.0,101048.0,33899.0
8000397,53397.0,107148.0,33899.0
8000398,56347.0,111328.0,33899.0
8000399,56347.0,112208.0,33899.0
8000400,56347.0,113088.0,33899.0
8000401,56347.0,113798.0,33899.0
8000402,56347.0,114148.0,33899.0
8000403,56347.0,114498.0,33899.0
8000404,52947.0,111128.0,33899.0
8000405,52947.0,112058.0,33899.0
8000406,52947.0,112988.0,33899.0
8000407,52947.0,113918.0,33899.0
8000408,53622.0,114848.0,33899.0
8000409,54297.0,114848.0,33899.0
8000410,54797.0,114848.0,33899.0
8000411,55297.0,114848.0,33899.0
8000412,55797.0,114848.0,33899.0
8000413,54372.0,107123.0,33899.0
8000414,54897.0,107098.0,33899.0
8000415,55422.0,107073.0,33899.0
8000416,56347.0,106673.0,33899.0
8000417,56347.0,99381.0,33899.0
8000418,56347.0,100214.0,33899.0
8000419,54959.0,98548.0,33899.0
8000420,55422.0,98548.0,33899.0
8000421,55884.0,98548.0,33899.0
8000422,63747.0,102064.0,33899.0
8000423,63747.0,103081.0,33899.0
8000424,63747.0,104098.0,33899.0
8000425,63747.0,105114.0,33899.0
8000426,63747.0,106131.0,33899.0
8000427,63747.0,99381.0,33899.0
8000428,63747.0,100214.0,33899.0
8000429,54680.0,101048.0,33899.0
8000430,55513.0,101048.0,33899.0
8000431,60822.0,98548.0,33899.0
8000432,61297.0,98548.0,33899.0
8000433,61797.0,98548.0,33899.0
8000434,62297.0,98548.0,33899.0
8000435,62797.0,98548.0,33899.0
8000436,63272.0,98548.0,33899.0
8000437,61197.0,101048.0,33899.0
8000438,62047.0,101048.0,33899.0
8000439,62897.0,101048.0,33899.0
8000440,111267.0,104698.0,33899.0
8000441,111267.0,105698.0,33899.0
8000442,108067.0,98548.0,33899.0
8000443,108067.0,101048.0,33899.0
8000444,98467.0,113448.0,33899.0
8000445,98867.0,113448.0,33899.0
8000446,99267.0,113448.0,33899.0
8000447,98867.0,114848.0,33899.0
8000448,108492.0,114848.0,33899.0
8000449,108992.0,114848.0,33899.0
8000450,109492.0,114848.0,33899.0
8000451,109992.0,114848.0,33899.0
8000452,107842.0,114848.0,33899.0
8000453,107467.0,114248.0,33899.0
8000454,111267.0,114248.0,33899.0
8000455,110767.0,114848.0,33899.0
8000456,110492.0,98548.0,33899.0
8000457,99067.0,98548.0,33899.0
8000458,100067.0,98548.0,33899.0
8000459,105733.0,98548.0,33900.0
8000460,106600.0,98548.0,33899.0
8000461,101067.0,99070.0,33899.0
8000462,104867.0,99070.0,33899.0
8000463,107467.0,99381.0,33899.0
8000464,107467.0,100214.0,33899.0
8000465,109517.0,101048.0,33899.0
8000466,108367.0,107106.0,33899.0
8000467,108767.0,107114.0,33899.0
8000468,109167.0,107123.0,33899.0
8000469,109567.0,107131.0,33899.0
8000470,109967.0,107139.0,33899.0
8000471,110817.0,101048.0,33899.0
8000472,111267.0,99381.0,33899.0
8000473,111267.0,100214.0,33899.0
8000474,111267.0,101931.0,33899.0
8000475,111267.0,102814.0,33899.0
8000476,99067.0,107148.0,33899.0
8000477,100067.0,107148.0,33899.0
8000478,101067.0,106723.0,33899.0
8000479,104867.0,106723.0,33899.0
8000480,105733.0,107139.0,33899.0
8000481,106600.0,107131.0,33899.0
8000482,110817.0,107148.0,33899.0
8000483,104867.0,107560.0,33899.0
8000484,104867.0,107973.0,33899.0
8000485,104867.0,108385.0,33899.0
8000486,104867.0,109345.0,33899.0
8000487,105733.0,108798.0,33900.0
8000488,106600.0,108798.0,33899.0
8000489,107467.0,107541.0,33899.0
8000490,107467.0,107960.0,33899.0
8000491,107467.0,108379.0,33899.0
8000492,107467.0,109345.0,33899.0
8000493,98067.0,111448.0,33899.0
8000494,98067.0,112448.0,33899.0
8000495,100567.0,110448.0,33899.0
8000496,100367.0,113448.0,33899.0
8000497,101067.0,111448.0,33899.0
8000498,101067.0,112448.0,33899.0
8000499,98067.0,114148.0,33899.0
8000500,101067.0,113798.0,33899.0
8000501,101067.0,114148.0,33899.0
8000502,101067.0,114498.0,33899.0
8000503,111267.0,111060.0,33899.0
8000504,111267.0,111923.0,33899.0
8000505,111267.0,112785.0,33899.0
8000506,100367.0,114848.0,33899.0
8000507,105733.0,114848.0,33900.0
8000508,106600.0,114848.0,33899.0
8000509,107467.0,106710.0,33899.0
8000510,98067.0,102481.0,33899.0
8000511,98067.0,103414.0,33899.0
8000512,98067.0,105281.0,33899.0
8000513,98067.0,106214.0,33899.0
8000514,104867.0,114248.0,33899.0
8000515,98067.0,99381.0,33900.0
8000516,98067.0,100214.0,33899.0
8000517,98067.0,100881.0,33899.0
8000518,98567.0,110448.0,33899.0
8000519,99067.0,110448.0,33899.0
8000520,99567.0,110448.0,33899.0
8000521,109192.0,98548.0,33899.0
8000522,61197.0,110448.0,33899.0
8000523,62047.0,110448.0,33899.0
8000524,62897.0,110448.0,33899.0
8000525,16867.0,114848.0,32800.0
8000526,16867.0,114848.0,31966.0
8000527,16867.0,114848.0,31133.0
8000528,17867.0,114848.0,32800.0
8000529,17867.0,114848.0,31966.0
8000530,17867.0,114848.0,31133.0
8000531,20667.0,114848.0,32800.0
8000532,20667.0,114848.0,31966.0
8000533,20667.0,114848.0,31133.0
8000534,23267.0,114848.0,32900.0
8000535,23267.0,114848.0,32033.0
8000536,23267.0,114848.0,31166.0
8000537,28467.0,114848.0,32999.0
8000538,28467.0,114848.0,32100.0
8000539,28467.0,114848.0,31200.0
8000540,27067.0,110448.0,32999.0
8000541,27067.0,110448.0,32100.0
8000542,27067.0,110448.0,31200.0
8000543,20667.0,109893.0,32999.0
8000544,20667.0,109893.0,32100.0
8000545,20667.0,109893.0,31200.0
8000546,16867.0,110198.0,32800.0
8000547,16867.0,110198.0,31966.0
8000548,16867.0,110198.0,31133.0
8000549,16867.0,113648.0,32800.0
8000550,16867.0,113648.0,31966.0
8000551,16867.0,113648.0,31133.0
8000552,23267.0,109893.0,32999.0
8000553,23267.0,109893.0,32100.0
8000554,23267.0,109893.0,31200.0
8000555,16867.0,106698.0,32999.0
8000556,16867.0,106698.0,32100.0
8000557,16867.0,106698.0,31200.0
8000558,16867.0,107148.0,32999.0
8000559,16867.0,107148.0,32100.0
8000560,16867.0,107148.0,31200.0
8000561,23267.0,106298.0,32999.0
8000562,23267.0,106298.0,32100.0
8000563,23267.0,106298.0,31200.0
8000564,27067.0,106298.0,32999.0
8000565,27067.0,106298.0,32100.0
8000566,27067.0,106298.0,31200.0
8000567,27067.0,107148.0,32999.0
8000568,27067.0,107148.0,32100.0
8000569,27067.0,107148.0,31200.0
8000570,16867.0,101048.0,32999.0
8000571,16867.0,101048.0,32100.0
8000572,16867.0,101048.0,31200.0
8000573,16867.0,103698.0,32999.0
8000574,16867.0,103698.0,32100.0
8000575,16867.0,103698.0,31200.0
8000576,16867.0,98548.0,32999.0
8000577,16867.0,98548.0,32100.0
8000578,16867.0,98548.0,31200.0
8000579,17767.0,101048.0,32999.0
8000580,17767.0,101048.0,32100.0
8000581,17767.0,101048.0,31200.0
8000582,19467.0,101048.0,32999.0
8000583,19467.0,101048.0,32100.0
8000584,19467.0,101048.0,31200.0
8000585,20667.0,101048.0,32999.0
8000586,20667.0,101048.0,32100.0
8000587,20667.0,101048.0,31200.0
8000588,23267.0,98548.0,32999.0
8000589,23267.0,98548.0,32100.0
8000590,23267.0,98548.0,31200.0
8000591,23267.0,99593.0,32999.0
8000592,23267.0,99593.0,32100.0
8000593,23267.0,99593.0,31200.0
8000594,27067.0,98548.0,32999.0
8000595,27067.0,98548.0,32100.0
8000596,27067.0,98548.0,31200.0
8000597,27067.0,99593.0,32999.0
8000598,27067.0,99593.0,32100.0
8000599,27067.0,99593.0,31200.0
8000600,30067.0,98548.0,32999.0
8000601,30067.0,98548.0,32100.0
8000602,30067.0,98548.0,31200.0
8000603,19917.0,114848.0,32800.0
8000604,19917.0,114848.0,31966.0
8000605,19917.0,114848.0,31133.0
8000606,30067.0,114848.0,32999.0
8000607,30067.0,114848.0,32100.0
8000608,30067.0,114848.0,31200.0
8000609,20667.0,106298.0,32999.0
8000610,20667.0,106298.0,32100.0
8000611,20667.0,106298.0,31200.0
8000612,20667.0,113648.0,32800.0
8000613,20667.0,113648.0,31966.0
8000614,20667.0,113648.0,31133.0
8000615,23267.0,113648.0,32999.0
8000616,23267.0,113648.0,32100.0
8000617,23267.0,113648.0,31200.0
8000618,20667.0,101548.0,32999.0
8000619,20667.0,101548.0,32100.0
8000620,20667.0,101548.0,31200.0
8000621,30067.0,101048.0,32999.0
8000622,30067.0,101048.0,32100.0
8000623,30067.0,101048.0,31200.0
8000624,30067.0,101548.0,32999.0
8000625,30067.0,101548.0,32100.0
8000626,30067.0,101548.0,31200.0
8000627,30067.0,107148.0,32999.0
8000628,30067.0,107148.0,32100.0
8000629,30067.0,107148.0,31200.0
8000630,30067.0,104348.0,32999.0
8000631,30067.0,104348.0,32100.0
8000632,30067.0,104348.0,31200.0
8000633,30067.0,106698.0,32999.0
8000634,30067.0,106698.0,32100.0
8000635,30067.0,106698.0,31200.0
8000636,60347.0,101048.0,32800.0
8000637,60347.0,101048.0,31966.0
8000638,60347.0,101048.0,31133.0
8000639,60347.0,104348.0,32800.0
8000640,60347.0,104348.0,31966.0
8000641,60347.0,104348.0,31133.0
8000642,63747.0,110448.0,32800.0
8000643,63747.0,110448.0,31966.0
8000644,63747.0,110448.0,31133.0
8000645,63747.0,114848.0,32800.0
8000646,63747.0,114848.0,31966.0
8000647,63747.0,114848.0,31133.0
8000648,60347.0,114848.0,32800.0
8000649,60347.0,114848.0,31966.0
8000650,60347.0,114848.0,31133.0
8000651,52947.0,103698.0,32999.0
8000652,52947.0,103698.0,32100.0
8000653,52947.0,103698.0,31200.0
8000654,52947.0,106698.0,32999.0
8000655,52947.0,106698.0,32100.0
8000656,52947.0,106698.0,31200.0
8000657,52947.0,98548.0,32999.0
8000658,52947.0,98548.0,32100.0
8000659,52947.0,98548.0,31200.0
8000660,52947.0,101048.0,32999.0
8000661,52947.0,101048.0,32100.0
8000662,52947.0,101048.0,31200.0
8000663,53847.0,101048.0,32999.0
8000664,53847.0,101048.0,32100.0
8000665,53847.0,101048.0,31200.0
8000666,52947.0,107148.0,32999.0
8000667,52947.0,107148.0,32100.0
8000668,52947.0,107148.0,31200.0
8000669,56347.0,107048.0,32999.0
8000670,56347.0,107048.0,32100.0
8000671,56347.0,107048.0,31200.0
8000672,56347.0,110448.0,32999.0
8000673,56347.0,110448.0,32100.0
8000674,56347.0,110448.0,31200.0
8000675,52947.0,110198.0,32800.0
8000676,52947.0,110198.0,31966.0
8000677,52947.0,110198.0,31133.0
8000678,52947.0,114848.0,32800.0
8000679,52947.0,114848.0,31966.0
8000680,52947.0,114848.0,31133.0
8000681,56347.0,106298.0,32999.0
8000682,56347.0,106298.0,32100.0
8000683,56347.0,106298.0,31200.0
8000684,56347.0,101048.0,32999.0
8000685,56347.0,101048.0,32100.0
8000686,56347.0,101048.0,31200.0
8000687,56347.0,101548.0,32999.0
8000688,56347.0,101548.0,32100.0
8000689,56347.0,101548.0,31200.0
8000690,63747.0,101048.0,32800.0
8000691,63747.0,101048.0,31966.0
8000692,63747.0,101048.0,31133.0
8000693,63747.0,106698.0,32900.0
8000694,63747.0,106698.0,32033.0
8000695,63747.0,106698.0,31166.0
8000696,63747.0,98548.0,32800.0
8000697,63747.0,98548.0,31966.0
8000698,63747.0,98548.0,31133.0
8000699,60347.0,98548.0,32800.0
8000700,60347.0,98548.0,31966.0
8000701,60347.0,98548.0,31133.0
8000702,111267.0,103698.0,32999.0
8000703,111267.0,103698.0,32100.0
8000704,111267.0,103698.0,31200.0
8000705,111267.0,106698.0,32999.0
8000706,111267.0,106698.0,32100.0
8000707,111267.0,106698.0,31200.0
8000708,107467.0,101048.0,32999.0
8000709,107467.0,101048.0,32100.0
8000710,107467.0,101048.0,31200.0
8000711,108667.0,101048.0,32999.0
8000712,108667.0,101048.0,32100.0
8000713,108667.0,101048.0,31200.0
8000714,98067.0,114848.0,32999.0
8000715,98067.0,114848.0,32100.0
8000716,98067.0,114848.0,31200.0
8000717,99667.0,114848.0,32999.0
8000718,99667.0,114848.0,32100.0
8000719,99667.0,114848.0,31200.0
8000720,108217.0,114848.0,32800.0
8000721,108217.0,114848.0,31966.0
8000722,108217.0,114848.0,31133.0
8000723,110267.0,114848.0,32800.0
8000724,110267.0,114848.0,31966.0
8000725,110267.0,114848.0,31133.0
8000726,107467.0,114848.0,32900.0
8000727,107467.0,114848.0,32033.0
8000728,107467.0,114848.0,31166.0
8000729,107467.0,113648.0,32800.0
8000730,107467.0,113648.0,31966.0
8000731,107467.0,113648.0,31133.0
8000732,111267.0,113648.0,32999.0
8000733,111267.0,113648.0,32100.0
8000734,111267.0,113648.0,31200.0
8000735,111267.0,114848.0,32900.0
8000736,111267.0,114848.0,32033.0
8000737,111267.0,114848.0,31166.0
8000738,111267.0,98548.0,32999.0
8000739,111267.0,98548.0,32100.0
8000740,111267.0,98548.0,31200.0
8000741,98067.0,98548.0,32999.0
8000742,98067.0,98548.0,32100.0
8000743,98067.0,98548.0,31200.0
8000744,101067.0,98548.0,32999.0
8000745,101067.0,98548.0,32100.0
8000746,101067.0,98548.0,31200.0
8000747,104867.0,98548.0,32999.0
8000748,104867.0,98548.0,32100.0
8000749,104867.0,98548.0,31200.0
8000750,101067.0,99593.0,32999.0
8000751,101067.0,99593.0,32100.0
8000752,101067.0,99593.0,31200.0
8000753,104867.0,99593.0,32999.0
8000754,104867.0,99593.0,32100.0
8000755,104867.0,99593.0,31200.0
8000756,107467.0,101548.0,32999.0
8000757,107467.0,101548.0,32100.0
8000758,107467.0,101548.0,31200.0
8000759,110367.0,101048.0,32999.0
8000760,110367.0,101048.0,32100.0
8000761,110367.0,101048.0,31200.0
8000762,111267.0,101048.0,32999.0
8000763,111267.0,101048.0,32100.0
8000764,111267.0,101048.0,31200.0
8000765,98067.0,107148.0,32999.0
8000766,98067.0,107148.0,32100.0
8000767,98067.0,107148.0,31200.0
8000768,101067.0,107148.0,32999.0
8000769,101067.0,107148.0,32100.0
8000770,101067.0,107148.0,31200.0
8000771,101067.0,106298.0,32999.0
8000772,101067.0,106298.0,32100.0
8000773,101067.0,106298.0,31200.0
8000774,104867.0,106298.0,32999.0
8000775,104867.0,106298.0,32100.0
8000776,104867.0,106298.0,31200.0
8000777,111267.0,107148.0,32999.0
8000778,111267.0,107148.0,32100.0
8000779,111267.0,107148.0,31200.0
8000780,104867.0,109893.0,32999.0
8000781,104867.0,109893.0,32100.0
8000782,104867.0,109893.0,31200.0
8000783,107467.0,109893.0,32999.0
8000784,107467.0,109893.0,32100.0
8000785,107467.0,109893.0,31200.0
8000786,101067.0,110448.0,32999.0
8000787,101067.0,110448.0,32100.0
8000788,101067.0,110448.0,31200.0
8000789,111267.0,110198.0,32999.0
8000790,111267.0,110198.0,32100.0
8000791,111267.0,110198.0,31200.0
8000792,104867.0,114848.0,32999.0
8000793,104867.0,114848.0,32100.0
8000794,104867.0,114848.0,31200.0
8000795,107467.0,106298.0,32999.0
8000796,107467.0,106298.0,32100.0
8000797,107467.0,106298.0,31200.0
8000798,98067.0,101548.0,32999.0
8000799,98067.0,101548.0,32100.0
8000800,98067.0,101548.0,31200.0
8000801,98067.0,104348.0,32999.0
8000802,98067.0,104348.0,32100.0
8000803,98067.0,104348.0,31200.0
8000804,98067.0,106698.0,32999.0
8000805,98067.0,106698.0,32100.0
8000806,98067.0,106698.0,31200.0
8000807,104867.0,113648.0,32999.0
8000808,104867.0,113648.0,32100.0
8000809,104867.0,113648.0,31200.0
8000810,63747.0,107148.0,32999.0
8000811,63747.0,107148.0,32100.0
8000812,63747.0,107148.0,31200.0
8000813,60347.0,110448.0,32800.0
8000814,60347.0,110448.0,31966.0
8000815,60347.0,110448.0,31133.0
8000816,27067.0,113798.0,33299.0
8000817,27067.0,114148.0,33299.0
8000818,27067.0,114498.0,33299.0
8000819,20667.0,107541.0,33299.0
8000820,20667.0,107960.0,33299.0
8000821,20667.0,108379.0,33299.0
8000822,28567.0,110448.0,33299.0
8000823,29067.0,110448.0,33299.0
8000824,29567.0,110448.0,33299.0
8000825,23267.0,107560.0,33299.0
8000826,23267.0,107973.0,33299.0
8000827,23267.0,108385.0,33299.0
8000828,18167.0,107139.0,33199.0
8000829,18567.0,107131.0,33199.0
8000830,18967.0,107123.0,33199.0
8000831,19367.0,107114.0,33199.0
8000832,19767.0,107106.0,33199.0
8000833,18942.0,98548.0,33149.0
8000834,28867.0,113448.0,33299.0
8000835,29267.0,113448.0,33299.0
8000836,29667.0,113448.0,33299.0
8000837,20067.0,98548.0,33149.0
8000838,56347.0,113798.0,33199.0
8000839,56347.0,114148.0,33199.0
8000840,56347.0,114498.0,33199.0
8000841,54372.0,107123.0,33199.0
8000842,54897.0,107098.0,33199.0
8000843,55422.0,107073.0,33199.0
8000844,54959.0,98548.0,33149.0
8000845,55422.0,98548.0,33149.0
8000846,55884.0,98548.0,33149.0
8000847,108067.0,98548.0,33149.0
8000848,98467.0,113448.0,33299.0
8000849,98867.0,113448.0,33299.0
8000850,99267.0,113448.0,33299.0
8000851,108367.0,107106.0,33199.0
8000852,108767.0,107114.0,33199.0
8000853,109167.0,107123.0,33199.0
8000854,109567.0,107131.0,33199.0
8000855,109967.0,107139.0,33199.0
8000856,104867.0,107560.0,33299.0
8000857,104867.0,107973.0,33299.0
8000858,104867.0,108385.0,33299.0
8000859,107467.0,107541.0,33299.0
8000860,107467.0,107960.0,33299.0
8000861,107467.0,108379.0,33299.0
8000862,101067.0,113798.0,33299.0
8000863,101067.0,114148.0,33299.0
8000864,101067.0,114498.0,33299.0
8000865,98567.0,110448.0,33299.0
8000866,99067.0,110448.0,33299.0
8000867,99567.0,110448.0,33299.0
8000868,109192.0,98548.0,33149.0
8000869,27067.0,114848.0,32100.0
8000870,27067.0,114848.0,31200.0
8000871,27067.0,113448.0,32100.0
8000872,27067.0,113448.0,31200.0
8000873,28467.0,113448.0,32100.0
8000874,28467.0,113448.0,31200.0
8000875,20667.0,108798.0,32100.0
8000876,20667.0,108798.0,31200.0
8000877,28067.0,110448.0,32100.0
8000878,28067.0,110448.0,31200.0
8000879,23267.0,108798.0,32100.0
8000880,23267.0,108798.0,31200.0
8000881,20167.0,107098.0,32100.0
8000882,20167.0,107098.0,31200.0
8000883,20667.0,107123.0,32100.0
8000884,20667.0,107123.0,31200.0
8000885,23267.0,107148.0,32100.0
8000886,23267.0,107148.0,31200.0
8000887,20667.0,98548.0,32100.0
8000888,20667.0,98548.0,31200.0
8000889,18417.0,98548.0,32100.0
8000890,18417.0,98548.0,31200.0
8000891,17767.0,107148.0,32100.0
8000892,17767.0,107148.0,31200.0
8000893,30067.0,113448.0,32100.0
8000894,30067.0,113448.0,31200.0
8000895,30067.0,110448.0,32100.0
8000896,30067.0,110448.0,31200.0
8000897,54497.0,98548.0,32100.0
8000898,54497.0,98548.0,31200.0
8000899,53847.0,107148.0,32100.0
8000900,53847.0,107148.0,31200.0
8000901,55947.0,107048.0,32100.0
8000902,55947.0,107048.0,31200.0
8000903,56347.0,113448.0,32100.0
8000904,56347.0,113448.0,31200.0
8000905,56347.0,114848.0,31966.0
8000906,56347.0,114848.0,31133.0
8000907,56347.0,98548.0,32100.0
8000908,56347.0,98548.0,31200.0
8000909,109717.0,98548.0,32100.0
8000910,109717.0,98548.0,31200.0
8000911,107467.0,98548.0,32100.0
8000912,107467.0,98548.0,31200.0
8000913,107467.0,107123.0,32100.0
8000914,107467.0,107123.0,31200.0
8000915,107967.0,107098.0,32100.0
8000916,107967.0,107098.0,31200.0
8000917,104867.0,107148.0,32100.0
8000918,104867.0,107148.0,31200.0
8000919,110367.0,107148.0,32100.0
8000920,110367.0,107148.0,31200.0
8000921,104867.0,108798.0,32100.0
8000922,104867.0,108798.0,31200.0
8000923,107467.0,108798.0,32100.0
8000924,107467.0,108798.0,31200.0
8000925,98067.0,110448.0,32100.0
8000926,98067.0,110448.0,31200.0
8000927,98067.0,113448.0,32100.0
8000928,98067.0,113448.0,31200.0
8000929,100067.0,110448.0,32100.0
8000930,100067.0,110448.0,31200.0
8000931,99667.0,113448.0,32100.0
8000932,99667.0,113448.0,31200.0
8000933,101067.0,113448.0,32100.0
8000934,101067.0,113448.0,31200.0
8000935,101067.0,114848.0,32100.0
8000936,101067.0,114848.0,31200.0
8000937,24217.0,107148.0,33899.0
8000938,25167.0,107148.0,33899.0
8000939,26117.0,107148.0,33899.0
8000940,27067.0,108248.0,33899.0
8000941,27067.0,109348.0,33899.0
8000942,26117.0,114848.0,33899.0
8000943,24217.0,114848.0,33899.0
8000944,23267.0,112748.0,33899.0
8000945,23267.0,110870.0,33899.0
8000946,28467.0,114148.0,33899.0
8000947,17817.0,108760.0,33899.0
8000948,18767.0,108773.0,33899.0
8000949,19717.0,108785.0,33899.0
8000950,20667.0,110870.0,33899.0
8000951,20667.0,112748.0,33899.0
8000952,18892.0,113648.0,33899.0
8000953,16867.0,109473.0,33899.0
8000954,16867.0,107948.0,33899.0
8000955,24217.0,104348.0,33899.0
8000956,25167.0,104348.0,33899.0
8000957,26117.0,104348.0,33899.0
8000958,27067.0,105323.0,33899.0
8000959,23267.0,105323.0,33899.0
8000960,19467.0,99381.0,33899.0
8000961,19467.0,100214.0,33899.0
8000962,24217.0,101548.0,33899.0
8000963,25167.0,101548.0,33899.0
8000964,26117.0,101548.0,33899.0
8000965,27067.0,102481.0,33899.0
8000966,27067.0,103414.0,33899.0
8000967,23267.0,102481.0,33899.0
8000968,23267.0,103414.0,33899.0
8000969,24217.0,98548.0,33899.0
8000970,26117.0,98548.0,33899.0
8000971,27067.0,100570.0,33899.0
8000972,23267.0,100570.0,33899.0
8000973,56347.0,107898.0,33899.0
8000974,53797.0,108748.0,33899.0
8000975,54647.0,108748.0,33899.0
8000976,55497.0,108748.0,33899.0
8000977,52947.0,107948.0,33899.0
8000978,108667.0,99381.0,33899.0
8000979,108667.0,100214.0,33899.0
8000980,99667.0,114148.0,33899.0
8000981,109242.0,113648.0,33899.0
8000982,108417.0,108785.0,33899.0
8000983,109367.0,108773.0,33899.0
8000984,110317.0,108760.0,33899.0
8000985,111267.0,109473.0,33899.0
8000986,107467.0,112748.0,33899.0
8000987,107467.0,110870.0,33899.0
8000988,102017.0,98548.0,33899.0
8000989,103917.0,98548.0,33899.0
8000990,104867.0,100570.0,33899.0
8000991,102017.0,101548.0,33899.0
8000992,102967.0,101548.0,33899.0
8000993,103917.0,101548.0,33899.0
8000994,101067.0,100570.0,33899.0
8000995,111267.0,107948.0,33899.0
8000996,102017.0,104348.0,33899.0
8000997,102967.0,104348.0,33899.0
8000998,103917.0,104348.0,33899.0
8000999,104867.0,105323.0,33899.0
8001000,102017.0,107148.0,33899.0
8001001,102967.0,107148.0,33899.0
8001002,103917.0,107148.0,33899.0
8001003,101067.0,105323.0,33899.0
8001004,104867.0,110870.0,33899.0
8001005,104867.0,112748.0,33899.0
8001006,103917.0,114848.0,33899.0
8001007,102017.0,114848.0,33899.0
8001008,101067.0,108248.0,33899.0
8001009,101067.0,109348.0,33899.0
8001010,104867.0,102481.0,33899.0
8001011,104867.0,103414.0,33899.0
8001012,101067.0,102481.0,33899.0
8001013,101067.0,103414.0,33899.0
8001016,64239.0,106666.0,33899.0
8001017,108667.0,98548.0,33524.0
8001018,109192.0,98548.0,33524.0
8001019,109717.0,98548.0,33524.0
8001020,98067.0,110448.0,33599.0
8001021,98567.0,110448.0,33599.0
8001022,99067.0,110448.0,33599.0
8001023,99567.0,110448.0,33599.0
8001024,100067.0,110448.0,33599.0
8001025,101067.0,113448.0,33599.0
8001026,101067.0,113798.0,33599.0
8001027,101067.0,114148.0,33599.0
8001028,101067.0,114498.0,33599.0
8001029,101067.0,114848.0,33599.0
8001030,107467.0,107123.0,33599.0
8001031,107467.0,107541.0,33599.0
8001032,107467.0,107960.0,33599.0
8001033,107467.0,108379.0,33599.0
8001034,107467.0,108798.0,33599.0
8001035,104867.0,107148.0,33599.0
8001036,104867.0,107560.0,33599.0
8001037,104867.0,107973.0,33599.0
8001038,104867.0,108385.0,33599.0
8001039,104867.0,108798.0,33599.0
8001040,107967.0,107098.0,33549.0
8001041,108367.0,107106.0,33549.0
8001042,108767.0,107114.0,33549.0
8001043,109167.0,107123.0,33549.0
8001044,109567.0,107131.0,33549.0
8001045,109967.0,107139.0,33549.0
8001046,110367.0,107148.0,33549.0
8001047,98067.0,113448.0,33599.0
8001048,98467.0,113448.0,33599.0
8001049,98867.0,113448.0,33599.0
8001050,99267.0,113448.0,33599.0
8001051,99667.0,113448.0,33599.0
8001052,107467.0,98548.0,33524.0
8001053,108067.0,98548.0,33524.0
8001054,54497.0,98548.0,33524.0
8001055,54959.0,98548.0,33524.0
8001056,55422.0,98548.0,33524.0
8001057,55884.0,98548.0,33524.0
8001058,56347.0,98548.0,33524.0
8001059,53847.0,107148.0,33549.0
8001060,54372.0,107123.0,33549.0
8001061,54897.0,107098.0,33549.0
8001062,55422.0,107073.0,33549.0
8001063,55947.0,107048.0,33549.0
8001064,56347.0,113448.0,33549.0
8001065,56347.0,113798.0,33549.0
8001066,56347.0,114148.0,33549.0
8001067,56347.0,114498.0,33549.0
8001068,56347.0,114848.0,33549.0
8001069,19467.0,98548.0,33524.0
8001070,20067.0,98548.0,33524.0
8001071,20667.0,98548.0,33524.0
8001072,28467.0,113448.0,33599.0
8001073,28867.0,113448.0,33599.0
8001074,29267.0,113448.0,33599.0
8001075,29667.0,113448.0,33599.0
8001076,30067.0,113448.0,33599.0
8001077,18417.0,98548.0,33524.0
8001078,18942.0,98548.0,33524.0
8001079,17767.0,107148.0,33549.0
8001080,18167.0,107139.0,33549.0
8001081,18567.0,107131.0,33549.0
8001082,18967.0,107123.0,33549.0
8001083,19367.0,107114.0,33549.0
8001084,19767.0,107106.0,33549.0
8001085,20167.0,107098.0,33549.0
8001086,23267.0,107148.0,33599.0
8001087,23267.0,107560.0,33599.0
8001088,23267.0,107973.0,33599.0
8001089,23267.0,108385.0,33599.0
8001090,23267.0,108798.0,33599.0
8001091,28067.0,110448.0,33599.0
8001092,28567.0,110448.0,33599.0
8001093,29067.0,110448.0,33599.0
8001094,29567.0,110448.0,33599.0
8001095,30067.0,110448.0,33599.0
8001096,20667.0,107123.0,33599.0
8001097,20667.0,107541.0,33599.0
8001098,20667.0,107960.0,33599.0
8001099,20667.0,108379.0,33599.0
8001100,20667.0,108798.0,33599.0
8001101,27067.0,113448.0,33599.0
8001102,27067.0,113798.0,33599.0
8001103,27067.0,114148.0,33599.0
8001104,27067.0,114498.0,33599.0
8001105,27067.0,114848.0,33599.0
8001106,17367.0,114848.0,32800.0
8001107,17367.0,114848.0,31133.0
8001108,17367.0,114848.0,31966.0
8001109,21533.0,114848.0,32900.0
8001110,22400.0,114848.0,32900.0
8001111,21533.0,114848.0,31166.0
8001112,22400.0,114848.0,31166.0
8001113,21533.0,114848.0,32033.0
8001114,22400.0,114848.0,32033.0
8001115,27767.0,114848.0,32999.0
8001116,27767.0,114848.0,31200.0
8001117,27767.0,114848.0,32100.0
8001118,16867.0,111060.0,32800.0
8001119,16867.0,111923.0,32800.0
8001120,16867.0,112785.0,32800.0
8001121,16867.0,111060.0,31133.0
8001122,16867.0,111923.0,31133.0
8001123,16867.0,112785.0,31133.0
8001124,16867.0,111060.0,31966.0
8001125,16867.0,112785.0,31966.0
8001126,16867.0,111923.0,31966.0
8001127,30067.0,114148.0,32999.0
8001128,30067.0,114148.0,31200.0
8001129,30067.0,114148.0,32100.0
8001130,27067.0,111448.0,32999.0
8001131,27067.0,112448.0,32999.0
8001132,27067.0,111448.0,31200.0
8001133,27067.0,112448.0,31200.0
8001134,27067.0,111448.0,32100.0
8001135,27067.0,112448.0,32100.0
8001136,27767.0,113448.0,33299.0
8001137,27767.0,113448.0,31200.0
8001138,27767.0,113448.0,32100.0
8001139,27567.0,110448.0,32999.0
8001140,27567.0,110448.0,31200.0
8001141,27567.0,110448.0,32100.0
8001142,30067.0,111448.0,33299.0
8001143,30067.0,112448.0,33299.0
8001144,30067.0,111448.0,31200.0
8001145,30067.0,112448.0,31200.0
8001146,30067.0,111448.0,32100.0
8001147,30067.0,112448.0,32100.0
8001148,20667.0,109345.0,32999.0
8001149,20667.0,109345.0,31200.0
8001150,20667.0,109345.0,32100.0
8001151,21533.0,108798.0,33299.0
8001152,22400.0,108798.0,33299.0
8001153,21533.0,108798.0,31200.0
8001154,22400.0,108798.0,31200.0
8001155,21533.0,108798.0,32100.0
8001156,22400.0,108798.0,32100.0
8001157,23267.0,109345.0,32999.0
8001158,23267.0,109345.0,31200.0
8001159,23267.0,109345.0,32100.0
8001160,17317.0,107148.0,32999.0
8001161,17317.0,107148.0,31200.0
8001162,17317.0,107148.0,32100.0
8001163,21533.0,107131.0,33299.0
8001164,22400.0,107139.0,33299.0
8001165,21533.0,107131.0,31200.0
8001166,22400.0,107139.0,31200.0
8001167,21533.0,107131.0,32100.0
8001168,22400.0,107139.0,32100.0
8001169,23267.0,106723.0,32999.0
8001170,23267.0,106723.0,31200.0
8001171,23267.0,106723.0,32100.0
8001172,27067.0,106723.0,32999.0
8001173,27067.0,106723.0,31200.0
8001174,27067.0,106723.0,32100.0
8001175,28067.0,107148.0,32999.0
8001176,29067.0,107148.0,32999.0
8001177,28067.0,107148.0,31200.0
8001178,29067.0,107148.0,31200.0
8001179,28067.0,107148.0,32100.0
8001180,29067.0,107148.0,32100.0
8001181,16867.0,101931.0,32999.0
8001182,16867.0,102814.0,32999.0
8001183,16867.0,101931.0,31200.0
8001184,16867.0,102814.0,31200.0
8001185,16867.0,101931.0,32100.0
8001186,16867.0,102814.0,32100.0
8001187,16867.0,99381.0,32999.0
8001188,16867.0,100214.0,32999.0
8001189,16867.0,99381.0,31200.0
8001190,16867.0,100214.0,31200.0
8001191,16867.0,99381.0,32100.0
8001192,16867.0,100214.0,32100.0
8001193,17317.0,101048.0,32999.0
8001194,17317.0,101048.0,31200.0
8001195,17317.0,101048.0,32100.0
8001196,18617.0,101048.0,32999.0
8001197,18617.0,101048.0,31200.0
8001198,18617.0,101048.0,32100.0
8001199,20667.0,99381.0,32999.0
8001200,20667.0,100214.0,32999.0
8001201,20667.0,99381.0,31200.0
8001202,20667.0,100214.0,31200.0
8001203,20667.0,99381.0,32100.0
8001204,20667.0,100214.0,32100.0
8001205,17642.0,98548.0,32999.0
8001206,17642.0,98548.0,31200.0
8001207,17642.0,98548.0,32100.0
8001208,21533.0,98548.0,32999.0
8001209,22400.0,98548.0,32999.0
8001210,21533.0,98548.0,31200.0
8001211,22400.0,98548.0,31200.0
8001212,21533.0,98548.0,32100.0
8001213,22400.0,98548.0,32100.0
8001214,23267.0,99070.0,32999.0
8001215,23267.0,99070.0,31200.0
8001216,23267.0,99070.0,32100.0
8001217,27067.0,99070.0,32999.0
8001218,27067.0,99070.0,31200.0
8001219,27067.0,99070.0,32100.0
8001220,28067.0,98548.0,32999.0
8001221,29067.0,98548.0,32999.0
8001222,28067.0,98548.0,31200.0
8001223,29067.0,98548.0,31200.0
8001224,28067.0,98548.0,32100.0
8001225,29067.0,98548.0,32100.0
8001226,16867.0,114248.0,32800.0
8001227,16867.0,114248.0,31133.0
8001228,16867.0,114248.0,31966.0
8001229,20667.0,114248.0,32800.0
8001230,20667.0,114248.0,31133.0
8001231,20667.0,114248.0,31966.0
8001232,20292.0,114848.0,32800.0
8001233,20292.0,114848.0,31133.0
8001234,20292.0,114848.0,31966.0
8001235,18142.0,114848.0,32800.0
8001236,18145.0,114848.0,33350.0
8001237,18642.0,114848.0,33350.0
8001238,19142.0,114848.0,33350.0
8001239,19639.0,114848.0,33350.0
8001240,19642.0,114848.0,32800.0
8001241,18142.0,114848.0,31133.0
8001242,19642.0,114848.0,31133.0
8001243,18142.0,114848.0,31966.0
8001244,19642.0,114848.0,31966.0
8001245,18642.0,114848.0,32800.0
8001246,19142.0,114848.0,32800.0
8001247,29267.0,114848.0,32999.0
8001248,29267.0,114848.0,31200.0
8001249,29267.0,114848.0,32100.0
8001250,20067.0,101048.0,32999.0
8001251,20067.0,101048.0,31200.0
8001252,20067.0,101048.0,32100.0
8001253,16867.0,104698.0,32999.0
8001254,16867.0,105698.0,32999.0
8001255,16867.0,104698.0,31200.0
8001256,16867.0,105698.0,31200.0
8001257,16867.0,104698.0,32100.0
8001258,16867.0,105698.0,32100.0
8001259,20667.0,106710.0,32999.0
8001260,20667.0,106710.0,31200.0
8001261,20667.0,106710.0,32100.0
8001262,23267.0,114248.0,32999.0
8001263,23267.0,114248.0,31200.0
8001264,23267.0,114248.0,32100.0
8001265,30067.0,99381.0,32999.0
8001266,30067.0,100214.0,32999.0
8001267,30067.0,99381.0,31200.0
8001268,30067.0,100214.0,31200.0
8001269,30067.0,99381.0,32100.0
8001270,30067.0,100214.0,32100.0
8001271,30067.0,105281.0,32999.0
8001272,30067.0,106214.0,32999.0
8001273,30067.0,105281.0,31200.0
8001274,30067.0,106214.0,31200.0
8001275,30067.0,105281.0,32100.0
8001276,30067.0,106214.0,32100.0
8001277,30067.0,102481.0,32999.0
8001278,30067.0,103414.0,32999.0
8001279,30067.0,102481.0,31200.0
8001280,30067.0,103414.0,31200.0
8001281,30067.0,102481.0,32100.0
8001282,30067.0,103414.0,32100.0
8001283,60347.0,101873.0,32800.0
8001284,60347.0,102698.0,32800.0
8001285,60347.0,103523.0,32800.0
8001286,60347.0,101873.0,31133.0
8001287,60347.0,102698.0,31133.0
8001288,60347.0,103523.0,31133.0
8001289,60347.0,101873.0,31966.0
8001290,60347.0,103523.0,31966.0
8001291,60347.0,102698.0,31966.0
8001292,63747.0,111328.0,32800.0
8001293,63747.0,112208.0,32800.0
8001294,63747.0,113088.0,32800.0
8001295,63747.0,113968.0,32800.0
8001296,63747.0,111328.0,31133.0
8001297,63747.0,112208.0,31133.0
8001298,63747.0,113088.0,31133.0
8001299,63747.0,113968.0,31133.0
8001300,63747.0,111328.0,31966.0
8001301,63747.0,113968.0,31966.0
8001302,63747.0,112208.0,31966.0
8001303,63747.0,113088.0,31966.0
8001304,61022.0,114848.0,32800.0
8001305,61697.0,114848.0,32800.0
8001306,61700.0,114848.0,33350.0
8001307,62197.0,114848.0,33350.0
8001308,62697.0,114848.0,33350.0
8001309,63194.0,114848.0,33350.0
8001310,63197.0,114848.0,32800.0
8001311,61022.0,114848.0,31133.0
8001312,61697.0,114848.0,31133.0
8001313,63197.0,114848.0,31133.0
8001314,61022.0,114848.0,31966.0
8001315,63197.0,114848.0,31966.0
8001316,62197.0,114848.0,32800.0
8001317,61697.0,114848.0,31966.0
8001318,62697.0,114848.0,32800.0
8001319,52947.0,104560.0,32999.0
8001320,52947.0,105423.0,32999.0
8001321,52947.0,106285.0,32999.0
8001322,52947.0,104560.0,31200.0
8001323,52947.0,105423.0,31200.0
8001324,52947.0,106285.0,31200.0
8001325,52947.0,104560.0,32100.0
8001326,52947.0,106285.0,32100.0
8001327,52947.0,105423.0,32100.0
8001328,53722.0,98548.0,32999.0
8001329,53722.0,98548.0,31200.0
8001330,53722.0,98548.0,32100.0
8001331,52947.0,99381.0,32999.0
8001332,52947.0,100214.0,32999.0
8001333,52947.0,99381.0,31200.0
8001334,52947.0,100214.0,31200.0
8001335,52947.0,99381.0,32100.0
8001336,52947.0,100214.0,32100.0
8001337,52947.0,101931.0,32999.0
8001338,52947.0,102814.0,32999.0
8001339,52947.0,101931.0,31200.0
8001340,52947.0,102814.0,31200.0
8001341,52947.0,101931.0,32100.0
8001342,52947.0,102814.0,32100.0
8001343,53397.0,101048.0,32999.0
8001344,53397.0,101048.0,31200.0
8001345,53397.0,101048.0,32100.0
8001346,53397.0,107148.0,32999.0
8001347,53397.0,107148.0,31200.0
8001348,53397.0,107148.0,32100.0
8001349,56347.0,111328.0,32999.0
8001350,56347.0,112208.0,32999.0
8001351,56347.0,113088.0,32999.0
8001352,56347.0,111328.0,31200.0
8001353,56347.0,112208.0,31200.0
8001354,56347.0,113088.0,31200.0
8001355,56347.0,111328.0,32100.0
8001356,56347.0,113088.0,32100.0
8001357,56347.0,112208.0,32100.0
8001358,52947.0,111128.0,32800.0
8001359,52947.0,112058.0,32800.0
8001360,52947.0,112988.0,32800.0
8001361,52947.0,113918.0,32800.0
8001362,52947.0,111128.0,31133.0
8001363,52947.0,112058.0,31133.0
8001364,52947.0,112988.0,31133.0
8001365,52947.0,113918.0,31133.0
8001366,52947.0,111128.0,31966.0
8001367,52947.0,113918.0,31966.0
8001368,52947.0,112058.0,31966.0
8001369,52947.0,112988.0,31966.0
8001370,53622.0,114848.0,32800.0
8001371,54297.0,114848.0,32800.0
8001372,54300.0,114848.0,33350.0
8001373,54797.0,114848.0,33350.0
8001374,55297.0,114848.0,33350.0
8001375,55794.0,114848.0,33350.0
8001376,55797.0,114848.0,32800.0
8001377,53622.0,114848.0,31133.0
8001378,54297.0,114848.0,31133.0
8001379,55797.0,114848.0,31133.0
8001380,53622.0,114848.0,31966.0
8001381,55797.0,114848.0,31966.0
8001382,54797.0,114848.0,32800.0
8001383,54297.0,114848.0,31966.0
8001384,55297.0,114848.0,32800.0
8001385,56347.0,106673.0,32999.0
8001386,56347.0,106673.0,31200.0
8001387,56347.0,106673.0,32100.0
8001388,56347.0,99381.0,32999.0
8001389,56347.0,100214.0,32999.0
8001390,56347.0,99381.0,31200.0
8001391,56347.0,100214.0,31200.0
8001392,56347.0,99381.0,32100.0
8001393,56347.0,100214.0,32100.0
8001394,63747.0,102064.0,32900.0
8001395,63747.0,103081.0,32900.0
8001396,63747.0,104098.0,32900.0
8001397,63747.0,105114.0,32900.0
8001398,63747.0,106131.0,32900.0
8001399,63747.0,102064.0,31166.0
8001400,63747.0,103081.0,31166.0
8001401,63747.0,104098.0,31166.0
8001402,63747.0,105114.0,31166.0
8001403,63747.0,106131.0,31166.0
8001404,63747.0,102064.0,32033.0
8001405,63747.0,106131.0,32033.0
8001406,63747.0,103081.0,32033.0
8001407,63747.0,104098.0,32033.0
8001408,63747.0,105114.0,32033.0
8001409,63747.0,99381.0,32800.0
8001410,63747.0,100214.0,32800.0
8001411,63747.0,99381.0,31133.0
8001412,63747.0,100214.0,31133.0
8001413,63747.0,99381.0,31966.0
8001414,63747.0,100214.0,31966.0
8001415,54680.0,101048.0,32999.0
8001416,55513.0,101048.0,32999.0
8001417,54680.0,101048.0,31200.0
8001418,55513.0,101048.0,31200.0
8001419,54680.0,101048.0,32100.0
8001420,55513.0,101048.0,32100.0
8001421,60822.0,98548.0,32800.0
8001422,61297.0,98548.0,32800.0
8001423,61300.0,98548.0,33350.0
8001424,61797.0,98548.0,33350.0
8001425,62297.0,98548.0,33350.0
8001426,62794.0,98548.0,33350.0
8001427,62797.0,98548.0,32800.0
8001428,63272.0,98548.0,32800.0
8001429,60822.0,98548.0,31133.0
8001430,61297.0,98548.0,31133.0
8001431,63272.0,98548.0,31133.0
8001432,62797.0,98548.0,31133.0
8001433,60822.0,98548.0,31966.0
8001434,63272.0,98548.0,31966.0
8001435,61797.0,98548.0,32800.0
8001436,61297.0,98548.0,31966.0
8001437,62297.0,98548.0,32800.0
8001438,62797.0,98548.0,31966.0
8001439,61197.0,101048.0,32800.0
8001440,62047.0,101048.0,32800.0
8001441,62897.0,101048.0,32800.0
8001442,61197.0,101048.0,31133.0
8001443,62047.0,101048.0,31133.0
8001444,62897.0,101048.0,31133.0
8001445,61197.0,101048.0,31966.0
8001446,62897.0,101048.0,31966.0
8001447,62047.0,101048.0,31966.0
8001448,111267.0,104698.0,32999.0
8001449,111267.0,105698.0,32999.0
8001450,111267.0,104698.0,31200.0
8001451,111267.0,105698.0,31200.0
8001452,111267.0,104698.0,32100.0
8001453,111267.0,105698.0,32100.0
8001454,108067.0,101048.0,32999.0
8001455,108067.0,101048.0,31200.0
8001456,108067.0,101048.0,32100.0
8001457,98867.0,114848.0,32999.0
8001458,98867.0,114848.0,31200.0
8001459,98867.0,114848.0,32100.0
8001460,108492.0,114848.0,32800.0
8001461,108495.0,114848.0,33350.0
8001462,108992.0,114848.0,33350.0
8001463,109492.0,114848.0,33350.0
8001464,109989.0,114848.0,33350.0
8001465,109992.0,114848.0,32800.0
8001466,108492.0,114848.0,31133.0
8001467,109992.0,114848.0,31133.0
8001468,108492.0,114848.0,31966.0
8001469,109992.0,114848.0,31966.0
8001470,108992.0,114848.0,32800.0
8001471,109492.0,114848.0,32800.0
8001472,107842.0,114848.0,32900.0
8001473,107842.0,114848.0,31166.0
8001474,107842.0,114848.0,32033.0
8001475,107467.0,114248.0,32900.0
8001476,107467.0,114248.0,31166.0
8001477,107467.0,114248.0,32033.0
8001478,111267.0,114248.0,32999.0
8001479,111267.0,114248.0,31200.0
8001480,111267.0,114248.0,32100.0
8001481,110767.0,114848.0,32900.0
8001482,110767.0,114848.0,31166.0
8001483,110767.0,114848.0,32033.0
8001484,110492.0,98548.0,32999.0
8001485,110492.0,98548.0,31200.0
8001486,110492.0,98548.0,32100.0
8001487,99067.0,98548.0,32999.0
8001488,100067.0,98548.0,32999.0
8001489,99067.0,98548.0,31200.0
8001490,100067.0,98548.0,31200.0
8001491,99067.0,98548.0,32100.0
8001492,100067.0,98548.0,32100.0
8001493,105733.0,98548.0,32999.0
8001494,106600.0,98548.0,32999.0
8001495,105733.0,98548.0,31200.0
8001496,106600.0,98548.0,31200.0
8001497,105733.0,98548.0,32100.0
8001498,106600.0,98548.0,32100.0
8001499,101067.0,99070.0,32999.0
8001500,101067.0,99070.0,31200.0
8001501,101067.0,99070.0,32100.0
8001502,104867.0,99070.0,32999.0
8001503,104867.0,99070.0,31200.0
8001504,104867.0,99070.0,32100.0
8001505,107467.0,99381.0,32999.0
8001506,107467.0,100214.0,32999.0
8001507,107467.0,99381.0,31200.0
8001508,107467.0,100214.0,31200.0
8001509,107467.0,99381.0,32100.0
8001510,107467.0,100214.0,32100.0
8001511,109517.0,101048.0,32999.0
8001512,109517.0,101048.0,31200.0
8001513,109517.0,101048.0,32100.0
8001514,110817.0,101048.0,32999.0
8001515,110817.0,101048.0,31200.0
8001516,110817.0,101048.0,32100.0
8001517,111267.0,99381.0,32999.0
8001518,111267.0,100214.0,32999.0
8001519,111267.0,99381.0,31200.0
8001520,111267.0,100214.0,31200.0
8001521,111267.0,99381.0,32100.0
8001522,111267.0,100214.0,32100.0
8001523,111267.0,101931.0,32999.0
8001524,111267.0,102814.0,32999.0
8001525,111267.0,101931.0,31200.0
8001526,111267.0,102814.0,31200.0
8001527,111267.0,101931.0,32100.0
8001528,111267.0,102814.0,32100.0
8001529,99067.0,107148.0,32999.0
8001530,100067.0,107148.0,32999.0
8001531,99067.0,107148.0,31200.0
8001532,100067.0,107148.0,31200.0
8001533,99067.0,107148.0,32100.0
8001534,100067.0,107148.0,32100.0
8001535,101067.0,106723.0,32999.0
8001536,101067.0,106723.0,31200.0
8001537,101067.0,106723.0,32100.0
8001538,104867.0,106723.0,32999.0
8001539,104867.0,106723.0,31200.0
8001540,104867.0,106723.0,32100.0
8001541,105733.0,107139.0,33299.0
8001542,106600.0,107131.0,33299.0
8001543,105733.0,107139.0,31200.0
8001544,106600.0,107131.0,31200.0
8001545,105733.0,107139.0,32100.0
8001546,106600.0,107131.0,32100.0
8001547,110817.0,107148.0,32999.0
8001548,110817.0,107148.0,31200.0
8001549,110817.0,107148.0,32100.0
8001550,104867.0,109345.0,32999.0
8001551,104867.0,109345.0,31200.0
8001552,104867.0,109345.0,32100.0
8001553,105733.0,108798.0,33299.0
8001554,106600.0,108798.0,33299.0
8001555,105733.0,108798.0,31200.0
8001556,106600.0,108798.0,31200.0
8001557,105733.0,108798.0,32100.0
8001558,106600.0,108798.0,32100.0
8001559,107467.0,109345.0,32999.0
8001560,107467.0,109345.0,31200.0
8001561,107467.0,109345.0,32100.0
8001562,98067.0,111448.0,33299.0
8001563,98067.0,112448.0,33299.0
8001564,98067.0,111448.0,31200.0
8001565,98067.0,112448.0,31200.0
8001566,98067.0,111448.0,32100.0
8001567,98067.0,112448.0,32100.0
8001568,100567.0,110448.0,32999.0
8001569,100567.0,110448.0,31200.0
8001570,100567.0,110448.0,32100.0
8001571,100367.0,113448.0,33299.0
8001572,100367.0,113448.0,31200.0
8001573,100367.0,113448.0,32100.0
8001574,101067.0,111448.0,32999.0
8001575,101067.0,112448.0,32999.0
8001576,101067.0,111448.0,31200.0
8001577,101067.0,112448.0,31200.0
8001578,101067.0,111448.0,32100.0
8001579,101067.0,112448.0,32100.0
8001580,98067.0,114148.0,32999.0
8001581,98067.0,114148.0,31200.0
8001582,98067.0,114148.0,32100.0
8001583,111267.0,111060.0,32999.0
8001584,111267.0,111923.0,32999.0
8001585,111267.0,112785.0,32999.0
8001586,111267.0,111060.0,31200.0
8001587,111267.0,111923.0,31200.0
8001588,111267.0,112785.0,31200.0
8001589,111267.0,111060.0,32100.0
8001590,111267.0,112785.0,32100.0
8001591,111267.0,111923.0,32100.0
8001592,100367.0,114848.0,32999.0
8001593,100367.0,114848.0,31200.0
8001594,100367.0,114848.0,32100.0
8001595,105733.0,114848.0,32999.0
8001596,106600.0,114848.0,32999.0
8001597,105733.0,114848.0,31200.0
8001598,106600.0,114848.0,31200.0
8001599,105733.0,114848.0,32100.0
8001600,106600.0,114848.0,32100.0
8001601,107467.0,106710.0,32999.0
8001602,107467.0,106710.0,31200.0
8001603,107467.0,106710.0,32100.0
8001604,98067.0,102481.0,32999.0
8001605,98067.0,103414.0,32999.0
8001606,98067.0,102481.0,31200.0
8001607,98067.0,103414.0,31200.0
8001608,98067.0,102481.0,32100.0
8001609,98067.0,103414.0,32100.0
8001610,98067.0,105281.0,32999.0
8001611,98067.0,106214.0,32999.0
8001612,98067.0,105281.0,31200.0
8001613,98067.0,106214.0,31200.0
8001614,98067.0,105281.0,32100.0
8001615,98067.0,106214.0,32100.0
8001616,104867.0,114248.0,32999.0
8001617,104867.0,114248.0,31200.0
8001618,104867.0,114248.0,32100.0
8001619,98067.0,99381.0,32999.0
8001620,98067.0,100214.0,32999.0
8001621,98067.0,100881.0,32999.0
8001622,98067.0,99381.0,31200.0
8001623,98067.0,100214.0,31200.0
8001624,98067.0,100881.0,31200.0
8001625,98067.0,99381.0,32100.0
8001626,98067.0,100881.0,32100.0
8001627,98067.0,100214.0,32100.0
8001628,61197.0,110448.0,32800.0
8001629,62047.0,110448.0,32800.0
8001630,62897.0,110448.0,32800.0
8001631,61197.0,110448.0,31133.0
8001632,62047.0,110448.0,31133.0
8001633,62897.0,110448.0,31133.0
8001634,61197.0,110448.0,31966.0
8001635,62897.0,110448.0,31966.0
8001636,62047.0,110448.0,31966.0
8001637,24217.0,113842.0,33899.0
8001638,24217.0,112888.0,33899.0
8001639,24217.0,111942.0,33899.0
8001640,24217.0,110977.0,33899.0
8001641,24217.0,109999.0,33899.0
8001642,24217.0,109011.0,33899.0
8001643,24217.0,108071.0,33899.0
8001644,25167.0,113929.0,33899.0
8001645,25167.0,113007.0,33899.0
8001646,25167.0,112066.0,33899.0
8001647,25167.0,111102.0,33899.0
8001648,25167.0,110119.0,33899.0
8001649,25167.0,109126.0,33899.0
8001650,25167.0,108135.0,33899.0
8001651,26117.0,114015.0,33899.0
8001652,26117.0,113157.0,33899.0
8001653,26117.0,112223.0,33899.0
8001654,26117.0,111253.0,33899.0
8001655,26117.0,110256.0,33899.0
8001656,26117.0,109228.0,33899.0
8001657,26117.0,108189.0,33899.0
8001658,27767.0,114148.0,33899.0
8001659,29267.0,114148.0,33899.0
8001660,17833.0,112807.0,33899.0
8001661,17803.0,111978.0,33899.0
8001662,17814.0,109560.0,33899.0
8001663,17803.0,110360.0,33899.0
8001664,17797.0,111175.0,33899.0
8001665,18747.0,110499.0,33899.0
8001666,18711.0,111308.0,33899.0
8001667,18758.0,109644.0,33899.0
8001668,18725.0,111989.0,33899.0
8001669,18796.0,112799.0,33899.0
8001670,19605.0,111720.0,33899.0
8001671,19687.0,110724.0,33899.0
8001672,19711.0,109759.0,33899.0
8001673,19736.0,112715.0,33899.0
8001674,17727.0,107952.0,33899.0
8001675,18522.0,107951.0,33899.0
8001676,19173.0,107945.0,33899.0
8001677,19928.0,107945.0,33899.0
8001678,21533.0,107964.0,33899.0
8001679,22400.0,107968.0,33899.0
8001680,24217.0,106235.0,33899.0
8001681,24217.0,105296.0,33899.0
8001682,25167.0,106224.0,33899.0
8001683,25167.0,105289.0,33899.0
8001684,26117.0,106235.0,33899.0
8001685,26117.0,105296.0,33899.0
8001686,17733.0,100214.0,33899.0
8001687,17704.0,99381.0,33899.0
8001688,18596.0,100214.0,33899.0
8001689,18559.0,99381.0,33899.0
8001690,24217.0,103414.0,33899.0
8001691,24217.0,102481.0,33899.0
8001692,25167.0,103414.0,33899.0
8001693,25167.0,102481.0,33899.0
8001694,26117.0,103414.0,33899.0
8001695,26117.0,102481.0,33899.0
8001696,24217.0,100556.0,33899.0
8001697,24217.0,99559.0,33899.0
8001698,25167.0,100552.0,33899.0
8001699,25167.0,99553.0,33899.0
8001700,26117.0,100556.0,33899.0
8001701,26117.0,99559.0,33899.0
8001702,53835.0,107943.0,33899.0
8001703,54736.0,107923.0,33899.0
8001704,55602.0,107903.0,33899.0
8001705,109538.0,100214.0,33899.0
8001706,109574.0,99381.0,33899.0
8001707,110401.0,100214.0,33899.0
8001708,110429.0,99381.0,33899.0
8001709,98867.0,114148.0,33899.0
8001710,100367.0,114148.0,33899.0
8001711,108372.0,112745.0,33899.0
8001712,108436.0,111814.0,33899.0
8001713,108445.0,109786.0,33899.0
8001714,108536.0,110807.0,33899.0
8001715,109424.0,111113.0,33899.0
8001716,109371.0,111930.0,33899.0
8001717,109425.0,110435.0,33899.0
8001718,109388.0,109627.0,33899.0
8001719,109326.0,112783.0,33899.0
8001720,110341.0,110329.0,33899.0
8001721,110337.0,111124.0,33899.0
8001722,110328.0,109547.0,33899.0
8001723,110293.0,112795.0,33899.0
8001724,110320.0,111948.0,33899.0
8001725,102017.0,100556.0,33899.0
8001726,102017.0,99559.0,33899.0
8001727,102967.0,100552.0,33899.0
8001728,102967.0,99553.0,33899.0
8001729,103917.0,100556.0,33899.0
8001730,103917.0,99559.0,33899.0
8001731,108205.0,107945.0,33899.0
8001732,108960.0,107945.0,33899.0
8001733,109611.0,107951.0,33899.0
8001734,110406.0,107952.0,33899.0
8001735,102017.0,106235.0,33899.0
8001736,102017.0,105296.0,33899.0
8001737,102967.0,106224.0,33899.0
8001738,102967.0,105289.0,33899.0
8001739,103917.0,106235.0,33899.0
8001740,103917.0,105296.0,33899.0
8001741,102017.0,114015.0,33899.0
8001742,102017.0,113157.0,33899.0
8001743,102017.0,112223.0,33899.0
8001744,102017.0,111253.0,33899.0
8001745,102017.0,110256.0,33899.0
8001746,102017.0,109228.0,33899.0
8001747,102017.0,108189.0,33899.0
8001748,102967.0,113929.0,33899.0
8001749,102967.0,113007.0,33899.0
8001750,102967.0,112066.0,33899.0
8001751,102967.0,111102.0,33899.0
8001752,102967.0,110119.0,33899.0
8001753,102967.0,109126.0,33899.0
8001754,102967.0,108135.0,33899.0
8001755,103917.0,113842.0,33899.0
8001756,103917.0,112888.0,33899.0
8001757,103917.0,111942.0,33899.0
8001758,103917.0,110977.0,33899.0
8001759,103917.0,109999.0,33899.0
8001760,103917.0,109011.0,33899.0
8001761,103917.0,108071.0,33899.0
8001762,102017.0,103414.0,33899.0
8001763,102017.0,102481.0,33899.0
8001764,102967.0,103414.0,33899.0
8001765,102967.0,102481.0,33899.0
8001766,103917.0,103414.0,33899.0
8001767,103917.0,102481.0,33899.0
8001768,105733.0,107968.0,33899.0
8001769,106600.0,107964.0,33899.0
9000001,23267.0,114848.0,37500.0
9000002,27067.0,114848.0,37500.0
9000003,20667.0,114848.0,37500.0
9000004,30067.0,114848.0,37500.0
9000005,27067.0,113448.0,37500.0
9000006,27067.0,110448.0,37500.0
9000007,30067.0,113448.0,37500.0
9000008,20667.0,111848.0,37500.0
9000009,20667.0,108798.0,37500.0
9000010,23267.0,111848.0,37500.0
9000011,16867.0,108748.0,37500.0
9000012,23267.0,108798.0,37500.0
9000013,16867.0,107148.0,37500.0
9000014,30067.0,107148.0,37500.0
9000015,23267.0,107148.0,37500.0
9000016,20667.0,107123.0,37500.0
9000017,27067.0,107148.0,37500.0
9000018,16867.0,101048.0,37500.0
9000019,17767.0,107148.0,37500.0
9000020,17767.0,101048.0,37500.0
9000021,20667.0,104348.0,37500.0
9000022,23267.0,104348.0,37500.0
9000023,27067.0,104348.0,37500.0
9000024,20667.0,101548.0,37500.0
9000025,20667.0,101048.0,37500.0
9000026,23267.0,101548.0,37500.0
9000027,27067.0,101548.0,37500.0
9000028,20667.0,98548.0,37500.0
9000029,23267.0,98548.0,37500.0
9000030,27067.0,98548.0,37500.0
9000031,16867.0,110198.0,37500.0
9000032,30067.0,110448.0,37500.0
9000033,23267.0,109893.0,37500.0
9000034,28067.0,110448.0,37500.0
9000035,23267.0,106298.0,37500.0
9000036,27067.0,106298.0,37500.0
9000037,20167.0,107098.0,37500.0
9000038,23267.0,99593.0,37500.0
9000039,27067.0,99593.0,37500.0
9000040,18417.0,98548.0,37500.0
9000041,20667.0,113648.0,37500.0
9000042,16867.0,113648.0,37500.0
9000043,19917.0,113648.0,37500.0
9000044,19917.0,114848.0,37500.0
9000045,17867.0,113648.0,37500.0
9000046,17867.0,114848.0,37500.0
9000047,28467.0,113448.0,37500.0
9000048,28467.0,114848.0,37500.0
9000049,19467.0,98548.0,37500.0
9000050,19467.0,101048.0,37500.0
9000051,17767.0,103698.0,37500.0
9000052,16867.0,103698.0,37500.0
9000053,20667.0,106298.0,37500.0
9000054,23267.0,113648.0,37500.0
9000055,20667.0,109893.0,37500.0
9000056,4867.0,114848.0,37500.0
9000057,4867.0,106698.0,37500.0
9000058,4867.0,98548.0,37500.0
9000059,4867.0,87098.0,37500.0
9000060,4867.0,126298.0,37500.0
9000061,9467.0,126348.0,37500.0
9000062,13067.0,126348.0,37500.0
9000063,124067.0,114848.0,37500.0
9000064,124067.0,106698.0,37500.0
9000065,124067.0,98548.0,37500.0
9000066,124067.0,87098.0,37500.0
9000067,124067.0,126298.0,37500.0
9000068,30067.0,98548.0,37500.0
9000069,30067.0,101048.0,37500.0
9000070,30067.0,104348.0,37500.0
9000071,30067.0,101548.0,37500.0
9000072,13067.0,87048.0,37500.0
9000073,9467.0,87048.0,37500.0
9000074,63747.0,110448.0,37500.0
9000075,60347.0,101048.0,37500.0
9000076,60347.0,107048.0,37500.0
9000077,63747.0,107148.0,37500.0
9000078,52947.0,114848.0,37500.0
9000079,56347.0,108748.0,37500.0
9000080,52947.0,103698.0,37500.0
9000081,53847.0,103698.0,37500.0
9000082,54497.0,98548.0,37500.0
9000083,56347.0,110448.0,37500.0
9000084,52947.0,110198.0,37500.0
9000085,56347.0,113448.0,37500.0
9000086,52947.0,101048.0,37500.0
9000087,53847.0,101048.0,37500.0
9000088,53847.0,107148.0,37500.0
9000089,52947.0,107148.0,37500.0
9000090,56347.0,107048.0,37500.0
9000091,52947.0,108748.0,37500.0
9000092,56347.0,101548.0,37500.0
9000093,55947.0,107048.0,37500.0
9000094,56347.0,106298.0,37500.0
9000095,60347.0,110448.0,37500.0
9000096,56347.0,104348.0,37500.0
9000097,56347.0,101048.0,37500.0
9000098,63747.0,101048.0,37500.0
9000099,52947.0,98548.0,37500.0
9000100,60347.0,104348.0,37500.0
9000101,119800.0,87048.0,37500.0
9000102,115533.0,87048.0,37500.0
9000103,111267.0,103698.0,37500.0
9000104,110367.0,103698.0,37500.0
9000105,108667.0,101048.0,37500.0
9000106,108667.0,98548.0,37500.0
9000107,99667.0,114848.0,37500.0
9000108,99667.0,113448.0,37500.0
9000109,110267.0,114848.0,37500.0
9000110,110267.0,113648.0,37500.0
9000111,108217.0,114848.0,37500.0
9000112,108217.0,113648.0,37500.0
9000113,111267.0,113648.0,37500.0
9000114,107467.0,113648.0,37500.0
9000115,109717.0,98548.0,37500.0
9000116,101067.0,99593.0,37500.0
9000117,104867.0,99593.0,37500.0
9000118,107967.0,107098.0,37500.0
9000119,101067.0,106298.0,37500.0
9000120,104867.0,106298.0,37500.0
9000121,100067.0,110448.0,37500.0
9000122,104867.0,109893.0,37500.0
9000123,98067.0,110448.0,37500.0
9000124,111267.0,110198.0,37500.0
9000125,101067.0,98548.0,37500.0
9000126,104867.0,98548.0,37500.0
9000127,107467.0,98548.0,37500.0
9000128,101067.0,101548.0,37500.0
9000129,104867.0,101548.0,37500.0
9000130,107467.0,101048.0,37500.0
9000131,107467.0,101548.0,37500.0
9000132,101067.0,104348.0,37500.0
9000133,104867.0,104348.0,37500.0
9000134,107467.0,104348.0,37500.0
9000135,110367.0,101048.0,37500.0
9000136,110367.0,107148.0,37500.0
9000137,111267.0,101048.0,37500.0
9000138,101067.0,107148.0,37500.0
9000139,107467.0,107123.0,37500.0
9000140,104867.0,107148.0,37500.0
9000141,98067.0,107148.0,37500.0
9000142,111267.0,107148.0,37500.0
9000143,104867.0,108798.0,37500.0
9000144,111267.0,108748.0,37500.0
9000145,104867.0,111848.0,37500.0
9000146,107467.0,108798.0,37500.0
9000147,107467.0,111848.0,37500.0
9000148,98067.0,113448.0,37500.0
9000149,101067.0,110448.0,37500.0
9000150,101067.0,113448.0,37500.0
9000151,98067.0,114848.0,37500.0
9000152,107467.0,114848.0,37500.0
9000153,101067.0,114848.0,37500.0
9000154,104867.0,114848.0,37500.0
9000155,107467.0,106298.0,37500.0
9000156,98067.0,101548.0,37500.0
9000157,98067.0,104348.0,37500.0
9000158,107467.0,109893.0,37500.0
9000159,104867.0,113648.0,37500.0
9000160,98067.0,98548.0,37500.0
9000161,63747.0,98548.0,37500.0
9000162,56347.0,98548.0,37500.0
9000163,56347.0,114848.0,37500.0
9000164,63747.0,114848.0,37500.0
9000165,60347.0,114848.0,37500.0
9000166,60347.0,98548.0,37500.0
9000167,30067.0,87098.0,37500.0
9000168,30067.0,126298.0,37500.0
9000169,16867.0,98548.0,37500.0
9000170,16867.0,114848.0,37500.0
9000171,16867.0,106698.0,37500.0
9000172,16867.0,87098.0,37500.0
9000173,16867.0,126298.0,37500.0
9000174,111267.0,87098.0,37500.0
9000175,111267.0,126298.0,37500.0
9000176,98067.0,126298.0,37500.0
9000177,111267.0,98548.0,37500.0
9000178,98067.0,87098.0,37500.0
9000179,111267.0,106698.0,37500.0
9000180,111267.0,114848.0,37500.0
9000181,41507.0,126298.0,37500.0
9000182,41507.0,87098.0,37500.0
9000183,52947.0,87098.0,37500.0
9000184,52947.0,126298.0,37500.0
9000185,75187.0,87098.0,37500.0
9000186,75187.0,126298.0,37500.0
9000187,86627.0,126298.0,37500.0
9000188,86627.0,87098.0,37500.0
9000189,58347.0,98548.0,37500.0
9000190,58347.0,87048.0,37500.0
9000191,58322.0,126348.0,37500.0
9000192,58322.0,114848.0,37500.0
9000193,119800.0,126348.0,37500.0
9000194,115533.0,126348.0,37500.0
9000195,107467.0,126348.0,37500.0
9000196,107467.0,87048.0,37500.0
9000197,102967.0,98548.0,37500.0
9000198,102967.0,87048.0,37500.0
9000199,102967.0,114848.0,37500.0
9000200,102967.0,126348.0,37500.0
9000201,92347.0,126348.0,37500.0
9000202,92347.0,87048.0,37500.0
9000203,80907.0,126348.0,37500.0
9000204,69467.0,126348.0,37500.0
9000205,69467.0,87048.0,37500.0
9000206,47227.0,126348.0,37500.0
9000207,47227.0,87048.0,37500.0
9000208,35787.0,126348.0,37500.0
9000209,35787.0,87048.0,37500.0
9000210,25167.0,98548.0,37500.0
9000211,25167.0,87048.0,37500.0
9000212,20667.0,87048.0,37500.0
9000213,25167.0,114848.0,37500.0
9000214,25167.0,126348.0,37500.0
9000215,20667.0,126348.0,37500.0
9000216,30067.0,106698.0,37500.0
9000217,52947.0,106698.0,37500.0
9000218,63747.0,106698.0,37500.0
9000219,98067.0,106698.0,37500.0
9000220,119800.0,106698.0,37500.0
9000221,115533.0,106698.0,37500.0
9000222,47227.0,106698.0,37500.0
9000223,35787.0,106698.0,37500.0
9000224,41507.0,106698.0,37500.0
9000225,13067.0,106698.0,37500.0
9000226,9467.0,106698.0,37500.0
9000227,119800.0,98548.0,37500.0
9000228,115533.0,98548.0,37500.0
9000229,47227.0,98548.0,37500.0
9000230,35787.0,98548.0,37500.0
9000231,41507.0,98548.0,37500.0
9000232,13067.0,98548.0,37500.0
9000233,9467.0,98548.0,37500.0
9000234,119800.0,114848.0,37500.0
9000235,115533.0,114848.0,37500.0
9000236,47227.0,114848.0,37500.0
9000237,35787.0,114848.0,37500.0
9000238,41507.0,114848.0,37500.0
9000239,13067.0,114848.0,37500.0
9000240,9467.0,114848.0,37500.0
9000241,63747.0,126298.0,37500.0
9000242,63747.0,87098.0,37500.0
9000243,92347.0,98548.0,37500.0
9000244,92347.0,107148.0,37500.0
9000245,92347.0,114848.0,37500.0
9000246,69467.0,98548.0,37500.0
9000247,69467.0,107148.0,37500.0
9000248,69467.0,114848.0,37500.0
9000249,75187.0,98548.0,37500.0
9000250,75187.0,107148.0,37500.0
9000251,75187.0,114848.0,37500.0
9000252,86627.0,98548.0,37500.0
9000253,86627.0,107148.0,37500.0
9000254,86627.0,114848.0,37500.0
9000255,80907.0,98548.0,37500.0
9000256,80907.0,107148.0,37500.0
9000257,80907.0,114848.0,37500.0
9000258,80907.0,87048.0,37500.0
9000259,27067.0,113448.0,36900.0
9000260,27067.0,114848.0,36900.0
9000261,20667.0,107123.0,36900.0
9000262,20667.0,108798.0,36900.0
9000263,28067.0,110448.0,36900.0
9000264,30067.0,110448.0,36900.0
9000265,23267.0,107148.0,36900.0
9000266,23267.0,108798.0,36900.0
9000267,17767.0,107148.0,36800.0
9000268,20167.0,107098.0,36800.0
9000269,18417.0,98548.0,36750.0
9000270,19467.0,98548.0,36750.0
9000271,28467.0,113448.0,36900.0
9000272,30067.0,113448.0,36900.0
9000273,20667.0,98548.0,36750.0
9000274,56347.0,113448.0,36800.0
9000275,56347.0,114848.0,36800.0
9000276,53847.0,107148.0,36800.0
9000277,55947.0,107048.0,36800.0
9000278,54497.0,98548.0,36750.0
9000279,56347.0,98548.0,36750.0
9000280,107467.0,98548.0,36750.0
9000281,108667.0,98548.0,36750.0
9000282,98067.0,113448.0,36900.0
9000283,99667.0,113448.0,36900.0
9000284,107967.0,107098.0,36800.0
9000285,110367.0,107148.0,36800.0
9000286,104867.0,107148.0,36900.0
9000287,104867.0,108798.0,36900.0
9000288,107467.0,107123.0,36900.0
9000289,107467.0,108798.0,36900.0
9000290,101067.0,113448.0,36900.0
9000291,101067.0,114848.0,36900.0
9000292,98067.0,110448.0,36900.0
9000293,100067.0,110448.0,36900.0
9000294,109717.0,98548.0,36750.0
9000295,17367.0,114848.0,37500.0
9000296,21533.0,114848.0,37500.0
9000297,22400.0,114848.0,37500.0
9000298,27767.0,114848.0,37500.0
9000299,16867.0,111060.0,37500.0
9000300,16867.0,111923.0,37500.0
9000301,16867.0,112785.0,37500.0
9000302,27067.0,113798.0,37500.0
9000303,27067.0,114148.0,37500.0
9000304,27067.0,114498.0,37500.0
9000305,30067.0,114148.0,37500.0
9000306,27067.0,111448.0,37500.0
9000307,27067.0,112448.0,37500.0
9000308,27767.0,113448.0,37500.0
9000309,27567.0,110448.0,37500.0
9000310,30067.0,111448.0,37500.0
9000311,30067.0,112448.0,37500.0
9000312,20667.0,109345.0,37500.0
9000313,20667.0,107541.0,37500.0
9000314,20667.0,107960.0,37500.0
9000315,20667.0,108379.0,37500.0
9000316,21533.0,108798.0,37500.0
9000317,22400.0,108798.0,37500.0
9000318,23267.0,109345.0,37500.0
9000319,28567.0,110448.0,37500.0
9000320,29067.0,110448.0,37500.0
9000321,29567.0,110448.0,37500.0
9000322,23267.0,107560.0,37500.0
9000323,23267.0,107973.0,37500.0
9000324,23267.0,108385.0,37500.0
9000325,17317.0,107148.0,37500.0
9000326,21533.0,107131.0,37500.0
9000327,22400.0,107139.0,37500.0
9000328,23267.0,106723.0,37500.0
9000329,27067.0,106723.0,37500.0
9000330,28067.0,107148.0,37500.0
9000331,29067.0,107148.0,37500.0
9000332,16867.0,101931.0,37500.0
9000333,16867.0,102814.0,37500.0
9000334,16867.0,99381.0,37500.0
9000335,16867.0,100214.0,37500.0
9000336,17317.0,101048.0,37500.0
9000337,18167.0,107139.0,37500.0
9000338,18567.0,107131.0,37500.0
9000339,18967.0,107123.0,37500.0
9000340,19367.0,107114.0,37500.0
9000341,19767.0,107106.0,37500.0
9000342,18617.0,101048.0,37500.0
9000343,20667.0,99381.0,37500.0
9000344,20667.0,100214.0,37500.0
9000345,17642.0,98548.0,37500.0
9000346,18942.0,98548.0,37500.0
9000347,21533.0,98548.0,37500.0
9000348,22400.0,98548.0,37500.0
9000349,23267.0,99070.0,37500.0
9000350,27067.0,99070.0,37500.0
9000351,28067.0,98548.0,37500.0
9000352,29067.0,98548.0,37500.0
9000353,16867.0,114248.0,37500.0
9000354,20667.0,114248.0,37500.0
9000355,20292.0,114848.0,37500.0
9000356,18142.0,114848.0,37500.0
9000357,18642.0,114848.0,37500.0
9000358,19142.0,114848.0,37500.0
9000359,19642.0,114848.0,37500.0
9000360,29267.0,114848.0,37500.0
9000361,28867.0,113448.0,37500.0
9000362,29267.0,113448.0,37500.0
9000363,29667.0,113448.0,37500.0
9000364,20067.0,101048.0,37500.0
9000365,20067.0,98548.0,37500.0
9000366,16867.0,104698.0,37500.0
9000367,16867.0,105698.0,37500.0
9000368,20667.0,106710.0,37500.0
9000369,23267.0,114248.0,37500.0
9000370,30067.0,99381.0,37500.0
9000371,30067.0,100214.0,37500.0
9000372,30067.0,105281.0,37500.0
9000373,30067.0,106214.0,37500.0
9000374,30067.0,102481.0,37500.0
9000375,30067.0,103414.0,37500.0
9000376,60347.0,101873.0,37500.0
9000377,60347.0,102698.0,37500.0
9000378,60347.0,103523.0,37500.0
9000379,63747.0,111328.0,37500.0
9000380,63747.0,112208.0,37500.0
9000381,63747.0,113088.0,37500.0
9000382,63747.0,113968.0,37500.0
9000383,61022.0,114848.0,37500.0
9000384,61697.0,114848.0,37500.0
9000385,62197.0,114848.0,37500.0
9000386,62697.0,114848.0,37500.0
9000387,63197.0,114848.0,37500.0
9000388,52947.0,104560.0,37500.0
9000389,52947.0,105423.0,37500.0
9000390,52947.0,106285.0,37500.0
9000391,53722.0,98548.0,37500.0
9000392,52947.0,99381.0,37500.0
9000393,52947.0,100214.0,37500.0
9000394,52947.0,101931.0,37500.0
9000395,52947.0,102814.0,37500.0
9000396,53397.0,101048.0,37500.0
9000397,53397.0,107148.0,37500.0
9000398,56347.0,111328.0,37500.0
9000399,56347.0,112208.0,37500.0
9000400,56347.0,113088.0,37500.0
9000401,56347.0,113798.0,37500.0
9000402,56347.0,114148.0,37500.0
9000403,56347.0,114498.0,37500.0
9000404,52947.0,111128.0,37500.0
9000405,52947.0,112058.0,37500.0
9000406,52947.0,112988.0,37500.0
9000407,52947.0,113918.0,37500.0
9000408,53622.0,114848.0,37500.0
9000409,54297.0,114848.0,37500.0
9000410,54797.0,114848.0,37500.0
9000411,55297.0,114848.0,37500.0
9000412,55797.0,114848.0,37500.0
9000413,54372.0,107123.0,37500.0
9000414,54897.0,107098.0,37500.0
9000415,55422.0,107073.0,37500.0
9000416,56347.0,106673.0,37500.0
9000417,56347.0,99381.0,37500.0
9000418,56347.0,100214.0,37500.0
9000419,54959.0,98548.0,37500.0
9000420,55422.0,98548.0,37500.0
9000421,55884.0,98548.0,37500.0
9000422,63747.0,102064.0,37500.0
9000423,63747.0,103081.0,37500.0
9000424,63747.0,104098.0,37500.0
9000425,63747.0,105114.0,37500.0
9000426,63747.0,106131.0,37500.0
9000427,63747.0,99381.0,37500.0
9000428,63747.0,100214.0,37500.0
9000429,54680.0,101048.0,37500.0
9000430,55513.0,101048.0,37500.0
9000431,60822.0,98548.0,37500.0
9000432,61297.0,98548.0,37500.0
9000433,61797.0,98548.0,37500.0
9000434,62297.0,98548.0,37500.0
9000435,62797.0,98548.0,37500.0
9000436,63272.0,98548.0,37500.0
9000437,61197.0,101048.0,37500.0
9000438,62047.0,101048.0,37500.0
9000439,62897.0,101048.0,37500.0
9000440,111267.0,104698.0,37500.0
9000441,111267.0,105698.0,37500.0
9000442,108067.0,98548.0,37500.0
9000443,108067.0,101048.0,37500.0
9000444,98467.0,113448.0,37500.0
9000445,98867.0,113448.0,37500.0
9000446,99267.0,113448.0,37500.0
9000447,98867.0,114848.0,37500.0
9000448,108492.0,114848.0,37500.0
9000449,108992.0,114848.0,37500.0
9000450,109492.0,114848.0,37500.0
9000451,109992.0,114848.0,37500.0
9000452,107842.0,114848.0,37500.0
9000453,107467.0,114248.0,37500.0
9000454,111267.0,114248.0,37500.0
9000455,110767.0,114848.0,37500.0
9000456,110492.0,98548.0,37500.0
9000457,99067.0,98548.0,37500.0
9000458,100067.0,98548.0,37500.0
9000459,105733.0,98548.0,37500.0
9000460,106600.0,98548.0,37500.0
9000461,101067.0,99070.0,37500.0
9000462,104867.0,99070.0,37500.0
9000463,107467.0,99381.0,37500.0
9000464,107467.0,100214.0,37500.0
9000465,109517.0,101048.0,37500.0
9000466,108367.0,107106.0,37500.0
9000467,108767.0,107114.0,37500.0
9000468,109167.0,107123.0,37500.0
9000469,109567.0,107131.0,37500.0
9000470,109967.0,107139.0,37500.0
9000471,110817.0,101048.0,37500.0
9000472,111267.0,99381.0,37500.0
9000473,111267.0,100214.0,37500.0
9000474,111267.0,101931.0,37500.0
9000475,111267.0,102814.0,37500.0
9000476,99067.0,107148.0,37500.0
9000477,100067.0,107148.0,37500.0
9000478,101067.0,106723.0,37500.0
9000479,104867.0,106723.0,37500.0
9000480,105733.0,107139.0,37500.0
9000481,106600.0,107131.0,37500.0
9000482,110817.0,107148.0,37500.0
9000483,104867.0,107560.0,37500.0
9000484,104867.0,107973.0,37500.0
9000485,104867.0,108385.0,37500.0
9000486,104867.0,109345.0,37500.0
9000487,105733.0,108798.0,37500.0
9000488,106600.0,108798.0,37500.0
9000489,107467.0,107541.0,37500.0
9000490,107467.0,107960.0,37500.0
9000491,107467.0,108379.0,37500.0
9000492,107467.0,109345.0,37500.0
9000493,98067.0,111448.0,37500.0
9000494,98067.0,112448.0,37500.0
9000495,100567.0,110448.0,37500.0
9000496,100367.0,113448.0,37500.0
9000497,101067.0,111448.0,37500.0
9000498,101067.0,112448.0,37500.0
9000499,98067.0,114148.0,37500.0
9000500,101067.0,113798.0,37500.0
9000501,101067.0,114148.0,37500.0
9000502,101067.0,114498.0,37500.0
9000503,111267.0,111060.0,37500.0
9000504,111267.0,111923.0,37500.0
9000505,111267.0,112785.0,37500.0
9000506,100367.0,114848.0,37500.0
9000507,105733.0,114848.0,37500.0
9000508,106600.0,114848.0,37500.0
9000509,107467.0,106710.0,37500.0
9000510,98067.0,102481.0,37500.0
9000511,98067.0,103414.0,37500.0
9000512,98067.0,105281.0,37500.0
9000513,98067.0,106214.0,37500.0
9000514,104867.0,114248.0,37500.0
9000515,98067.0,99381.0,37500.0
9000516,98067.0,100214.0,37500.0
9000517,98067.0,100881.0,37500.0
9000518,98567.0,110448.0,37500.0
9000519,99067.0,110448.0,37500.0
9000520,99567.0,110448.0,37500.0
9000521,109192.0,98548.0,37500.0
9000522,61197.0,110448.0,37500.0
9000523,62047.0,110448.0,37500.0
9000524,62897.0,110448.0,37500.0
9000525,16867.0,114848.0,36399.0
9000526,16867.0,114848.0,35566.0
9000527,16867.0,114848.0,34733.0
9000528,17867.0,114848.0,36399.0
9000529,17867.0,114848.0,35566.0
9000530,17867.0,114848.0,34733.0
9000531,20667.0,114848.0,36399.0
9000532,20667.0,114848.0,35566.0
9000533,20667.0,114848.0,34733.0
9000534,23267.0,114848.0,36500.0
9000535,23267.0,114848.0,35633.0
9000536,23267.0,114848.0,34766.0
9000537,28467.0,114848.0,36600.0
9000538,28467.0,114848.0,35700.0
9000539,28467.0,114848.0,34799.0
9000540,27067.0,110448.0,36600.0
9000541,27067.0,110448.0,35700.0
9000542,27067.0,110448.0,34799.0
9000543,20667.0,109893.0,36600.0
9000544,20667.0,109893.0,35700.0
9000545,20667.0,109893.0,34799.0
9000546,16867.0,110198.0,36399.0
9000547,16867.0,110198.0,35566.0
9000548,16867.0,110198.0,34733.0
9000549,16867.0,113648.0,36399.0
9000550,16867.0,113648.0,35566.0
9000551,16867.0,113648.0,34733.0
9000552,23267.0,109893.0,36600.0
9000553,23267.0,109893.0,35700.0
9000554,23267.0,109893.0,34799.0
9000555,16867.0,106698.0,36600.0
9000556,16867.0,106698.0,35700.0
9000557,16867.0,106698.0,34799.0
9000558,16867.0,107148.0,36600.0
9000559,16867.0,107148.0,35700.0
9000560,16867.0,107148.0,34799.0
9000561,23267.0,106298.0,36600.0
9000562,23267.0,106298.0,35700.0
9000563,23267.0,106298.0,34799.0
9000564,27067.0,106298.0,36600.0
9000565,27067.0,106298.0,35700.0
9000566,27067.0,106298.0,34799.0
9000567,27067.0,107148.0,36600.0
9000568,27067.0,107148.0,35700.0
9000569,27067.0,107148.0,34799.0
9000570,16867.0,101048.0,36600.0
9000571,16867.0,101048.0,35700.0
9000572,16867.0,101048.0,34799.0
9000573,16867.0,103698.0,36600.0
9000574,16867.0,103698.0,35700.0
9000575,16867.0,103698.0,34799.0
9000576,16867.0,98548.0,36600.0
9000577,16867.0,98548.0,35700.0
9000578,16867.0,98548.0,34799.0
9000579,17767.0,101048.0,36600.0
9000580,17767.0,101048.0,35700.0
9000581,17767.0,101048.0,34799.0
9000582,19467.0,101048.0,36600.0
9000583,19467.0,101048.0,35700.0
9000584,19467.0,101048.0,34799.0
9000585,20667.0,101048.0,36600.0
9000586,20667.0,101048.0,35700.0
9000587,20667.0,101048.0,34799.0
9000588,23267.0,98548.0,36600.0
9000589,23267.0,98548.0,35700.0
9000590,23267.0,98548.0,34799.0
9000591,23267.0,99593.0,36600.0
9000592,23267.0,99593.0,35700.0
9000593,23267.0,99593.0,34799.0
9000594,27067.0,98548.0,36600.0
9000595,27067.0,98548.0,35700.0
9000596,27067.0,98548.0,34799.0
9000597,27067.0,99593.0,36600.0
9000598,27067.0,99593.0,35700.0
9000599,27067.0,99593.0,34799.0
9000600,30067.0,98548.0,36600.0
9000601,30067.0,98548.0,35700.0
9000602,30067.0,98548.0,34799.0
9000603,19917.0,114848.0,36399.0
9000604,19917.0,114848.0,35566.0
9000605,19917.0,114848.0,34733.0
9000606,30067.0,114848.0,36600.0
9000607,30067.0,114848.0,35700.0
9000608,30067.0,114848.0,34799.0
9000609,20667.0,106298.0,36600.0
9000610,20667.0,106298.0,35700.0
9000611,20667.0,106298.0,34799.0
9000612,20667.0,113648.0,36399.0
9000613,20667.0,113648.0,35566.0
9000614,20667.0,113648.0,34733.0
9000615,23267.0,113648.0,36600.0
9000616,23267.0,113648.0,35700.0
9000617,23267.0,113648.0,34799.0
9000618,20667.0,101548.0,36600.0
9000619,20667.0,101548.0,35700.0
9000620,20667.0,101548.0,34799.0
9000621,30067.0,101048.0,36600.0
9000622,30067.0,101048.0,35700.0
9000623,30067.0,101048.0,34799.0
9000624,30067.0,101548.0,36600.0
9000625,30067.0,101548.0,35700.0
9000626,30067.0,101548.0,34799.0
9000627,30067.0,107148.0,36600.0
9000628,30067.0,107148.0,35700.0
9000629,30067.0,107148.0,34799.0
9000630,30067.0,104348.0,36600.0
9000631,30067.0,104348.0,35700.0
9000632,30067.0,104348.0,34799.0
9000633,30067.0,106698.0,36600.0
9000634,30067.0,106698.0,35700.0
9000635,30067.0,106698.0,34799.0
9000636,60347.0,101048.0,36399.0
9000637,60347.0,101048.0,35566.0
9000638,60347.0,101048.0,34733.0
9000639,60347.0,104348.0,36399.0
9000640,60347.0,104348.0,35566.0
9000641,60347.0,104348.0,34733.0
9000642,63747.0,110448.0,36399.0
9000643,63747.0,110448.0,35566.0
9000644,63747.0,110448.0,34733.0
9000645,63747.0,114848.0,36399.0
9000646,63747.0,114848.0,35566.0
9000647,63747.0,114848.0,34733.0
9000648,60347.0,114848.0,36399.0
9000649,60347.0,114848.0,35566.0
9000650,60347.0,114848.0,34733.0
9000651,52947.0,103698.0,36600.0
9000652,52947.0,103698.0,35700.0
9000653,52947.0,103698.0,34799.0
9000654,52947.0,106698.0,36600.0
9000655,52947.0,106698.0,35700.0
9000656,52947.0,106698.0,34799.0
9000657,52947.0,98548.0,36600.0
9000658,52947.0,98548.0,35700.0
9000659,52947.0,98548.0,34799.0
9000660,52947.0,101048.0,36600.0
9000661,52947.0,101048.0,35700.0
9000662,52947.0,101048.0,34799.0
9000663,53847.0,101048.0,36600.0
9000664,53847.0,101048.0,35700.0
9000665,53847.0,101048.0,34799.0
9000666,52947.0,107148.0,36600.0
9000667,52947.0,107148.0,35700.0
9000668,52947.0,107148.0,34799.0
9000669,56347.0,107048.0,36600.0
9000670,56347.0,107048.0,35700.0
9000671,56347.0,107048.0,34799.0
9000672,56347.0,110448.0,36600.0
9000673,56347.0,110448.0,35700.0
9000674,56347.0,110448.0,34799.0
9000675,52947.0,110198.0,36399.0
9000676,52947.0,110198.0,35566.0
9000677,52947.0,110198.0,34733.0
9000678,52947.0,114848.0,36399.0
9000679,52947.0,114848.0,35566.0
9000680,52947.0,114848.0,34733.0
9000681,56347.0,106298.0,36600.0
9000682,56347.0,106298.0,35700.0
9000683,56347.0,106298.0,34799.0
9000684,56347.0,101048.0,36600.0
9000685,56347.0,101048.0,35700.0
9000686,56347.0,101048.0,34799.0
9000687,56347.0,101548.0,36600.0
9000688,56347.0,101548.0,35700.0
9000689,56347.0,101548.0,34799.0
9000690,63747.0,101048.0,36399.0
9000691,63747.0,101048.0,35566.0
9000692,63747.0,101048.0,34733.0
9000693,63747.0,106698.0,36500.0
9000694,63747.0,106698.0,35633.0
9000695,63747.0,106698.0,34766.0
9000696,63747.0,98548.0,36399.0
9000697,63747.0,98548.0,35566.0
9000698,63747.0,98548.0,34733.0
9000699,60347.0,98548.0,36399.0
9000700,60347.0,98548.0,35566.0
9000701,60347.0,98548.0,34733.0
9000702,111267.0,103698.0,36600.0
9000703,111267.0,103698.0,35700.0
9000704,111267.0,103698.0,34799.0
9000705,111267.0,106698.0,36600.0
9000706,111267.0,106698.0,35700.0
9000707,111267.0,106698.0,34799.0
9000708,107467.0,101048.0,36600.0
9000709,107467.0,101048.0,35700.0
9000710,107467.0,101048.0,34799.0
9000711,108667.0,101048.0,36600.0
9000712,108667.0,101048.0,35700.0
9000713,108667.0,101048.0,34799.0
9000714,98067.0,114848.0,36600.0
9000715,98067.0,114848.0,35700.0
9000716,98067.0,114848.0,34799.0
9000717,99667.0,114848.0,36600.0
9000718,99667.0,114848.0,35700.0
9000719,99667.0,114848.0,34799.0
9000720,108217.0,114848.0,36399.0
9000721,108217.0,114848.0,35566.0
9000722,108217.0,114848.0,34733.0
9000723,110267.0,114848.0,36399.0
9000724,110267.0,114848.0,35566.0
9000725,110267.0,114848.0,34733.0
9000726,107467.0,114848.0,36500.0
9000727,107467.0,114848.0,35633.0
9000728,107467.0,114848.0,34766.0
9000729,107467.0,113648.0,36399.0
9000730,107467.0,113648.0,35566.0
9000731,107467.0,113648.0,34733.0
9000732,111267.0,113648.0,36600.0
9000733,111267.0,113648.0,35700.0
9000734,111267.0,113648.0,34799.0
9000735,111267.0,114848.0,36500.0
9000736,111267.0,114848.0,35633.0
9000737,111267.0,114848.0,34766.0
9000738,111267.0,98548.0,36600.0
9000739,111267.0,98548.0,35700.0
9000740,111267.0,98548.0,34799.0
9000741,98067.0,98548.0,36600.0
9000742,98067.0,98548.0,35700.0
9000743,98067.0,98548.0,34799.0
9000744,101067.0,98548.0,36600.0
9000745,101067.0,98548.0,35700.0
9000746,101067.0,98548.0,34799.0
9000747,104867.0,98548.0,36600.0
9000748,104867.0,98548.0,35700.0
9000749,104867.0,98548.0,34799.0
9000750,101067.0,99593.0,36600.0
9000751,101067.0,99593.0,35700.0
9000752,101067.0,99593.0,34799.0
9000753,104867.0,99593.0,36600.0
9000754,104867.0,99593.0,35700.0
9000755,104867.0,99593.0,34799.0
9000756,107467.0,101548.0,36600.0
9000757,107467.0,101548.0,35700.0
9000758,107467.0,101548.0,34799.0
9000759,110367.0,101048.0,36600.0
9000760,110367.0,101048.0,35700.0
9000761,110367.0,101048.0,34799.0
9000762,111267.0,101048.0,36600.0
9000763,111267.0,101048.0,35700.0
9000764,111267.0,101048.0,34799.0
9000765,98067.0,107148.0,36600.0
9000766,98067.0,107148.0,35700.0
9000767,98067.0,107148.0,34799.0
9000768,101067.0,107148.0,36600.0
9000769,101067.0,107148.0,35700.0
9000770,101067.0,107148.0,34799.0
9000771,101067.0,106298.0,36600.0
9000772,101067.0,106298.0,35700.0
9000773,101067.0,106298.0,34799.0
9000774,104867.0,106298.0,36600.0
9000775,104867.0,106298.0,35700.0
9000776,104867.0,106298.0,34799.0
9000777,111267.0,107148.0,36600.0
9000778,111267.0,107148.0,35700.0
9000779,111267.0,107148.0,34799.0
9000780,104867.0,109893.0,36600.0
9000781,104867.0,109893.0,35700.0
9000782,104867.0,109893.0,34799.0
9000783,107467.0,109893.0,36600.0
9000784,107467.0,109893.0,35700.0
9000785,107467.0,109893.0,34799.0
9000786,101067.0,110448.0,36600.0
9000787,101067.0,110448.0,35700.0
9000788,101067.0,110448.0,34799.0
9000789,111267.0,110198.0,36600.0
9000790,111267.0,110198.0,35700.0
9000791,111267.0,110198.0,34799.0
9000792,104867.0,114848.0,36600.0
9000793,104867.0,114848.0,35700.0
9000794,104867.0,114848.0,34799.0
9000795,107467.0,106298.0,36600.0
9000796,107467.0,106298.0,35700.0
9000797,107467.0,106298.0,34799.0
9000798,98067.0,101548.0,36600.0
9000799,98067.0,101548.0,35700.0
9000800,98067.0,101548.0,34799.0
9000801,98067.0,104348.0,36600.0
9000802,98067.0,104348.0,35700.0
9000803,98067.0,104348.0,34799.0
9000804,98067.0,106698.0,36600.0
9000805,98067.0,106698.0,35700.0
9000806,98067.0,106698.0,34799.0
9000807,104867.0,113648.0,36600.0
9000808,104867.0,113648.0,35700.0
9000809,104867.0,113648.0,34799.0
9000810,63747.0,107148.0,36600.0
9000811,63747.0,107148.0,35700.0
9000812,63747.0,107148.0,34799.0
9000813,60347.0,110448.0,36399.0
9000814,60347.0,110448.0,35566.0
9000815,60347.0,110448.0,34733.0
9000816,27067.0,113798.0,36900.0
9000817,27067.0,114148.0,36900.0
9000818,27067.0,114498.0,36900.0
9000819,20667.0,107541.0,36900.0
9000820,20667.0,107960.0,36900.0
9000821,20667.0,108379.0,36900.0
9000822,28567.0,110448.0,36900.0
9000823,29067.0,110448.0,36900.0
9000824,29567.0,110448.0,36900.0
9000825,23267.0,107560.0,36900.0
9000826,23267.0,107973.0,36900.0
9000827,23267.0,108385.0,36900.0
9000828,18167.0,107139.0,36800.0
9000829,18567.0,107131.0,36800.0
9000830,18967.0,107123.0,36800.0
9000831,19367.0,107114.0,36800.0
9000832,19767.0,107106.0,36800.0
9000833,18942.0,98548.0,36750.0
9000834,28867.0,113448.0,36900.0
9000835,29267.0,113448.0,36900.0
9000836,29667.0,113448.0,36900.0
9000837,20067.0,98548.0,36750.0
9000838,56347.0,113798.0,36800.0
9000839,56347.0,114148.0,36800.0
9000840,56347.0,114498.0,36800.0
9000841,54372.0,107123.0,36800.0
9000842,54897.0,107098.0,36800.0
9000843,55422.0,107073.0,36800.0
9000844,54959.0,98548.0,36750.0
9000845,55422.0,98548.0,36750.0
9000846,55884.0,98548.0,36750.0
9000847,108067.0,98548.0,36750.0
9000848,98467.0,113448.0,36900.0
9000849,98867.0,113448.0,36900.0
9000850,99267.0,113448.0,36900.0
9000851,108367.0,107106.0,36800.0
9000852,108767.0,107114.0,36800.0
9000853,109167.0,107123.0,36800.0
9000854,109567.0,107131.0,36800.0
9000855,109967.0,107139.0,36800.0
9000856,104867.0,107560.0,36900.0
9000857,104867.0,107973.0,36900.0
9000858,104867.0,108385.0,36900.0
9000859,107467.0,107541.0,36900.0
9000860,107467.0,107960.0,36900.0
9000861,107467.0,108379.0,36900.0
9000862,101067.0,113798.0,36900.0
9000863,101067.0,114148.0,36900.0
9000864,101067.0,114498.0,36900.0
9000865,98567.0,110448.0,36900.0
9000866,99067.0,110448.0,36900.0
9000867,99567.0,110448.0,36900.0
9000868,109192.0,98548.0,36750.0
9000869,27067.0,114848.0,35700.0
9000870,27067.0,114848.0,34799.0
9000871,27067.0,113448.0,35700.0
9000872,27067.0,113448.0,34799.0
9000873,28467.0,113448.0,35700.0
9000874,28467.0,113448.0,34799.0
9000875,20667.0,108798.0,35700.0
9000876,20667.0,108798.0,34799.0
9000877,28067.0,110448.0,35700.0
9000878,28067.0,110448.0,34799.0
9000879,23267.0,108798.0,35700.0
9000880,23267.0,108798.0,34799.0
9000881,20167.0,107098.0,35700.0
9000882,20167.0,107098.0,34799.0
9000883,20667.0,107123.0,35700.0
9000884,20667.0,107123.0,34799.0
9000885,23267.0,107148.0,35700.0
9000886,23267.0,107148.0,34799.0
9000887,20667.0,98548.0,35700.0
9000888,20667.0,98548.0,34799.0
9000889,18417.0,98548.0,35700.0
9000890,18417.0,98548.0,34799.0
9000891,17767.0,107148.0,35700.0
9000892,17767.0,107148.0,34799.0
9000893,30067.0,113448.0,35700.0
9000894,30067.0,113448.0,34799.0
9000895,30067.0,110448.0,35700.0
9000896,30067.0,110448.0,34799.0
9000897,54497.0,98548.0,35700.0
9000898,54497.0,98548.0,34799.0
9000899,53847.0,107148.0,35700.0
9000900,53847.0,107148.0,34799.0
9000901,55947.0,107048.0,35700.0
9000902,55947.0,107048.0,34799.0
9000903,56347.0,113448.0,35700.0
9000904,56347.0,113448.0,34799.0
9000905,56347.0,114848.0,35566.0
9000906,56347.0,114848.0,34733.0
9000907,56347.0,98548.0,35700.0
9000908,56347.0,98548.0,34799.0
9000909,109717.0,98548.0,35700.0
9000910,109717.0,98548.0,34799.0
9000911,107467.0,98548.0,35700.0
9000912,107467.0,98548.0,34799.0
9000913,107467.0,107123.0,35700.0
9000914,107467.0,107123.0,34799.0
9000915,107967.0,107098.0,35700.0
9000916,107967.0,107098.0,34799.0
9000917,104867.0,107148.0,35700.0
9000918,104867.0,107148.0,34799.0
9000919,110367.0,107148.0,35700.0
9000920,110367.0,107148.0,34799.0
9000921,104867.0,108798.0,35700.0
9000922,104867.0,108798.0,34799.0
9000923,107467.0,108798.0,35700.0
9000924,107467.0,108798.0,34799.0
9000925,98067.0,110448.0,35700.0
9000926,98067.0,110448.0,34799.0
9000927,98067.0,113448.0,35700.0
9000928,98067.0,113448.0,34799.0
9000929,100067.0,110448.0,35700.0
9000930,100067.0,110448.0,34799.0
9000931,99667.0,113448.0,35700.0
9000932,99667.0,113448.0,34799.0
9000933,101067.0,113448.0,35700.0
9000934,101067.0,113448.0,34799.0
9000935,101067.0,114848.0,35700.0
9000936,101067.0,114848.0,34799.0
9000937,24217.0,107148.0,37500.0
9000938,25167.0,107148.0,37500.0
9000939,26117.0,107148.0,37500.0
9000940,27067.0,108248.0,37500.0
9000941,27067.0,109348.0,37500.0
9000942,26117.0,114848.0,37500.0
9000943,24217.0,114848.0,37500.0
9000944,23267.0,112748.0,37500.0
9000945,23267.0,110870.0,37500.0
9000946,28467.0,114148.0,37500.0
9000947,17817.0,108760.0,37500.0
9000948,18767.0,108773.0,37500.0
9000949,19717.0,108785.0,37500.0
9000950,20667.0,110870.0,37500.0
9000951,20667.0,112748.0,37500.0
9000952,18892.0,113648.0,37500.0
9000953,16867.0,109473.0,37500.0
9000954,16867.0,107948.0,37500.0
9000955,24217.0,104348.0,37500.0
9000956,25167.0,104348.0,37500.0
9000957,26117.0,104348.0,37500.0
9000958,27067.0,105323.0,37500.0
9000959,23267.0,105323.0,37500.0
9000960,19467.0,99381.0,37500.0
9000961,19467.0,100214.0,37500.0
9000962,24217.0,101548.0,37500.0
9000963,25167.0,101548.0,37500.0
9000964,26117.0,101548.0,37500.0
9000965,27067.0,102481.0,37500.0
9000966,27067.0,103414.0,37500.0
9000967,23267.0,102481.0,37500.0
9000968,23267.0,103414.0,37500.0
9000969,24217.0,98548.0,37500.0
9000970,26117.0,98548.0,37500.0
9000971,27067.0,100570.0,37500.0
9000972,23267.0,100570.0,37500.0
9000973,56347.0,107898.0,37500.0
9000974,53797.0,108748.0,37500.0
9000975,54647.0,108748.0,37500.0
9000976,55497.0,108748.0,37500.0
9000977,52947.0,107948.0,37500.0
9000978,108667.0,99381.0,37500.0
9000979,108667.0,100214.0,37500.0
9000980,99667.0,114148.0,37500.0
9000981,109242.0,113648.0,37500.0
9000982,108417.0,108785.0,37500.0
9000983,109367.0,108773.0,37500.0
9000984,110317.0,108760.0,37500.0
9000985,111267.0,109473.0,37500.0
9000986,107467.0,112748.0,37500.0
9000987,107467.0,110870.0,37500.0
9000988,102017.0,98548.0,37500.0
9000989,103917.0,98548.0,37500.0
9000990,104867.0,100570.0,37500.0
9000991,102017.0,101548.0,37500.0
9000992,102967.0,101548.0,37500.0
9000993,103917.0,101548.0,37500.0
9000994,101067.0,100570.0,37500.0
9000995,111267.0,107948.0,37500.0
9000996,102017.0,104348.0,37500.0
9000997,102967.0,104348.0,37500.0
9000998,103917.0,104348.0,37500.0
9000999,104867.0,105323.0,37500.0
9001000,102017.0,107148.0,37500.0
9001001,102967.0,107148.0,37500.0
9001002,103917.0,107148.0,37500.0
9001003,101067.0,105323.0,37500.0
9001004,104867.0,110870.0,37500.0
9001005,104867.0,112748.0,37500.0
9001006,103917.0,114848.0,37500.0
9001007,102017.0,114848.0,37500.0
9001008,101067.0,108248.0,37500.0
9001009,101067.0,109348.0,37500.0
9001010,104867.0,102481.0,37500.0
9001011,104867.0,103414.0,37500.0
9001012,101067.0,102481.0,37500.0
9001013,101067.0,103414.0,37500.0
9001016,64239.0,106666.0,37499.0
9001017,108667.0,98548.0,37125.0
9001018,109192.0,98548.0,37125.0
9001019,109717.0,98548.0,37125.0
9001020,98067.0,110448.0,37200.0
9001021,98567.0,110448.0,37200.0
9001022,99067.0,110448.0,37200.0
9001023,99567.0,110448.0,37200.0
9001024,100067.0,110448.0,37200.0
9001025,101067.0,113448.0,37200.0
9001026,101067.0,113798.0,37200.0
9001027,101067.0,114148.0,37200.0
9001028,101067.0,114498.0,37200.0
9001029,101067.0,114848.0,37200.0
9001030,107467.0,107123.0,37200.0
9001031,107467.0,107541.0,37200.0
9001032,107467.0,107960.0,37200.0
9001033,107467.0,108379.0,37200.0
9001034,107467.0,108798.0,37200.0
9001035,104867.0,107148.0,37200.0
9001036,104867.0,107560.0,37200.0
9001037,104867.0,107973.0,37200.0
9001038,104867.0,108385.0,37200.0
9001039,104867.0,108798.0,37200.0
9001040,107967.0,107098.0,37150.0
9001041,108367.0,107106.0,37150.0
9001042,108767.0,107114.0,37150.0
9001043,109167.0,107123.0,37150.0
9001044,109567.0,107131.0,37150.0
9001045,109967.0,107139.0,37150.0
9001046,110367.0,107148.0,37150.0
9001047,98067.0,113448.0,37200.0
9001048,98467.0,113448.0,37200.0
9001049,98867.0,113448.0,37200.0
9001050,99267.0,113448.0,37200.0
9001051,99667.0,113448.0,37200.0
9001052,107467.0,98548.0,37125.0
9001053,108067.0,98548.0,37125.0
9001054,54497.0,98548.0,37125.0
9001055,54959.0,98548.0,37125.0
9001056,55422.0,98548.0,37125.0
9001057,55884.0,98548.0,37125.0
9001058,56347.0,98548.0,37125.0
9001059,53847.0,107148.0,37150.0
9001060,54372.0,107123.0,37150.0
9001061,54897.0,107098.0,37150.0
9001062,55422.0,107073.0,37150.0
9001063,55947.0,107048.0,37150.0
9001064,56347.0,113448.0,37150.0
9001065,56347.0,113798.0,37150.0
9001066,56347.0,114148.0,37150.0
9001067,56347.0,114498.0,37150.0
9001068,56347.0,114848.0,37150.0
9001069,19467.0,98548.0,37125.0
9001070,20067.0,98548.0,37125.0
9001071,20667.0,98548.0,37125.0
9001072,28467.0,113448.0,37200.0
9001073,28867.0,113448.0,37200.0
9001074,29267.0,113448.0,37200.0
9001075,29667.0,113448.0,37200.0
9001076,30067.0,113448.0,37200.0
9001077,18417.0,98548.0,37125.0
9001078,18942.0,98548.0,37125.0
9001079,17767.0,107148.0,37150.0
9001080,18167.0,107139.0,37150.0
9001081,18567.0,107131.0,37150.0
9001082,18967.0,107123.0,37150.0
9001083,19367.0,107114.0,37150.0
9001084,19767.0,107106.0,37150.0
9001085,20167.0,107098.0,37150.0
9001086,23267.0,107148.0,37200.0
9001087,23267.0,107560.0,37200.0
9001088,23267.0,107973.0,37200.0
9001089,23267.0,108385.0,37200.0
9001090,23267.0,108798.0,37200.0
9001091,28067.0,110448.0,37200.0
9001092,28567.0,110448.0,37200.0
9001093,29067.0,110448.0,37200.0
9001094,29567.0,110448.0,37200.0
9001095,30067.0,110448.0,37200.0
9001096,20667.0,107123.0,37200.0
9001097,20667.0,107541.0,37200.0
9001098,20667.0,107960.0,37200.0
9001099,20667.0,108379.0,37200.0
9001100,20667.0,108798.0,37200.0
9001101,27067.0,113448.0,37200.0
9001102,27067.0,113798.0,37200.0
9001103,27067.0,114148.0,37200.0
9001104,27067.0,114498.0,37200.0
9001105,27067.0,114848.0,37200.0
9001106,17367.0,114848.0,36399.0
9001107,17367.0,114848.0,34733.0
9001108,17367.0,114848.0,35566.0
9001109,21533.0,114848.0,36500.0
9001110,22400.0,114848.0,36500.0
9001111,21533.0,114848.0,34766.0
9001112,22400.0,114848.0,34766.0
9001113,21533.0,114848.0,35633.0
9001114,22400.0,114848.0,35633.0
9001115,27767.0,114848.0,36600.0
9001116,27767.0,114848.0,34799.0
9001117,27767.0,114848.0,35700.0
9001118,16867.0,111060.0,36399.0
9001119,16867.0,111923.0,36399.0
9001120,16867.0,112785.0,36399.0
9001121,16867.0,111060.0,34733.0
9001122,16867.0,111923.0,34733.0
9001123,16867.0,112785.0,34733.0
9001124,16867.0,111060.0,35566.0
9001125,16867.0,112785.0,35566.0
9001126,16867.0,111923.0,35566.0
9001127,30067.0,114148.0,36600.0
9001128,30067.0,114148.0,34799.0
9001129,30067.0,114148.0,35700.0
9001130,27067.0,111448.0,36600.0
9001131,27067.0,112448.0,36600.0
9001132,27067.0,111448.0,34799.0
9001133,27067.0,112448.0,34799.0
9001134,27067.0,111448.0,35700.0
9001135,27067.0,112448.0,35700.0
9001136,27767.0,113448.0,36900.0
9001137,27767.0,113448.0,34799.0
9001138,27767.0,113448.0,35700.0
9001139,27567.0,110448.0,36600.0
9001140,27567.0,110448.0,34799.0
9001141,27567.0,110448.0,35700.0
9001142,30067.0,111448.0,36900.0
9001143,30067.0,112448.0,36900.0
9001144,30067.0,111448.0,34799.0
9001145,30067.0,112448.0,34799.0
9001146,30067.0,111448.0,35700.0
9001147,30067.0,112448.0,35700.0
9001148,20667.0,109345.0,36600.0
9001149,20667.0,109345.0,34799.0
9001150,20667.0,109345.0,35700.0
9001151,21533.0,108798.0,36900.0
9001152,22400.0,108798.0,36900.0
9001153,21533.0,108798.0,34799.0
9001154,22400.0,108798.0,34799.0
9001155,21533.0,108798.0,35700.0
9001156,22400.0,108798.0,35700.0
9001157,23267.0,109345.0,36600.0
9001158,23267.0,109345.0,34799.0
9001159,23267.0,109345.0,35700.0
9001160,17317.0,107148.0,36600.0
9001161,17317.0,107148.0,34799.0
9001162,17317.0,107148.0,35700.0
9001163,21533.0,107131.0,36900.0
9001164,22400.0,107139.0,36900.0
9001165,21533.0,107131.0,34799.0
9001166,22400.0,107139.0,34799.0
9001167,21533.0,107131.0,35700.0
9001168,22400.0,107139.0,35700.0
9001169,23267.0,106723.0,36600.0
9001170,23267.0,106723.0,34799.0
9001171,23267.0,106723.0,35700.0
9001172,27067.0,106723.0,36600.0
9001173,27067.0,106723.0,34799.0
9001174,27067.0,106723.0,35700.0
9001175,28067.0,107148.0,36600.0
9001176,29067.0,107148.0,36600.0
9001177,28067.0,107148.0,34799.0
9001178,29067.0,107148.0,34799.0
9001179,28067.0,107148.0,35700.0
9001180,29067.0,107148.0,35700.0
9001181,16867.0,101931.0,36600.0
9001182,16867.0,102814.0,36600.0
9001183,16867.0,101931.0,34799.0
9001184,16867.0,102814.0,34799.0
9001185,16867.0,101931.0,35700.0
9001186,16867.0,102814.0,35700.0
9001187,16867.0,99381.0,36600.0
9001188,16867.0,100214.0,36600.0
9001189,16867.0,99381.0,34799.0
9001190,16867.0,100214.0,34799.0
9001191,16867.0,99381.0,35700.0
9001192,16867.0,100214.0,35700.0
9001193,17317.0,101048.0,36600.0
9001194,17317.0,101048.0,34799.0
9001195,17317.0,101048.0,35700.0
9001196,18617.0,101048.0,36600.0
9001197,18617.0,101048.0,34799.0
9001198,18617.0,101048.0,35700.0
9001199,20667.0,99381.0,36600.0
9001200,20667.0,100214.0,36600.0
9001201,20667.0,99381.0,34799.0
9001202,20667.0,100214.0,34799.0
9001203,20667.0,99381.0,35700.0
9001204,20667.0,100214.0,35700.0
9001205,17642.0,98548.0,36600.0
9001206,17642.0,98548.0,34799.0
9001207,17642.0,98548.0,35700.0
9001208,21533.0,98548.0,36600.0
9001209,22400.0,98548.0,36600.0
9001210,21533.0,98548.0,34799.0
9001211,22400.0,98548.0,34799.0
9001212,21533.0,98548.0,35700.0
9001213,22400.0,98548.0,35700.0
9001214,23267.0,99070.0,36600.0
9001215,23267.0,99070.0,34799.0
9001216,23267.0,99070.0,35700.0
9001217,27067.0,99070.0,36600.0
9001218,27067.0,99070.0,34799.0
9001219,27067.0,99070.0,35700.0
9001220,28067.0,98548.0,36600.0
9001221,29067.0,98548.0,36600.0
9001222,28067.0,98548.0,34799.0
9001223,29067.0,98548.0,34799.0
9001224,28067.0,98548.0,35700.0
9001225,29067.0,98548.0,35700.0
9001226,16867.0,114248.0,36399.0
9001227,16867.0,114248.0,34733.0
9001228,16867.0,114248.0,35566.0
9001229,20667.0,114248.0,36399.0
9001230,20667.0,114248.0,34733.0
9001231,20667.0,114248.0,35566.0
9001232,20292.0,114848.0,36399.0
9001233,20292.0,114848.0,34733.0
9001234,20292.0,114848.0,35566.0
9001235,18142.0,114848.0,36399.0
9001236,18145.0,114848.0,36950.0
9001237,18642.0,114848.0,36950.0
9001238,19142.0,114848.0,36950.0
9001239,19639.0,114848.0,36950.0
9001240,19642.0,114848.0,36399.0
9001241,18142.0,114848.0,34733.0
9001242,19642.0,114848.0,34733.0
9001243,18142.0,114848.0,35566.0
9001244,19642.0,114848.0,35566.0
9001245,18642.0,114848.0,36399.0
9001246,19142.0,114848.0,36399.0
9001247,29267.0,114848.0,36600.0
9001248,29267.0,114848.0,34799.0
9001249,29267.0,114848.0,35700.0
9001250,20067.0,101048.0,36600.0
9001251,20067.0,101048.0,34799.0
9001252,20067.0,101048.0,35700.0
9001253,16867.0,104698.0,36600.0
9001254,16867.0,105698.0,36600.0
9001255,16867.0,104698.0,34799.0
9001256,16867.0,105698.0,34799.0
9001257,16867.0,104698.0,35700.0
9001258,16867.0,105698.0,35700.0
9001259,20667.0,106710.0,36600.0
9001260,20667.0,106710.0,34799.0
9001261,20667.0,106710.0,35700.0
9001262,23267.0,114248.0,36600.0
9001263,23267.0,114248.0,34799.0
9001264,23267.0,114248.0,35700.0
9001265,30067.0,99381.0,36600.0
9001266,30067.0,100214.0,36600.0
9001267,30067.0,99381.0,34799.0
9001268,30067.0,100214.0,34799.0
9001269,30067.0,99381.0,35700.0
9001270,30067.0,100214.0,35700.0
9001271,30067.0,105281.0,36600.0
9001272,30067.0,106214.0,36600.0
9001273,30067.0,105281.0,34799.0
9001274,30067.0,106214.0,34799.0
9001275,30067.0,105281.0,35700.0
9001276,30067.0,106214.0,35700.0
9001277,30067.0,102481.0,36600.0
9001278,30067.0,103414.0,36600.0
9001279,30067.0,102481.0,34799.0
9001280,30067.0,103414.0,34799.0
9001281,30067.0,102481.0,35700.0
9001282,30067.0,103414.0,35700.0
9001283,60347.0,101873.0,36399.0
9001284,60347.0,102698.0,36399.0
9001285,60347.0,103523.0,36399.0
9001286,60347.0,101873.0,34733.0
9001287,60347.0,102698.0,34733.0
9001288,60347.0,103523.0,34733.0
9001289,60347.0,101873.0,35566.0
9001290,60347.0,103523.0,35566.0
9001291,60347.0,102698.0,35566.0
9001292,63747.0,111328.0,36399.0
9001293,63747.0,112208.0,36399.0
9001294,63747.0,113088.0,36399.0
9001295,63747.0,113968.0,36399.0
9001296,63747.0,111328.0,34733.0
9001297,63747.0,112208.0,34733.0
9001298,63747.0,113088.0,34733.0
9001299,63747.0,113968.0,34733.0
9001300,63747.0,111328.0,35566.0
9001301,63747.0,113968.0,35566.0
9001302,63747.0,112208.0,35566.0
9001303,63747.0,113088.0,35566.0
9001304,61022.0,114848.0,36399.0
9001305,61697.0,114848.0,36399.0
9001306,61700.0,114848.0,36950.0
9001307,62197.0,114848.0,36950.0
9001308,62697.0,114848.0,36950.0
9001309,63194.0,114848.0,36950.0
9001310,63197.0,114848.0,36399.0
9001311,61022.0,114848.0,34733.0
9001312,61697.0,114848.0,34733.0
9001313,63197.0,114848.0,34733.0
9001314,61022.0,114848.0,35566.0
9001315,63197.0,114848.0,35566.0
9001316,62197.0,114848.0,36399.0
9001317,61697.0,114848.0,35566.0
9001318,62697.0,114848.0,36399.0
9001319,52947.0,104560.0,36600.0
9001320,52947.0,105423.0,36600.0
9001321,52947.0,106285.0,36600.0
9001322,52947.0,104560.0,34799.0
9001323,52947.0,105423.0,34799.0
9001324,52947.0,106285.0,34799.0
9001325,52947.0,104560.0,35700.0
9001326,52947.0,106285.0,35700.0
9001327,52947.0,105423.0,35700.0
9001328,53722.0,98548.0,36600.0
9001329,53722.0,98548.0,34799.0
9001330,53722.0,98548.0,35700.0
9001331,52947.0,99381.0,36600.0
9001332,52947.0,100214.0,36600.0
9001333,52947.0,99381.0,34799.0
9001334,52947.0,100214.0,34799.0
9001335,52947.0,99381.0,35700.0
9001336,52947.0,100214.0,35700.0
9001337,52947.0,101931.0,36600.0
9001338,52947.0,102814.0,36600.0
9001339,52947.0,101931.0,34799.0
9001340,52947.0,102814.0,34799.0
9001341,52947.0,101931.0,35700.0
9001342,52947.0,102814.0,35700.0
9001343,53397.0,101048.0,36600.0
9001344,53397.0,101048.0,34799.0
9001345,53397.0,101048.0,35700.0
9001346,53397.0,107148.0,36600.0
9001347,53397.0,107148.0,34799.0
9001348,53397.0,107148.0,35700.0
9001349,56347.0,111328.0,36600.0
9001350,56347.0,112208.0,36600.0
9001351,56347.0,113088.0,36600.0
9001352,56347.0,111328.0,34799.0
9001353,56347.0,112208.0,34799.0
9001354,56347.0,113088.0,34799.0
9001355,56347.0,111328.0,35700.0
9001356,56347.0,113088.0,35700.0
9001357,56347.0,112208.0,35700.0
9001358,52947.0,111128.0,36399.0
9001359,52947.0,112058.0,36399.0
9001360,52947.0,112988.0,36399.0
9001361,52947.0,113918.0,36399.0
9001362,52947.0,111128.0,34733.0
9001363,52947.0,112058.0,34733.0
9001364,52947.0,112988.0,34733.0
9001365,52947.0,113918.0,34733.0
9001366,52947.0,111128.0,35566.0
9001367,52947.0,113918.0,35566.0
9001368,52947.0,112058.0,35566.0
9001369,52947.0,112988.0,35566.0
9001370,53622.0,114848.0,36399.0
9001371,54297.0,114848.0,36399.0
9001372,54300.0,114848.0,36950.0
9001373,54797.0,114848.0,36950.0
9001374,55297.0,114848.0,36950.0
9001375,55794.0,114848.0,36950.0
9001376,55797.0,114848.0,36399.0
9001377,53622.0,114848.0,34733.0
9001378,54297.0,114848.0,34733.0
9001379,55797.0,114848.0,34733.0
9001380,53622.0,114848.0,35566.0
9001381,55797.0,114848.0,35566.0
9001382,54797.0,114848.0,36399.0
9001383,54297.0,114848.0,35566.0
9001384,55297.0,114848.0,36399.0
9001385,56347.0,106673.0,36600.0
9001386,56347.0,106673.0,34799.0
9001387,56347.0,106673.0,35700.0
9001388,56347.0,99381.0,36600.0
9001389,56347.0,100214.0,36600.0
9001390,56347.0,99381.0,34799.0
9001391,56347.0,100214.0,34799.0
9001392,56347.0,99381.0,35700.0
9001393,56347.0,100214.0,35700.0
9001394,63747.0,102064.0,36500.0
9001395,63747.0,103081.0,36500.0
9001396,63747.0,104098.0,36500.0
9001397,63747.0,105114.0,36500.0
9001398,63747.0,106131.0,36500.0
9001399,63747.0,102064.0,34766.0
9001400,63747.0,103081.0,34766.0
9001401,63747.0,104098.0,34766.0
9001402,63747.0,105114.0,34766.0
9001403,63747.0,106131.0,34766.0
9001404,63747.0,102064.0,35633.0
9001405,63747.0,106131.0,35633.0
9001406,63747.0,103081.0,35633.0
9001407,63747.0,104098.0,35633.0
9001408,63747.0,105114.0,35633.0
9001409,63747.0,99381.0,36399.0
9001410,63747.0,100214.0,36399.0
9001411,63747.0,99381.0,34733.0
9001412,63747.0,100214.0,34733.0
9001413,63747.0,99381.0,35566.0
9001414,63747.0,100214.0,35566.0
9001415,54680.0,101048.0,36600.0
9001416,55513.0,101048.0,36600.0
9001417,54680.0,101048.0,34799.0
9001418,55513.0,101048.0,34799.0
9001419,54680.0,101048.0,35700.0
9001420,55513.0,101048.0,35700.0
9001421,60822.0,98548.0,36399.0
9001422,61297.0,98548.0,36399.0
9001423,61300.0,98548.0,36950.0
9001424,61797.0,98548.0,36950.0
9001425,62297.0,98548.0,36950.0
9001426,62794.0,98548.0,36950.0
9001427,62797.0,98548.0,36399.0
9001428,63272.0,98548.0,36399.0
9001429,60822.0,98548.0,34733.0
9001430,61297.0,98548.0,34733.0
9001431,63272.0,98548.0,34733.0
9001432,62797.0,98548.0,34733.0
9001433,60822.0,98548.0,35566.0
9001434,63272.0,98548.0,35566.0
9001435,61797.0,98548.0,36399.0
9001436,61297.0,98548.0,35566.0
9001437,62297.0,98548.0,36399.0
9001438,62797.0,98548.0,35566.0
9001439,61197.0,101048.0,36399.0
9001440,62047.0,101048.0,36399.0
9001441,62897.0,101048.0,36399.0
9001442,61197.0,101048.0,34733.0
9001443,62047.0,101048.0,34733.0
9001444,62897.0,101048.0,34733.0
9001445,61197.0,101048.0,35566.0
9001446,62897.0,101048.0,35566.0
9001447,62047.0,101048.0,35566.0
9001448,111267.0,104698.0,36600.0
9001449,111267.0,105698.0,36600.0
9001450,111267.0,104698.0,34799.0
9001451,111267.0,105698.0,34799.0
9001452,111267.0,104698.0,35700.0
9001453,111267.0,105698.0,35700.0
9001454,108067.0,101048.0,36600.0
9001455,108067.0,101048.0,34799.0
9001456,108067.0,101048.0,35700.0
9001457,98867.0,114848.0,36600.0
9001458,98867.0,114848.0,34799.0
9001459,98867.0,114848.0,35700.0
9001460,108492.0,114848.0,36399.0
9001461,108495.0,114848.0,36950.0
9001462,108992.0,114848.0,36950.0
9001463,109492.0,114848.0,36950.0
9001464,109989.0,114848.0,36950.0
9001465,109992.0,114848.0,36399.0
9001466,108492.0,114848.0,34733.0
9001467,109992.0,114848.0,34733.0
9001468,108492.0,114848.0,35566.0
9001469,109992.0,114848.0,35566.0
9001470,108992.0,114848.0,36399.0
9001471,109492.0,114848.0,36399.0
9001472,107842.0,114848.0,36500.0
9001473,107842.0,114848.0,34766.0
9001474,107842.0,114848.0,35633.0
9001475,107467.0,114248.0,36500.0
9001476,107467.0,114248.0,34766.0
9001477,107467.0,114248.0,35633.0
9001478,111267.0,114248.0,36600.0
9001479,111267.0,114248.0,34799.0
9001480,111267.0,114248.0,35700.0
9001481,110767.0,114848.0,36500.0
9001482,110767.0,114848.0,34766.0
9001483,110767.0,114848.0,35633.0
9001484,110492.0,98548.0,36600.0
9001485,110492.0,98548.0,34799.0
9001486,110492.0,98548.0,35700.0
9001487,99067.0,98548.0,36600.0
9001488,100067.0,98548.0,36600.0
9001489,99067.0,98548.0,34799.0
9001490,100067.0,98548.0,34799.0
9001491,99067.0,98548.0,35700.0
9001492,100067.0,98548.0,35700.0
9001493,105733.0,98548.0,36600.0
9001494,106600.0,98548.0,36600.0
9001495,105733.0,98548.0,34799.0
9001496,106600.0,98548.0,34799.0
9001497,105733.0,98548.0,35700.0
9001498,106600.0,98548.0,35700.0
9001499,101067.0,99070.0,36600.0
9001500,101067.0,99070.0,34799.0
9001501,101067.0,99070.0,35700.0
9001502,104867.0,99070.0,36600.0
9001503,104867.0,99070.0,34799.0
9001504,104867.0,99070.0,35700.0
9001505,107467.0,99381.0,36600.0
9001506,107467.0,100214.0,36600.0
9001507,107467.0,99381.0,34799.0
9001508,107467.0,100214.0,34799.0
9001509,107467.0,99381.0,35700.0
9001510,107467.0,100214.0,35700.0
9001511,109517.0,101048.0,36600.0
9001512,109517.0,101048.0,34799.0
9001513,109517.0,101048.0,35700.0
9001514,110817.0,101048.0,36600.0
9001515,110817.0,101048.0,34799.0
9001516,110817.0,101048.0,35700.0
9001517,111267.0,99381.0,36600.0
9001518,111267.0,100214.0,36600.0
9001519,111267.0,99381.0,34799.0
9001520,111267.0,100214.0,34799.0
9001521,111267.0,99381.0,35700.0
9001522,111267.0,100214.0,35700.0
9001523,111267.0,101931.0,36600.0
9001524,111267.0,102814.0,36600.0
9001525,111267.0,101931.0,34799.0
9001526,111267.0,102814.0,34799.0
9001527,111267.0,101931.0,35700.0
9001528,111267.0,102814.0,35700.0
9001529,99067.0,107148.0,36600.0
9001530,100067.0,107148.0,36600.0
9001531,99067.0,107148.0,34799.0
9001532,100067.0,107148.0,34799.0
9001533,99067.0,107148.0,35700.0
9001534,100067.0,107148.0,35700.0
9001535,101067.0,106723.0,36600.0
9001536,101067.0,106723.0,34799.0
9001537,101067.0,106723.0,35700.0
9001538,104867.0,106723.0,36600.0
9001539,104867.0,106723.0,34799.0
9001540,104867.0,106723.0,35700.0
9001541,105733.0,107139.0,36900.0
9001542,106600.0,107131.0,36900.0
9001543,105733.0,107139.0,34799.0
9001544,106600.0,107131.0,34799.0
9001545,105733.0,107139.0,35700.0
9001546,106600.0,107131.0,35700.0
9001547,110817.0,107148.0,36600.0
9001548,110817.0,107148.0,34799.0
9001549,110817.0,107148.0,35700.0
9001550,104867.0,109345.0,36600.0
9001551,104867.0,109345.0,34799.0
9001552,104867.0,109345.0,35700.0
9001553,105733.0,108798.0,36900.0
9001554,106600.0,108798.0,36900.0
9001555,105733.0,108798.0,34799.0
9001556,106600.0,108798.0,34799.0
9001557,105733.0,108798.0,35700.0
9001558,106600.0,108798.0,35700.0
9001559,107467.0,109345.0,36600.0
9001560,107467.0,109345.0,34799.0
9001561,107467.0,109345.0,35700.0
9001562,98067.0,111448.0,36900.0
9001563,98067.0,112448.0,36900.0
9001564,98067.0,111448.0,34799.0
9001565,98067.0,112448.0,34799.0
9001566,98067.0,111448.0,35700.0
9001567,98067.0,112448.0,35700.0
9001568,100567.0,110448.0,36600.0
9001569,100567.0,110448.0,34799.0
9001570,100567.0,110448.0,35700.0
9001571,100367.0,113448.0,36900.0
9001572,100367.0,113448.0,34799.0
9001573,100367.0,113448.0,35700.0
9001574,101067.0,111448.0,36600.0
9001575,101067.0,112448.0,36600.0
9001576,101067.0,111448.0,34799.0
9001577,101067.0,112448.0,34799.0
9001578,101067.0,111448.0,35700.0
9001579,101067.0,112448.0,35700.0
9001580,98067.0,114148.0,36600.0
9001581,98067.0,114148.0,34799.0
9001582,98067.0,114148.0,35700.0
9001583,111267.0,111060.0,36600.0
9001584,111267.0,111923.0,36600.0
9001585,111267.0,112785.0,36600.0
9001586,111267.0,111060.0,34799.0
9001587,111267.0,111923.0,34799.0
9001588,111267.0,112785.0,34799.0
9001589,111267.0,111060.0,35700.0
9001590,111267.0,112785.0,35700.0
9001591,111267.0,111923.0,35700.0
9001592,100367.0,114848.0,36600.0
9001593,100367.0,114848.0,34799.0
9001594,100367.0,114848.0,35700.0
9001595,105733.0,114848.0,36600.0
9001596,106600.0,114848.0,36600.0
9001597,105733.0,114848.0,34799.0
9001598,106600.0,114848.0,34799.0
9001599,105733.0,114848.0,35700.0
9001600,106600.0,114848.0,35700.0
9001601,107467.0,106710.0,36600.0
9001602,107467.0,106710.0,34799.0
9001603,107467.0,106710.0,35700.0
9001604,98067.0,102481.0,36600.0
9001605,98067.0,103414.0,36600.0
9001606,98067.0,102481.0,34799.0
9001607,98067.0,103414.0,34799.0
9001608,98067.0,102481.0,35700.0
9001609,98067.0,103414.0,35700.0
9001610,98067.0,105281.0,36600.0
9001611,98067.0,106214.0,36600.0
9001612,98067.0,105281.0,34799.0
9001613,98067.0,106214.0,34799.0
9001614,98067.0,105281.0,35700.0
9001615,98067.0,106214.0,35700.0
9001616,104867.0,114248.0,36600.0
9001617,104867.0,114248.0,34799.0
9001618,104867.0,114248.0,35700.0
9001619,98067.0,99381.0,36600.0
9001620,98067.0,100214.0,36600.0
9001621,98067.0,100881.0,36600.0
9001622,98067.0,99381.0,34799.0
9001623,98067.0,100214.0,34799.0
9001624,98067.0,100881.0,34799.0
9001625,98067.0,99381.0,35700.0
9001626,98067.0,100881.0,35700.0
9001627,98067.0,100214.0,35700.0
9001628,61197.0,110448.0,36399.0
9001629,62047.0,110448.0,36399.0
9001630,62897.0,110448.0,36399.0
9001631,61197.0,110448.0,34733.0
9001632,62047.0,110448.0,34733.0
9001633,62897.0,110448.0,34733.0
9001634,61197.0,110448.0,35566.0
9001635,62897.0,110448.0,35566.0
9001636,62047.0,110448.0,35566.0
9001637,24217.0,113842.0,37500.0
9001638,24217.0,112888.0,37500.0
9001639,24217.0,111942.0,37500.0
9001640,24217.0,110977.0,37500.0
9001641,24217.0,109999.0,37500.0
9001642,24217.0,109011.0,37500.0
9001643,24217.0,108071.0,37500.0
9001644,25167.0,113929.0,37500.0
9001645,25167.0,113007.0,37500.0
9001646,25167.0,112066.0,37500.0
9001647,25167.0,111102.0,37500.0
9001648,25167.0,110119.0,37500.0
9001649,25167.0,109126.0,37500.0
9001650,25167.0,108135.0,37500.0
9001651,26117.0,114015.0,37500.0
9001652,26117.0,113157.0,37500.0
9001653,26117.0,112223.0,37500.0
9001654,26117.0,111253.0,37500.0
9001655,26117.0,110256.0,37500.0
9001656,26117.0,109228.0,37500.0
9001657,26117.0,108189.0,37500.0
9001658,27767.0,114148.0,37500.0
9001659,29267.0,114148.0,37500.0
9001660,17833.0,112807.0,37500.0
9001661,17803.0,111978.0,37500.0
9001662,17814.0,109560.0,37500.0
9001663,17803.0,110360.0,37500.0
9001664,17797.0,111175.0,37500.0
9001665,18747.0,110499.0,37500.0
9001666,18711.0,111308.0,37500.0
9001667,18758.0,109644.0,37500.0
9001668,18725.0,111989.0,37500.0
9001669,18796.0,112799.0,37500.0
9001670,19605.0,111720.0,37500.0
9001671,19687.0,110724.0,37500.0
9001672,19711.0,109759.0,37500.0
9001673,19736.0,112715.0,37500.0
9001674,17727.0,107952.0,37500.0
9001675,18522.0,107951.0,37500.0
9001676,19173.0,107945.0,37500.0
9001677,19928.0,107945.0,37500.0
9001678,21533.0,107964.0,37500.0
9001679,22400.0,107968.0,37500.0
9001680,24217.0,106235.0,37500.0
9001681,24217.0,105296.0,37500.0
9001682,25167.0,106224.0,37500.0
9001683,25167.0,105289.0,37500.0
9001684,26117.0,106235.0,37500.0
9001685,26117.0,105296.0,37500.0
9001686,17733.0,100214.0,37500.0
9001687,17704.0,99381.0,37500.0
9001688,18596.0,100214.0,37500.0
9001689,18559.0,99381.0,37500.0
9001690,24217.0,103414.0,37500.0
9001691,24217.0,102481.0,37500.0
9001692,25167.0,103414.0,37500.0
9001693,25167.0,102481.0,37500.0
9001694,26117.0,103414.0,37500.0
9001695,26117.0,102481.0,37500.0
9001696,24217.0,100556.0,37500.0
9001697,24217.0,99559.0,37500.0
9001698,25167.0,100552.0,37500.0
9001699,25167.0,99553.0,37500.0
9001700,26117.0,100556.0,37500.0
9001701,26117.0,99559.0,37500.0
9001702,53835.0,107943.0,37500.0
9001703,54736.0,107923.0,37500.0
9001704,55602.0,107903.0,37500.0
9001705,109538.0,100214.0,37500.0
9001706,109574.0,99381.0,37500.0
9001707,110401.0,100214.0,37500.0
9001708,110429.0,99381.0,37500.0
9001709,98867.0,114148.0,37500.0
9001710,100367.0,114148.0,37500.0
9001711,108372.0,112745.0,37500.0
9001712,108436.0,111814.0,37500.0
9001713,108445.0,109786.0,37500.0
9001714,108536.0,110807.0,37500.0
9001715,109424.0,111113.0,37500.0
9001716,109371.0,111930.0,37500.0
9001717,109425.0,110435.0,37500.0
9001718,109388.0,109627.0,37500.0
9001719,109326.0,112783.0,37500.0
9001720,110341.0,110329.0,37500.0
9001721,110337.0,111124.0,37500.0
9001722,110328.0,109547.0,37500.0
9001723,110293.0,112795.0,37500.0
9001724,110320.0,111948.0,37500.0
9001725,102017.0,100556.0,37500.0
9001726,102017.0,99559.0,37500.0
9001727,102967.0,100552.0,37500.0
9001728,102967.0,99553.0,37500.0
9001729,103917.0,100556.0,37500.0
9001730,103917.0,99559.0,37500.0
9001731,108205.0,107945.0,37500.0
9001732,108960.0,107945.0,37500.0
9001733,109611.0,107951.0,37500.0
9001734,110406.0,107952.0,37500.0
9001735,102017.0,106235.0,37500.0
9001736,102017.0,105296.0,37500.0
9001737,102967.0,106224.0,37500.0
9001738,102967.0,105289.0,37500.0
9001739,103917.0,106235.0,37500.0
9001740,103917.0,105296.0,37500.0
9001741,102017.0,114015.0,37500.0
9001742,102017.0,113157.0,37500.0
9001743,102017.0,112223.0,37500.0
9001744,102017.0,111253.0,37500.0
9001745,102017.0,110256.0,37500.0
9001746,102017.0,109228.0,37500.0
9001747,102017.0,108189.0,37500.0
9001748,102967.0,113929.0,37500.0
9001749,102967.0,113007.0,37500.0
9001750,102967.0,112066.0,37500.0
9001751,102967.0,111102.0,37500.0
9001752,102967.0,110119.0,37500.0
9001753,102967.0,109126.0,37500.0
9001754,102967.0,108135.0,37500.0
9001755,103917.0,113842.0,37500.0
9001756,103917.0,112888.0,37500.0
9001757,103917.0,111942.0,37500.0
9001758,103917.0,110977.0,37500.0
9001759,103917.0,109999.0,37500.0
9001760,103917.0,109011.0,37500.0
9001761,103917.0,108071.0,37500.0
9001762,102017.0,103414.0,37500.0
9001763,102017.0,102481.0,37500.0
9001764,102967.0,103414.0,37500.0
9001765,102967.0,102481.0,37500.0
9001766,103917.0,103414.0,37500.0
9001767,103917.0,102481.0,37500.0
9001768,105733.0,107968.0,37500.0
9001769,106600.0,107964.0,37500.0
10000001,23267.0,114848.0,41100.0
10000002,27067.0,114848.0,41100.0
10000003,20667.0,114848.0,41100.0
10000004,30067.0,114848.0,41100.0
10000005,27067.0,113448.0,41100.0
10000006,27067.0,110448.0,41100.0
10000007,30067.0,113448.0,41100.0
10000008,20667.0,111848.0,41100.0
10000009,20667.0,108798.0,41100.0
10000010,23267.0,111848.0,41100.0
10000011,16867.0,108748.0,41100.0
10000012,23267.0,108798.0,41100.0
10000013,16867.0,107148.0,41100.0
10000014,30067.0,107148.0,41100.0
10000015,23267.0,107148.0,41100.0
10000016,20667.0,107123.0,41100.0
10000017,27067.0,107148.0,41100.0
10000018,16867.0,101048.0,41100.0
10000019,17767.0,107148.0,41100.0
10000020,17767.0,101048.0,41100.0
10000021,20667.0,104348.0,41100.0
10000022,23267.0,104348.0,41100.0
10000023,27067.0,104348.0,41100.0
10000024,20667.0,101548.0,41100.0
10000025,20667.0,101048.0,41100.0
10000026,23267.0,101548.0,41100.0
10000027,27067.0,101548.0,41100.0
10000028,20667.0,98548.0,41100.0
10000029,23267.0,98548.0,41100.0
10000030,27067.0,98548.0,41100.0
10000031,16867.0,110198.0,41100.0
10000032,30067.0,110448.0,41100.0
10000033,23267.0,109893.0,41100.0
10000034,28067.0,110448.0,41100.0
10000035,23267.0,106298.0,41100.0
10000036,27067.0,106298.0,41100.0
10000037,20167.0,107098.0,41100.0
10000038,23267.0,99593.0,41100.0
10000039,27067.0,99593.0,41100.0
10000040,18417.0,98548.0,41100.0
10000041,20667.0,113648.0,41100.0
10000042,16867.0,113648.0,41100.0
10000043,19917.0,113648.0,41100.0
10000044,19917.0,114848.0,41100.0
10000045,17867.0,113648.0,41100.0
10000046,17867.0,114848.0,41100.0
10000047,28467.0,113448.0,41100.0
10000048,28467.0,114848.0,41100.0
10000049,19467.0,98548.0,41100.0
10000050,19467.0,101048.0,41100.0
10000051,17767.0,103698.0,41100.0
10000052,16867.0,103698.0,41100.0
10000053,20667.0,106298.0,41100.0
10000054,23267.0,113648.0,41100.0
10000055,20667.0,109893.0,41100.0
10000056,4867.0,114848.0,41100.0
10000057,4867.0,106698.0,41100.0
10000058,4867.0,98548.0,41100.0
10000059,4867.0,87098.0,41100.0
10000060,4867.0,126298.0,41100.0
10000061,9467.0,126348.0,41100.0
10000062,13067.0,126348.0,41100.0
10000063,124067.0,114848.0,41100.0
10000064,124067.0,106698.0,41100.0
10000065,124067.0,98548.0,41100.0
10000066,124067.0,87098.0,41100.0
10000067,124067.0,126298.0,41100.0
10000068,30067.0,98548.0,41100.0
10000069,30067.0,101048.0,41100.0
10000070,30067.0,104348.0,41100.0
10000071,30067.0,101548.0,41100.0
10000072,13067.0,87048.0,41100.0
10000073,9467.0,87048.0,41100.0
10000074,63747.0,110448.0,41100.0
10000075,60347.0,101048.0,41100.0
10000076,60347.0,107048.0,41100.0
10000077,63747.0,107148.0,41100.0
10000078,52947.0,114848.0,41100.0
10000079,56347.0,108748.0,41100.0
10000080,52947.0,103698.0,41100.0
10000081,53847.0,103698.0,41100.0
10000082,54497.0,98548.0,41100.0
10000083,56347.0,110448.0,41100.0
10000084,52947.0,110198.0,41100.0
10000085,56347.0,113448.0,41100.0
10000086,52947.0,101048.0,41100.0
10000087,53847.0,101048.0,41100.0
10000088,53847.0,107148.0,41100.0
10000089,52947.0,107148.0,41100.0
10000090,56347.0,107048.0,41100.0
10000091,52947.0,108748.0,41100.0
10000092,56347.0,101548.0,41100.0
10000093,55947.0,107048.0,41100.0
10000094,56347.0,106298.0,41100.0
10000095,60347.0,110448.0,41100.0
10000096,56347.0,104348.0,41100.0
10000097,56347.0,101048.0,41100.0
10000098,63747.0,101048.0,41100.0
10000099,52947.0,98548.0,41100.0
10000100,60347.0,104348.0,41100.0
10000101,119800.0,87048.0,41100.0
10000102,115533.0,87048.0,41100.0
10000103,111267.0,103698.0,41100.0
10000104,110367.0,103698.0,41100.0
10000105,108667.0,101048.0,41100.0
10000106,108667.0,98548.0,41100.0
10000107,99667.0,114848.0,41100.0
10000108,99667.0,113448.0,41100.0
10000109,110267.0,114848.0,41100.0
10000110,110267.0,113648.0,41100.0
10000111,108217.0,114848.0,41100.0
10000112,108217.0,113648.0,41100.0
10000113,111267.0,113648.0,41100.0
10000114,107467.0,113648.0,41100.0
10000115,109717.0,98548.0,41100.0
10000116,101067.0,99593.0,41100.0
10000117,104867.0,99593.0,41100.0
10000118,107967.0,107098.0,41100.0
10000119,101067.0,106298.0,41100.0
10000120,104867.0,106298.0,41100.0
10000121,100067.0,110448.0,41100.0
10000122,104867.0,109893.0,41100.0
10000123,98067.0,110448.0,41100.0
10000124,111267.0,110198.0,41100.0
10000125,101067.0,98548.0,41100.0
10000126,104867.0,98548.0,41100.0
10000127,107467.0,98548.0,41100.0
10000128,101067.0,101548.0,41100.0
10000129,104867.0,101548.0,41100.0
10000130,107467.0,101048.0,41100.0
10000131,107467.0,101548.0,41100.0
10000132,101067.0,104348.0,41100.0
10000133,104867.0,104348.0,41100.0
10000134,107467.0,104348.0,41100.0
10000135,110367.0,101048.0,41100.0
10000136,110367.0,107148.0,41100.0
10000137,111267.0,101048.0,41100.0
10000138,101067.0,107148.0,41100.0
10000139,107467.0,107123.0,41100.0
10000140,104867.0,107148.0,41100.0
10000141,98067.0,107148.0,41100.0
10000142,111267.0,107148.0,41100.0
10000143,104867.0,108798.0,41100.0
10000144,111267.0,108748.0,41100.0
10000145,104867.0,111848.0,41100.0
10000146,107467.0,108798.0,41100.0
10000147,107467.0,111848.0,41100.0
10000148,98067.0,113448.0,41100.0
10000149,101067.0,110448.0,41100.0
10000150,101067.0,113448.0,41100.0
10000151,98067.0,114848.0,41100.0
10000152,107467.0,114848.0,41100.0
10000153,101067.0,114848.0,41100.0
10000154,104867.0,114848.0,41100.0
10000155,107467.0,106298.0,41100.0
10000156,98067.0,101548.0,41100.0
10000157,98067.0,104348.0,41100.0
10000158,107467.0,109893.0,41100.0
10000159,104867.0,113648.0,41100.0
10000160,98067.0,98548.0,41100.0
10000161,63747.0,98548.0,41100.0
10000162,56347.0,98548.0,41100.0
10000163,56347.0,114848.0,41100.0
10000164,63747.0,114848.0,41100.0
10000165,60347.0,114848.0,41100.0
10000166,60347.0,98548.0,41100.0
10000167,30067.0,87098.0,41100.0
10000168,30067.0,126298.0,41100.0
10000169,16867.0,98548.0,41100.0
10000170,16867.0,114848.0,41100.0
10000171,16867.0,106698.0,41100.0
10000172,16867.0,87098.0,41100.0
10000173,16867.0,126298.0,41100.0
10000174,111267.0,87098.0,41100.0
10000175,111267.0,126298.0,41100.0
10000176,98067.0,126298.0,41100.0
10000177,111267.0,98548.0,41100.0
10000178,98067.0,87098.0,41100.0
10000179,111267.0,106698.0,41100.0
10000180,111267.0,114848.0,41100.0
10000181,41507.0,126298.0,41100.0
10000182,41507.0,87098.0,41100.0
10000183,52947.0,87098.0,41100.0
10000184,52947.0,126298.0,41100.0
10000185,75187.0,87098.0,41100.0
10000186,75187.0,126298.0,41100.0
10000187,86627.0,126298.0,41100.0
10000188,86627.0,87098.0,41100.0
10000189,58347.0,98548.0,41100.0
10000190,58347.0,87048.0,41100.0
10000191,58322.0,126348.0,41100.0
10000192,58322.0,114848.0,41100.0
10000193,119800.0,126348.0,41100.0
10000194,115533.0,126348.0,41100.0
10000195,107467.0,126348.0,41100.0
10000196,107467.0,87048.0,41100.0
10000197,102967.0,98548.0,41100.0
10000198,102967.0,87048.0,41100.0
10000199,102967.0,114848.0,41100.0
10000200,102967.0,126348.0,41100.0
10000201,92347.0,126348.0,41100.0
10000202,92347.0,87048.0,41100.0
10000203,80907.0,126348.0,41100.0
10000204,69467.0,126348.0,41100.0
10000205,69467.0,87048.0,41100.0
10000206,47227.0,126348.0,41100.0
10000207,47227.0,87048.0,41100.0
10000208,35787.0,126348.0,41100.0
10000209,35787.0,87048.0,41100.0
10000210,25167.0,98548.0,41100.0
10000211,25167.0,87048.0,41100.0
10000212,20667.0,87048.0,41100.0
10000213,25167.0,114848.0,41100.0
10000214,25167.0,126348.0,41100.0
10000215,20667.0,126348.0,41100.0
10000216,30067.0,106698.0,41100.0
10000217,52947.0,106698.0,41100.0
10000218,63747.0,106698.0,41100.0
10000219,98067.0,106698.0,41100.0
10000220,119800.0,106698.0,41100.0
10000221,115533.0,106698.0,41100.0
10000222,47227.0,106698.0,41100.0
10000223,35787.0,106698.0,41100.0
10000224,41507.0,106698.0,41100.0
10000225,13067.0,106698.0,41100.0
10000226,9467.0,106698.0,41100.0
10000227,119800.0,98548.0,41100.0
10000228,115533.0,98548.0,41100.0
10000229,47227.0,98548.0,41100.0
10000230,35787.0,98548.0,41100.0
10000231,41507.0,98548.0,41100.0
10000232,13067.0,98548.0,41100.0
10000233,9467.0,98548.0,41100.0
10000234,119800.0,114848.0,41100.0
10000235,115533.0,114848.0,41100.0
10000236,47227.0,114848.0,41100.0
10000237,35787.0,114848.0,41100.0
10000238,41507.0,114848.0,41100.0
10000239,13067.0,114848.0,41100.0
10000240,9467.0,114848.0,41100.0
10000241,63747.0,126298.0,41100.0
10000242,63747.0,87098.0,41100.0
10000243,92347.0,98548.0,41100.0
10000244,92347.0,107148.0,41100.0
10000245,92347.0,114848.0,41100.0
10000246,69467.0,98548.0,41100.0
10000247,69467.0,107148.0,41100.0
10000248,69467.0,114848.0,41100.0
10000249,75187.0,98548.0,41100.0
10000250,75187.0,107148.0,41100.0
10000251,75187.0,114848.0,41100.0
10000252,86627.0,98548.0,41100.0
10000253,86627.0,107148.0,41100.0
10000254,86627.0,114848.0,41100.0
10000255,80907.0,98548.0,41100.0
10000256,80907.0,107148.0,41100.0
10000257,80907.0,114848.0,41100.0
10000258,80907.0,87048.0,41100.0
10000259,27067.0,113448.0,40500.0
10000260,27067.0,114848.0,40500.0
10000261,20667.0,107123.0,40500.0
10000262,20667.0,108798.0,40500.0
10000263,28067.0,110448.0,40500.0
10000264,30067.0,110448.0,40500.0
10000265,23267.0,107148.0,40500.0
10000266,23267.0,108798.0,40500.0
10000267,17767.0,107148.0,40400.0
10000268,20167.0,107098.0,40400.0
10000269,18417.0,98548.0,40350.0
10000270,19467.0,98548.0,40350.0
10000271,28467.0,113448.0,40500.0
10000272,30067.0,113448.0,40500.0
10000273,20667.0,98548.0,40350.0
10000274,56347.0,113448.0,40400.0
10000275,56347.0,114848.0,40400.0
10000276,53847.0,107148.0,40400.0
10000277,55947.0,107048.0,40400.0
10000278,54497.0,98548.0,40350.0
10000279,56347.0,98548.0,40350.0
10000280,107467.0,98548.0,40350.0
10000281,108667.0,98548.0,40350.0
10000282,98067.0,113448.0,40500.0
10000283,99667.0,113448.0,40500.0
10000284,107967.0,107098.0,40400.0
10000285,110367.0,107148.0,40400.0
10000286,104867.0,107148.0,40500.0
10000287,104867.0,108798.0,40500.0
10000288,107467.0,107123.0,40500.0
10000289,107467.0,108798.0,40500.0
10000290,101067.0,113448.0,40500.0
10000291,101067.0,114848.0,40500.0
10000292,98067.0,110448.0,40500.0
10000293,100067.0,110448.0,40500.0
10000294,109717.0,98548.0,40350.0
10000295,17367.0,114848.0,41100.0
10000296,21533.0,114848.0,41100.0
10000297,22400.0,114848.0,41100.0
10000298,27767.0,114848.0,41100.0
10000299,16867.0,111060.0,41100.0
10000300,16867.0,111923.0,41100.0
10000301,16867.0,112785.0,41100.0
10000302,27067.0,113798.0,41100.0
10000303,27067.0,114148.0,41100.0
10000304,27067.0,114498.0,41100.0
10000305,30067.0,114148.0,41100.0
10000306,27067.0,111448.0,41100.0
10000307,27067.0,112448.0,41100.0
10000308,27767.0,113448.0,41100.0
10000309,27567.0,110448.0,41100.0
10000310,30067.0,111448.0,41100.0
10000311,30067.0,112448.0,41100.0
10000312,20667.0,109345.0,41100.0
10000313,20667.0,107541.0,41100.0
10000314,20667.0,107960.0,41100.0
10000315,20667.0,108379.0,41100.0
10000316,21533.0,108798.0,41100.0
10000317,22400.0,108798.0,41100.0
10000318,23267.0,109345.0,41100.0
10000319,28567.0,110448.0,41100.0
10000320,29067.0,110448.0,41100.0
10000321,29567.0,110448.0,41100.0
10000322,23267.0,107560.0,41100.0
10000323,23267.0,107973.0,41100.0
10000324,23267.0,108385.0,41100.0
10000325,17317.0,107148.0,41100.0
10000326,21533.0,107131.0,41100.0
10000327,22400.0,107139.0,41100.0
10000328,23267.0,106723.0,41100.0
10000329,27067.0,106723.0,41100.0
10000330,28067.0,107148.0,41100.0
10000331,29067.0,107148.0,41100.0
10000332,16867.0,101931.0,41100.0
10000333,16867.0,102814.0,41100.0
10000334,16867.0,99381.0,41100.0
10000335,16867.0,100214.0,41100.0
10000336,17317.0,101048.0,41100.0
10000337,18167.0,107139.0,41100.0
10000338,18567.0,107131.0,41100.0
10000339,18967.0,107123.0,41100.0
10000340,19367.0,107114.0,41100.0
10000341,19767.0,107106.0,41100.0
10000342,18617.0,101048.0,41100.0
10000343,20667.0,99381.0,41100.0
10000344,20667.0,100214.0,41100.0
10000345,17642.0,98548.0,41100.0
10000346,18942.0,98548.0,41100.0
10000347,21533.0,98548.0,41100.0
10000348,22400.0,98548.0,41100.0
10000349,23267.0,99070.0,41100.0
10000350,27067.0,99070.0,41100.0
10000351,28067.0,98548.0,41100.0
10000352,29067.0,98548.0,41100.0
10000353,16867.0,114248.0,41100.0
10000354,20667.0,114248.0,41100.0
10000355,20292.0,114848.0,41100.0
10000356,18142.0,114848.0,41100.0
10000357,18642.0,114848.0,41100.0
10000358,19142.0,114848.0,41100.0
10000359,19642.0,114848.0,41100.0
10000360,29267.0,114848.0,41100.0
10000361,28867.0,113448.0,41100.0
10000362,29267.0,113448.0,41100.0
10000363,29667.0,113448.0,41100.0
10000364,20067.0,101048.0,41100.0
10000365,20067.0,98548.0,41100.0
10000366,16867.0,104698.0,41100.0
10000367,16867.0,105698.0,41100.0
10000368,20667.0,106710.0,41100.0
10000369,23267.0,114248.0,41100.0
10000370,30067.0,99381.0,41100.0
10000371,30067.0,100214.0,41100.0
10000372,30067.0,105281.0,41100.0
10000373,30067.0,106214.0,41100.0
10000374,30067.0,102481.0,41100.0
10000375,30067.0,103414.0,41100.0
10000376,60347.0,101873.0,41100.0
10000377,60347.0,102698.0,41100.0
10000378,60347.0,103523.0,41100.0
10000379,63747.0,111328.0,41100.0
10000380,63747.0,112208.0,41100.0
10000381,63747.0,113088.0,41100.0
10000382,63747.0,113968.0,41100.0
10000383,61022.0,114848.0,41100.0
10000384,61697.0,114848.0,41100.0
10000385,62197.0,114848.0,41100.0
10000386,62697.0,114848.0,41100.0
10000387,63197.0,114848.0,41100.0
10000388,52947.0,104560.0,41100.0
10000389,52947.0,105423.0,41100.0
10000390,52947.0,106285.0,41100.0
10000391,53722.0,98548.0,41100.0
10000392,52947.0,99381.0,41100.0
10000393,52947.0,100214.0,41100.0
10000394,52947.0,101931.0,41100.0
10000395,52947.0,102814.0,41100.0
10000396,53397.0,101048.0,41100.0
10000397,53397.0,107148.0,41100.0
10000398,56347.0,111328.0,41100.0
10000399,56347.0,112208.0,41100.0
10000400,56347.0,113088.0,41100.0
10000401,56347.0,113798.0,41100.0
10000402,56347.0,114148.0,41100.0
10000403,56347.0,114498.0,41100.0
10000404,52947.0,111128.0,41100.0
10000405,52947.0,112058.0,41100.0
10000406,52947.0,112988.0,41100.0
10000407,52947.0,113918.0,41100.0
10000408,53622.0,114848.0,41100.0
10000409,54297.0,114848.0,41100.0
10000410,54797.0,114848.0,41100.0
10000411,55297.0,114848.0,41100.0
10000412,55797.0,114848.0,41100.0
10000413,54372.0,107123.0,41100.0
10000414,54897.0,107098.0,41100.0
10000415,55422.0,107073.0,41100.0
10000416,56347.0,106673.0,41100.0
10000417,56347.0,99381.0,41100.0
10000418,56347.0,100214.0,41100.0
10000419,54959.0,98548.0,41100.0
10000420,55422.0,98548.0,41100.0
10000421,55884.0,98548.0,41100.0
10000422,63747.0,102064.0,41100.0
10000423,63747.0,103081.0,41100.0
10000424,63747.0,104098.0,41100.0
10000425,63747.0,105114.0,41100.0
10000426,63747.0,106131.0,41100.0
10000427,63747.0,99381.0,41100.0
10000428,63747.0,100214.0,41100.0
10000429,54680.0,101048.0,41100.0
10000430,55513.0,101048.0,41100.0
10000431,60822.0,98548.0,41100.0
10000432,61297.0,98548.0,41100.0
10000433,61797.0,98548.0,41100.0
10000434,62297.0,98548.0,41100.0
10000435,62797.0,98548.0,41100.0
10000436,63272.0,98548.0,41100.0
10000437,61197.0,101048.0,41100.0
10000438,62047.0,101048.0,41100.0
10000439,62897.0,101048.0,41100.0
10000440,111267.0,104698.0,41100.0
10000441,111267.0,105698.0,41100.0
10000442,108067.0,98548.0,41100.0
10000443,108067.0,101048.0,41100.0
10000444,98467.0,113448.0,41100.0
10000445,98867.0,113448.0,41100.0
10000446,99267.0,113448.0,41100.0
10000447,98867.0,114848.0,41100.0
10000448,108492.0,114848.0,41100.0
10000449,108992.0,114848.0,41100.0
10000450,109492.0,114848.0,41100.0
10000451,109992.0,114848.0,41100.0
10000452,107842.0,114848.0,41100.0
10000453,107467.0,114248.0,41100.0
10000454,111267.0,114248.0,41100.0
10000455,110767.0,114848.0,41100.0
10000456,110492.0,98548.0,41100.0
10000457,99067.0,98548.0,41100.0
10000458,100067.0,98548.0,41100.0
10000459,105733.0,98548.0,41100.0
10000460,106600.0,98548.0,41100.0
10000461,101067.0,99070.0,41100.0
10000462,104867.0,99070.0,41100.0
10000463,107467.0,99381.0,41100.0
10000464,107467.0,100214.0,41100.0
10000465,109517.0,101048.0,41100.0
10000466,108367.0,107106.0,41100.0
10000467,108767.0,107114.0,41100.0
10000468,109167.0,107123.0,41100.0
10000469,109567.0,107131.0,41100.0
10000470,109967.0,107139.0,41100.0
10000471,110817.0,101048.0,41100.0
10000472,111267.0,99381.0,41100.0
10000473,111267.0,100214.0,41100.0
10000474,111267.0,101931.0,41100.0
10000475,111267.0,102814.0,41100.0
10000476,99067.0,107148.0,41100.0
10000477,100067.0,107148.0,41100.0
10000478,101067.0,106723.0,41100.0
10000479,104867.0,106723.0,41100.0
10000480,105733.0,107139.0,41100.0
10000481,106600.0,107131.0,41100.0
10000482,110817.0,107148.0,41100.0
10000483,104867.0,107560.0,41100.0
10000484,104867.0,107973.0,41100.0
10000485,104867.0,108385.0,41100.0
10000486,104867.0,109345.0,41100.0
10000487,105733.0,108798.0,41100.0
10000488,106600.0,108798.0,41100.0
10000489,107467.0,107541.0,41100.0
10000490,107467.0,107960.0,41100.0
10000491,107467.0,108379.0,41100.0
10000492,107467.0,109345.0,41100.0
10000493,98067.0,111448.0,41100.0
10000494,98067.0,112448.0,41100.0
10000495,100567.0,110448.0,41100.0
10000496,100367.0,113448.0,41100.0
10000497,101067.0,111448.0,41100.0
10000498,101067.0,112448.0,41100.0
10000499,98067.0,114148.0,41100.0
10000500,101067.0,113798.0,41100.0
10000501,101067.0,114148.0,41100.0
10000502,101067.0,114498.0,41100.0
10000503,111267.0,111060.0,41100.0
10000504,111267.0,111923.0,41100.0
10000505,111267.0,112785.0,41100.0
10000506,100367.0,114848.0,41100.0
10000507,105733.0,114848.0,41100.0
10000508,106600.0,114848.0,41100.0
10000509,107467.0,106710.0,41100.0
10000510,98067.0,102481.0,41100.0
10000511,98067.0,103414.0,41100.0
10000512,98067.0,105281.0,41100.0
10000513,98067.0,106214.0,41100.0
10000514,104867.0,114248.0,41100.0
10000515,98067.0,99381.0,41100.0
10000516,98067.0,100214.0,41100.0
10000517,98067.0,100881.0,41100.0
10000518,98567.0,110448.0,41100.0
10000519,99067.0,110448.0,41100.0
10000520,99567.0,110448.0,41100.0
10000521,109192.0,98548.0,41100.0
10000522,61197.0,110448.0,41100.0
10000523,62047.0,110448.0,41100.0
10000524,62897.0,110448.0,41100.0
10000525,16867.0,114848.0,40000.0
10000526,16867.0,114848.0,39166.0
10000527,16867.0,114848.0,38333.0
10000528,17867.0,114848.0,40000.0
10000529,17867.0,114848.0,39166.0
10000530,17867.0,114848.0,38333.0
10000531,20667.0,114848.0,40000.0
10000532,20667.0,114848.0,39166.0
10000533,20667.0,114848.0,38333.0
10000534,23267.0,114848.0,40100.0
10000535,23267.0,114848.0,39233.0
10000536,23267.0,114848.0,38366.0
10000537,28467.0,114848.0,40200.0
10000538,28467.0,114848.0,39300.0
10000539,28467.0,114848.0,38400.0
10000540,27067.0,110448.0,40200.0
10000541,27067.0,110448.0,39300.0
10000542,27067.0,110448.0,38400.0
10000543,20667.0,109893.0,40200.0
10000544,20667.0,109893.0,39300.0
10000545,20667.0,109893.0,38400.0
10000546,16867.0,110198.0,40000.0
10000547,16867.0,110198.0,39166.0
10000548,16867.0,110198.0,38333.0
10000549,16867.0,113648.0,40000.0
10000550,16867.0,113648.0,39166.0
10000551,16867.0,113648.0,38333.0
10000552,23267.0,109893.0,40200.0
10000553,23267.0,109893.0,39300.0
10000554,23267.0,109893.0,38400.0
10000555,16867.0,106698.0,40200.0
10000556,16867.0,106698.0,39300.0
10000557,16867.0,106698.0,38400.0
10000558,16867.0,107148.0,40200.0
10000559,16867.0,107148.0,39300.0
10000560,16867.0,107148.0,38400.0
10000561,23267.0,106298.0,40200.0
10000562,23267.0,106298.0,39300.0
10000563,23267.0,106298.0,38400.0
10000564,27067.0,106298.0,40200.0
10000565,27067.0,106298.0,39300.0
10000566,27067.0,106298.0,38400.0
10000567,27067.0,107148.0,40200.0
10000568,27067.0,107148.0,39300.0
10000569,27067.0,107148.0,38400.0
10000570,16867.0,101048.0,40200.0
10000571,16867.0,101048.0,39300.0
10000572,16867.0,101048.0,38400.0
10000573,16867.0,103698.0,40200.0
10000574,16867.0,103698.0,39300.0
10000575,16867.0,103698.0,38400.0
10000576,16867.0,98548.0,40200.0
10000577,16867.0,98548.0,39300.0
10000578,16867.0,98548.0,38400.0
10000579,17767.0,101048.0,40200.0
10000580,17767.0,101048.0,39300.0
10000581,17767.0,101048.0,38400.0
10000582,19467.0,101048.0,40200.0
10000583,19467.0,101048.0,39300.0
10000584,19467.0,101048.0,38400.0
10000585,20667.0,101048.0,40200.0
10000586,20667.0,101048.0,39300.0
10000587,20667.0,101048.0,38400.0
10000588,23267.0,98548.0,40200.0
10000589,23267.0,98548.0,39300.0
10000590,23267.0,98548.0,38400.0
10000591,23267.0,99593.0,40200.0
10000592,23267.0,99593.0,39300.0
10000593,23267.0,99593.0,38400.0
10000594,27067.0,98548.0,40200.0
10000595,27067.0,98548.0,39300.0
10000596,27067.0,98548.0,38400.0
10000597,27067.0,99593.0,40200.0
10000598,27067.0,99593.0,39300.0
10000599,27067.0,99593.0,38400.0
10000600,30067.0,98548.0,40200.0
10000601,30067.0,98548.0,39300.0
10000602,30067.0,98548.0,38400.0
10000603,19917.0,114848.0,40000.0
10000604,19917.0,114848.0,39166.0
10000605,19917.0,114848.0,38333.0
10000606,30067.0,114848.0,40200.0
10000607,30067.0,114848.0,39300.0
10000608,30067.0,114848.0,38400.0
10000609,20667.0,106298.0,40200.0
10000610,20667.0,106298.0,39300.0
10000611,20667.0,106298.0,38400.0
10000612,20667.0,113648.0,40000.0
10000613,20667.0,113648.0,39166.0
10000614,20667.0,113648.0,38333.0
10000615,23267.0,113648.0,40200.0
10000616,23267.0,113648.0,39300.0
10000617,23267.0,113648.0,38400.0
10000618,20667.0,101548.0,40200.0
10000619,20667.0,101548.0,39300.0
10000620,20667.0,101548.0,38400.0
10000621,30067.0,101048.0,40200.0
10000622,30067.0,101048.0,39300.0
10000623,30067.0,101048.0,38400.0
10000624,30067.0,101548.0,40200.0
10000625,30067.0,101548.0,39300.0
10000626,30067.0,101548.0,38400.0
10000627,30067.0,107148.0,40200.0
10000628,30067.0,107148.0,39300.0
10000629,30067.0,107148.0,38400.0
10000630,30067.0,104348.0,40200.0
10000631,30067.0,104348.0,39300.0
10000632,30067.0,104348.0,38400.0
10000633,30067.0,106698.0,40200.0
10000634,30067.0,106698.0,39300.0
10000635,30067.0,106698.0,38400.0
10000636,60347.0,101048.0,40000.0
10000637,60347.0,101048.0,39166.0
10000638,60347.0,101048.0,38333.0
10000639,60347.0,104348.0,40000.0
10000640,60347.0,104348.0,39166.0
10000641,60347.0,104348.0,38333.0
10000642,63747.0,110448.0,40000.0
10000643,63747.0,110448.0,39166.0
10000644,63747.0,110448.0,38333.0
10000645,63747.0,114848.0,40000.0
10000646,63747.0,114848.0,39166.0
10000647,63747.0,114848.0,38333.0
10000648,60347.0,114848.0,40000.0
10000649,60347.0,114848.0,39166.0
10000650,60347.0,114848.0,38333.0
10000651,52947.0,103698.0,40200.0
10000652,52947.0,103698.0,39300.0
10000653,52947.0,103698.0,38400.0
10000654,52947.0,106698.0,40200.0
10000655,52947.0,106698.0,39300.0
10000656,52947.0,106698.0,38400.0
10000657,52947.0,98548.0,40200.0
10000658,52947.0,98548.0,39300.0
10000659,52947.0,98548.0,38400.0
10000660,52947.0,101048.0,40200.0
10000661,52947.0,101048.0,39300.0
10000662,52947.0,101048.0,38400.0
10000663,53847.0,101048.0,40200.0
10000664,53847.0,101048.0,39300.0
10000665,53847.0,101048.0,38400.0
10000666,52947.0,107148.0,40200.0
10000667,52947.0,107148.0,39300.0
10000668,52947.0,107148.0,38400.0
10000669,56347.0,107048.0,40200.0
10000670,56347.0,107048.0,39300.0
10000671,56347.0,107048.0,38400.0
10000672,56347.0,110448.0,40200.0
10000673,56347.0,110448.0,39300.0
10000674,56347.0,110448.0,38400.0
10000675,52947.0,110198.0,40000.0
10000676,52947.0,110198.0,39166.0
10000677,52947.0,110198.0,38333.0
10000678,52947.0,114848.0,40000.0
10000679,52947.0,114848.0,39166.0
10000680,52947.0,114848.0,38333.0
10000681,56347.0,106298.0,40200.0
10000682,56347.0,106298.0,39300.0
10000683,56347.0,106298.0,38400.0
10000684,56347.0,101048.0,40200.0
10000685,56347.0,101048.0,39300.0
10000686,56347.0,101048.0,38400.0
10000687,56347.0,101548.0,40200.0
10000688,56347.0,101548.0,39300.0
10000689,56347.0,101548.0,38400.0
10000690,63747.0,101048.0,40000.0
10000691,63747.0,101048.0,39166.0
10000692,63747.0,101048.0,38333.0
10000693,63747.0,106698.0,40100.0
10000694,63747.0,106698.0,39233.0
10000695,63747.0,106698.0,38366.0
10000696,63747.0,98548.0,40000.0
10000697,63747.0,98548.0,39166.0
10000698,63747.0,98548.0,38333.0
10000699,60347.0,98548.0,40000.0
10000700,60347.0,98548.0,39166.0
10000701,60347.0,98548.0,38333.0
10000702,111267.0,103698.0,40200.0
10000703,111267.0,103698.0,39300.0
10000704,111267.0,103698.0,38400.0
10000705,111267.0,106698.0,40200.0
10000706,111267.0,106698.0,39300.0
10000707,111267.0,106698.0,38400.0
10000708,107467.0,101048.0,40200.0
10000709,107467.0,101048.0,39300.0
10000710,107467.0,101048.0,38400.0
10000711,108667.0,101048.0,40200.0
10000712,108667.0,101048.0,39300.0
10000713,108667.0,101048.0,38400.0
10000714,98067.0,114848.0,40200.0
10000715,98067.0,114848.0,39300.0
10000716,98067.0,114848.0,38400.0
10000717,99667.0,114848.0,40200.0
10000718,99667.0,114848.0,39300.0
10000719,99667.0,114848.0,38400.0
10000720,108217.0,114848.0,40000.0
10000721,108217.0,114848.0,39166.0
10000722,108217.0,114848.0,38333.0
10000723,110267.0,114848.0,40000.0
10000724,110267.0,114848.0,39166.0
10000725,110267.0,114848.0,38333.0
10000726,107467.0,114848.0,40100.0
10000727,107467.0,114848.0,39233.0
10000728,107467.0,114848.0,38366.0
10000729,107467.0,113648.0,40000.0
10000730,107467.0,113648.0,39166.0
10000731,107467.0,113648.0,38333.0
10000732,111267.0,113648.0,40200.0
10000733,111267.0,113648.0,39300.0
10000734,111267.0,113648.0,38400.0
10000735,111267.0,114848.0,40100.0
10000736,111267.0,114848.0,39233.0
10000737,111267.0,114848.0,38366.0
10000738,111267.0,98548.0,40200.0
10000739,111267.0,98548.0,39300.0
10000740,111267.0,98548.0,38400.0
10000741,98067.0,98548.0,40200.0
10000742,98067.0,98548.0,39300.0
10000743,98067.0,98548.0,38400.0
10000744,101067.0,98548.0,40200.0
10000745,101067.0,98548.0,39300.0
10000746,101067.0,98548.0,38400.0
10000747,104867.0,98548.0,40200.0
10000748,104867.0,98548.0,39300.0
10000749,104867.0,98548.0,38400.0
10000750,101067.0,99593.0,40200.0
10000751,101067.0,99593.0,39300.0
10000752,101067.0,99593.0,38400.0
10000753,104867.0,99593.0,40200.0
10000754,104867.0,99593.0,39300.0
10000755,104867.0,99593.0,38400.0
10000756,107467.0,101548.0,40200.0
10000757,107467.0,101548.0,39300.0
10000758,107467.0,101548.0,38400.0
10000759,110367.0,101048.0,40200.0
10000760,110367.0,101048.0,39300.0
10000761,110367.0,101048.0,38400.0
10000762,111267.0,101048.0,40200.0
10000763,111267.0,101048.0,39300.0
10000764,111267.0,101048.0,38400.0
10000765,98067.0,107148.0,40200.0
10000766,98067.0,107148.0,39300.0
10000767,98067.0,107148.0,38400.0
10000768,101067.0,107148.0,40200.0
10000769,101067.0,107148.0,39300.0
10000770,101067.0,107148.0,38400.0
10000771,101067.0,106298.0,40200.0
10000772,101067.0,106298.0,39300.0
10000773,101067.0,106298.0,38400.0
10000774,104867.0,106298.0,40200.0
10000775,104867.0,106298.0,39300.0
10000776,104867.0,106298.0,38400.0
10000777,111267.0,107148.0,40200.0
10000778,111267.0,107148.0,39300.0
10000779,111267.0,107148.0,38400.0
10000780,104867.0,109893.0,40200.0
10000781,104867.0,109893.0,39300.0
10000782,104867.0,109893.0,38400.0
10000783,107467.0,109893.0,40200.0
10000784,107467.0,109893.0,39300.0
10000785,107467.0,109893.0,38400.0
10000786,101067.0,110448.0,40200.0
10000787,101067.0,110448.0,39300.0
10000788,101067.0,110448.0,38400.0
10000789,111267.0,110198.0,40200.0
10000790,111267.0,110198.0,39300.0
10000791,111267.0,110198.0,38400.0
10000792,104867.0,114848.0,40200.0
10000793,104867.0,114848.0,39300.0
10000794,104867.0,114848.0,38400.0
10000795,107467.0,106298.0,40200.0
10000796,107467.0,106298.0,39300.0
10000797,107467.0,106298.0,38400.0
10000798,98067.0,101548.0,40200.0
10000799,98067.0,101548.0,39300.0
10000800,98067.0,101548.0,38400.0
10000801,98067.0,104348.0,40200.0
10000802,98067.0,104348.0,39300.0
10000803,98067.0,104348.0,38400.0
10000804,98067.0,106698.0,40200.0
10000805,98067.0,106698.0,39300.0
10000806,98067.0,106698.0,38400.0
10000807,104867.0,113648.0,40200.0
10000808,104867.0,113648.0,39300.0
10000809,104867.0,113648.0,38400.0
10000810,63747.0,107148.0,40200.0
10000811,63747.0,107148.0,39300.0
10000812,63747.0,107148.0,38400.0
10000813,60347.0,110448.0,40000.0
10000814,60347.0,110448.0,39166.0
10000815,60347.0,110448.0,38333.0
10000816,27067.0,113798.0,40500.0
10000817,27067.0,114148.0,40500.0
10000818,27067.0,114498.0,40500.0
10000819,20667.0,107541.0,40500.0
10000820,20667.0,107960.0,40500.0
10000821,20667.0,108379.0,40500.0
10000822,28567.0,110448.0,40500.0
10000823,29067.0,110448.0,40500.0
10000824,29567.0,110448.0,40500.0
10000825,23267.0,107560.0,40500.0
10000826,23267.0,107973.0,40500.0
10000827,23267.0,108385.0,40500.0
10000828,18167.0,107139.0,40399.0
10000829,18567.0,107131.0,40400.0
10000830,18967.0,107123.0,40400.0
10000831,19367.0,107114.0,40400.0
10000832,19767.0,107106.0,40400.0
10000833,18942.0,98548.0,40350.0
10000834,28867.0,113448.0,40500.0
10000835,29267.0,113448.0,40500.0
10000836,29667.0,113448.0,40500.0
10000837,20067.0,98548.0,40350.0
10000838,56347.0,113798.0,40400.0
10000839,56347.0,114148.0,40400.0
10000840,56347.0,114498.0,40400.0
10000841,54372.0,107123.0,40400.0
10000842,54897.0,107098.0,40400.0
10000843,55422.0,107073.0,40400.0
10000844,54959.0,98548.0,40350.0
10000845,55422.0,98548.0,40350.0
10000846,55884.0,98548.0,40350.0
10000847,108067.0,98548.0,40350.0
10000848,98467.0,113448.0,40500.0
10000849,98867.0,113448.0,40500.0
10000850,99267.0,113448.0,40500.0
10000851,108367.0,107106.0,40399.0
10000852,108767.0,107114.0,40400.0
10000853,109167.0,107123.0,40400.0
10000854,109567.0,107131.0,40400.0
10000855,109967.0,107139.0,40400.0
10000856,104867.0,107560.0,40500.0
10000857,104867.0,107973.0,40500.0
10000858,104867.0,108385.0,40500.0
10000859,107467.0,107541.0,40500.0
10000860,107467.0,107960.0,40500.0
10000861,107467.0,108379.0,40500.0
10000862,101067.0,113798.0,40500.0
10000863,101067.0,114148.0,40500.0
10000864,101067.0,114498.0,40500.0
10000865,98567.0,110448.0,40500.0
10000866,99067.0,110448.0,40500.0
10000867,99567.0,110448.0,40500.0
10000868,109192.0,98548.0,40350.0
10000869,27067.0,114848.0,39300.0
10000870,27067.0,114848.0,38400.0
10000871,27067.0,113448.0,39300.0
10000872,27067.0,113448.0,38400.0
10000873,28467.0,113448.0,39300.0
10000874,28467.0,113448.0,38400.0
10000875,20667.0,108798.0,39300.0
10000876,20667.0,108798.0,38400.0
10000877,28067.0,110448.0,39300.0
10000878,28067.0,110448.0,38400.0
10000879,23267.0,108798.0,39300.0
10000880,23267.0,108798.0,38400.0
10000881,20167.0,107098.0,39300.0
10000882,20167.0,107098.0,38400.0
10000883,20667.0,107123.0,39300.0
10000884,20667.0,107123.0,38400.0
10000885,23267.0,107148.0,39300.0
10000886,23267.0,107148.0,38400.0
10000887,20667.0,98548.0,39300.0
10000888,20667.0,98548.0,38400.0
10000889,18417.0,98548.0,39300.0
10000890,18417.0,98548.0,38400.0
10000891,17767.0,107148.0,39300.0
10000892,17767.0,107148.0,38400.0
10000893,30067.0,113448.0,39300.0
10000894,30067.0,113448.0,38400.0
10000895,30067.0,110448.0,39300.0
10000896,30067.0,110448.0,38400.0
10000897,54497.0,98548.0,39300.0
10000898,54497.0,98548.0,38400.0
10000899,53847.0,107148.0,39300.0
10000900,53847.0,107148.0,38400.0
10000901,55947.0,107048.0,39300.0
10000902,55947.0,107048.0,38400.0
10000903,56347.0,113448.0,39300.0
10000904,56347.0,113448.0,38400.0
10000905,56347.0,114848.0,39166.0
10000906,56347.0,114848.0,38333.0
10000907,56347.0,98548.0,39300.0
10000908,56347.0,98548.0,38400.0
10000909,109717.0,98548.0,39300.0
10000910,109717.0,98548.0,38400.0
10000911,107467.0,98548.0,39300.0
10000912,107467.0,98548.0,38400.0
10000913,107467.0,107123.0,39300.0
10000914,107467.0,107123.0,38400.0
10000915,107967.0,107098.0,39300.0
10000916,107967.0,107098.0,38400.0
10000917,104867.0,107148.0,39300.0
10000918,104867.0,107148.0,38400.0
10000919,110367.0,107148.0,39300.0
10000920,110367.0,107148.0,38400.0
10000921,104867.0,108798.0,39300.0
10000922,104867.0,108798.0,38400.0
10000923,107467.0,108798.0,39300.0
10000924,107467.0,108798.0,38400.0
10000925,98067.0,110448.0,39300.0
10000926,98067.0,110448.0,38400.0
10000927,98067.0,113448.0,39300.0
10000928,98067.0,113448.0,38400.0
10000929,100067.0,110448.0,39300.0
10000930,100067.0,110448.0,38400.0
10000931,99667.0,113448.0,39300.0
10000932,99667.0,113448.0,38400.0
10000933,101067.0,113448.0,39300.0
10000934,101067.0,113448.0,38400.0
10000935,101067.0,114848.0,39300.0
10000936,101067.0,114848.0,38400.0
10000937,24217.0,107148.0,41100.0
10000938,25167.0,107148.0,41100.0
10000939,26117.0,107148.0,41100.0
10000940,27067.0,108248.0,41100.0
10000941,27067.0,109348.0,41100.0
10000942,26117.0,114848.0,41100.0
10000943,24217.0,114848.0,41100.0
10000944,23267.0,112748.0,41100.0
10000945,23267.0,110870.0,41100.0
10000946,28467.0,114148.0,41100.0
10000947,17817.0,108760.0,41100.0
10000948,18767.0,108773.0,41100.0
10000949,19717.0,108785.0,41100.0
10000950,20667.0,110870.0,41100.0
10000951,20667.0,112748.0,41100.0
10000952,18892.0,113648.0,41100.0
10000953,16867.0,109473.0,41100.0
10000954,16867.0,107948.0,41100.0
10000955,24217.0,104348.0,41100.0
10000956,25167.0,104348.0,41100.0
10000957,26117.0,104348.0,41100.0
10000958,27067.0,105323.0,41100.0
10000959,23267.0,105323.0,41100.0
10000960,19467.0,99381.0,41100.0
10000961,19467.0,100214.0,41100.0
10000962,24217.0,101548.0,41100.0
10000963,25167.0,101548.0,41100.0
10000964,26117.0,101548.0,41100.0
10000965,27067.0,102481.0,41100.0
10000966,27067.0,103414.0,41100.0
10000967,23267.0,102481.0,41100.0
10000968,23267.0,103414.0,41100.0
10000969,24217.0,98548.0,41100.0
10000970,26117.0,98548.0,41100.0
10000971,27067.0,100570.0,41100.0
10000972,23267.0,100570.0,41100.0
10000973,56347.0,107898.0,41100.0
10000974,53797.0,108748.0,41100.0
10000975,54647.0,108748.0,41100.0
10000976,55497.0,108748.0,41100.0
10000977,52947.0,107948.0,41100.0
10000978,108667.0,99381.0,41100.0
10000979,108667.0,100214.0,41100.0
10000980,99667.0,114148.0,41100.0
10000981,109242.0,113648.0,41100.0
10000982,108417.0,108785.0,41100.0
10000983,109367.0,108773.0,41100.0
10000984,110317.0,108760.0,41100.0
10000985,111267.0,109473.0,41100.0
10000986,107467.0,112748.0,41100.0
10000987,107467.0,110870.0,41100.0
10000988,102017.0,98548.0,41100.0
10000989,103917.0,98548.0,41100.0
10000990,104867.0,100570.0,41100.0
10000991,102017.0,101548.0,41100.0
10000992,102967.0,101548.0,41100.0
10000993,103917.0,101548.0,41100.0
10000994,101067.0,100570.0,41100.0
10000995,111267.0,107948.0,41100.0
10000996,102017.0,104348.0,41100.0
10000997,102967.0,104348.0,41100.0
10000998,103917.0,104348.0,41100.0
10000999,104867.0,105323.0,41100.0
10001000,102017.0,107148.0,41100.0
10001001,102967.0,107148.0,41100.0
10001002,103917.0,107148.0,41100.0
10001003,101067.0,105323.0,41100.0
10001004,104867.0,110870.0,41100.0
10001005,104867.0,112748.0,41100.0
10001006,103917.0,114848.0,41100.0
10001007,102017.0,114848.0,41100.0
10001008,101067.0,108248.0,41100.0
10001009,101067.0,109348.0,41100.0
10001010,104867.0,102481.0,41100.0
10001011,104867.0,103414.0,41100.0
10001012,101067.0,102481.0,41100.0
10001013,101067.0,103414.0,41100.0
10001016,64239.0,106666.0,41099.0
10001017,108667.0,98548.0,40725.0
10001018,109192.0,98548.0,40725.0
10001019,109717.0,98548.0,40725.0
10001020,98067.0,110448.0,40800.0
10001021,98567.0,110448.0,40800.0
10001022,99067.0,110448.0,40800.0
10001023,99567.0,110448.0,40800.0
10001024,100067.0,110448.0,40800.0
10001025,101067.0,113448.0,40800.0
10001026,101067.0,113798.0,40800.0
10001027,101067.0,114148.0,40800.0
10001028,101067.0,114498.0,40800.0
10001029,101067.0,114848.0,40800.0
10001030,107467.0,107123.0,40800.0
10001031,107467.0,107541.0,40800.0
10001032,107467.0,107960.0,40800.0
10001033,107467.0,108379.0,40800.0
10001034,107467.0,108798.0,40800.0
10001035,104867.0,107148.0,40800.0
10001036,104867.0,107560.0,40800.0
10001037,104867.0,107973.0,40800.0
10001038,104867.0,108385.0,40800.0
10001039,104867.0,108798.0,40800.0
10001040,107967.0,107098.0,40750.0
10001041,108367.0,107106.0,40750.0
10001042,108767.0,107114.0,40750.0
10001043,109167.0,107123.0,40750.0
10001044,109567.0,107131.0,40750.0
10001045,109967.0,107139.0,40750.0
10001046,110367.0,107148.0,40750.0
10001047,98067.0,113448.0,40800.0
10001048,98467.0,113448.0,40800.0
10001049,98867.0,113448.0,40800.0
10001050,99267.0,113448.0,40800.0
10001051,99667.0,113448.0,40800.0
10001052,107467.0,98548.0,40725.0
10001053,108067.0,98548.0,40725.0
10001054,54497.0,98548.0,40725.0
10001055,54959.0,98548.0,40725.0
10001056,55422.0,98548.0,40725.0
10001057,55884.0,98548.0,40725.0
10001058,56347.0,98548.0,40725.0
10001059,53847.0,107148.0,40750.0
10001060,54372.0,107123.0,40750.0
10001061,54897.0,107098.0,40750.0
10001062,55422.0,107073.0,40750.0
10001063,55947.0,107048.0,40750.0
10001064,56347.0,113448.0,40750.0
10001065,56347.0,113798.0,40750.0
10001066,56347.0,114148.0,40750.0
10001067,56347.0,114498.0,40750.0
10001068,56347.0,114848.0,40750.0
10001069,19467.0,98548.0,40725.0
10001070,20067.0,98548.0,40725.0
10001071,20667.0,98548.0,40725.0
10001072,28467.0,113448.0,40800.0
10001073,28867.0,113448.0,40800.0
10001074,29267.0,113448.0,40800.0
10001075,29667.0,113448.0,40800.0
10001076,30067.0,113448.0,40800.0
10001077,18417.0,98548.0,40725.0
10001078,18942.0,98548.0,40725.0
10001079,17767.0,107148.0,40750.0
10001080,18167.0,107139.0,40750.0
10001081,18567.0,107131.0,40750.0
10001082,18967.0,107123.0,40750.0
10001083,19367.0,107114.0,40750.0
10001084,19767.0,107106.0,40750.0
10001085,20167.0,107098.0,40750.0
10001086,23267.0,107148.0,40800.0
10001087,23267.0,107560.0,40800.0
10001088,23267.0,107973.0,40800.0
10001089,23267.0,108385.0,40800.0
10001090,23267.0,108798.0,40800.0
10001091,28067.0,110448.0,40800.0
10001092,28567.0,110448.0,40800.0
10001093,29067.0,110448.0,40800.0
10001094,29567.0,110448.0,40800.0
10001095,30067.0,110448.0,40800.0
10001096,20667.0,107123.0,40800.0
10001097,20667.0,107541.0,40800.0
10001098,20667.0,107960.0,40800.0
10001099,20667.0,108379.0,40800.0
10001100,20667.0,108798.0,40800.0
10001101,27067.0,113448.0,40800.0
10001102,27067.0,113798.0,40800.0
10001103,27067.0,114148.0,40800.0
10001104,27067.0,114498.0,40800.0
10001105,27067.0,114848.0,40800.0
10001106,17367.0,114848.0,40000.0
10001107,17367.0,114848.0,38333.0
10001108,17367.0,114848.0,39166.0
10001109,21533.0,114848.0,40100.0
10001110,22400.0,114848.0,40100.0
10001111,21533.0,114848.0,38366.0
10001112,22400.0,114848.0,38366.0
10001113,21533.0,114848.0,39233.0
10001114,22400.0,114848.0,39233.0
10001115,27767.0,114848.0,40200.0
10001116,27767.0,114848.0,38400.0
10001117,27767.0,114848.0,39300.0
10001118,16867.0,111060.0,40000.0
10001119,16867.0,111923.0,40000.0
10001120,16867.0,112785.0,40000.0
10001121,16867.0,111060.0,38333.0
10001122,16867.0,111923.0,38333.0
10001123,16867.0,112785.0,38333.0
10001124,16867.0,111060.0,39166.0
10001125,16867.0,112785.0,39166.0
10001126,16867.0,111923.0,39166.0
10001127,30067.0,114148.0,40200.0
10001128,30067.0,114148.0,38400.0
10001129,30067.0,114148.0,39300.0
10001130,27067.0,111448.0,40200.0
10001131,27067.0,112448.0,40200.0
10001132,27067.0,111448.0,38400.0
10001133,27067.0,112448.0,38400.0
10001134,27067.0,111448.0,39300.0
10001135,27067.0,112448.0,39300.0
10001136,27767.0,113448.0,40500.0
10001137,27767.0,113448.0,38400.0
10001138,27767.0,113448.0,39300.0
10001139,27567.0,110448.0,40200.0
10001140,27567.0,110448.0,38400.0
10001141,27567.0,110448.0,39300.0
10001142,30067.0,111448.0,40500.0
10001143,30067.0,112448.0,40500.0
10001144,30067.0,111448.0,38400.0
10001145,30067.0,112448.0,38400.0
10001146,30067.0,111448.0,39300.0
10001147,30067.0,112448.0,39300.0
10001148,20667.0,109345.0,40200.0
10001149,20667.0,109345.0,38400.0
10001150,20667.0,109345.0,39300.0
10001151,21533.0,108798.0,40500.0
10001152,22400.0,108798.0,40500.0
10001153,21533.0,108798.0,38400.0
10001154,22400.0,108798.0,38400.0
10001155,21533.0,108798.0,39300.0
10001156,22400.0,108798.0,39300.0
10001157,23267.0,109345.0,40200.0
10001158,23267.0,109345.0,38400.0
10001159,23267.0,109345.0,39300.0
10001160,17317.0,107148.0,40200.0
10001161,17317.0,107148.0,38400.0
10001162,17317.0,107148.0,39300.0
10001163,21533.0,107131.0,40500.0
10001164,22400.0,107139.0,40500.0
10001165,21533.0,107131.0,38400.0
10001166,22400.0,107139.0,38400.0
10001167,21533.0,107131.0,39300.0
10001168,22400.0,107139.0,39300.0
10001169,23267.0,106723.0,40200.0
10001170,23267.0,106723.0,38400.0
10001171,23267.0,106723.0,39300.0
10001172,27067.0,106723.0,40200.0
10001173,27067.0,106723.0,38400.0
10001174,27067.0,106723.0,39300.0
10001175,28067.0,107148.0,40200.0
10001176,29067.0,107148.0,40200.0
10001177,28067.0,107148.0,38400.0
10001178,29067.0,107148.0,38400.0
10001179,28067.0,107148.0,39300.0
10001180,29067.0,107148.0,39300.0
10001181,16867.0,101931.0,40200.0
10001182,16867.0,102814.0,40200.0
10001183,16867.0,101931.0,38400.0
10001184,16867.0,102814.0,38400.0
10001185,16867.0,101931.0,39300.0
10001186,16867.0,102814.0,39300.0
10001187,16867.0,99381.0,40200.0
10001188,16867.0,100214.0,40200.0
10001189,16867.0,99381.0,38400.0
10001190,16867.0,100214.0,38400.0
10001191,16867.0,99381.0,39300.0
10001192,16867.0,100214.0,39300.0
10001193,17317.0,101048.0,40200.0
10001194,17317.0,101048.0,38400.0
10001195,17317.0,101048.0,39300.0
10001196,18617.0,101048.0,40200.0
10001197,18617.0,101048.0,38400.0
10001198,18617.0,101048.0,39300.0
10001199,20667.0,99381.0,40200.0
10001200,20667.0,100214.0,40200.0
10001201,20667.0,99381.0,38400.0
10001202,20667.0,100214.0,38400.0
10001203,20667.0,99381.0,39300.0
10001204,20667.0,100214.0,39300.0
10001205,17642.0,98548.0,40200.0
10001206,17642.0,98548.0,38400.0
10001207,17642.0,98548.0,39300.0
10001208,21533.0,98548.0,40200.0
10001209,22400.0,98548.0,40200.0
10001210,21533.0,98548.0,38400.0
10001211,22400.0,98548.0,38400.0
10001212,21533.0,98548.0,39300.0
10001213,22400.0,98548.0,39300.0
10001214,23267.0,99070.0,40200.0
10001215,23267.0,99070.0,38400.0
10001216,23267.0,99070.0,39300.0
10001217,27067.0,99070.0,40200.0
10001218,27067.0,99070.0,38400.0
10001219,27067.0,99070.0,39300.0
10001220,28067.0,98548.0,40200.0
10001221,29067.0,98548.0,40200.0
10001222,28067.0,98548.0,38400.0
10001223,29067.0,98548.0,38400.0
10001224,28067.0,98548.0,39300.0
10001225,29067.0,98548.0,39300.0
10001226,16867.0,114248.0,40000.0
10001227,16867.0,114248.0,38333.0
10001228,16867.0,114248.0,39166.0
10001229,20667.0,114248.0,40000.0
10001230,20667.0,114248.0,38333.0
10001231,20667.0,114248.0,39166.0
10001232,20292.0,114848.0,40000.0
10001233,20292.0,114848.0,38333.0
10001234,20292.0,114848.0,39166.0
10001235,18142.0,114848.0,40000.0
10001236,18145.0,114848.0,40550.0
10001237,18642.0,114848.0,40550.0
10001238,19142.0,114848.0,40550.0
10001239,19639.0,114848.0,40550.0
10001240,19642.0,114848.0,40000.0
10001241,18142.0,114848.0,38333.0
10001242,19642.0,114848.0,38333.0
10001243,18142.0,114848.0,39166.0
10001244,19642.0,114848.0,39166.0
10001245,18642.0,114848.0,40000.0
10001246,19142.0,114848.0,40000.0
10001247,29267.0,114848.0,40200.0
10001248,29267.0,114848.0,38400.0
10001249,29267.0,114848.0,39300.0
10001250,20067.0,101048.0,40200.0
10001251,20067.0,101048.0,38400.0
10001252,20067.0,101048.0,39300.0
10001253,16867.0,104698.0,40200.0
10001254,16867.0,105698.0,40200.0
10001255,16867.0,104698.0,38400.0
10001256,16867.0,105698.0,38400.0
10001257,16867.0,104698.0,39300.0
10001258,16867.0,105698.0,39300.0
10001259,20667.0,106710.0,40200.0
10001260,20667.0,106710.0,38400.0
10001261,20667.0,106710.0,39300.0
10001262,23267.0,114248.0,40200.0
10001263,23267.0,114248.0,38400.0
10001264,23267.0,114248.0,39300.0
10001265,30067.0,99381.0,40200.0
10001266,30067.0,100214.0,40200.0
10001267,30067.0,99381.0,38400.0
10001268,30067.0,100214.0,38400.0
10001269,30067.0,99381.0,39300.0
10001270,30067.0,100214.0,39300.0
10001271,30067.0,105281.0,40200.0
10001272,30067.0,106214.0,40200.0
10001273,30067.0,105281.0,38400.0
10001274,30067.0,106214.0,38400.0
10001275,30067.0,105281.0,39300.0
10001276,30067.0,106214.0,39300.0
10001277,30067.0,102481.0,40200.0
10001278,30067.0,103414.0,40200.0
10001279,30067.0,102481.0,38400.0
10001280,30067.0,103414.0,38400.0
10001281,30067.0,102481.0,39300.0
10001282,30067.0,103414.0,39300.0
10001283,60347.0,101873.0,40000.0
10001284,60347.0,102698.0,40000.0
10001285,60347.0,103523.0,40000.0
10001286,60347.0,101873.0,38333.0
10001287,60347.0,102698.0,38333.0
10001288,60347.0,103523.0,38333.0
10001289,60347.0,101873.0,39166.0
10001290,60347.0,103523.0,39166.0
10001291,60347.0,102698.0,39166.0
10001292,63747.0,111328.0,40000.0
10001293,63747.0,112208.0,40000.0
10001294,63747.0,113088.0,40000.0
10001295,63747.0,113968.0,40000.0
10001296,63747.0,111328.0,38333.0
10001297,63747.0,112208.0,38333.0
10001298,63747.0,113088.0,38333.0
10001299,63747.0,113968.0,38333.0
10001300,63747.0,111328.0,39166.0
10001301,63747.0,113968.0,39166.0
10001302,63747.0,112208.0,39166.0
10001303,63747.0,113088.0,39166.0
10001304,61022.0,114848.0,40000.0
10001305,61697.0,114848.0,40000.0
10001306,61700.0,114848.0,40550.0
10001307,62197.0,114848.0,40550.0
10001308,62697.0,114848.0,40550.0
10001309,63194.0,114848.0,40550.0
10001310,63197.0,114848.0,40000.0
10001311,61022.0,114848.0,38333.0
10001312,61697.0,114848.0,38333.0
10001313,63197.0,114848.0,38333.0
10001314,61022.0,114848.0,39166.0
10001315,63197.0,114848.0,39166.0
10001316,62197.0,114848.0,40000.0
10001317,61697.0,114848.0,39166.0
10001318,62697.0,114848.0,40000.0
10001319,52947.0,104560.0,40200.0
10001320,52947.0,105423.0,40200.0
10001321,52947.0,106285.0,40200.0
10001322,52947.0,104560.0,38400.0
10001323,52947.0,105423.0,38400.0
10001324,52947.0,106285.0,38400.0
10001325,52947.0,104560.0,39300.0
10001326,52947.0,106285.0,39300.0
10001327,52947.0,105423.0,39300.0
10001328,53722.0,98548.0,40200.0
10001329,53722.0,98548.0,38400.0
10001330,53722.0,98548.0,39300.0
10001331,52947.0,99381.0,40200.0
10001332,52947.0,100214.0,40200.0
10001333,52947.0,99381.0,38400.0
10001334,52947.0,100214.0,38400.0
10001335,52947.0,99381.0,39300.0
10001336,52947.0,100214.0,39300.0
10001337,52947.0,101931.0,40200.0
10001338,52947.0,102814.0,40200.0
10001339,52947.0,101931.0,38400.0
10001340,52947.0,102814.0,38400.0
10001341,52947.0,101931.0,39300.0
10001342,52947.0,102814.0,39300.0
10001343,53397.0,101048.0,40200.0
10001344,53397.0,101048.0,38400.0
10001345,53397.0,101048.0,39300.0
10001346,53397.0,107148.0,40200.0
10001347,53397.0,107148.0,38400.0
10001348,53397.0,107148.0,39300.0
10001349,56347.0,111328.0,40200.0
10001350,56347.0,112208.0,40200.0
10001351,56347.0,113088.0,40200.0
10001352,56347.0,111328.0,38400.0
10001353,56347.0,112208.0,38400.0
10001354,56347.0,113088.0,38400.0
10001355,56347.0,111328.0,39300.0
10001356,56347.0,113088.0,39300.0
10001357,56347.0,112208.0,39300.0
10001358,52947.0,111128.0,40000.0
10001359,52947.0,112058.0,40000.0
10001360,52947.0,112988.0,40000.0
10001361,52947.0,113918.0,40000.0
10001362,52947.0,111128.0,38333.0
10001363,52947.0,112058.0,38333.0
10001364,52947.0,112988.0,38333.0
10001365,52947.0,113918.0,38333.0
10001366,52947.0,111128.0,39166.0
10001367,52947.0,113918.0,39166.0
10001368,52947.0,112058.0,39166.0
10001369,52947.0,112988.0,39166.0
10001370,53622.0,114848.0,40000.0
10001371,54297.0,114848.0,40000.0
10001372,54300.0,114848.0,40550.0
10001373,54797.0,114848.0,40550.0
10001374,55297.0,114848.0,40550.0
10001375,55794.0,114848.0,40550.0
10001376,55797.0,114848.0,40000.0
10001377,53622.0,114848.0,38333.0
10001378,54297.0,114848.0,38333.0
10001379,55797.0,114848.0,38333.0
10001380,53622.0,114848.0,39166.0
10001381,55797.0,114848.0,39166.0
10001382,54797.0,114848.0,40000.0
10001383,54297.0,114848.0,39166.0
10001384,55297.0,114848.0,40000.0
10001385,56347.0,106673.0,40200.0
10001386,56347.0,106673.0,38400.0
10001387,56347.0,106673.0,39300.0
10001388,56347.0,99381.0,40200.0
10001389,56347.0,100214.0,40200.0
10001390,56347.0,99381.0,38400.0
10001391,56347.0,100214.0,38400.0
10001392,56347.0,99381.0,39300.0
10001393,56347.0,100214.0,39300.0
10001394,63747.0,102064.0,40100.0
10001395,63747.0,103081.0,40100.0
10001396,63747.0,104098.0,40100.0
10001397,63747.0,105114.0,40100.0
10001398,63747.0,106131.0,40100.0
10001399,63747.0,102064.0,38366.0
10001400,63747.0,103081.0,38366.0
10001401,63747.0,104098.0,38366.0
10001402,63747.0,105114.0,38366.0
10001403,63747.0,106131.0,38366.0
10001404,63747.0,102064.0,39233.0
10001405,63747.0,106131.0,39233.0
10001406,63747.0,103081.0,39233.0
10001407,63747.0,104098.0,39233.0
10001408,63747.0,105114.0,39233.0
10001409,63747.0,99381.0,40000.0
10001410,63747.0,100214.0,40000.0
10001411,63747.0,99381.0,38333.0
10001412,63747.0,100214.0,38333.0
10001413,63747.0,99381.0,39166.0
10001414,63747.0,100214.0,39166.0
10001415,54680.0,101048.0,40200.0
10001416,55513.0,101048.0,40200.0
10001417,54680.0,101048.0,38400.0
10001418,55513.0,101048.0,38400.0
10001419,54680.0,101048.0,39300.0
10001420,55513.0,101048.0,39300.0
10001421,60822.0,98548.0,40000.0
10001422,61297.0,98548.0,40000.0
10001423,61300.0,98548.0,40550.0
10001424,61797.0,98548.0,40550.0
10001425,62297.0,98548.0,40550.0
10001426,62794.0,98548.0,40550.0
10001427,62797.0,98548.0,40000.0
10001428,63272.0,98548.0,40000.0
10001429,60822.0,98548.0,38333.0
10001430,61297.0,98548.0,38333.0
10001431,63272.0,98548.0,38333.0
10001432,62797.0,98548.0,38333.0
10001433,60822.0,98548.0,39166.0
10001434,63272.0,98548.0,39166.0
10001435,61797.0,98548.0,40000.0
10001436,61297.0,98548.0,39166.0
10001437,62297.0,98548.0,40000.0
10001438,62797.0,98548.0,39166.0
10001439,61197.0,101048.0,40000.0
10001440,62047.0,101048.0,40000.0
10001441,62897.0,101048.0,40000.0
10001442,61197.0,101048.0,38333.0
10001443,62047.0,101048.0,38333.0
10001444,62897.0,101048.0,38333.0
10001445,61197.0,101048.0,39166.0
10001446,62897.0,101048.0,39166.0
10001447,62047.0,101048.0,39166.0
10001448,111267.0,104698.0,40200.0
10001449,111267.0,105698.0,40200.0
10001450,111267.0,104698.0,38400.0
10001451,111267.0,105698.0,38400.0
10001452,111267.0,104698.0,39300.0
10001453,111267.0,105698.0,39300.0
10001454,108067.0,101048.0,40200.0
10001455,108067.0,101048.0,38400.0
10001456,108067.0,101048.0,39300.0
10001457,98867.0,114848.0,40200.0
10001458,98867.0,114848.0,38400.0
10001459,98867.0,114848.0,39300.0
10001460,108492.0,114848.0,40000.0
10001461,108495.0,114848.0,40550.0
10001462,108992.0,114848.0,40550.0
10001463,109492.0,114848.0,40550.0
10001464,109989.0,114848.0,40550.0
10001465,109992.0,114848.0,40000.0
10001466,108492.0,114848.0,38333.0
10001467,109992.0,114848.0,38333.0
10001468,108492.0,114848.0,39166.0
10001469,109992.0,114848.0,39166.0
10001470,108992.0,114848.0,40000.0
10001471,109492.0,114848.0,40000.0
10001472,107842.0,114848.0,40100.0
10001473,107842.0,114848.0,38366.0
10001474,107842.0,114848.0,39233.0
10001475,107467.0,114248.0,40100.0
10001476,107467.0,114248.0,38366.0
10001477,107467.0,114248.0,39233.0
10001478,111267.0,114248.0,40200.0
10001479,111267.0,114248.0,38400.0
10001480,111267.0,114248.0,39300.0
10001481,110767.0,114848.0,40100.0
10001482,110767.0,114848.0,38366.0
10001483,110767.0,114848.0,39233.0
10001484,110492.0,98548.0,40200.0
10001485,110492.0,98548.0,38400.0
10001486,110492.0,98548.0,39300.0
10001487,99067.0,98548.0,40200.0
10001488,100067.0,98548.0,40200.0
10001489,99067.0,98548.0,38400.0
10001490,100067.0,98548.0,38400.0
10001491,99067.0,98548.0,39300.0
10001492,100067.0,98548.0,39300.0
10001493,105733.0,98548.0,40200.0
10001494,106600.0,98548.0,40200.0
10001495,105733.0,98548.0,38400.0
10001496,106600.0,98548.0,38400.0
10001497,105733.0,98548.0,39300.0
10001498,106600.0,98548.0,39300.0
10001499,101067.0,99070.0,40200.0
10001500,101067.0,99070.0,38400.0
10001501,101067.0,99070.0,39300.0
10001502,104867.0,99070.0,40200.0
10001503,104867.0,99070.0,38400.0
10001504,104867.0,99070.0,39300.0
10001505,107467.0,99381.0,40200.0
10001506,107467.0,100214.0,40200.0
10001507,107467.0,99381.0,38400.0
10001508,107467.0,100214.0,38400.0
10001509,107467.0,99381.0,39300.0
10001510,107467.0,100214.0,39300.0
10001511,109517.0,101048.0,40200.0
10001512,109517.0,101048.0,38400.0
10001513,109517.0,101048.0,39300.0
10001514,110817.0,101048.0,40200.0
10001515,110817.0,101048.0,38400.0
10001516,110817.0,101048.0,39300.0
10001517,111267.0,99381.0,40200.0
10001518,111267.0,100214.0,40200.0
10001519,111267.0,99381.0,38400.0
10001520,111267.0,100214.0,38400.0
10001521,111267.0,99381.0,39300.0
10001522,111267.0,100214.0,39300.0
10001523,111267.0,101931.0,40200.0
10001524,111267.0,102814.0,40200.0
10001525,111267.0,101931.0,38400.0
10001526,111267.0,102814.0,38400.0
10001527,111267.0,101931.0,39300.0
10001528,111267.0,102814.0,39300.0
10001529,99067.0,107148.0,40200.0
10001530,100067.0,107148.0,40200.0
10001531,99067.0,107148.0,38400.0
10001532,100067.0,107148.0,38400.0
10001533,99067.0,107148.0,39300.0
10001534,100067.0,107148.0,39300.0
10001535,101067.0,106723.0,40200.0
10001536,101067.0,106723.0,38400.0
10001537,101067.0,106723.0,39300.0
10001538,104867.0,106723.0,40200.0
10001539,104867.0,106723.0,38400.0
10001540,104867.0,106723.0,39300.0
10001541,105733.0,107139.0,40500.0
10001542,106600.0,107131.0,40500.0
10001543,105733.0,107139.0,38400.0
10001544,106600.0,107131.0,38400.0
10001545,105733.0,107139.0,39300.0
10001546,106600.0,107131.0,39300.0
10001547,110817.0,107148.0,40200.0
10001548,110817.0,107148.0,38400.0
10001549,110817.0,107148.0,39300.0
10001550,104867.0,109345.0,40200.0
10001551,104867.0,109345.0,38400.0
10001552,104867.0,109345.0,39300.0
10001553,105733.0,108798.0,40500.0
10001554,106600.0,108798.0,40500.0
10001555,105733.0,108798.0,38400.0
10001556,106600.0,108798.0,38400.0
10001557,105733.0,108798.0,39300.0
10001558,106600.0,108798.0,39300.0
10001559,107467.0,109345.0,40200.0
10001560,107467.0,109345.0,38400.0
10001561,107467.0,109345.0,39300.0
10001562,98067.0,111448.0,40500.0
10001563,98067.0,112448.0,40500.0
10001564,98067.0,111448.0,38400.0
10001565,98067.0,112448.0,38400.0
10001566,98067.0,111448.0,39300.0
10001567,98067.0,112448.0,39300.0
10001568,100567.0,110448.0,40200.0
10001569,100567.0,110448.0,38400.0
10001570,100567.0,110448.0,39300.0
10001571,100367.0,113448.0,40500.0
10001572,100367.0,113448.0,38400.0
10001573,100367.0,113448.0,39300.0
10001574,101067.0,111448.0,40200.0
10001575,101067.0,112448.0,40200.0
10001576,101067.0,111448.0,38400.0
10001577,101067.0,112448.0,38400.0
10001578,101067.0,111448.0,39300.0
10001579,101067.0,112448.0,39300.0
10001580,98067.0,114148.0,40200.0
10001581,98067.0,114148.0,38400.0
10001582,98067.0,114148.0,39300.0
10001583,111267.0,111060.0,40200.0
10001584,111267.0,111923.0,40200.0
10001585,111267.0,112785.0,40200.0
10001586,111267.0,111060.0,38400.0
10001587,111267.0,111923.0,38400.0
10001588,111267.0,112785.0,38400.0
10001589,111267.0,111060.0,39300.0
10001590,111267.0,112785.0,39300.0
10001591,111267.0,111923.0,39300.0
10001592,100367.0,114848.0,40200.0
10001593,100367.0,114848.0,38400.0
10001594,100367.0,114848.0,39300.0
10001595,105733.0,114848.0,40200.0
10001596,106600.0,114848.0,40200.0
10001597,105733.0,114848.0,38400.0
10001598,106600.0,114848.0,38400.0
10001599,105733.0,114848.0,39300.0
10001600,106600.0,114848.0,39300.0
10001601,107467.0,106710.0,40200.0
10001602,107467.0,106710.0,38400.0
10001603,107467.0,106710.0,39300.0
10001604,98067.0,102481.0,40200.0
10001605,98067.0,103414.0,40200.0
10001606,98067.0,102481.0,38400.0
10001607,98067.0,103414.0,38400.0
10001608,98067.0,102481.0,39300.0
10001609,98067.0,103414.0,39300.0
10001610,98067.0,105281.0,40200.0
10001611,98067.0,106214.0,40200.0
10001612,98067.0,105281.0,38400.0
10001613,98067.0,106214.0,38400.0
10001614,98067.0,105281.0,39300.0
10001615,98067.0,106214.0,39300.0
10001616,104867.0,114248.0,40200.0
10001617,104867.0,114248.0,38400.0
10001618,104867.0,114248.0,39300.0
10001619,98067.0,99381.0,40200.0
10001620,98067.0,100214.0,40200.0
10001621,98067.0,100881.0,40200.0
10001622,98067.0,99381.0,38400.0
10001623,98067.0,100214.0,38400.0
10001624,98067.0,100881.0,38400.0
10001625,98067.0,99381.0,39300.0
10001626,98067.0,100881.0,39300.0
10001627,98067.0,100214.0,39300.0
10001628,61197.0,110448.0,40000.0
10001629,62047.0,110448.0,40000.0
10001630,62897.0,110448.0,40000.0
10001631,61197.0,110448.0,38333.0
10001632,62047.0,110448.0,38333.0
10001633,62897.0,110448.0,38333.0
10001634,61197.0,110448.0,39166.0
10001635,62897.0,110448.0,39166.0
10001636,62047.0,110448.0,39166.0
10001637,24217.0,113842.0,41100.0
10001638,24217.0,112888.0,41100.0
10001639,24217.0,111942.0,41100.0
10001640,24217.0,110977.0,41100.0
10001641,24217.0,109999.0,41100.0
10001642,24217.0,109011.0,41100.0
10001643,24217.0,108071.0,41100.0
10001644,25167.0,113929.0,41100.0
10001645,25167.0,113007.0,41100.0
10001646,25167.0,112066.0,41100.0
10001647,25167.0,111102.0,41100.0
10001648,25167.0,110119.0,41100.0
10001649,25167.0,109126.0,41100.0
10001650,25167.0,108135.0,41100.0
10001651,26117.0,114015.0,41100.0
10001652,26117.0,113157.0,41100.0
10001653,26117.0,112223.0,41100.0
10001654,26117.0,111253.0,41100.0
10001655,26117.0,110256.0,41100.0
10001656,26117.0,109228.0,41100.0
10001657,26117.0,108189.0,41100.0
10001658,27767.0,114148.0,41100.0
10001659,29267.0,114148.0,41100.0
10001660,17833.0,112807.0,41100.0
10001661,17803.0,111978.0,41100.0
10001662,17814.0,109560.0,41100.0
10001663,17803.0,110360.0,41100.0
10001664,17797.0,111175.0,41100.0
10001665,18747.0,110499.0,41100.0
10001666,18711.0,111308.0,41100.0
10001667,18758.0,109644.0,41100.0
10001668,18725.0,111989.0,41100.0
10001669,18796.0,112799.0,41100.0
10001670,19605.0,111720.0,41100.0
10001671,19687.0,110724.0,41100.0
10001672,19711.0,109759.0,41100.0
10001673,19736.0,112715.0,41100.0
10001674,17727.0,107952.0,41100.0
10001675,18522.0,107951.0,41100.0
10001676,19173.0,107945.0,41100.0
10001677,19928.0,107945.0,41100.0
10001678,21533.0,107964.0,41100.0
10001679,22400.0,107968.0,41100.0
10001680,24217.0,106235.0,41100.0
10001681,24217.0,105296.0,41100.0
10001682,25167.0,106224.0,41100.0
10001683,25167.0,105289.0,41100.0
10001684,26117.0,106235.0,41100.0
10001685,26117.0,105296.0,41100.0
10001686,17733.0,100214.0,41100.0
10001687,17704.0,99381.0,41100.0
10001688,18596.0,100214.0,41100.0
10001689,18559.0,99381.0,41100.0
10001690,24217.0,103414.0,41100.0
10001691,24217.0,102481.0,41100.0
10001692,25167.0,103414.0,41100.0
10001693,25167.0,102481.0,41100.0
10001694,26117.0,103414.0,41100.0
10001695,26117.0,102481.0,41100.0
10001696,24217.0,100556.0,41100.0
10001697,24217.0,99559.0,41100.0
10001698,25167.0,100552.0,41100.0
10001699,25167.0,99553.0,41100.0
10001700,26117.0,100556.0,41100.0
10001701,26117.0,99559.0,41100.0
10001702,53835.0,107943.0,41100.0
10001703,54736.0,107923.0,41100.0
10001704,55602.0,107903.0,41100.0
10001705,109538.0,100214.0,41100.0
10001706,109574.0,99381.0,41100.0
10001707,110401.0,100214.0,41100.0
10001708,110429.0,99381.0,41100.0
10001709,98867.0,114148.0,41100.0
10001710,100367.0,114148.0,41100.0
10001711,108372.0,112745.0,41100.0
10001712,108436.0,111814.0,41100.0
10001713,108445.0,109786.0,41100.0
10001714,108536.0,110807.0,41100.0
10001715,109424.0,111113.0,41100.0
10001716,109371.0,111930.0,41100.0
10001717,109425.0,110435.0,41100.0
10001718,109388.0,109627.0,41100.0
10001719,109326.0,112783.0,41100.0
10001720,110341.0,110329.0,41100.0
10001721,110337.0,111124.0,41100.0
10001722,110328.0,109547.0,41100.0
10001723,110293.0,112795.0,41100.0
10001724,110320.0,111948.0,41100.0
10001725,102017.0,100556.0,41100.0
10001726,102017.0,99559.0,41100.0
10001727,102967.0,100552.0,41100.0
10001728,102967.0,99553.0,41100.0
10001729,103917.0,100556.0,41100.0
10001730,103917.0,99559.0,41100.0
10001731,108205.0,107945.0,41100.0
10001732,108960.0,107945.0,41100.0
10001733,109611.0,107951.0,41100.0
10001734,110406.0,107952.0,41100.0
10001735,102017.0,106235.0,41100.0
10001736,102017.0,105296.0,41100.0
10001737,102967.0,106224.0,41100.0
10001738,102967.0,105289.0,41100.0
10001739,103917.0,106235.0,41100.0
10001740,103917.0,105296.0,41100.0
10001741,102017.0,114015.0,41100.0
10001742,102017.0,113157.0,41100.0
10001743,102017.0,112223.0,41100.0
10001744,102017.0,111253.0,41100.0
10001745,102017.0,110256.0,41100.0
10001746,102017.0,109228.0,41100.0
10001747,102017.0,108189.0,41100.0
10001748,102967.0,113929.0,41100.0
10001749,102967.0,113007.0,41100.0
10001750,102967.0,112066.0,41100.0
10001751,102967.0,111102.0,41100.0
10001752,102967.0,110119.0,41100.0
10001753,102967.0,109126.0,41100.0
10001754,102967.0,108135.0,41100.0
10001755,103917.0,113842.0,41100.0
10001756,103917.0,112888.0,41100.0
10001757,103917.0,111942.0,41100.0
10001758,103917.0,110977.0,41100.0
10001759,103917.0,109999.0,41100.0
10001760,103917.0,109011.0,41100.0
10001761,103917.0,108071.0,41100.0
10001762,102017.0,103414.0,41100.0
10001763,102017.0,102481.0,41100.0
10001764,102967.0,103414.0,41100.0
10001765,102967.0,102481.0,41100.0
10001766,103917.0,103414.0,41100.0
10001767,103917.0,102481.0,41100.0
10001768,105733.0,107968.0,41100.0
10001769,106600.0,107964.0,41100.0
11000001,23267.0,114848.0,44699.0
11000002,27067.0,114848.0,44699.0
11000003,20667.0,114848.0,44699.0
11000004,30067.0,114848.0,44699.0
11000005,27067.0,113448.0,44699.0
11000006,27067.0,110448.0,44699.0
11000007,30067.0,113448.0,44699.0
11000008,20667.0,111848.0,44699.0
11000009,20667.0,108798.0,44699.0
11000010,23267.0,111848.0,44699.0
11000011,16867.0,108748.0,44699.0
11000012,23267.0,108798.0,44699.0
11000013,16867.0,107148.0,44699.0
11000014,30067.0,107148.0,44699.0
11000015,23267.0,107148.0,44699.0
11000016,20667.0,107123.0,44699.0
11000017,27067.0,107148.0,44699.0
11000018,16867.0,101048.0,44699.0
11000019,17767.0,107148.0,44699.0
11000020,17767.0,101048.0,44699.0
11000021,20667.0,104348.0,44699.0
11000022,23267.0,104348.0,44699.0
11000023,27067.0,104348.0,44699.0
11000024,20667.0,101548.0,44699.0
11000025,20667.0,101048.0,44699.0
11000026,23267.0,101548.0,44699.0
11000027,27067.0,101548.0,44699.0
11000028,20667.0,98548.0,44699.0
11000029,23267.0,98548.0,44699.0
11000030,27067.0,98548.0,44699.0
11000031,16867.0,110198.0,44699.0
11000032,30067.0,110448.0,44699.0
11000033,23267.0,109893.0,44699.0
11000034,28067.0,110448.0,44699.0
11000035,23267.0,106298.0,44699.0
11000036,27067.0,106298.0,44699.0
11000037,20167.0,107098.0,44699.0
11000038,23267.0,99593.0,44699.0
11000039,27067.0,99593.0,44699.0
11000040,18417.0,98548.0,44699.0
11000041,20667.0,113648.0,44699.0
11000042,16867.0,113648.0,44699.0
11000043,19917.0,113648.0,44699.0
11000044,19917.0,114848.0,44699.0
11000045,17867.0,113648.0,44699.0
11000046,17867.0,114848.0,44699.0
11000047,28467.0,113448.0,44699.0
11000048,28467.0,114848.0,44699.0
11000049,19467.0,98548.0,44699.0
11000050,19467.0,101048.0,44699.0
11000051,17767.0,103698.0,44699.0
11000052,16867.0,103698.0,44699.0
11000053,20667.0,106298.0,44699.0
11000054,23267.0,113648.0,44699.0
11000055,20667.0,109893.0,44699.0
11000056,4867.0,114848.0,44699.0
11000057,4867.0,106698.0,44699.0
11000058,4867.0,98548.0,44699.0
11000059,4867.0,87098.0,44699.0
11000060,4867.0,126298.0,44699.0
11000061,9467.0,126348.0,44699.0
11000062,13067.0,126348.0,44699.0
11000063,124067.0,114848.0,44699.0
11000064,124067.0,106698.0,44699.0
11000065,124067.0,98548.0,44699.0
11000066,124067.0,87098.0,44699.0
11000067,124067.0,126298.0,44699.0
11000068,30067.0,98548.0,44699.0
11000069,30067.0,101048.0,44699.0
11000070,30067.0,104348.0,44699.0
11000071,30067.0,101548.0,44699.0
11000072,13067.0,87048.0,44699.0
11000073,9467.0,87048.0,44699.0
11000074,63747.0,110448.0,44699.0
11000075,60347.0,101048.0,44699.0
11000076,60347.0,107048.0,44699.0
11000077,63747.0,107148.0,44699.0
11000078,52947.0,114848.0,44699.0
11000079,56347.0,108748.0,44699.0
11000080,52947.0,103698.0,44699.0
11000081,53847.0,103698.0,44699.0
11000082,54497.0,98548.0,44699.0
11000083,56347.0,110448.0,44699.0
11000084,52947.0,110198.0,44699.0
11000085,56347.0,113448.0,44699.0
11000086,52947.0,101048.0,44699.0
11000087,53847.0,101048.0,44699.0
11000088,53847.0,107148.0,44699.0
11000089,52947.0,107148.0,44699.0
11000090,56347.0,107048.0,44699.0
11000091,52947.0,108748.0,44699.0
11000092,56347.0,101548.0,44699.0
11000093,55947.0,107048.0,44699.0
11000094,56347.0,106298.0,44699.0
11000095,60347.0,110448.0,44699.0
11000096,56347.0,104348.0,44699.0
11000097,56347.0,101048.0,44699.0
11000098,63747.0,101048.0,44699.0
11000099,52947.0,98548.0,44699.0
11000100,60347.0,104348.0,44699.0
11000101,119800.0,87048.0,44699.0
11000102,115533.0,87048.0,44699.0
11000103,111267.0,103698.0,44699.0
11000104,110367.0,103698.0,44699.0
11000105,108667.0,101048.0,44699.0
11000106,108667.0,98548.0,44699.0
11000107,99667.0,114848.0,44699.0
11000108,99667.0,113448.0,44699.0
11000109,110267.0,114848.0,44699.0
11000110,110267.0,113648.0,44699.0
11000111,108217.0,114848.0,44699.0
11000112,108217.0,113648.0,44699.0
11000113,111267.0,113648.0,44699.0
11000114,107467.0,113648.0,44699.0
11000115,109717.0,98548.0,44699.0
11000116,101067.0,99593.0,44699.0
11000117,104867.0,99593.0,44699.0
11000118,107967.0,107098.0,44699.0
11000119,101067.0,106298.0,44699.0
11000120,104867.0,106298.0,44699.0
11000121,100067.0,110448.0,44699.0
11000122,104867.0,109893.0,44699.0
11000123,98067.0,110448.0,44699.0
11000124,111267.0,110198.0,44699.0
11000125,101067.0,98548.0,44699.0
11000126,104867.0,98548.0,44699.0
11000127,107467.0,98548.0,44699.0
11000128,101067.0,101548.0,44699.0
11000129,104867.0,101548.0,44699.0
11000130,107467.0,101048.0,44699.0
11000131,107467.0,101548.0,44699.0
11000132,101067.0,104348.0,44699.0
11000133,104867.0,104348.0,44699.0
11000134,107467.0,104348.0,44699.0
11000135,110367.0,101048.0,44699.0
11000136,110367.0,107148.0,44699.0
11000137,111267.0,101048.0,44699.0
11000138,101067.0,107148.0,44699.0
11000139,107467.0,107123.0,44699.0
11000140,104867.0,107148.0,44699.0
11000141,98067.0,107148.0,44699.0
11000142,111267.0,107148.0,44699.0
11000143,104867.0,108798.0,44699.0
11000144,111267.0,108748.0,44699.0
11000145,104867.0,111848.0,44699.0
11000146,107467.0,108798.0,44699.0
11000147,107467.0,111848.0,44699.0
11000148,98067.0,113448.0,44699.0
11000149,101067.0,110448.0,44699.0
11000150,101067.0,113448.0,44699.0
11000151,98067.0,114848.0,44699.0
11000152,107467.0,114848.0,44699.0
11000153,101067.0,114848.0,44699.0
11000154,104867.0,114848.0,44699.0
11000155,107467.0,106298.0,44699.0
11000156,98067.0,101548.0,44699.0
11000157,98067.0,104348.0,44699.0
11000158,107467.0,109893.0,44699.0
11000159,104867.0,113648.0,44699.0
11000160,98067.0,98548.0,44699.0
11000161,63747.0,98548.0,44699.0
11000162,56347.0,98548.0,44699.0
11000163,56347.0,114848.0,44699.0
11000164,63747.0,114848.0,44699.0
11000165,60347.0,114848.0,44699.0
11000166,60347.0,98548.0,44699.0
11000167,30067.0,87098.0,44699.0
11000168,30067.0,126298.0,44699.0
11000169,16867.0,98548.0,44699.0
11000170,16867.0,114848.0,44699.0
11000171,16867.0,106698.0,44699.0
11000172,16867.0,87098.0,44699.0
11000173,16867.0,126298.0,44699.0
11000174,111267.0,87098.0,44699.0
11000175,111267.0,126298.0,44699.0
11000176,98067.0,126298.0,44699.0
11000177,111267.0,98548.0,44699.0
11000178,98067.0,87098.0,44699.0
11000179,111267.0,106698.0,44699.0
11000180,111267.0,114848.0,44699.0
11000181,41507.0,126298.0,44699.0
11000182,41507.0,87098.0,44699.0
11000183,52947.0,87098.0,44699.0
11000184,52947.0,126298.0,44699.0
11000185,75187.0,87098.0,44699.0
11000186,75187.0,126298.0,44699.0
11000187,86627.0,126298.0,44699.0
11000188,86627.0,87098.0,44699.0
11000189,58347.0,98548.0,44699.0
11000190,58347.0,87048.0,44699.0
11000191,58322.0,126348.0,44699.0
11000192,58322.0,114848.0,44699.0
11000193,119800.0,126348.0,44699.0
11000194,115533.0,126348.0,44699.0
11000195,107467.0,126348.0,44699.0
11000196,107467.0,87048.0,44699.0
11000197,102967.0,98548.0,44699.0
11000198,102967.0,87048.0,44699.0
11000199,102967.0,114848.0,44699.0
11000200,102967.0,126348.0,44699.0
11000201,92347.0,126348.0,44699.0
11000202,92347.0,87048.0,44699.0
11000203,80907.0,126348.0,44699.0
11000204,69467.0,126348.0,44699.0
11000205,69467.0,87048.0,44699.0
11000206,47227.0,126348.0,44699.0
11000207,47227.0,87048.0,44699.0
11000208,35787.0,126348.0,44699.0
11000209,35787.0,87048.0,44699.0
11000210,25167.0,98548.0,44699.0
11000211,25167.0,87048.0,44699.0
11000212,20667.0,87048.0,44699.0
11000213,25167.0,114848.0,44699.0
11000214,25167.0,126348.0,44699.0
11000215,20667.0,126348.0,44699.0
11000216,30067.0,106698.0,44699.0
11000217,52947.0,106698.0,44699.0
11000218,63747.0,106698.0,44699.0
11000219,98067.0,106698.0,44699.0
11000220,119800.0,106698.0,44699.0
11000221,115533.0,106698.0,44699.0
11000222,47227.0,106698.0,44699.0
11000223,35787.0,106698.0,44699.0
11000224,41507.0,106698.0,44699.0
11000225,13067.0,106698.0,44699.0
11000226,9467.0,106698.0,44699.0
11000227,119800.0,98548.0,44699.0
11000228,115533.0,98548.0,44699.0
11000229,47227.0,98548.0,44699.0
11000230,35787.0,98548.0,44699.0
11000231,41507.0,98548.0,44699.0
11000232,13067.0,98548.0,44699.0
11000233,9467.0,98548.0,44699.0
11000234,119800.0,114848.0,44699.0
11000235,115533.0,114848.0,44699.0
11000236,47227.0,114848.0,44699.0
11000237,35787.0,114848.0,44699.0
11000238,41507.0,114848.0,44699.0
11000239,13067.0,114848.0,44699.0
11000240,9467.0,114848.0,44699.0
11000241,63747.0,126298.0,44699.0
11000242,63747.0,87098.0,44699.0
11000243,92347.0,98548.0,44699.0
11000244,92347.0,107148.0,44699.0
11000245,92347.0,114848.0,44699.0
11000246,69467.0,98548.0,44699.0
11000247,69467.0,107148.0,44699.0
11000248,69467.0,114848.0,44699.0
11000249,75187.0,98548.0,44699.0
11000250,75187.0,107148.0,44699.0
11000251,75187.0,114848.0,44699.0
11000252,86627.0,98548.0,44699.0
11000253,86627.0,107148.0,44699.0
11000254,86627.0,114848.0,44699.0
11000255,80907.0,98548.0,44699.0
11000256,80907.0,107148.0,44699.0
11000257,80907.0,114848.0,44699.0
11000258,80907.0,87048.0,44699.0
11000259,27067.0,113448.0,44099.0
11000260,27067.0,114848.0,44099.0
11000261,20667.0,107123.0,44099.0
11000262,20667.0,108798.0,44099.0
11000263,28067.0,110448.0,44099.0
11000264,30067.0,110448.0,44099.0
11000265,23267.0,107148.0,44099.0
11000266,23267.0,108798.0,44099.0
11000267,17767.0,107148.0,43999.0
11000268,20167.0,107098.0,43999.0
11000269,18417.0,98548.0,43949.0
11000270,19467.0,98548.0,43949.0
11000271,28467.0,113448.0,44099.0
11000272,30067.0,113448.0,44099.0
11000273,20667.0,98548.0,43949.0
11000274,56347.0,113448.0,43999.0
11000275,56347.0,114848.0,43999.0
11000276,53847.0,107148.0,43999.0
11000277,55947.0,107048.0,43999.0
11000278,54497.0,98548.0,43949.0
11000279,56347.0,98548.0,43949.0
11000280,107467.0,98548.0,43949.0
11000281,108667.0,98548.0,43949.0
11000282,98067.0,113448.0,44099.0
11000283,99667.0,113448.0,44099.0
11000284,107967.0,107098.0,43999.0
11000285,110367.0,107148.0,43999.0
11000286,104867.0,107148.0,44099.0
11000287,104867.0,108798.0,44099.0
11000288,107467.0,107123.0,44099.0
11000289,107467.0,108798.0,44099.0
11000290,101067.0,113448.0,44099.0
11000291,101067.0,114848.0,44099.0
11000292,98067.0,110448.0,44099.0
11000293,100067.0,110448.0,44099.0
11000294,109717.0,98548.0,43949.0
11000295,17367.0,114848.0,44699.0
11000296,21533.0,114848.0,44699.0
11000297,22400.0,114848.0,44699.0
11000298,27767.0,114848.0,44699.0
11000299,16867.0,111060.0,44699.0
11000300,16867.0,111923.0,44699.0
11000301,16867.0,112785.0,44699.0
11000302,27067.0,113798.0,44699.0
11000303,27067.0,114148.0,44699.0
11000304,27067.0,114498.0,44699.0
11000305,30067.0,114148.0,44699.0
11000306,27067.0,111448.0,44699.0
11000307,27067.0,112448.0,44699.0
11000308,27767.0,113448.0,44699.0
11000309,27567.0,110448.0,44699.0
11000310,30067.0,111448.0,44699.0
11000311,30067.0,112448.0,44699.0
11000312,20667.0,109345.0,44699.0
11000313,20667.0,107541.0,44699.0
11000314,20667.0,107960.0,44699.0
11000315,20667.0,108379.0,44699.0
11000316,21533.0,108798.0,44699.0
11000317,22400.0,108798.0,44699.0
11000318,23267.0,109345.0,44699.0
11000319,28567.0,110448.0,44699.0
11000320,29067.0,110448.0,44699.0
11000321,29567.0,110448.0,44699.0
11000322,23267.0,107560.0,44699.0
11000323,23267.0,107973.0,44699.0
11000324,23267.0,108385.0,44699.0
11000325,17317.0,107148.0,44699.0
11000326,21533.0,107131.0,44699.0
11000327,22400.0,107139.0,44699.0
11000328,23267.0,106723.0,44699.0
11000329,27067.0,106723.0,44699.0
11000330,28067.0,107148.0,44699.0
11000331,29067.0,107148.0,44699.0
11000332,16867.0,101931.0,44699.0
11000333,16867.0,102814.0,44699.0
11000334,16867.0,99381.0,44699.0
11000335,16867.0,100214.0,44699.0
11000336,17317.0,101048.0,44699.0
11000337,18167.0,107139.0,44699.0
11000338,18567.0,107131.0,44699.0
11000339,18967.0,107123.0,44699.0
11000340,19367.0,107114.0,44699.0
11000341,19767.0,107106.0,44699.0
11000342,18617.0,101048.0,44699.0
11000343,20667.0,99381.0,44699.0
11000344,20667.0,100214.0,44699.0
11000345,17642.0,98548.0,44699.0
11000346,18942.0,98548.0,44699.0
11000347,21533.0,98548.0,44699.0
11000348,22400.0,98548.0,44699.0
11000349,23267.0,99070.0,44699.0
11000350,27067.0,99070.0,44699.0
11000351,28067.0,98548.0,44699.0
11000352,29067.0,98548.0,44699.0
11000353,16867.0,114248.0,44699.0
11000354,20667.0,114248.0,44699.0
11000355,20292.0,114848.0,44699.0
11000356,18142.0,114848.0,44699.0
11000357,18642.0,114848.0,44699.0
11000358,19142.0,114848.0,44699.0
11000359,19642.0,114848.0,44699.0
11000360,29267.0,114848.0,44699.0
11000361,28867.0,113448.0,44699.0
11000362,29267.0,113448.0,44699.0
11000363,29667.0,113448.0,44699.0
11000364,20067.0,101048.0,44699.0
11000365,20067.0,98548.0,44699.0
11000366,16867.0,104698.0,44699.0
11000367,16867.0,105698.0,44699.0
11000368,20667.0,106710.0,44699.0
11000369,23267.0,114248.0,44699.0
11000370,30067.0,99381.0,44699.0
11000371,30067.0,100214.0,44699.0
11000372,30067.0,105281.0,44699.0
11000373,30067.0,106214.0,44699.0
11000374,30067.0,102481.0,44699.0
11000375,30067.0,103414.0,44699.0
11000376,60347.0,101873.0,44699.0
11000377,60347.0,102698.0,44699.0
11000378,60347.0,103523.0,44699.0
11000379,63747.0,111328.0,44699.0
11000380,63747.0,112208.0,44699.0
11000381,63747.0,113088.0,44699.0
11000382,63747.0,113968.0,44699.0
11000383,61022.0,114848.0,44699.0
11000384,61697.0,114848.0,44699.0
11000385,62197.0,114848.0,44699.0
11000386,62697.0,114848.0,44699.0
11000387,63197.0,114848.0,44700.0
11000388,52947.0,104560.0,44699.0
11000389,52947.0,105423.0,44699.0
11000390,52947.0,106285.0,44699.0
11000391,53722.0,98548.0,44699.0
11000392,52947.0,99381.0,44699.0
11000393,52947.0,100214.0,44699.0
11000394,52947.0,101931.0,44699.0
11000395,52947.0,102814.0,44699.0
11000396,53397.0,101048.0,44699.0
11000397,53397.0,107148.0,44699.0
11000398,56347.0,111328.0,44699.0
11000399,56347.0,112208.0,44699.0
11000400,56347.0,113088.0,44699.0
11000401,56347.0,113798.0,44699.0
11000402,56347.0,114148.0,44699.0
11000403,56347.0,114498.0,44699.0
11000404,52947.0,111128.0,44699.0
11000405,52947.0,112058.0,44699.0
11000406,52947.0,112988.0,44699.0
11000407,52947.0,113918.0,44699.0
11000408,53622.0,114848.0,44699.0
11000409,54297.0,114848.0,44699.0
11000410,54797.0,114848.0,44699.0
11000411,55297.0,114848.0,44699.0
11000412,55797.0,114848.0,44700.0
11000413,54372.0,107123.0,44699.0
11000414,54897.0,107098.0,44699.0
11000415,55422.0,107073.0,44699.0
11000416,56347.0,106673.0,44699.0
11000417,56347.0,99381.0,44699.0
11000418,56347.0,100214.0,44699.0
11000419,54959.0,98548.0,44699.0
11000420,55422.0,98548.0,44699.0
11000421,55884.0,98548.0,44699.0
11000422,63747.0,102064.0,44699.0
11000423,63747.0,103081.0,44699.0
11000424,63747.0,104098.0,44699.0
11000425,63747.0,105114.0,44699.0
11000426,63747.0,106131.0,44699.0
11000427,63747.0,99381.0,44699.0
11000428,63747.0,100214.0,44699.0
11000429,54680.0,101048.0,44699.0
11000430,55513.0,101048.0,44699.0
11000431,60822.0,98548.0,44699.0
11000432,61297.0,98548.0,44699.0
11000433,61797.0,98548.0,44699.0
11000434,62297.0,98548.0,44699.0
11000435,62797.0,98548.0,44699.0
11000436,63272.0,98548.0,44699.0
11000437,61197.0,101048.0,44699.0
11000438,62047.0,101048.0,44699.0
11000439,62897.0,101048.0,44699.0
11000440,111267.0,104698.0,44699.0
11000441,111267.0,105698.0,44699.0
11000442,108067.0,98548.0,44699.0
11000443,108067.0,101048.0,44699.0
11000444,98467.0,113448.0,44699.0
11000445,98867.0,113448.0,44699.0
11000446,99267.0,113448.0,44699.0
11000447,98867.0,114848.0,44699.0
11000448,108492.0,114848.0,44699.0
11000449,108992.0,114848.0,44699.0
11000450,109492.0,114848.0,44699.0
11000451,109992.0,114848.0,44699.0
11000452,107842.0,114848.0,44699.0
11000453,107467.0,114248.0,44699.0
11000454,111267.0,114248.0,44699.0
11000455,110767.0,114848.0,44699.0
11000456,110492.0,98548.0,44699.0
11000457,99067.0,98548.0,44699.0
11000458,100067.0,98548.0,44699.0
11000459,105733.0,98548.0,44699.0
11000460,106600.0,98548.0,44699.0
11000461,101067.0,99070.0,44699.0
11000462,104867.0,99070.0,44699.0
11000463,107467.0,99381.0,44699.0
11000464,107467.0,100214.0,44699.0
11000465,109517.0,101048.0,44699.0
11000466,108367.0,107106.0,44699.0
11000467,108767.0,107114.0,44699.0
11000468,109167.0,107123.0,44699.0
11000469,109567.0,107131.0,44699.0
11000470,109967.0,107139.0,44699.0
11000471,110817.0,101048.0,44699.0
11000472,111267.0,99381.0,44699.0
11000473,111267.0,100214.0,44699.0
11000474,111267.0,101931.0,44699.0
11000475,111267.0,102814.0,44699.0
11000476,99067.0,107148.0,44699.0
11000477,100067.0,107148.0,44699.0
11000478,101067.0,106723.0,44699.0
11000479,104867.0,106723.0,44699.0
11000480,105733.0,107139.0,44699.0
11000481,106600.0,107131.0,44699.0
11000482,110817.0,107148.0,44699.0
11000483,104867.0,107560.0,44699.0
11000484,104867.0,107973.0,44699.0
11000485,104867.0,108385.0,44699.0
11000486,104867.0,109345.0,44699.0
11000487,105733.0,108798.0,44699.0
11000488,106600.0,108798.0,44699.0
11000489,107467.0,107541.0,44699.0
11000490,107467.0,107960.0,44699.0
11000491,107467.0,108379.0,44699.0
11000492,107467.0,109345.0,44699.0
11000493,98067.0,111448.0,44699.0
11000494,98067.0,112448.0,44699.0
11000495,100567.0,110448.0,44699.0
11000496,100367.0,113448.0,44699.0
11000497,101067.0,111448.0,44699.0
11000498,101067.0,112448.0,44699.0
11000499,98067.0,114148.0,44699.0
11000500,101067.0,113798.0,44699.0
11000501,101067.0,114148.0,44699.0
11000502,101067.0,114498.0,44699.0
11000503,111267.0,111060.0,44699.0
11000504,111267.0,111923.0,44699.0
11000505,111267.0,112785.0,44699.0
11000506,100367.0,114848.0,44699.0
11000507,105733.0,114848.0,44699.0
11000508,106600.0,114848.0,44699.0
11000509,107467.0,106710.0,44699.0
11000510,98067.0,102481.0,44699.0
11000511,98067.0,103414.0,44699.0
11000512,98067.0,105281.0,44699.0
11000513,98067.0,106214.0,44699.0
11000514,104867.0,114248.0,44699.0
11000515,98067.0,99381.0,44700.0
11000516,98067.0,100214.0,44699.0
11000517,98067.0,100881.0,44700.0
11000518,98567.0,110448.0,44699.0
11000519,99067.0,110448.0,44699.0
11000520,99567.0,110448.0,44699.0
11000521,109192.0,98548.0,44699.0
11000522,61197.0,110448.0,44699.0
11000523,62047.0,110448.0,44699.0
11000524,62897.0,110448.0,44699.0
11000525,16867.0,114848.0,43600.0
11000526,16867.0,114848.0,42766.0
11000527,16867.0,114848.0,41933.0
11000528,17867.0,114848.0,43600.0
11000529,17867.0,114848.0,42766.0
11000530,17867.0,114848.0,41933.0
11000531,20667.0,114848.0,43600.0
11000532,20667.0,114848.0,42766.0
11000533,20667.0,114848.0,41933.0
11000534,23267.0,114848.0,43700.0
11000535,23267.0,114848.0,42833.0
11000536,23267.0,114848.0,41966.0
11000537,28467.0,114848.0,43799.0
11000538,28467.0,114848.0,42900.0
11000539,28467.0,114848.0,42000.0
11000540,27067.0,110448.0,43799.0
11000541,27067.0,110448.0,42900.0
11000542,27067.0,110448.0,42000.0
11000543,20667.0,109893.0,43799.0
11000544,20667.0,109893.0,42900.0
11000545,20667.0,109893.0,42000.0
11000546,16867.0,110198.0,43600.0
11000547,16867.0,110198.0,42766.0
11000548,16867.0,110198.0,41933.0
11000549,16867.0,113648.0,43600.0
11000550,16867.0,113648.0,42766.0
11000551,16867.0,113648.0,41933.0
11000552,23267.0,109893.0,43799.0
11000553,23267.0,109893.0,42900.0
11000554,23267.0,109893.0,42000.0
11000555,16867.0,106698.0,43799.0
11000556,16867.0,106698.0,42900.0
11000557,16867.0,106698.0,42000.0
11000558,16867.0,107148.0,43799.0
11000559,16867.0,107148.0,42900.0
11000560,16867.0,107148.0,42000.0
11000561,23267.0,106298.0,43799.0
11000562,23267.0,106298.0,42900.0
11000563,23267.0,106298.0,42000.0
11000564,27067.0,106298.0,43799.0
11000565,27067.0,106298.0,42900.0
11000566,27067.0,106298.0,42000.0
11000567,27067.0,107148.0,43799.0
11000568,27067.0,107148.0,42900.0
11000569,27067.0,107148.0,42000.0
11000570,16867.0,101048.0,43799.0
11000571,16867.0,101048.0,42900.0
11000572,16867.0,101048.0,42000.0
11000573,16867.0,103698.0,43799.0
11000574,16867.0,103698.0,42900.0
11000575,16867.0,103698.0,42000.0
11000576,16867.0,98548.0,43799.0
11000577,16867.0,98548.0,42900.0
11000578,16867.0,98548.0,42000.0
11000579,17767.0,101048.0,43799.0
11000580,17767.0,101048.0,42900.0
11000581,17767.0,101048.0,42000.0
11000582,19467.0,101048.0,43799.0
11000583,19467.0,101048.0,42900.0
11000584,19467.0,101048.0,42000.0
11000585,20667.0,101048.0,43799.0
11000586,20667.0,101048.0,42900.0
11000587,20667.0,101048.0,42000.0
11000588,23267.0,98548.0,43799.0
11000589,23267.0,98548.0,42900.0
11000590,23267.0,98548.0,42000.0
11000591,23267.0,99593.0,43799.0
11000592,23267.0,99593.0,42900.0
11000593,23267.0,99593.0,42000.0
11000594,27067.0,98548.0,43799.0
11000595,27067.0,98548.0,42900.0
11000596,27067.0,98548.0,42000.0
11000597,27067.0,99593.0,43799.0
11000598,27067.0,99593.0,42900.0
11000599,27067.0,99593.0,42000.0
11000600,30067.0,98548.0,43799.0
11000601,30067.0,98548.0,42900.0
11000602,30067.0,98548.0,42000.0
11000603,19917.0,114848.0,43600.0
11000604,19917.0,114848.0,42766.0
11000605,19917.0,114848.0,41933.0
11000606,30067.0,114848.0,43799.0
11000607,30067.0,114848.0,42900.0
11000608,30067.0,114848.0,42000.0
11000609,20667.0,106298.0,43799.0
11000610,20667.0,106298.0,42900.0
11000611,20667.0,106298.0,42000.0
11000612,20667.0,113648.0,43600.0
11000613,20667.0,113648.0,42766.0
11000614,20667.0,113648.0,41933.0
11000615,23267.0,113648.0,43799.0
11000616,23267.0,113648.0,42900.0
11000617,23267.0,113648.0,42000.0
11000618,20667.0,101548.0,43799.0
11000619,20667.0,101548.0,42900.0
11000620,20667.0,101548.0,42000.0
11000621,30067.0,101048.0,43799.0
11000622,30067.0,101048.0,42900.0
11000623,30067.0,101048.0,42000.0
11000624,30067.0,101548.0,43799.0
11000625,30067.0,101548.0,42900.0
11000626,30067.0,101548.0,42000.0
11000627,30067.0,107148.0,43799.0
11000628,30067.0,107148.0,42900.0
11000629,30067.0,107148.0,42000.0
11000630,30067.0,104348.0,43799.0
11000631,30067.0,104348.0,42900.0
11000632,30067.0,104348.0,42000.0
11000633,30067.0,106698.0,43799.0
11000634,30067.0,106698.0,42900.0
11000635,30067.0,106698.0,42000.0
11000636,60347.0,101048.0,43600.0
11000637,60347.0,101048.0,42766.0
11000638,60347.0,101048.0,41933.0
11000639,60347.0,104348.0,43600.0
11000640,60347.0,104348.0,42766.0
11000641,60347.0,104348.0,41933.0
11000642,63747.0,110448.0,43600.0
11000643,63747.0,110448.0,42766.0
11000644,63747.0,110448.0,41933.0
11000645,63747.0,114848.0,43600.0
11000646,63747.0,114848.0,42766.0
11000647,63747.0,114848.0,41933.0
11000648,60347.0,114848.0,43600.0
11000649,60347.0,114848.0,42766.0
11000650,60347.0,114848.0,41933.0
11000651,52947.0,103698.0,43799.0
11000652,52947.0,103698.0,42900.0
11000653,52947.0,103698.0,42000.0
11000654,52947.0,106698.0,43799.0
11000655,52947.0,106698.0,42900.0
11000656,52947.0,106698.0,42000.0
11000657,52947.0,98548.0,43799.0
11000658,52947.0,98548.0,42900.0
11000659,52947.0,98548.0,42000.0
11000660,52947.0,101048.0,43799.0
11000661,52947.0,101048.0,42900.0
11000662,52947.0,101048.0,42000.0
11000663,53847.0,101048.0,43799.0
11000664,53847.0,101048.0,42900.0
11000665,53847.0,101048.0,42000.0
11000666,52947.0,107148.0,43799.0
11000667,52947.0,107148.0,42900.0
11000668,52947.0,107148.0,42000.0
11000669,56347.0,107048.0,43799.0
11000670,56347.0,107048.0,42900.0
11000671,56347.0,107048.0,42000.0
11000672,56347.0,110448.0,43799.0
11000673,56347.0,110448.0,42900.0
11000674,56347.0,110448.0,42000.0
11000675,52947.0,110198.0,43600.0
11000676,52947.0,110198.0,42766.0
11000677,52947.0,110198.0,41933.0
11000678,52947.0,114848.0,43600.0
11000679,52947.0,114848.0,42766.0
11000680,52947.0,114848.0,41933.0
11000681,56347.0,106298.0,43799.0
11000682,56347.0,106298.0,42900.0
11000683,56347.0,106298.0,42000.0
11000684,56347.0,101048.0,43799.0
11000685,56347.0,101048.0,42900.0
11000686,56347.0,101048.0,42000.0
11000687,56347.0,101548.0,43799.0
11000688,56347.0,101548.0,42900.0
11000689,56347.0,101548.0,42000.0
11000690,63747.0,101048.0,43600.0
11000691,63747.0,101048.0,42766.0
11000692,63747.0,101048.0,41933.0
11000693,63747.0,106698.0,43700.0
11000694,63747.0,106698.0,42833.0
11000695,63747.0,106698.0,41966.0
11000696,63747.0,98548.0,43600.0
11000697,63747.0,98548.0,42766.0
11000698,63747.0,98548.0,41933.0
11000699,60347.0,98548.0,43600.0
11000700,60347.0,98548.0,42766.0
11000701,60347.0,98548.0,41933.0
11000702,111267.0,103698.0,43799.0
11000703,111267.0,103698.0,42900.0
11000704,111267.0,103698.0,42000.0
11000705,111267.0,106698.0,43799.0
11000706,111267.0,106698.0,42900.0
11000707,111267.0,106698.0,42000.0
11000708,107467.0,101048.0,43799.0
11000709,107467.0,101048.0,42900.0
11000710,107467.0,101048.0,42000.0
11000711,108667.0,101048.0,43799.0
11000712,108667.0,101048.0,42900.0
11000713,108667.0,101048.0,42000.0
11000714,98067.0,114848.0,43799.0
11000715,98067.0,114848.0,42900.0
11000716,98067.0,114848.0,42000.0
11000717,99667.0,114848.0,43799.0
11000718,99667.0,114848.0,42900.0
11000719,99667.0,114848.0,42000.0
11000720,108217.0,114848.0,43600.0
11000721,108217.0,114848.0,42766.0
11000722,108217.0,114848.0,41933.0
11000723,110267.0,114848.0,43600.0
11000724,110267.0,114848.0,42766.0
11000725,110267.0,114848.0,41933.0
11000726,107467.0,114848.0,43700.0
11000727,107467.0,114848.0,42833.0
11000728,107467.0,114848.0,41966.0
11000729,107467.0,113648.0,43600.0
11000730,107467.0,113648.0,42766.0
11000731,107467.0,113648.0,41933.0
11000732,111267.0,113648.0,43799.0
11000733,111267.0,113648.0,42900.0
11000734,111267.0,113648.0,42000.0
11000735,111267.0,114848.0,43700.0
11000736,111267.0,114848.0,42833.0
11000737,111267.0,114848.0,41966.0
11000738,111267.0,98548.0,43799.0
11000739,111267.0,98548.0,42900.0
11000740,111267.0,98548.0,42000.0
11000741,98067.0,98548.0,43799.0
11000742,98067.0,98548.0,42900.0
11000743,98067.0,98548.0,42000.0
11000744,101067.0,98548.0,43799.0
11000745,101067.0,98548.0,42900.0
11000746,101067.0,98548.0,42000.0
11000747,104867.0,98548.0,43799.0
11000748,104867.0,98548.0,42900.0
11000749,104867.0,98548.0,42000.0
11000750,101067.0,99593.0,43799.0
11000751,101067.0,99593.0,42900.0
11000752,101067.0,99593.0,42000.0
11000753,104867.0,99593.0,43799.0
11000754,104867.0,99593.0,42900.0
11000755,104867.0,99593.0,42000.0
11000756,107467.0,101548.0,43799.0
11000757,107467.0,101548.0,42900.0
11000758,107467.0,101548.0,42000.0
11000759,110367.0,101048.0,43799.0
11000760,110367.0,101048.0,42900.0
11000761,110367.0,101048.0,42000.0
11000762,111267.0,101048.0,43799.0
11000763,111267.0,101048.0,42900.0
11000764,111267.0,101048.0,42000.0
11000765,98067.0,107148.0,43799.0
11000766,98067.0,107148.0,42900.0
11000767,98067.0,107148.0,42000.0
11000768,101067.0,107148.0,43799.0
11000769,101067.0,107148.0,42900.0
11000770,101067.0,107148.0,42000.0
11000771,101067.0,106298.0,43799.0
11000772,101067.0,106298.0,42900.0
11000773,101067.0,106298.0,42000.0
11000774,104867.0,106298.0,43799.0
11000775,104867.0,106298.0,42900.0
11000776,104867.0,106298.0,42000.0
11000777,111267.0,107148.0,43799.0
11000778,111267.0,107148.0,42900.0
11000779,111267.0,107148.0,42000.0
11000780,104867.0,109893.0,43799.0
11000781,104867.0,109893.0,42900.0
11000782,104867.0,109893.0,42000.0
11000783,107467.0,109893.0,43799.0
11000784,107467.0,109893.0,42900.0
11000785,107467.0,109893.0,42000.0
11000786,101067.0,110448.0,43799.0
11000787,101067.0,110448.0,42900.0
11000788,101067.0,110448.0,42000.0
11000789,111267.0,110198.0,43799.0
11000790,111267.0,110198.0,42900.0
11000791,111267.0,110198.0,42000.0
11000792,104867.0,114848.0,43799.0
11000793,104867.0,114848.0,42900.0
11000794,104867.0,114848.0,42000.0
11000795,107467.0,106298.0,43799.0
11000796,107467.0,106298.0,42900.0
11000797,107467.0,106298.0,42000.0
11000798,98067.0,101548.0,43799.0
11000799,98067.0,101548.0,42900.0
11000800,98067.0,101548.0,42000.0
11000801,98067.0,104348.0,43799.0
11000802,98067.0,104348.0,42900.0
11000803,98067.0,104348.0,42000.0
11000804,98067.0,106698.0,43799.0
11000805,98067.0,106698.0,42900.0
11000806,98067.0,106698.0,42000.0
11000807,104867.0,113648.0,43799.0
11000808,104867.0,113648.0,42900.0
11000809,104867.0,113648.0,42000.0
11000810,63747.0,107148.0,43799.0
11000811,63747.0,107148.0,42900.0
11000812,63747.0,107148.0,42000.0
11000813,60347.0,110448.0,43600.0
11000814,60347.0,110448.0,42766.0
11000815,60347.0,110448.0,41933.0
11000816,27067.0,113798.0,44099.0
11000817,27067.0,114148.0,44099.0
11000818,27067.0,114498.0,44099.0
11000819,20667.0,107541.0,44099.0
11000820,20667.0,107960.0,44099.0
11000821,20667.0,108379.0,44099.0
11000822,28567.0,110448.0,44099.0
11000823,29067.0,110448.0,44099.0
11000824,29567.0,110448.0,44099.0
11000825,23267.0,107560.0,44099.0
11000826,23267.0,107973.0,44099.0
11000827,23267.0,108385.0,44099.0
11000828,18167.0,107139.0,43999.0
11000829,18567.0,107131.0,43999.0
11000830,18967.0,107123.0,43999.0
11000831,19367.0,107114.0,43999.0
11000832,19767.0,107106.0,43999.0
11000833,18942.0,98548.0,43949.0
11000834,28867.0,113448.0,44099.0
11000835,29267.0,113448.0,44099.0
11000836,29667.0,113448.0,44099.0
11000837,20067.0,98548.0,43949.0
11000838,56347.0,113798.0,43999.0
11000839,56347.0,114148.0,43999.0
11000840,56347.0,114498.0,43999.0
11000841,54372.0,107123.0,43999.0
11000842,54897.0,107098.0,43999.0
11000843,55422.0,107073.0,43999.0
11000844,54959.0,98548.0,43949.0
11000845,55422.0,98548.0,43949.0
11000846,55884.0,98548.0,43949.0
11000847,108067.0,98548.0,43949.0
11000848,98467.0,113448.0,44099.0
11000849,98867.0,113448.0,44099.0
11000850,99267.0,113448.0,44099.0
11000851,108367.0,107106.0,43999.0
11000852,108767.0,107114.0,43999.0
11000853,109167.0,107123.0,43999.0
11000854,109567.0,107131.0,43999.0
11000855,109967.0,107139.0,43999.0
11000856,104867.0,107560.0,44099.0
11000857,104867.0,107973.0,44099.0
11000858,104867.0,108385.0,44099.0
11000859,107467.0,107541.0,44099.0
11000860,107467.0,107960.0,44099.0
11000861,107467.0,108379.0,44099.0
11000862,101067.0,113798.0,44099.0
11000863,101067.0,114148.0,44099.0
11000864,101067.0,114498.0,44099.0
11000865,98567.0,110448.0,44099.0
11000866,99067.0,110448.0,44099.0
11000867,99567.0,110448.0,44099.0
11000868,109192.0,98548.0,43949.0
11000869,27067.0,114848.0,42900.0
11000870,27067.0,114848.0,42000.0
11000871,27067.0,113448.0,42900.0
11000872,27067.0,113448.0,42000.0
11000873,28467.0,113448.0,42900.0
11000874,28467.0,113448.0,42000.0
11000875,20667.0,108798.0,42900.0
11000876,20667.0,108798.0,42000.0
11000877,28067.0,110448.0,42900.0
11000878,28067.0,110448.0,42000.0
11000879,23267.0,108798.0,42900.0
11000880,23267.0,108798.0,42000.0
11000881,20167.0,107098.0,42900.0
11000882,20167.0,107098.0,42000.0
11000883,20667.0,107123.0,42900.0
11000884,20667.0,107123.0,42000.0
11000885,23267.0,107148.0,42900.0
11000886,23267.0,107148.0,42000.0
11000887,20667.0,98548.0,42900.0
11000888,20667.0,98548.0,42000.0
11000889,18417.0,98548.0,42900.0
11000890,18417.0,98548.0,42000.0
11000891,17767.0,107148.0,42900.0
11000892,17767.0,107148.0,42000.0
11000893,30067.0,113448.0,42900.0
11000894,30067.0,113448.0,42000.0
11000895,30067.0,110448.0,42900.0
11000896,30067.0,110448.0,42000.0
11000897,54497.0,98548.0,42900.0
11000898,54497.0,98548.0,42000.0
11000899,53847.0,107148.0,42900.0
11000900,53847.0,107148.0,42000.0
11000901,55947.0,107048.0,42900.0
11000902,55947.0,107048.0,42000.0
11000903,56347.0,113448.0,42900.0
11000904,56347.0,113448.0,42000.0
11000905,56347.0,114848.0,42766.0
11000906,56347.0,114848.0,41933.0
11000907,56347.0,98548.0,42900.0
11000908,56347.0,98548.0,42000.0
11000909,109717.0,98548.0,42900.0
11000910,109717.0,98548.0,42000.0
11000911,107467.0,98548.0,42900.0
11000912,107467.0,98548.0,42000.0
11000913,107467.0,107123.0,42900.0
11000914,107467.0,107123.0,42000.0
11000915,107967.0,107098.0,42900.0
11000916,107967.0,107098.0,42000.0
11000917,104867.0,107148.0,42900.0
11000918,104867.0,107148.0,42000.0
11000919,110367.0,107148.0,42900.0
11000920,110367.0,107148.0,42000.0
11000921,104867.0,108798.0,42900.0
11000922,104867.0,108798.0,42000.0
11000923,107467.0,108798.0,42900.0
11000924,107467.0,108798.0,42000.0
11000925,98067.0,110448.0,42900.0
11000926,98067.0,110448.0,42000.0
11000927,98067.0,113448.0,42900.0
11000928,98067.0,113448.0,42000.0
11000929,100067.0,110448.0,42900.0
11000930,100067.0,110448.0,42000.0
11000931,99667.0,113448.0,42900.0
11000932,99667.0,113448.0,42000.0
11000933,101067.0,113448.0,42900.0
11000934,101067.0,113448.0,42000.0
11000935,101067.0,114848.0,42900.0
11000936,101067.0,114848.0,42000.0
11000937,24217.0,107148.0,44699.0
11000938,25167.0,107148.0,44699.0
11000939,26117.0,107148.0,44699.0
11000940,27067.0,108248.0,44699.0
11000941,27067.0,109348.0,44699.0
11000942,26117.0,114848.0,44699.0
11000943,24217.0,114848.0,44699.0
11000944,23267.0,112748.0,44699.0
11000945,23267.0,110870.0,44699.0
11000946,28467.0,114148.0,44699.0
11000947,17817.0,108760.0,44699.0
11000948,18767.0,108773.0,44699.0
11000949,19717.0,108785.0,44699.0
11000950,20667.0,110870.0,44699.0
11000951,20667.0,112748.0,44699.0
11000952,18892.0,113648.0,44699.0
11000953,16867.0,109473.0,44699.0
11000954,16867.0,107948.0,44699.0
11000955,24217.0,104348.0,44699.0
11000956,25167.0,104348.0,44699.0
11000957,26117.0,104348.0,44699.0
11000958,27067.0,105323.0,44699.0
11000959,23267.0,105323.0,44699.0
11000960,19467.0,99381.0,44699.0
11000961,19467.0,100214.0,44699.0
11000962,24217.0,101548.0,44699.0
11000963,25167.0,101548.0,44699.0
11000964,26117.0,101548.0,44699.0
11000965,27067.0,102481.0,44699.0
11000966,27067.0,103414.0,44699.0
11000967,23267.0,102481.0,44699.0
11000968,23267.0,103414.0,44699.0
11000969,24217.0,98548.0,44699.0
11000970,26117.0,98548.0,44699.0
11000971,27067.0,100570.0,44699.0
11000972,23267.0,100570.0,44699.0
11000973,56347.0,107898.0,44699.0
11000974,53797.0,108748.0,44699.0
11000975,54647.0,108748.0,44699.0
11000976,55497.0,108748.0,44699.0
11000977,52947.0,107948.0,44699.0
11000978,108667.0,99381.0,44699.0
11000979,108667.0,100214.0,44699.0
11000980,99667.0,114148.0,44699.0
11000981,109242.0,113648.0,44699.0
11000982,108417.0,108785.0,44699.0
11000983,109367.0,108773.0,44699.0
11000984,110317.0,108760.0,44699.0
11000985,111267.0,109473.0,44699.0
11000986,107467.0,112748.0,44699.0
11000987,107467.0,110870.0,44699.0
11000988,102017.0,98548.0,44699.0
11000989,103917.0,98548.0,44699.0
11000990,104867.0,100570.0,44699.0
11000991,102017.0,101548.0,44699.0
11000992,102967.0,101548.0,44699.0
11000993,103917.0,101548.0,44699.0
11000994,101067.0,100570.0,44699.0
11000995,111267.0,107948.0,44699.0
11000996,102017.0,104348.0,44699.0
11000997,102967.0,104348.0,44699.0
11000998,103917.0,104348.0,44699.0
11000999,104867.0,105323.0,44699.0
11001000,102017.0,107148.0,44699.0
11001001,102967.0,107148.0,44699.0
11001002,103917.0,107148.0,44699.0
11001003,101067.0,105323.0,44699.0
11001004,104867.0,110870.0,44699.0
11001005,104867.0,112748.0,44699.0
11001006,103917.0,114848.0,44699.0
11001007,102017.0,114848.0,44699.0
11001008,101067.0,108248.0,44699.0
11001009,101067.0,109348.0,44699.0
11001010,104867.0,102481.0,44699.0
11001011,104867.0,103414.0,44699.0
11001012,101067.0,102481.0,44699.0
11001013,101067.0,103414.0,44699.0
11001016,64239.0,106666.0,44699.0
11001017,108667.0,98548.0,44324.0
11001018,109192.0,98548.0,44324.0
11001019,109717.0,98548.0,44324.0
11001020,98067.0,110448.0,44399.0
11001021,98567.0,110448.0,44399.0
11001022,99067.0,110448.0,44399.0
11001023,99567.0,110448.0,44399.0
11001024,100067.0,110448.0,44399.0
11001025,101067.0,113448.0,44399.0
11001026,101067.0,113798.0,44399.0
11001027,101067.0,114148.0,44399.0
11001028,101067.0,114498.0,44399.0
11001029,101067.0,114848.0,44399.0
11001030,107467.0,107123.0,44399.0
11001031,107467.0,107541.0,44399.0
11001032,107467.0,107960.0,44399.0
11001033,107467.0,108379.0,44399.0
11001034,107467.0,108798.0,44399.0
11001035,104867.0,107148.0,44399.0
11001036,104867.0,107560.0,44399.0
11001037,104867.0,107973.0,44399.0
11001038,104867.0,108385.0,44399.0
11001039,104867.0,108798.0,44399.0
11001040,107967.0,107098.0,44349.0
11001041,108367.0,107106.0,44349.0
11001042,108767.0,107114.0,44349.0
11001043,109167.0,107123.0,44349.0
11001044,109567.0,107131.0,44349.0
11001045,109967.0,107139.0,44349.0
11001046,110367.0,107148.0,44349.0
11001047,98067.0,113448.0,44399.0
11001048,98467.0,113448.0,44399.0
11001049,98867.0,113448.0,44399.0
11001050,99267.0,113448.0,44399.0
11001051,99667.0,113448.0,44399.0
11001052,107467.0,98548.0,44324.0
11001053,108067.0,98548.0,44324.0
11001054,54497.0,98548.0,44324.0
11001055,54959.0,98548.0,44324.0
11001056,55422.0,98548.0,44324.0
11001057,55884.0,98548.0,44324.0
11001058,56347.0,98548.0,44324.0
11001059,53847.0,107148.0,44349.0
11001060,54372.0,107123.0,44349.0
11001061,54897.0,107098.0,44349.0
11001062,55422.0,107073.0,44349.0
11001063,55947.0,107048.0,44349.0
11001064,56347.0,113448.0,44349.0
11001065,56347.0,113798.0,44349.0
11001066,56347.0,114148.0,44349.0
11001067,56347.0,114498.0,44349.0
11001068,56347.0,114848.0,44349.0
11001069,19467.0,98548.0,44324.0
11001070,20067.0,98548.0,44324.0
11001071,20667.0,98548.0,44324.0
11001072,28467.0,113448.0,44399.0
11001073,28867.0,113448.0,44399.0
11001074,29267.0,113448.0,44399.0
11001075,29667.0,113448.0,44399.0
11001076,30067.0,113448.0,44399.0
11001077,18417.0,98548.0,44324.0
11001078,18942.0,98548.0,44324.0
11001079,17767.0,107148.0,44349.0
11001080,18167.0,107139.0,44349.0
11001081,18567.0,107131.0,44349.0
11001082,18967.0,107123.0,44349.0
11001083,19367.0,107114.0,44349.0
11001084,19767.0,107106.0,44349.0
11001085,20167.0,107098.0,44349.0
11001086,23267.0,107148.0,44399.0
11001087,23267.0,107560.0,44399.0
11001088,23267.0,107973.0,44399.0
11001089,23267.0,108385.0,44399.0
11001090,23267.0,108798.0,44399.0
11001091,28067.0,110448.0,44399.0
11001092,28567.0,110448.0,44399.0
11001093,29067.0,110448.0,44399.0
11001094,29567.0,110448.0,44399.0
11001095,30067.0,110448.0,44399.0
11001096,20667.0,107123.0,44399.0
11001097,20667.0,107541.0,44399.0
11001098,20667.0,107960.0,44399.0
11001099,20667.0,108379.0,44399.0
11001100,20667.0,108798.0,44399.0
11001101,27067.0,113448.0,44399.0
11001102,27067.0,113798.0,44399.0
11001103,27067.0,114148.0,44399.0
11001104,27067.0,114498.0,44399.0
11001105,27067.0,114848.0,44399.0
11001106,17367.0,114848.0,43600.0
11001107,17367.0,114848.0,41933.0
11001108,17367.0,114848.0,42766.0
11001109,21533.0,114848.0,43700.0
11001110,22400.0,114848.0,43700.0
11001111,21533.0,114848.0,41966.0
11001112,22400.0,114848.0,41966.0
11001113,21533.0,114848.0,42833.0
11001114,22400.0,114848.0,42833.0
11001115,27767.0,114848.0,43799.0
11001116,27767.0,114848.0,42000.0
11001117,27767.0,114848.0,42900.0
11001118,16867.0,111060.0,43600.0
11001119,16867.0,111923.0,43600.0
11001120,16867.0,112785.0,43600.0
11001121,16867.0,111060.0,41933.0
11001122,16867.0,111923.0,41933.0
11001123,16867.0,112785.0,41933.0
11001124,16867.0,111060.0,42766.0
11001125,16867.0,112785.0,42766.0
11001126,16867.0,111923.0,42766.0
11001127,30067.0,114148.0,43799.0
11001128,30067.0,114148.0,42000.0
11001129,30067.0,114148.0,42900.0
11001130,27067.0,111448.0,43799.0
11001131,27067.0,112448.0,43799.0
11001132,27067.0,111448.0,42000.0
11001133,27067.0,112448.0,42000.0
11001134,27067.0,111448.0,42900.0
11001135,27067.0,112448.0,42900.0
11001136,27767.0,113448.0,44099.0
11001137,27767.0,113448.0,42000.0
11001138,27767.0,113448.0,42900.0
11001139,27567.0,110448.0,43799.0
11001140,27567.0,110448.0,42000.0
11001141,27567.0,110448.0,42900.0
11001142,30067.0,111448.0,44099.0
11001143,30067.0,112448.0,44099.0
11001144,30067.0,111448.0,42000.0
11001145,30067.0,112448.0,42000.0
11001146,30067.0,111448.0,42900.0
11001147,30067.0,112448.0,42900.0
11001148,20667.0,109345.0,43799.0
11001149,20667.0,109345.0,42000.0
11001150,20667.0,109345.0,42900.0
11001151,21533.0,108798.0,44099.0
11001152,22400.0,108798.0,44099.0
11001153,21533.0,108798.0,42000.0
11001154,22400.0,108798.0,42000.0
11001155,21533.0,108798.0,42900.0
11001156,22400.0,108798.0,42900.0
11001157,23267.0,109345.0,43799.0
11001158,23267.0,109345.0,42000.0
11001159,23267.0,109345.0,42900.0
11001160,17317.0,107148.0,43799.0
11001161,17317.0,107148.0,42000.0
11001162,17317.0,107148.0,42900.0
11001163,21533.0,107131.0,44099.0
11001164,22400.0,107139.0,44099.0
11001165,21533.0,107131.0,42000.0
11001166,22400.0,107139.0,42000.0
11001167,21533.0,107131.0,42900.0
11001168,22400.0,107139.0,42900.0
11001169,23267.0,106723.0,43799.0
11001170,23267.0,106723.0,42000.0
11001171,23267.0,106723.0,42900.0
11001172,27067.0,106723.0,43799.0
11001173,27067.0,106723.0,42000.0
11001174,27067.0,106723.0,42900.0
11001175,28067.0,107148.0,43799.0
11001176,29067.0,107148.0,43799.0
11001177,28067.0,107148.0,42000.0
11001178,29067.0,107148.0,42000.0
11001179,28067.0,107148.0,42900.0
11001180,29067.0,107148.0,42900.0
11001181,16867.0,101931.0,43799.0
11001182,16867.0,102814.0,43799.0
11001183,16867.0,101931.0,42000.0
11001184,16867.0,102814.0,42000.0
11001185,16867.0,101931.0,42900.0
11001186,16867.0,102814.0,42900.0
11001187,16867.0,99381.0,43799.0
11001188,16867.0,100214.0,43799.0
11001189,16867.0,99381.0,42000.0
11001190,16867.0,100214.0,42000.0
11001191,16867.0,99381.0,42900.0
11001192,16867.0,100214.0,42900.0
11001193,17317.0,101048.0,43799.0
11001194,17317.0,101048.0,42000.0
11001195,17317.0,101048.0,42900.0
11001196,18617.0,101048.0,43799.0
11001197,18617.0,101048.0,42000.0
11001198,18617.0,101048.0,42900.0
11001199,20667.0,99381.0,43799.0
11001200,20667.0,100214.0,43799.0
11001201,20667.0,99381.0,42000.0
11001202,20667.0,100214.0,42000.0
11001203,20667.0,99381.0,42900.0
11001204,20667.0,100214.0,42900.0
11001205,17642.0,98548.0,43799.0
11001206,17642.0,98548.0,42000.0
11001207,17642.0,98548.0,42900.0
11001208,21533.0,98548.0,43799.0
11001209,22400.0,98548.0,43799.0
11001210,21533.0,98548.0,42000.0
11001211,22400.0,98548.0,42000.0
11001212,21533.0,98548.0,42900.0
11001213,22400.0,98548.0,42900.0
11001214,23267.0,99070.0,43799.0
11001215,23267.0,99070.0,42000.0
11001216,23267.0,99070.0,42900.0
11001217,27067.0,99070.0,43799.0
11001218,27067.0,99070.0,42000.0
11001219,27067.0,99070.0,42900.0
11001220,28067.0,98548.0,43799.0
11001221,29067.0,98548.0,43799.0
11001222,28067.0,98548.0,42000.0
11001223,29067.0,98548.0,42000.0
11001224,28067.0,98548.0,42900.0
11001225,29067.0,98548.0,42900.0
11001226,16867.0,114248.0,43600.0
11001227,16867.0,114248.0,41933.0
11001228,16867.0,114248.0,42766.0
11001229,20667.0,114248.0,43600.0
11001230,20667.0,114248.0,41933.0
11001231,20667.0,114248.0,42766.0
11001232,20292.0,114848.0,43600.0
11001233,20292.0,114848.0,41933.0
11001234,20292.0,114848.0,42766.0
11001235,18142.0,114848.0,43600.0
11001236,18145.0,114848.0,44150.0
11001237,18642.0,114848.0,44150.0
11001238,19142.0,114848.0,44150.0
11001239,19639.0,114848.0,44150.0
11001240,19642.0,114848.0,43600.0
11001241,18142.0,114848.0,41933.0
11001242,19642.0,114848.0,41933.0
11001243,18142.0,114848.0,42766.0
11001244,19642.0,114848.0,42766.0
11001245,18642.0,114848.0,43600.0
11001246,19142.0,114848.0,43600.0
11001247,29267.0,114848.0,43799.0
11001248,29267.0,114848.0,42000.0
11001249,29267.0,114848.0,42900.0
11001250,20067.0,101048.0,43799.0
11001251,20067.0,101048.0,42000.0
11001252,20067.0,101048.0,42900.0
11001253,16867.0,104698.0,43799.0
11001254,16867.0,105698.0,43799.0
11001255,16867.0,104698.0,42000.0
11001256,16867.0,105698.0,42000.0
11001257,16867.0,104698.0,42900.0
11001258,16867.0,105698.0,42900.0
11001259,20667.0,106710.0,43799.0
11001260,20667.0,106710.0,42000.0
11001261,20667.0,106710.0,42900.0
11001262,23267.0,114248.0,43799.0
11001263,23267.0,114248.0,42000.0
11001264,23267.0,114248.0,42900.0
11001265,30067.0,99381.0,43799.0
11001266,30067.0,100214.0,43799.0
11001267,30067.0,99381.0,42000.0
11001268,30067.0,100214.0,42000.0
11001269,30067.0,99381.0,42900.0
11001270,30067.0,100214.0,42900.0
11001271,30067.0,105281.0,43799.0
11001272,30067.0,106214.0,43799.0
11001273,30067.0,105281.0,42000.0
11001274,30067.0,106214.0,42000.0
11001275,30067.0,105281.0,42900.0
11001276,30067.0,106214.0,42900.0
11001277,30067.0,102481.0,43799.0
11001278,30067.0,103414.0,43799.0
11001279,30067.0,102481.0,42000.0
11001280,30067.0,103414.0,42000.0
11001281,30067.0,102481.0,42900.0
11001282,30067.0,103414.0,42900.0
11001283,60347.0,101873.0,43600.0
11001284,60347.0,102698.0,43600.0
11001285,60347.0,103523.0,43600.0
11001286,60347.0,101873.0,41933.0
11001287,60347.0,102698.0,41933.0
11001288,60347.0,103523.0,41933.0
11001289,60347.0,101873.0,42766.0
11001290,60347.0,103523.0,42766.0
11001291,60347.0,102698.0,42766.0
11001292,63747.0,111328.0,43600.0
11001293,63747.0,112208.0,43600.0
11001294,63747.0,113088.0,43600.0
11001295,63747.0,113968.0,43600.0
11001296,63747.0,111328.0,41933.0
11001297,63747.0,112208.0,41933.0
11001298,63747.0,113088.0,41933.0
11001299,63747.0,113968.0,41933.0
11001300,63747.0,111328.0,42766.0
11001301,63747.0,113968.0,42766.0
11001302,63747.0,112208.0,42766.0
11001303,63747.0,113088.0,42766.0
11001304,61022.0,114848.0,43600.0
11001305,61697.0,114848.0,43600.0
11001306,61700.0,114848.0,44150.0
11001307,62197.0,114848.0,44150.0
11001308,62697.0,114848.0,44150.0
11001309,63194.0,114848.0,44150.0
11001310,63197.0,114848.0,43600.0
11001311,61022.0,114848.0,41933.0
11001312,61697.0,114848.0,41933.0
11001313,63197.0,114848.0,41933.0
11001314,61022.0,114848.0,42766.0
11001315,63197.0,114848.0,42766.0
11001316,62197.0,114848.0,43600.0
11001317,61697.0,114848.0,42766.0
11001318,62697.0,114848.0,43600.0
11001319,52947.0,104560.0,43799.0
11001320,52947.0,105423.0,43799.0
11001321,52947.0,106285.0,43799.0
11001322,52947.0,104560.0,42000.0
11001323,52947.0,105423.0,42000.0
11001324,52947.0,106285.0,42000.0
11001325,52947.0,104560.0,42900.0
11001326,52947.0,106285.0,42900.0
11001327,52947.0,105423.0,42900.0
11001328,53722.0,98548.0,43799.0
11001329,53722.0,98548.0,42000.0
11001330,53722.0,98548.0,42900.0
11001331,52947.0,99381.0,43799.0
11001332,52947.0,100214.0,43799.0
11001333,52947.0,99381.0,42000.0
11001334,52947.0,100214.0,42000.0
11001335,52947.0,99381.0,42900.0
11001336,52947.0,100214.0,42900.0
11001337,52947.0,101931.0,43799.0
11001338,52947.0,102814.0,43799.0
11001339,52947.0,101931.0,42000.0
11001340,52947.0,102814.0,42000.0
11001341,52947.0,101931.0,42900.0
11001342,52947.0,102814.0,42900.0
11001343,53397.0,101048.0,43799.0
11001344,53397.0,101048.0,42000.0
11001345,53397.0,101048.0,42900.0
11001346,53397.0,107148.0,43799.0
11001347,53397.0,107148.0,42000.0
11001348,53397.0,107148.0,42900.0
11001349,56347.0,111328.0,43799.0
11001350,56347.0,112208.0,43799.0
11001351,56347.0,113088.0,43799.0
11001352,56347.0,111328.0,42000.0
11001353,56347.0,112208.0,42000.0
11001354,56347.0,113088.0,42000.0
11001355,56347.0,111328.0,42900.0
11001356,56347.0,113088.0,42900.0
11001357,56347.0,112208.0,42900.0
11001358,52947.0,111128.0,43600.0
11001359,52947.0,112058.0,43600.0
11001360,52947.0,112988.0,43600.0
11001361,52947.0,113918.0,43600.0
11001362,52947.0,111128.0,41933.0
11001363,52947.0,112058.0,41933.0
11001364,52947.0,112988.0,41933.0
11001365,52947.0,113918.0,41933.0
11001366,52947.0,111128.0,42766.0
11001367,52947.0,113918.0,42766.0
11001368,52947.0,112058.0,42766.0
11001369,52947.0,112988.0,42766.0
11001370,53622.0,114848.0,43600.0
11001371,54297.0,114848.0,43600.0
11001372,54300.0,114848.0,44150.0
11001373,54797.0,114848.0,44150.0
11001374,55297.0,114848.0,44150.0
11001375,55794.0,114848.0,44150.0
11001376,55797.0,114848.0,43600.0
11001377,53622.0,114848.0,41933.0
11001378,54297.0,114848.0,41933.0
11001379,55797.0,114848.0,41933.0
11001380,53622.0,114848.0,42766.0
11001381,55797.0,114848.0,42766.0
11001382,54797.0,114848.0,43600.0
11001383,54297.0,114848.0,42766.0
11001384,55297.0,114848.0,43600.0
11001385,56347.0,106673.0,43799.0
11001386,56347.0,106673.0,42000.0
11001387,56347.0,106673.0,42900.0
11001388,56347.0,99381.0,43799.0
11001389,56347.0,100214.0,43799.0
11001390,56347.0,99381.0,42000.0
11001391,56347.0,100214.0,42000.0
11001392,56347.0,99381.0,42900.0
11001393,56347.0,100214.0,42900.0
11001394,63747.0,102064.0,43700.0
11001395,63747.0,103081.0,43700.0
11001396,63747.0,104098.0,43700.0
11001397,63747.0,105114.0,43700.0
11001398,63747.0,106131.0,43700.0
11001399,63747.0,102064.0,41966.0
11001400,63747.0,103081.0,41966.0
11001401,63747.0,104098.0,41966.0
11001402,63747.0,105114.0,41966.0
11001403,63747.0,106131.0,41966.0
11001404,63747.0,102064.0,42833.0
11001405,63747.0,106131.0,42833.0
11001406,63747.0,103081.0,42833.0
11001407,63747.0,104098.0,42833.0
11001408,63747.0,105114.0,42833.0
11001409,63747.0,99381.0,43600.0
11001410,63747.0,100214.0,43600.0
11001411,63747.0,99381.0,41933.0
11001412,63747.0,100214.0,41933.0
11001413,63747.0,99381.0,42766.0
11001414,63747.0,100214.0,42766.0
11001415,54680.0,101048.0,43799.0
11001416,55513.0,101048.0,43799.0
11001417,54680.0,101048.0,42000.0
11001418,55513.0,101048.0,42000.0
11001419,54680.0,101048.0,42900.0
11001420,55513.0,101048.0,42900.0
11001421,60822.0,98548.0,43600.0
11001422,61297.0,98548.0,43600.0
11001423,61300.0,98548.0,44150.0
11001424,61797.0,98548.0,44150.0
11001425,62297.0,98548.0,44150.0
11001426,62794.0,98548.0,44150.0
11001427,62797.0,98548.0,43600.0
11001428,63272.0,98548.0,43600.0
11001429,60822.0,98548.0,41933.0
11001430,61297.0,98548.0,41933.0
11001431,63272.0,98548.0,41933.0
11001432,62797.0,98548.0,41933.0
11001433,60822.0,98548.0,42766.0
11001434,63272.0,98548.0,42766.0
11001435,61797.0,98548.0,43600.0
11001436,61297.0,98548.0,42766.0
11001437,62297.0,98548.0,43600.0
11001438,62797.0,98548.0,42766.0
11001439,61197.0,101048.0,43600.0
11001440,62047.0,101048.0,43600.0
11001441,62897.0,101048.0,43600.0
11001442,61197.0,101048.0,41933.0
11001443,62047.0,101048.0,41933.0
11001444,62897.0,101048.0,41933.0
11001445,61197.0,101048.0,42766.0
11001446,62897.0,101048.0,42766.0
11001447,62047.0,101048.0,42766.0
11001448,111267.0,104698.0,43799.0
11001449,111267.0,105698.0,43799.0
11001450,111267.0,104698.0,42000.0
11001451,111267.0,105698.0,42000.0
11001452,111267.0,104698.0,42900.0
11001453,111267.0,105698.0,42900.0
11001454,108067.0,101048.0,43799.0
11001455,108067.0,101048.0,42000.0
11001456,108067.0,101048.0,42900.0
11001457,98867.0,114848.0,43799.0
11001458,98867.0,114848.0,42000.0
11001459,98867.0,114848.0,42900.0
11001460,108492.0,114848.0,43600.0
11001461,108495.0,114848.0,44150.0
11001462,108992.0,114848.0,44150.0
11001463,109492.0,114848.0,44150.0
11001464,109989.0,114848.0,44150.0
11001465,109992.0,114848.0,43600.0
11001466,108492.0,114848.0,41933.0
11001467,109992.0,114848.0,41933.0
11001468,108492.0,114848.0,42766.0
11001469,109992.0,114848.0,42766.0
11001470,108992.0,114848.0,43600.0
11001471,109492.0,114848.0,43600.0
11001472,107842.0,114848.0,43700.0
11001473,107842.0,114848.0,41966.0
11001474,107842.0,114848.0,42833.0
11001475,107467.0,114248.0,43700.0
11001476,107467.0,114248.0,41966.0
11001477,107467.0,114248.0,42833.0
11001478,111267.0,114248.0,43799.0
11001479,111267.0,114248.0,42000.0
11001480,111267.0,114248.0,42900.0
11001481,110767.0,114848.0,43700.0
11001482,110767.0,114848.0,41966.0
11001483,110767.0,114848.0,42833.0
11001484,110492.0,98548.0,43799.0
11001485,110492.0,98548.0,42000.0
11001486,110492.0,98548.0,42900.0
11001487,99067.0,98548.0,43799.0
11001488,100067.0,98548.0,43799.0
11001489,99067.0,98548.0,42000.0
11001490,100067.0,98548.0,42000.0
11001491,99067.0,98548.0,42900.0
11001492,100067.0,98548.0,42900.0
11001493,105733.0,98548.0,43799.0
11001494,106600.0,98548.0,43799.0
11001495,105733.0,98548.0,42000.0
11001496,106600.0,98548.0,42000.0
11001497,105733.0,98548.0,42900.0
11001498,106600.0,98548.0,42900.0
11001499,101067.0,99070.0,43799.0
11001500,101067.0,99070.0,42000.0
11001501,101067.0,99070.0,42900.0
11001502,104867.0,99070.0,43799.0
11001503,104867.0,99070.0,42000.0
11001504,104867.0,99070.0,42900.0
11001505,107467.0,99381.0,43799.0
11001506,107467.0,100214.0,43799.0
11001507,107467.0,99381.0,42000.0
11001508,107467.0,100214.0,42000.0
11001509,107467.0,99381.0,42900.0
11001510,107467.0,100214.0,42900.0
11001511,109517.0,101048.0,43799.0
11001512,109517.0,101048.0,42000.0
11001513,109517.0,101048.0,42900.0
11001514,110817.0,101048.0,43799.0
11001515,110817.0,101048.0,42000.0
11001516,110817.0,101048.0,42900.0
11001517,111267.0,99381.0,43799.0
11001518,111267.0,100214.0,43799.0
11001519,111267.0,99381.0,42000.0
11001520,111267.0,100214.0,42000.0
11001521,111267.0,99381.0,42900.0
11001522,111267.0,100214.0,42900.0
11001523,111267.0,101931.0,43799.0
11001524,111267.0,102814.0,43799.0
11001525,111267.0,101931.0,42000.0
11001526,111267.0,102814.0,42000.0
11001527,111267.0,101931.0,42900.0
11001528,111267.0,102814.0,42900.0
11001529,99067.0,107148.0,43799.0
11001530,100067.0,107148.0,43799.0
11001531,99067.0,107148.0,42000.0
11001532,100067.0,107148.0,42000.0
11001533,99067.0,107148.0,42900.0
11001534,100067.0,107148.0,42900.0
11001535,101067.0,106723.0,43799.0
11001536,101067.0,106723.0,42000.0
11001537,101067.0,106723.0,42900.0
11001538,104867.0,106723.0,43799.0
11001539,104867.0,106723.0,42000.0
11001540,104867.0,106723.0,42900.0
11001541,105733.0,107139.0,44099.0
11001542,106600.0,107131.0,44099.0
11001543,105733.0,107139.0,42000.0
11001544,106600.0,107131.0,42000.0
11001545,105733.0,107139.0,42900.0
11001546,106600.0,107131.0,42900.0
11001547,110817.0,107148.0,43799.0
11001548,110817.0,107148.0,42000.0
11001549,110817.0,107148.0,42900.0
11001550,104867.0,109345.0,43799.0
11001551,104867.0,109345.0,42000.0
11001552,104867.0,109345.0,42900.0
11001553,105733.0,108798.0,44099.0
11001554,106600.0,108798.0,44099.0
11001555,105733.0,108798.0,42000.0
11001556,106600.0,108798.0,42000.0
11001557,105733.0,108798.0,42900.0
11001558,106600.0,108798.0,42900.0
11001559,107467.0,109345.0,43799.0
11001560,107467.0,109345.0,42000.0
11001561,107467.0,109345.0,42900.0
11001562,98067.0,111448.0,44099.0
11001563,98067.0,112448.0,44099.0
11001564,98067.0,111448.0,42000.0
11001565,98067.0,112448.0,42000.0
11001566,98067.0,111448.0,42900.0
11001567,98067.0,112448.0,42900.0
11001568,100567.0,110448.0,43799.0
11001569,100567.0,110448.0,42000.0
11001570,100567.0,110448.0,42900.0
11001571,100367.0,113448.0,44099.0
11001572,100367.0,113448.0,42000.0
11001573,100367.0,113448.0,42900.0
11001574,101067.0,111448.0,43799.0
11001575,101067.0,112448.0,43799.0
11001576,101067.0,111448.0,42000.0
11001577,101067.0,112448.0,42000.0
11001578,101067.0,111448.0,42900.0
11001579,101067.0,112448.0,42900.0
11001580,98067.0,114148.0,43799.0
11001581,98067.0,114148.0,42000.0
11001582,98067.0,114148.0,42900.0
11001583,111267.0,111060.0,43799.0
11001584,111267.0,111923.0,43799.0
11001585,111267.0,112785.0,43799.0
11001586,111267.0,111060.0,42000.0
11001587,111267.0,111923.0,42000.0
11001588,111267.0,112785.0,42000.0
11001589,111267.0,111060.0,42900.0
11001590,111267.0,112785.0,42900.0
11001591,111267.0,111923.0,42900.0
11001592,100367.0,114848.0,43799.0
11001593,100367.0,114848.0,42000.0
11001594,100367.0,114848.0,42900.0
11001595,105733.0,114848.0,43799.0
11001596,106600.0,114848.0,43799.0
11001597,105733.0,114848.0,42000.0
11001598,106600.0,114848.0,42000.0
11001599,105733.0,114848.0,42900.0
11001600,106600.0,114848.0,42900.0
11001601,107467.0,106710.0,43799.0
11001602,107467.0,106710.0,42000.0
11001603,107467.0,106710.0,42900.0
11001604,98067.0,102481.0,43799.0
11001605,98067.0,103414.0,43799.0
11001606,98067.0,102481.0,42000.0
11001607,98067.0,103414.0,42000.0
11001608,98067.0,102481.0,42900.0
11001609,98067.0,103414.0,42900.0
11001610,98067.0,105281.0,43799.0
11001611,98067.0,106214.0,43799.0
11001612,98067.0,105281.0,42000.0
11001613,98067.0,106214.0,42000.0
11001614,98067.0,105281.0,42900.0
11001615,98067.0,106214.0,42900.0
11001616,104867.0,114248.0,43799.0
11001617,104867.0,114248.0,42000.0
11001618,104867.0,114248.0,42900.0
11001619,98067.0,99381.0,43799.0
11001620,98067.0,100214.0,43799.0
11001621,98067.0,100881.0,43799.0
11001622,98067.0,99381.0,42000.0
11001623,98067.0,100214.0,42000.0
11001624,98067.0,100881.0,42000.0
11001625,98067.0,99381.0,42900.0
11001626,98067.0,100881.0,42900.0
11001627,98067.0,100214.0,42900.0
11001628,61197.0,110448.0,43600.0
11001629,62047.0,110448.0,43600.0
11001630,62897.0,110448.0,43600.0
11001631,61197.0,110448.0,41933.0
11001632,62047.0,110448.0,41933.0
11001633,62897.0,110448.0,41933.0
11001634,61197.0,110448.0,42766.0
11001635,62897.0,110448.0,42766.0
11001636,62047.0,110448.0,42766.0
11001637,24217.0,113842.0,44699.0
11001638,24217.0,112888.0,44699.0
11001639,24217.0,111942.0,44699.0
11001640,24217.0,110977.0,44699.0
11001641,24217.0,109999.0,44699.0
11001642,24217.0,109011.0,44699.0
11001643,24217.0,108071.0,44699.0
11001644,25167.0,113929.0,44699.0
11001645,25167.0,113007.0,44699.0
11001646,25167.0,112066.0,44699.0
11001647,25167.0,111102.0,44699.0
11001648,25167.0,110119.0,44699.0
11001649,25167.0,109126.0,44699.0
11001650,25167.0,108135.0,44699.0
11001651,26117.0,114015.0,44699.0
11001652,26117.0,113157.0,44699.0
11001653,26117.0,112223.0,44699.0
11001654,26117.0,111253.0,44699.0
11001655,26117.0,110256.0,44699.0
11001656,26117.0,109228.0,44699.0
11001657,26117.0,108189.0,44699.0
11001658,27767.0,114148.0,44699.0
11001659,29267.0,114148.0,44699.0
11001660,17833.0,112807.0,44699.0
11001661,17803.0,111978.0,44699.0
11001662,17814.0,109560.0,44699.0
11001663,17803.0,110360.0,44699.0
11001664,17797.0,111175.0,44699.0
11001665,18747.0,110499.0,44699.0
11001666,18711.0,111308.0,44699.0
11001667,18758.0,109644.0,44699.0
11001668,18725.0,111989.0,44699.0
11001669,18796.0,112799.0,44699.0
11001670,19605.0,111720.0,44699.0
11001671,19687.0,110724.0,44699.0
11001672,19711.0,109759.0,44699.0
11001673,19736.0,112715.0,44699.0
11001674,17727.0,107952.0,44699.0
11001675,18522.0,107951.0,44699.0
11001676,19173.0,107945.0,44699.0
11001677,19928.0,107945.0,44699.0
11001678,21533.0,107964.0,44699.0
11001679,22400.0,107968.0,44699.0
11001680,24217.0,106235.0,44699.0
11001681,24217.0,105296.0,44699.0
11001682,25167.0,106224.0,44699.0
11001683,25167.0,105289.0,44699.0
11001684,26117.0,106235.0,44699.0
11001685,26117.0,105296.0,44699.0
11001686,17733.0,100214.0,44699.0
11001687,17704.0,99381.0,44699.0
11001688,18596.0,100214.0,44699.0
11001689,18559.0,99381.0,44699.0
11001690,24217.0,103414.0,44699.0
11001691,24217.0,102481.0,44699.0
11001692,25167.0,103414.0,44699.0
11001693,25167.0,102481.0,44699.0
11001694,26117.0,103414.0,44699.0
11001695,26117.0,102481.0,44699.0
11001696,24217.0,100556.0,44699.0
11001697,24217.0,99559.0,44699.0
11001698,25167.0,100552.0,44699.0
11001699,25167.0,99553.0,44699.0
11001700,26117.0,100556.0,44699.0
11001701,26117.0,99559.0,44699.0
11001702,53835.0,107943.0,44699.0
11001703,54736.0,107923.0,44699.0
11001704,55602.0,107903.0,44699.0
11001705,109538.0,100214.0,44699.0
11001706,109574.0,99381.0,44699.0
11001707,110401.0,100214.0,44699.0
11001708,110429.0,99381.0,44699.0
11001709,98867.0,114148.0,44699.0
11001710,100367.0,114148.0,44699.0
11001711,108372.0,112745.0,44699.0
11001712,108436.0,111814.0,44699.0
11001713,108445.0,109786.0,44699.0
11001714,108536.0,110807.0,44699.0
11001715,109424.0,111113.0,44699.0
11001716,109371.0,111930.0,44699.0
11001717,109425.0,110435.0,44699.0
11001718,109388.0,109627.0,44699.0
11001719,109326.0,112783.0,44699.0
11001720,110341.0,110329.0,44699.0
11001721,110337.0,111124.0,44699.0
11001722,110328.0,109547.0,44699.0
11001723,110293.0,112795.0,44699.0
11001724,110320.0,111948.0,44699.0
11001725,102017.0,100556.0,44699.0
11001726,102017.0,99559.0,44699.0
11001727,102967.0,100552.0,44699.0
11001728,102967.0,99553.0,44699.0
11001729,103917.0,100556.0,44699.0
11001730,103917.0,99559.0,44699.0
11001731,108205.0,107945.0,44699.0
11001732,108960.0,107945.0,44699.0
11001733,109611.0,107951.0,44699.0
11001734,110406.0,107952.0,44699.0
11001735,102017.0,106235.0,44699.0
11001736,102017.0,105296.0,44699.0
11001737,102967.0,106224.0,44699.0
11001738,102967.0,105289.0,44699.0
11001739,103917.0,106235.0,44699.0
11001740,103917.0,105296.0,44699.0
11001741,102017.0,114015.0,44699.0
11001742,102017.0,113157.0,44699.0
11001743,102017.0,112223.0,44699.0
11001744,102017.0,111253.0,44699.0
11001745,102017.0,110256.0,44699.0
11001746,102017.0,109228.0,44699.0
11001747,102017.0,108189.0,44699.0
11001748,102967.0,113929.0,44699.0
11001749,102967.0,113007.0,44699.0
11001750,102967.0,112066.0,44699.0
11001751,102967.0,111102.0,44699.0
11001752,102967.0,110119.0,44699.0
11001753,102967.0,109126.0,44699.0
11001754,102967.0,108135.0,44699.0
11001755,103917.0,113842.0,44699.0
11001756,103917.0,112888.0,44699.0
11001757,103917.0,111942.0,44699.0
11001758,103917.0,110977.0,44699.0
11001759,103917.0,109999.0,44699.0
11001760,103917.0,109011.0,44699.0
11001761,103917.0,108071.0,44699.0
11001762,102017.0,103414.0,44699.0
11001763,102017.0,102481.0,44699.0
11001764,102967.0,103414.0,44699.0
11001765,102967.0,102481.0,44699.0
11001766,103917.0,103414.0,44699.0
11001767,103917.0,102481.0,44699.0
11001768,105733.0,107968.0,44699.0
11001769,106600.0,107964.0,44699.0
12000001,23267.0,114848.0,48300.0
12000002,27067.0,114848.0,48300.0
12000003,20667.0,114848.0,48300.0
12000004,30067.0,114848.0,48300.0
12000005,27067.0,113448.0,48300.0
12000006,27067.0,110448.0,48300.0
12000007,30067.0,113448.0,48300.0
12000008,20667.0,111848.0,48300.0
12000009,20667.0,108798.0,48300.0
12000010,23267.0,111848.0,48300.0
12000011,16867.0,108748.0,48300.0
12000012,23267.0,108798.0,48300.0
12000013,16867.0,107148.0,48300.0
12000014,30067.0,107148.0,48300.0
12000015,23267.0,107148.0,48300.0
12000016,20667.0,107123.0,48300.0
12000017,27067.0,107148.0,48300.0
12000018,16867.0,101048.0,48300.0
12000019,17767.0,107148.0,48300.0
12000020,17767.0,101048.0,48300.0
12000021,20667.0,104348.0,48300.0
12000022,23267.0,104348.0,48300.0
12000023,27067.0,104348.0,48300.0
12000024,20667.0,101548.0,48300.0
12000025,20667.0,101048.0,48300.0
12000026,23267.0,101548.0,48300.0
12000027,27067.0,101548.0,48300.0
12000028,20667.0,98548.0,48300.0
12000029,23267.0,98548.0,48300.0
12000030,27067.0,98548.0,48300.0
12000031,16867.0,110198.0,48300.0
12000032,30067.0,110448.0,48300.0
12000033,23267.0,109893.0,48300.0
12000034,28067.0,110448.0,48300.0
12000035,23267.0,106298.0,48300.0
12000036,27067.0,106298.0,48300.0
12000037,20167.0,107098.0,48300.0
12000038,23267.0,99593.0,48300.0
12000039,27067.0,99593.0,48300.0
12000040,18417.0,98548.0,48300.0
12000041,20667.0,113648.0,48300.0
12000042,16867.0,113648.0,48300.0
12000043,19917.0,113648.0,48300.0
12000044,19917.0,114848.0,48300.0
12000045,17867.0,113648.0,48300.0
12000046,17867.0,114848.0,48300.0
12000047,28467.0,113448.0,48300.0
12000048,28467.0,114848.0,48300.0
12000049,19467.0,98548.0,48300.0
12000050,19467.0,101048.0,48300.0
12000051,17767.0,103698.0,48300.0
12000052,16867.0,103698.0,48300.0
12000053,20667.0,106298.0,48300.0
12000054,23267.0,113648.0,48300.0
12000055,20667.0,109893.0,48300.0
12000056,4867.0,114848.0,48300.0
12000057,4867.0,106698.0,48300.0
12000058,4867.0,98548.0,48300.0
12000059,4867.0,87098.0,48300.0
12000060,4867.0,126298.0,48300.0
12000061,9467.0,126348.0,48300.0
12000062,13067.0,126348.0,48300.0
12000063,124067.0,114848.0,48300.0
12000064,124067.0,106698.0,48300.0
12000065,124067.0,98548.0,48300.0
12000066,124067.0,87098.0,48300.0
12000067,124067.0,126298.0,48300.0
12000068,30067.0,98548.0,48300.0
12000069,30067.0,101048.0,48300.0
12000070,30067.0,104348.0,48300.0
12000071,30067.0,101548.0,48300.0
12000072,13067.0,87048.0,48300.0
12000073,9467.0,87048.0,48300.0
12000074,63747.0,110448.0,48300.0
12000075,60347.0,101048.0,48300.0
12000076,60347.0,107048.0,48300.0
12000077,63747.0,107148.0,48300.0
12000078,52947.0,114848.0,48300.0
12000079,56347.0,108748.0,48300.0
12000080,52947.0,103698.0,48300.0
12000081,53847.0,103698.0,48300.0
12000082,54497.0,98548.0,48300.0
12000083,56347.0,110448.0,48300.0
12000084,52947.0,110198.0,48300.0
12000085,56347.0,113448.0,48300.0
12000086,52947.0,101048.0,48300.0
12000087,53847.0,101048.0,48300.0
12000088,53847.0,107148.0,48300.0
12000089,52947.0,107148.0,48300.0
12000090,56347.0,107048.0,48300.0
12000091,52947.0,108748.0,48300.0
12000092,56347.0,101548.0,48300.0
12000093,55947.0,107048.0,48300.0
12000094,56347.0,106298.0,48300.0
12000095,60347.0,110448.0,48300.0
12000096,56347.0,104348.0,48300.0
12000097,56347.0,101048.0,48300.0
12000098,63747.0,101048.0,48300.0
12000099,52947.0,98548.0,48300.0
12000100,60347.0,104348.0,48300.0
12000101,119800.0,87048.0,48300.0
12000102,115533.0,87048.0,48300.0
12000103,111267.0,103698.0,48300.0
12000104,110367.0,103698.0,48300.0
12000105,108667.0,101048.0,48300.0
12000106,108667.0,98548.0,48300.0
12000107,99667.0,114848.0,48300.0
12000108,99667.0,113448.0,48300.0
12000109,110267.0,114848.0,48300.0
12000110,110267.0,113648.0,48300.0
12000111,108217.0,114848.0,48300.0
12000112,108217.0,113648.0,48300.0
12000113,111267.0,113648.0,48300.0
12000114,107467.0,113648.0,48300.0
12000115,109717.0,98548.0,48300.0
12000116,101067.0,99593.0,48300.0
12000117,104867.0,99593.0,48300.0
12000118,107967.0,107098.0,48300.0
12000119,101067.0,106298.0,48300.0
12000120,104867.0,106298.0,48300.0
12000121,100067.0,110448.0,48300.0
12000122,104867.0,109893.0,48300.0
12000123,98067.0,110448.0,48300.0
12000124,111267.0,110198.0,48300.0
12000125,101067.0,98548.0,48300.0
12000126,104867.0,98548.0,48300.0
12000127,107467.0,98548.0,48300.0
12000128,101067.0,101548.0,48300.0
12000129,104867.0,101548.0,48300.0
12000130,107467.0,101048.0,48300.0
12000131,107467.0,101548.0,48300.0
12000132,101067.0,104348.0,48300.0
12000133,104867.0,104348.0,48300.0
12000134,107467.0,104348.0,48300.0
12000135,110367.0,101048.0,48300.0
12000136,110367.0,107148.0,48300.0
12000137,111267.0,101048.0,48300.0
12000138,101067.0,107148.0,48300.0
12000139,107467.0,107123.0,48300.0
12000140,104867.0,107148.0,48300.0
12000141,98067.0,107148.0,48300.0
12000142,111267.0,107148.0,48300.0
12000143,104867.0,108798.0,48300.0
12000144,111267.0,108748.0,48300.0
12000145,104867.0,111848.0,48300.0
12000146,107467.0,108798.0,48300.0
12000147,107467.0,111848.0,48300.0
12000148,98067.0,113448.0,48300.0
12000149,101067.0,110448.0,48300.0
12000150,101067.0,113448.0,48300.0
12000151,98067.0,114848.0,48300.0
12000152,107467.0,114848.0,48300.0
12000153,101067.0,114848.0,48300.0
12000154,104867.0,114848.0,48300.0
12000155,107467.0,106298.0,48300.0
12000156,98067.0,101548.0,48300.0
12000157,98067.0,104348.0,48300.0
12000158,107467.0,109893.0,48300.0
12000159,104867.0,113648.0,48300.0
12000160,98067.0,98548.0,48300.0
12000161,63747.0,98548.0,48300.0
12000162,56347.0,98548.0,48300.0
12000163,56347.0,114848.0,48300.0
12000164,63747.0,114848.0,48300.0
12000165,60347.0,114848.0,48300.0
12000166,60347.0,98548.0,48300.0
12000167,30067.0,87098.0,48300.0
12000168,30067.0,126298.0,48300.0
12000169,16867.0,98548.0,48300.0
12000170,16867.0,114848.0,48300.0
12000171,16867.0,106698.0,48300.0
12000172,16867.0,87098.0,48300.0
12000173,16867.0,126298.0,48300.0
12000174,111267.0,87098.0,48300.0
12000175,111267.0,126298.0,48300.0
12000176,98067.0,126298.0,48300.0
12000177,111267.0,98548.0,48300.0
12000178,98067.0,87098.0,48300.0
12000179,111267.0,106698.0,48300.0
12000180,111267.0,114848.0,48300.0
12000181,41507.0,126298.0,48300.0
12000182,41507.0,87098.0,48300.0
12000183,52947.0,87098.0,48300.0
12000184,52947.0,126298.0,48300.0
12000185,75187.0,87098.0,48300.0
12000186,75187.0,126298.0,48300.0
12000187,86627.0,126298.0,48300.0
12000188,86627.0,87098.0,48300.0
12000189,58347.0,98548.0,48300.0
12000190,58347.0,87048.0,48300.0
12000191,58322.0,126348.0,48300.0
12000192,58322.0,114848.0,48300.0
12000193,119800.0,126348.0,48300.0
12000194,115533.0,126348.0,48300.0
12000195,107467.0,126348.0,48300.0
12000196,107467.0,87048.0,48300.0
12000197,102967.0,98548.0,48300.0
12000198,102967.0,87048.0,48300.0
12000199,102967.0,114848.0,48300.0
12000200,102967.0,126348.0,48300.0
12000201,92347.0,126348.0,48300.0
12000202,92347.0,87048.0,48300.0
12000203,80907.0,126348.0,48300.0
12000204,69467.0,126348.0,48300.0
12000205,69467.0,87048.0,48300.0
12000206,47227.0,126348.0,48300.0
12000207,47227.0,87048.0,48300.0
12000208,35787.0,126348.0,48300.0
12000209,35787.0,87048.0,48300.0
12000210,25167.0,98548.0,48300.0
12000211,25167.0,87048.0,48300.0
12000212,20667.0,87048.0,48300.0
12000213,25167.0,114848.0,48300.0
12000214,25167.0,126348.0,48300.0
12000215,20667.0,126348.0,48300.0
12000216,30067.0,106698.0,48300.0
12000217,52947.0,106698.0,48300.0
12000218,63747.0,106698.0,48300.0
12000219,98067.0,106698.0,48300.0
12000220,119800.0,106698.0,48300.0
12000221,115533.0,106698.0,48300.0
12000222,47227.0,106698.0,48300.0
12000223,35787.0,106698.0,48300.0
12000224,41507.0,106698.0,48300.0
12000225,13067.0,106698.0,48300.0
12000226,9467.0,106698.0,48300.0
12000227,119800.0,98548.0,48300.0
12000228,115533.0,98548.0,48300.0
12000229,47227.0,98548.0,48300.0
12000230,35787.0,98548.0,48300.0
12000231,41507.0,98548.0,48300.0
12000232,13067.0,98548.0,48300.0
12000233,9467.0,98548.0,48300.0
12000234,119800.0,114848.0,48300.0
12000235,115533.0,114848.0,48300.0
12000236,47227.0,114848.0,48300.0
12000237,35787.0,114848.0,48300.0
12000238,41507.0,114848.0,48300.0
12000239,13067.0,114848.0,48300.0
12000240,9467.0,114848.0,48300.0
12000241,63747.0,126298.0,48300.0
12000242,63747.0,87098.0,48300.0
12000243,92347.0,98548.0,48300.0
12000244,92347.0,107148.0,48300.0
12000245,92347.0,114848.0,48300.0
12000246,69467.0,98548.0,48300.0
12000247,69467.0,107148.0,48300.0
12000248,69467.0,114848.0,48300.0
12000249,75187.0,98548.0,48300.0
12000250,75187.0,107148.0,48300.0
12000251,75187.0,114848.0,48300.0
12000252,86627.0,98548.0,48300.0
12000253,86627.0,107148.0,48300.0
12000254,86627.0,114848.0,48300.0
12000255,80907.0,98548.0,48300.0
12000256,80907.0,107148.0,48300.0
12000257,80907.0,114848.0,48300.0
12000258,80907.0,87048.0,48300.0
12000259,27067.0,113448.0,47700.0
12000260,27067.0,114848.0,47700.0
12000261,20667.0,107123.0,47700.0
12000262,20667.0,108798.0,47700.0
12000263,28067.0,110448.0,47700.0
12000264,30067.0,110448.0,47700.0
12000265,23267.0,107148.0,47700.0
12000266,23267.0,108798.0,47700.0
12000267,17767.0,107148.0,47600.0
12000268,20167.0,107098.0,47600.0
12000269,18417.0,98548.0,47550.0
12000270,19467.0,98548.0,47550.0
12000271,28467.0,113448.0,47700.0
12000272,30067.0,113448.0,47700.0
12000273,20667.0,98548.0,47550.0
12000274,56347.0,113448.0,47600.0
12000275,56347.0,114848.0,47600.0
12000276,53847.0,107148.0,47600.0
12000277,55947.0,107048.0,47600.0
12000278,54497.0,98548.0,47550.0
12000279,56347.0,98548.0,47550.0
12000280,107467.0,98548.0,47550.0
12000281,108667.0,98548.0,47550.0
12000282,98067.0,113448.0,47700.0
12000283,99667.0,113448.0,47700.0
12000284,107967.0,107098.0,47600.0
12000285,110367.0,107148.0,47600.0
12000286,104867.0,107148.0,47700.0
12000287,104867.0,108798.0,47700.0
12000288,107467.0,107123.0,47700.0
12000289,107467.0,108798.0,47700.0
12000290,101067.0,113448.0,47700.0
12000291,101067.0,114848.0,47700.0
12000292,98067.0,110448.0,47700.0
12000293,100067.0,110448.0,47700.0
12000294,109717.0,98548.0,47550.0
12000295,17367.0,114848.0,48300.0
12000296,21533.0,114848.0,48300.0
12000297,22400.0,114848.0,48300.0
12000298,27767.0,114848.0,48300.0
12000299,16867.0,111060.0,48300.0
12000300,16867.0,111923.0,48300.0
12000301,16867.0,112785.0,48300.0
12000302,27067.0,113798.0,48300.0
12000303,27067.0,114148.0,48300.0
12000304,27067.0,114498.0,48300.0
12000305,30067.0,114148.0,48300.0
12000306,27067.0,111448.0,48300.0
12000307,27067.0,112448.0,48300.0
12000308,27767.0,113448.0,48300.0
12000309,27567.0,110448.0,48300.0
12000310,30067.0,111448.0,48300.0
12000311,30067.0,112448.0,48300.0
12000312,20667.0,109345.0,48300.0
12000313,20667.0,107541.0,48300.0
12000314,20667.0,107960.0,48300.0
12000315,20667.0,108379.0,48300.0
12000316,21533.0,108798.0,48300.0
12000317,22400.0,108798.0,48300.0
12000318,23267.0,109345.0,48300.0
12000319,28567.0,110448.0,48300.0
12000320,29067.0,110448.0,48300.0
12000321,29567.0,110448.0,48300.0
12000322,23267.0,107560.0,48300.0
12000323,23267.0,107973.0,48300.0
12000324,23267.0,108385.0,48300.0
12000325,17317.0,107148.0,48300.0
12000326,21533.0,107131.0,48300.0
12000327,22400.0,107139.0,48300.0
12000328,23267.0,106723.0,48300.0
12000329,27067.0,106723.0,48300.0
12000330,28067.0,107148.0,48300.0
12000331,29067.0,107148.0,48300.0
12000332,16867.0,101931.0,48300.0
12000333,16867.0,102814.0,48300.0
12000334,16867.0,99381.0,48300.0
12000335,16867.0,100214.0,48300.0
12000336,17317.0,101048.0,48300.0
12000337,18167.0,107139.0,48300.0
12000338,18567.0,107131.0,48300.0
12000339,18967.0,107123.0,48300.0
12000340,19367.0,107114.0,48300.0
12000341,19767.0,107106.0,48300.0
12000342,18617.0,101048.0,48300.0
12000343,20667.0,99381.0,48300.0
12000344,20667.0,100214.0,48300.0
12000345,17642.0,98548.0,48300.0
12000346,18942.0,98548.0,48300.0
12000347,21533.0,98548.0,48300.0
12000348,22400.0,98548.0,48300.0
12000349,23267.0,99070.0,48300.0
12000350,27067.0,99070.0,48300.0
12000351,28067.0,98548.0,48300.0
12000352,29067.0,98548.0,48300.0
12000353,16867.0,114248.0,48300.0
12000354,20667.0,114248.0,48300.0
12000355,20292.0,114848.0,48300.0
12000356,18142.0,114848.0,48300.0
12000357,18642.0,114848.0,48300.0
12000358,19142.0,114848.0,48300.0
12000359,19642.0,114848.0,48300.0
12000360,29267.0,114848.0,48300.0
12000361,28867.0,113448.0,48300.0
12000362,29267.0,113448.0,48300.0
12000363,29667.0,113448.0,48300.0
12000364,20067.0,101048.0,48300.0
12000365,20067.0,98548.0,48300.0
12000366,16867.0,104698.0,48300.0
12000367,16867.0,105698.0,48300.0
12000368,20667.0,106710.0,48300.0
12000369,23267.0,114248.0,48300.0
12000370,30067.0,99381.0,48300.0
12000371,30067.0,100214.0,48300.0
12000372,30067.0,105281.0,48300.0
12000373,30067.0,106214.0,48300.0
12000374,30067.0,102481.0,48300.0
12000375,30067.0,103414.0,48300.0
12000376,60347.0,101873.0,48300.0
12000377,60347.0,102698.0,48300.0
12000378,60347.0,103523.0,48300.0
12000379,63747.0,111328.0,48300.0
12000380,63747.0,112208.0,48300.0
12000381,63747.0,113088.0,48300.0
12000382,63747.0,113968.0,48300.0
12000383,61022.0,114848.0,48300.0
12000384,61697.0,114848.0,48300.0
12000385,62197.0,114848.0,48300.0
12000386,62697.0,114848.0,48300.0
12000387,63197.0,114848.0,48300.0
12000388,52947.0,104560.0,48300.0
12000389,52947.0,105423.0,48300.0
12000390,52947.0,106285.0,48300.0
12000391,53722.0,98548.0,48300.0
12000392,52947.0,99381.0,48300.0
12000393,52947.0,100214.0,48300.0
12000394,52947.0,101931.0,48300.0
12000395,52947.0,102814.0,48300.0
12000396,53397.0,101048.0,48300.0
12000397,53397.0,107148.0,48300.0
12000398,56347.0,111328.0,48300.0
12000399,56347.0,112208.0,48300.0
12000400,56347.0,113088.0,48300.0
12000401,56347.0,113798.0,48300.0
12000402,56347.0,114148.0,48300.0
12000403,56347.0,114498.0,48300.0
12000404,52947.0,111128.0,48300.0
12000405,52947.0,112058.0,48300.0
12000406,52947.0,112988.0,48300.0
12000407,52947.0,113918.0,48300.0
12000408,53622.0,114848.0,48300.0
12000409,54297.0,114848.0,48300.0
12000410,54797.0,114848.0,48300.0
12000411,55297.0,114848.0,48300.0
12000412,55797.0,114848.0,48300.0
12000413,54372.0,107123.0,48300.0
12000414,54897.0,107098.0,48300.0
12000415,55422.0,107073.0,48300.0
12000416,56347.0,106673.0,48300.0
12000417,56347.0,99381.0,48300.0
12000418,56347.0,100214.0,48300.0
12000419,54959.0,98548.0,48300.0
12000420,55422.0,98548.0,48300.0
12000421,55884.0,98548.0,48300.0
12000422,63747.0,102064.0,48300.0
12000423,63747.0,103081.0,48300.0
12000424,63747.0,104098.0,48300.0
12000425,63747.0,105114.0,48300.0
12000426,63747.0,106131.0,48300.0
12000427,63747.0,99381.0,48300.0
12000428,63747.0,100214.0,48300.0
12000429,54680.0,101048.0,48300.0
12000430,55513.0,101048.0,48300.0
12000431,60822.0,98548.0,48300.0
12000432,61297.0,98548.0,48300.0
12000433,61797.0,98548.0,48300.0
12000434,62297.0,98548.0,48300.0
12000435,62797.0,98548.0,48300.0
12000436,63272.0,98548.0,48300.0
12000437,61197.0,101048.0,48300.0
12000438,62047.0,101048.0,48300.0
12000439,62897.0,101048.0,48300.0
12000440,111267.0,104698.0,48300.0
12000441,111267.0,105698.0,48300.0
12000442,108067.0,98548.0,48300.0
12000443,108067.0,101048.0,48300.0
12000444,98467.0,113448.0,48300.0
12000445,98867.0,113448.0,48300.0
12000446,99267.0,113448.0,48300.0
12000447,98867.0,114848.0,48300.0
12000448,108492.0,114848.0,48300.0
12000449,108992.0,114848.0,48300.0
12000450,109492.0,114848.0,48300.0
12000451,109992.0,114848.0,48300.0
12000452,107842.0,114848.0,48300.0
12000453,107467.0,114248.0,48300.0
12000454,111267.0,114248.0,48300.0
12000455,110767.0,114848.0,48300.0
12000456,110492.0,98548.0,48300.0
12000457,99067.0,98548.0,48300.0
12000458,100067.0,98548.0,48300.0
12000459,105733.0,98548.0,48300.0
12000460,106600.0,98548.0,48300.0
12000461,101067.0,99070.0,48300.0
12000462,104867.0,99070.0,48300.0
12000463,107467.0,99381.0,48300.0
12000464,107467.0,100214.0,48300.0
12000465,109517.0,101048.0,48300.0
12000466,108367.0,107106.0,48300.0
12000467,108767.0,107114.0,48300.0
12000468,109167.0,107123.0,48300.0
12000469,109567.0,107131.0,48300.0
12000470,109967.0,107139.0,48300.0
12000471,110817.0,101048.0,48300.0
12000472,111267.0,99381.0,48300.0
12000473,111267.0,100214.0,48300.0
12000474,111267.0,101931.0,48300.0
12000475,111267.0,102814.0,48300.0
12000476,99067.0,107148.0,48300.0
12000477,100067.0,107148.0,48300.0
12000478,101067.0,106723.0,48300.0
12000479,104867.0,106723.0,48300.0
12000480,105733.0,107139.0,48300.0
12000481,106600.0,107131.0,48300.0
12000482,110817.0,107148.0,48300.0
12000483,104867.0,107560.0,48300.0
12000484,104867.0,107973.0,48300.0
12000485,104867.0,108385.0,48300.0
12000486,104867.0,109345.0,48300.0
12000487,105733.0,108798.0,48300.0
12000488,106600.0,108798.0,48300.0
12000489,107467.0,107541.0,48300.0
12000490,107467.0,107960.0,48300.0
12000491,107467.0,108379.0,48300.0
12000492,107467.0,109345.0,48300.0
12000493,98067.0,111448.0,48300.0
12000494,98067.0,112448.0,48300.0
12000495,100567.0,110448.0,48300.0
12000496,100367.0,113448.0,48300.0
12000497,101067.0,111448.0,48300.0
12000498,101067.0,112448.0,48300.0
12000499,98067.0,114148.0,48300.0
12000500,101067.0,113798.0,48300.0
12000501,101067.0,114148.0,48300.0
12000502,101067.0,114498.0,48300.0
12000503,111267.0,111060.0,48300.0
12000504,111267.0,111923.0,48300.0
12000505,111267.0,112785.0,48300.0
12000506,100367.0,114848.0,48300.0
12000507,105733.0,114848.0,48300.0
12000508,106600.0,114848.0,48300.0
12000509,107467.0,106710.0,48300.0
12000510,98067.0,102481.0,48300.0
12000511,98067.0,103414.0,48300.0
12000512,98067.0,105281.0,48300.0
12000513,98067.0,106214.0,48300.0
12000514,104867.0,114248.0,48300.0
12000515,98067.0,99381.0,48300.0
12000516,98067.0,100214.0,48300.0
12000517,98067.0,100881.0,48300.0
12000518,98567.0,110448.0,48300.0
12000519,99067.0,110448.0,48300.0
12000520,99567.0,110448.0,48300.0
12000521,109192.0,98548.0,48300.0
12000522,61197.0,110448.0,48300.0
12000523,62047.0,110448.0,48300.0
12000524,62897.0,110448.0,48300.0
12000525,16867.0,114848.0,47199.0
12000526,16867.0,114848.0,46366.0
12000527,16867.0,114848.0,45533.0
12000528,17867.0,114848.0,47199.0
12000529,17867.0,114848.0,46366.0
12000530,17867.0,114848.0,45533.0
12000531,20667.0,114848.0,47199.0
12000532,20667.0,114848.0,46366.0
12000533,20667.0,114848.0,45533.0
12000534,23267.0,114848.0,47299.0
12000535,23267.0,114848.0,46433.0
12000536,23267.0,114848.0,45566.0
12000537,28467.0,114848.0,47400.0
12000538,28467.0,114848.0,46500.0
12000539,28467.0,114848.0,45599.0
12000540,27067.0,110448.0,47400.0
12000541,27067.0,110448.0,46500.0
12000542,27067.0,110448.0,45599.0
12000543,20667.0,109893.0,47400.0
12000544,20667.0,109893.0,46500.0
12000545,20667.0,109893.0,45599.0
12000546,16867.0,110198.0,47199.0
12000547,16867.0,110198.0,46366.0
12000548,16867.0,110198.0,45533.0
12000549,16867.0,113648.0,47199.0
12000550,16867.0,113648.0,46366.0
12000551,16867.0,113648.0,45533.0
12000552,23267.0,109893.0,47400.0
12000553,23267.0,109893.0,46500.0
12000554,23267.0,109893.0,45599.0
12000555,16867.0,106698.0,47400.0
12000556,16867.0,106698.0,46500.0
12000557,16867.0,106698.0,45599.0
12000558,16867.0,107148.0,47400.0
12000559,16867.0,107148.0,46500.0
12000560,16867.0,107148.0,45599.0
12000561,23267.0,106298.0,47400.0
12000562,23267.0,106298.0,46500.0
12000563,23267.0,106298.0,45599.0
12000564,27067.0,106298.0,47400.0
12000565,27067.0,106298.0,46500.0
12000566,27067.0,106298.0,45599.0
12000567,27067.0,107148.0,47400.0
12000568,27067.0,107148.0,46500.0
12000569,27067.0,107148.0,45599.0
12000570,16867.0,101048.0,47400.0
12000571,16867.0,101048.0,46500.0
12000572,16867.0,101048.0,45599.0
12000573,16867.0,103698.0,47400.0
12000574,16867.0,103698.0,46500.0
12000575,16867.0,103698.0,45599.0
12000576,16867.0,98548.0,47400.0
12000577,16867.0,98548.0,46500.0
12000578,16867.0,98548.0,45599.0
12000579,17767.0,101048.0,47400.0
12000580,17767.0,101048.0,46500.0
12000581,17767.0,101048.0,45599.0
12000582,19467.0,101048.0,47400.0
12000583,19467.0,101048.0,46500.0
12000584,19467.0,101048.0,45599.0
12000585,20667.0,101048.0,47400.0
12000586,20667.0,101048.0,46500.0
12000587,20667.0,101048.0,45599.0
12000588,23267.0,98548.0,47400.0
12000589,23267.0,98548.0,46500.0
12000590,23267.0,98548.0,45599.0
12000591,23267.0,99593.0,47400.0
12000592,23267.0,99593.0,46500.0
12000593,23267.0,99593.0,45599.0
12000594,27067.0,98548.0,47400.0
12000595,27067.0,98548.0,46500.0
12000596,27067.0,98548.0,45599.0
12000597,27067.0,99593.0,47400.0
12000598,27067.0,99593.0,46500.0
12000599,27067.0,99593.0,45599.0
12000600,30067.0,98548.0,47400.0
12000601,30067.0,98548.0,46500.0
12000602,30067.0,98548.0,45599.0
12000603,19917.0,114848.0,47199.0
12000604,19917.0,114848.0,46366.0
12000605,19917.0,114848.0,45533.0
12000606,30067.0,114848.0,47400.0
12000607,30067.0,114848.0,46500.0
12000608,30067.0,114848.0,45599.0
12000609,20667.0,106298.0,47400.0
12000610,20667.0,106298.0,46500.0
12000611,20667.0,106298.0,45599.0
12000612,20667.0,113648.0,47199.0
12000613,20667.0,113648.0,46366.0
12000614,20667.0,113648.0,45533.0
12000615,23267.0,113648.0,47400.0
12000616,23267.0,113648.0,46500.0
12000617,23267.0,113648.0,45599.0
12000618,20667.0,101548.0,47400.0
12000619,20667.0,101548.0,46500.0
12000620,20667.0,101548.0,45599.0
12000621,30067.0,101048.0,47400.0
12000622,30067.0,101048.0,46500.0
12000623,30067.0,101048.0,45599.0
12000624,30067.0,101548.0,47400.0
12000625,30067.0,101548.0,46500.0
12000626,30067.0,101548.0,45599.0
12000627,30067.0,107148.0,47400.0
12000628,30067.0,107148.0,46500.0
12000629,30067.0,107148.0,45599.0
12000630,30067.0,104348.0,47400.0
12000631,30067.0,104348.0,46500.0
12000632,30067.0,104348.0,45599.0
12000633,30067.0,106698.0,47400.0
12000634,30067.0,106698.0,46500.0
12000635,30067.0,106698.0,45599.0
12000636,60347.0,101048.0,47199.0
12000637,60347.0,101048.0,46366.0
12000638,60347.0,101048.0,45533.0
12000639,60347.0,104348.0,47199.0
12000640,60347.0,104348.0,46366.0
12000641,60347.0,104348.0,45533.0
12000642,63747.0,110448.0,47199.0
12000643,63747.0,110448.0,46366.0
12000644,63747.0,110448.0,45533.0
12000645,63747.0,114848.0,47199.0
12000646,63747.0,114848.0,46366.0
12000647,63747.0,114848.0,45533.0
12000648,60347.0,114848.0,47199.0
12000649,60347.0,114848.0,46366.0
12000650,60347.0,114848.0,45533.0
12000651,52947.0,103698.0,47400.0
12000652,52947.0,103698.0,46500.0
12000653,52947.0,103698.0,45599.0
12000654,52947.0,106698.0,47400.0
12000655,52947.0,106698.0,46500.0
12000656,52947.0,106698.0,45599.0
12000657,52947.0,98548.0,47400.0
12000658,52947.0,98548.0,46500.0
12000659,52947.0,98548.0,45599.0
12000660,52947.0,101048.0,47400.0
12000661,52947.0,101048.0,46500.0
12000662,52947.0,101048.0,45599.0
12000663,53847.0,101048.0,47400.0
12000664,53847.0,101048.0,46500.0
12000665,53847.0,101048.0,45599.0
12000666,52947.0,107148.0,47400.0
12000667,52947.0,107148.0,46500.0
12000668,52947.0,107148.0,45599.0
12000669,56347.0,107048.0,47400.0
12000670,56347.0,107048.0,46500.0
12000671,56347.0,107048.0,45599.0
12000672,56347.0,110448.0,47400.0
12000673,56347.0,110448.0,46500.0
12000674,56347.0,110448.0,45599.0
12000675,52947.0,110198.0,47199.0
12000676,52947.0,110198.0,46366.0
12000677,52947.0,110198.0,45533.0
12000678,52947.0,114848.0,47199.0
12000679,52947.0,114848.0,46366.0
12000680,52947.0,114848.0,45533.0
12000681,56347.0,106298.0,47400.0
12000682,56347.0,106298.0,46500.0
12000683,56347.0,106298.0,45599.0
12000684,56347.0,101048.0,47400.0
12000685,56347.0,101048.0,46500.0
12000686,56347.0,101048.0,45599.0
12000687,56347.0,101548.0,47400.0
12000688,56347.0,101548.0,46500.0
12000689,56347.0,101548.0,45599.0
12000690,63747.0,101048.0,47199.0
12000691,63747.0,101048.0,46366.0
12000692,63747.0,101048.0,45533.0
12000693,63747.0,106698.0,47299.0
12000694,63747.0,106698.0,46433.0
12000695,63747.0,106698.0,45566.0
12000696,63747.0,98548.0,47199.0
12000697,63747.0,98548.0,46366.0
12000698,63747.0,98548.0,45533.0
12000699,60347.0,98548.0,47199.0
12000700,60347.0,98548.0,46366.0
12000701,60347.0,98548.0,45533.0
12000702,111267.0,103698.0,47400.0
12000703,111267.0,103698.0,46500.0
12000704,111267.0,103698.0,45599.0
12000705,111267.0,106698.0,47400.0
12000706,111267.0,106698.0,46500.0
12000707,111267.0,106698.0,45599.0
12000708,107467.0,101048.0,47400.0
12000709,107467.0,101048.0,46500.0
12000710,107467.0,101048.0,45599.0
12000711,108667.0,101048.0,47400.0
12000712,108667.0,101048.0,46500.0
12000713,108667.0,101048.0,45599.0
12000714,98067.0,114848.0,47400.0
12000715,98067.0,114848.0,46500.0
12000716,98067.0,114848.0,45599.0
12000717,99667.0,114848.0,47400.0
12000718,99667.0,114848.0,46500.0
12000719,99667.0,114848.0,45599.0
12000720,108217.0,114848.0,47199.0
12000721,108217.0,114848.0,46366.0
12000722,108217.0,114848.0,45533.0
12000723,110267.0,114848.0,47199.0
12000724,110267.0,114848.0,46366.0
12000725,110267.0,114848.0,45533.0
12000726,107467.0,114848.0,47299.0
12000727,107467.0,114848.0,46433.0
12000728,107467.0,114848.0,45566.0
12000729,107467.0,113648.0,47199.0
12000730,107467.0,113648.0,46366.0
12000731,107467.0,113648.0,45533.0
12000732,111267.0,113648.0,47400.0
12000733,111267.0,113648.0,46500.0
12000734,111267.0,113648.0,45599.0
12000735,111267.0,114848.0,47299.0
12000736,111267.0,114848.0,46433.0
12000737,111267.0,114848.0,45566.0
12000738,111267.0,98548.0,47400.0
12000739,111267.0,98548.0,46500.0
12000740,111267.0,98548.0,45599.0
12000741,98067.0,98548.0,47400.0
12000742,98067.0,98548.0,46500.0
12000743,98067.0,98548.0,45599.0
12000744,101067.0,98548.0,47400.0
12000745,101067.0,98548.0,46500.0
12000746,101067.0,98548.0,45599.0
12000747,104867.0,98548.0,47400.0
12000748,104867.0,98548.0,46500.0
12000749,104867.0,98548.0,45599.0
12000750,101067.0,99593.0,47400.0
12000751,101067.0,99593.0,46500.0
12000752,101067.0,99593.0,45599.0
12000753,104867.0,99593.0,47400.0
12000754,104867.0,99593.0,46500.0
12000755,104867.0,99593.0,45599.0
12000756,107467.0,101548.0,47400.0
12000757,107467.0,101548.0,46500.0
12000758,107467.0,101548.0,45599.0
12000759,110367.0,101048.0,47400.0
12000760,110367.0,101048.0,46500.0
12000761,110367.0,101048.0,45599.0
12000762,111267.0,101048.0,47400.0
12000763,111267.0,101048.0,46500.0
12000764,111267.0,101048.0,45599.0
12000765,98067.0,107148.0,47400.0
12000766,98067.0,107148.0,46500.0
12000767,98067.0,107148.0,45599.0
12000768,101067.0,107148.0,47400.0
12000769,101067.0,107148.0,46500.0
12000770,101067.0,107148.0,45599.0
12000771,101067.0,106298.0,47400.0
12000772,101067.0,106298.0,46500.0
12000773,101067.0,106298.0,45599.0
12000774,104867.0,106298.0,47400.0
12000775,104867.0,106298.0,46500.0
12000776,104867.0,106298.0,45599.0
12000777,111267.0,107148.0,47400.0
12000778,111267.0,107148.0,46500.0
12000779,111267.0,107148.0,45599.0
12000780,104867.0,109893.0,47400.0
12000781,104867.0,109893.0,46500.0
12000782,104867.0,109893.0,45599.0
12000783,107467.0,109893.0,47400.0
12000784,107467.0,109893.0,46500.0
12000785,107467.0,109893.0,45599.0
12000786,101067.0,110448.0,47400.0
12000787,101067.0,110448.0,46500.0
12000788,101067.0,110448.0,45599.0
12000789,111267.0,110198.0,47400.0
12000790,111267.0,110198.0,46500.0
12000791,111267.0,110198.0,45599.0
12000792,104867.0,114848.0,47400.0
12000793,104867.0,114848.0,46500.0
12000794,104867.0,114848.0,45599.0
12000795,107467.0,106298.0,47400.0
12000796,107467.0,106298.0,46500.0
12000797,107467.0,106298.0,45599.0
12000798,98067.0,101548.0,47400.0
12000799,98067.0,101548.0,46500.0
12000800,98067.0,101548.0,45599.0
12000801,98067.0,104348.0,47400.0
12000802,98067.0,104348.0,46500.0
12000803,98067.0,104348.0,45599.0
12000804,98067.0,106698.0,47400.0
12000805,98067.0,106698.0,46500.0
12000806,98067.0,106698.0,45599.0
12000807,104867.0,113648.0,47400.0
12000808,104867.0,113648.0,46500.0
12000809,104867.0,113648.0,45599.0
12000810,63747.0,107148.0,47400.0
12000811,63747.0,107148.0,46500.0
12000812,63747.0,107148.0,45599.0
12000813,60347.0,110448.0,47199.0
12000814,60347.0,110448.0,46366.0
12000815,60347.0,110448.0,45533.0
12000816,27067.0,113798.0,47700.0
12000817,27067.0,114148.0,47700.0
12000818,27067.0,114498.0,47700.0
12000819,20667.0,107541.0,47700.0
12000820,20667.0,107960.0,47700.0
12000821,20667.0,108379.0,47700.0
12000822,28567.0,110448.0,47700.0
12000823,29067.0,110448.0,47700.0
12000824,29567.0,110448.0,47700.0
12000825,23267.0,107560.0,47700.0
12000826,23267.0,107973.0,47700.0
12000827,23267.0,108385.0,47700.0
12000828,18167.0,107139.0,47599.0
12000829,18567.0,107131.0,47600.0
12000830,18967.0,107123.0,47600.0
12000831,19367.0,107114.0,47600.0
12000832,19767.0,107106.0,47600.0
12000833,18942.0,98548.0,47550.0
12000834,28867.0,113448.0,47700.0
12000835,29267.0,113448.0,47700.0
12000836,29667.0,113448.0,47700.0
12000837,20067.0,98548.0,47550.0
12000838,56347.0,113798.0,47600.0
12000839,56347.0,114148.0,47600.0
12000840,56347.0,114498.0,47600.0
12000841,54372.0,107123.0,47600.0
12000842,54897.0,107098.0,47600.0
12000843,55422.0,107073.0,47600.0
12000844,54959.0,98548.0,47550.0
12000845,55422.0,98548.0,47550.0
12000846,55884.0,98548.0,47550.0
12000847,108067.0,98548.0,47550.0
12000848,98467.0,113448.0,47700.0
12000849,98867.0,113448.0,47700.0
12000850,99267.0,113448.0,47700.0
12000851,108367.0,107106.0,47599.0
12000852,108767.0,107114.0,47600.0
12000853,109167.0,107123.0,47600.0
12000854,109567.0,107131.0,47600.0
12000855,109967.0,107139.0,47600.0
12000856,104867.0,107560.0,47700.0
12000857,104867.0,107973.0,47700.0
12000858,104867.0,108385.0,47700.0
12000859,107467.0,107541.0,47700.0
12000860,107467.0,107960.0,47700.0
12000861,107467.0,108379.0,47700.0
12000862,101067.0,113798.0,47700.0
12000863,101067.0,114148.0,47700.0
12000864,101067.0,114498.0,47700.0
12000865,98567.0,110448.0,47700.0
12000866,99067.0,110448.0,47700.0
12000867,99567.0,110448.0,47700.0
12000868,109192.0,98548.0,47550.0
12000869,27067.0,114848.0,46500.0
12000870,27067.0,114848.0,45599.0
12000871,27067.0,113448.0,46500.0
12000872,27067.0,113448.0,45599.0
12000873,28467.0,113448.0,46500.0
12000874,28467.0,113448.0,45599.0
12000875,20667.0,108798.0,46500.0
12000876,20667.0,108798.0,45599.0
12000877,28067.0,110448.0,46500.0
12000878,28067.0,110448.0,45599.0
12000879,23267.0,108798.0,46500.0
12000880,23267.0,108798.0,45599.0
12000881,20167.0,107098.0,46500.0
12000882,20167.0,107098.0,45599.0
12000883,20667.0,107123.0,46500.0
12000884,20667.0,107123.0,45599.0
12000885,23267.0,107148.0,46500.0
12000886,23267.0,107148.0,45599.0
12000887,20667.0,98548.0,46500.0
12000888,20667.0,98548.0,45599.0
12000889,18417.0,98548.0,46500.0
12000890,18417.0,98548.0,45599.0
12000891,17767.0,107148.0,46500.0
12000892,17767.0,107148.0,45599.0
12000893,30067.0,113448.0,46500.0
12000894,30067.0,113448.0,45599.0
12000895,30067.0,110448.0,46500.0
12000896,30067.0,110448.0,45599.0
12000897,54497.0,98548.0,46500.0
12000898,54497.0,98548.0,45599.0
12000899,53847.0,107148.0,46500.0
12000900,53847.0,107148.0,45599.0
12000901,55947.0,107048.0,46500.0
12000902,55947.0,107048.0,45599.0
12000903,56347.0,113448.0,46500.0
12000904,56347.0,113448.0,45599.0
12000905,56347.0,114848.0,46366.0
12000906,56347.0,114848.0,45533.0
12000907,56347.0,98548.0,46500.0
12000908,56347.0,98548.0,45599.0
12000909,109717.0,98548.0,46500.0
12000910,109717.0,98548.0,45599.0
12000911,107467.0,98548.0,46500.0
12000912,107467.0,98548.0,45599.0
12000913,107467.0,107123.0,46500.0
12000914,107467.0,107123.0,45599.0
12000915,107967.0,107098.0,46500.0
12000916,107967.0,107098.0,45599.0
12000917,104867.0,107148.0,46500.0
12000918,104867.0,107148.0,45599.0
12000919,110367.0,107148.0,46500.0
12000920,110367.0,107148.0,45599.0
12000921,104867.0,108798.0,46500.0
12000922,104867.0,108798.0,45599.0
12000923,107467.0,108798.0,46500.0
12000924,107467.0,108798.0,45599.0
12000925,98067.0,110448.0,46500.0
12000926,98067.0,110448.0,45599.0
12000927,98067.0,113448.0,46500.0
12000928,98067.0,113448.0,45599.0
12000929,100067.0,110448.0,46500.0
12000930,100067.0,110448.0,45599.0
12000931,99667.0,113448.0,46500.0
12000932,99667.0,113448.0,45599.0
12000933,101067.0,113448.0,46500.0
12000934,101067.0,113448.0,45599.0
12000935,101067.0,114848.0,46500.0
12000936,101067.0,114848.0,45599.0
12000937,24217.0,107148.0,48300.0
12000938,25167.0,107148.0,48300.0
12000939,26117.0,107148.0,48300.0
12000940,27067.0,108248.0,48300.0
12000941,27067.0,109348.0,48300.0
12000942,26117.0,114848.0,48300.0
12000943,24217.0,114848.0,48300.0
12000944,23267.0,112748.0,48300.0
12000945,23267.0,110870.0,48300.0
12000946,28467.0,114148.0,48300.0
12000947,17817.0,108760.0,48300.0
12000948,18767.0,108773.0,48300.0
12000949,19717.0,108785.0,48300.0
12000950,20667.0,110870.0,48300.0
12000951,20667.0,112748.0,48300.0
12000952,18892.0,113648.0,48300.0
12000953,16867.0,109473.0,48300.0
12000954,16867.0,107948.0,48300.0
12000955,24217.0,104348.0,48300.0
12000956,25167.0,104348.0,48300.0
12000957,26117.0,104348.0,48300.0
12000958,27067.0,105323.0,48300.0
12000959,23267.0,105323.0,48300.0
12000960,19467.0,99381.0,48300.0
12000961,19467.0,100214.0,48300.0
12000962,24217.0,101548.0,48300.0
12000963,25167.0,101548.0,48300.0
12000964,26117.0,101548.0,48300.0
12000965,27067.0,102481.0,48300.0
12000966,27067.0,103414.0,48300.0
12000967,23267.0,102481.0,48300.0
12000968,23267.0,103414.0,48300.0
12000969,24217.0,98548.0,48300.0
12000970,26117.0,98548.0,48300.0
12000971,27067.0,100570.0,48300.0
12000972,23267.0,100570.0,48300.0
12000973,56347.0,107898.0,48300.0
12000974,53797.0,108748.0,48300.0
12000975,54647.0,108748.0,48300.0
12000976,55497.0,108748.0,48300.0
12000977,52947.0,107948.0,48300.0
12000978,108667.0,99381.0,48300.0
12000979,108667.0,100214.0,48300.0
12000980,99667.0,114148.0,48300.0
12000981,109242.0,113648.0,48300.0
12000982,108417.0,108785.0,48300.0
12000983,109367.0,108773.0,48300.0
12000984,110317.0,108760.0,48300.0
12000985,111267.0,109473.0,48300.0
12000986,107467.0,112748.0,48300.0
12000987,107467.0,110870.0,48300.0
12000988,102017.0,98548.0,48300.0
12000989,103917.0,98548.0,48300.0
12000990,104867.0,100570.0,48300.0
12000991,102017.0,101548.0,48300.0
12000992,102967.0,101548.0,48300.0
12000993,103917.0,101548.0,48300.0
12000994,101067.0,100570.0,48300.0
12000995,111267.0,107948.0,48300.0
12000996,102017.0,104348.0,48300.0
12000997,102967.0,104348.0,48300.0
12000998,103917.0,104348.0,48300.0
12000999,104867.0,105323.0,48300.0
12001000,102017.0,107148.0,48300.0
12001001,102967.0,107148.0,48300.0
12001002,103917.0,107148.0,48300.0
12001003,101067.0,105323.0,48300.0
12001004,104867.0,110870.0,48300.0
12001005,104867.0,112748.0,48300.0
12001006,103917.0,114848.0,48300.0
12001007,102017.0,114848.0,48300.0
12001008,101067.0,108248.0,48300.0
12001009,101067.0,109348.0,48300.0
12001010,104867.0,102481.0,48300.0
12001011,104867.0,103414.0,48300.0
12001012,101067.0,102481.0,48300.0
12001013,101067.0,103414.0,48300.0
12001016,64239.0,106666.0,48300.0
12001017,108667.0,98548.0,47925.0
12001018,109192.0,98548.0,47925.0
12001019,109717.0,98548.0,47925.0
12001020,98067.0,110448.0,48000.0
12001021,98567.0,110448.0,48000.0
12001022,99067.0,110448.0,48000.0
12001023,99567.0,110448.0,48000.0
12001024,100067.0,110448.0,48000.0
12001025,101067.0,113448.0,48000.0
12001026,101067.0,113798.0,48000.0
12001027,101067.0,114148.0,48000.0
12001028,101067.0,114498.0,48000.0
12001029,101067.0,114848.0,48000.0
12001030,107467.0,107123.0,48000.0
12001031,107467.0,107541.0,48000.0
12001032,107467.0,107960.0,48000.0
12001033,107467.0,108379.0,48000.0
12001034,107467.0,108798.0,48000.0
12001035,104867.0,107148.0,48000.0
12001036,104867.0,107560.0,48000.0
12001037,104867.0,107973.0,48000.0
12001038,104867.0,108385.0,48000.0
12001039,104867.0,108798.0,48000.0
12001040,107967.0,107098.0,47950.0
12001041,108367.0,107106.0,47950.0
12001042,108767.0,107114.0,47950.0
12001043,109167.0,107123.0,47950.0
12001044,109567.0,107131.0,47950.0
12001045,109967.0,107139.0,47950.0
12001046,110367.0,107148.0,47950.0
12001047,98067.0,113448.0,48000.0
12001048,98467.0,113448.0,48000.0
12001049,98867.0,113448.0,48000.0
12001050,99267.0,113448.0,48000.0
12001051,99667.0,113448.0,48000.0
12001052,107467.0,98548.0,47925.0
12001053,108067.0,98548.0,47925.0
12001054,54497.0,98548.0,47925.0
12001055,54959.0,98548.0,47925.0
12001056,55422.0,98548.0,47925.0
12001057,55884.0,98548.0,47925.0
12001058,56347.0,98548.0,47925.0
12001059,53847.0,107148.0,47950.0
12001060,54372.0,107123.0,47950.0
12001061,54897.0,107098.0,47950.0
12001062,55422.0,107073.0,47950.0
12001063,55947.0,107048.0,47950.0
12001064,56347.0,113448.0,47950.0
12001065,56347.0,113798.0,47950.0
12001066,56347.0,114148.0,47950.0
12001067,56347.0,114498.0,47950.0
12001068,56347.0,114848.0,47950.0
12001069,19467.0,98548.0,47925.0
12001070,20067.0,98548.0,47925.0
12001071,20667.0,98548.0,47925.0
12001072,28467.0,113448.0,48000.0
12001073,28867.0,113448.0,48000.0
12001074,29267.0,113448.0,48000.0
12001075,29667.0,113448.0,48000.0
12001076,30067.0,113448.0,48000.0
12001077,18417.0,98548.0,47925.0
12001078,18942.0,98548.0,47925.0
12001079,17767.0,107148.0,47950.0
12001080,18167.0,107139.0,47950.0
12001081,18567.0,107131.0,47950.0
12001082,18967.0,107123.0,47950.0
12001083,19367.0,107114.0,47950.0
12001084,19767.0,107106.0,47950.0
12001085,20167.0,107098.0,47950.0
12001086,23267.0,107148.0,48000.0
12001087,23267.0,107560.0,48000.0
12001088,23267.0,107973.0,48000.0
12001089,23267.0,108385.0,48000.0
12001090,23267.0,108798.0,48000.0
12001091,28067.0,110448.0,48000.0
12001092,28567.0,110448.0,48000.0
12001093,29067.0,110448.0,48000.0
12001094,29567.0,110448.0,48000.0
12001095,30067.0,110448.0,48000.0
12001096,20667.0,107123.0,48000.0
12001097,20667.0,107541.0,48000.0
12001098,20667.0,107960.0,48000.0
12001099,20667.0,108379.0,48000.0
12001100,20667.0,108798.0,48000.0
12001101,27067.0,113448.0,48000.0
12001102,27067.0,113798.0,48000.0
12001103,27067.0,114148.0,48000.0
12001104,27067.0,114498.0,48000.0
12001105,27067.0,114848.0,48000.0
12001106,17367.0,114848.0,47199.0
12001107,17367.0,114848.0,45533.0
12001108,17367.0,114848.0,46366.0
12001109,21533.0,114848.0,47299.0
12001110,22400.0,114848.0,47299.0
12001111,21533.0,114848.0,45566.0
12001112,22400.0,114848.0,45566.0
12001113,21533.0,114848.0,46433.0
12001114,22400.0,114848.0,46433.0
12001115,27767.0,114848.0,47400.0
12001116,27767.0,114848.0,45599.0
12001117,27767.0,114848.0,46500.0
12001118,16867.0,111060.0,47199.0
12001119,16867.0,111923.0,47199.0
12001120,16867.0,112785.0,47199.0
12001121,16867.0,111060.0,45533.0
12001122,16867.0,111923.0,45533.0
12001123,16867.0,112785.0,45533.0
12001124,16867.0,111060.0,46366.0
12001125,16867.0,112785.0,46366.0
12001126,16867.0,111923.0,46366.0
12001127,30067.0,114148.0,47400.0
12001128,30067.0,114148.0,45599.0
12001129,30067.0,114148.0,46500.0
12001130,27067.0,111448.0,47400.0
12001131,27067.0,112448.0,47400.0
12001132,27067.0,111448.0,45599.0
12001133,27067.0,112448.0,45599.0
12001134,27067.0,111448.0,46500.0
12001135,27067.0,112448.0,46500.0
12001136,27767.0,113448.0,47700.0
12001137,27767.0,113448.0,45599.0
12001138,27767.0,113448.0,46500.0
12001139,27567.0,110448.0,47400.0
12001140,27567.0,110448.0,45599.0
12001141,27567.0,110448.0,46500.0
12001142,30067.0,111448.0,47700.0
12001143,30067.0,112448.0,47700.0
12001144,30067.0,111448.0,45599.0
12001145,30067.0,112448.0,45599.0
12001146,30067.0,111448.0,46500.0
12001147,30067.0,112448.0,46500.0
12001148,20667.0,109345.0,47400.0
12001149,20667.0,109345.0,45599.0
12001150,20667.0,109345.0,46500.0
12001151,21533.0,108798.0,47700.0
12001152,22400.0,108798.0,47700.0
12001153,21533.0,108798.0,45599.0
12001154,22400.0,108798.0,45599.0
12001155,21533.0,108798.0,46500.0
12001156,22400.0,108798.0,46500.0
12001157,23267.0,109345.0,47400.0
12001158,23267.0,109345.0,45599.0
12001159,23267.0,109345.0,46500.0
12001160,17317.0,107148.0,47400.0
12001161,17317.0,107148.0,45599.0
12001162,17317.0,107148.0,46500.0
12001163,21533.0,107131.0,47700.0
12001164,22400.0,107139.0,47700.0
12001165,21533.0,107131.0,45599.0
12001166,22400.0,107139.0,45599.0
12001167,21533.0,107131.0,46500.0
12001168,22400.0,107139.0,46500.0
12001169,23267.0,106723.0,47400.0
12001170,23267.0,106723.0,45599.0
12001171,23267.0,106723.0,46500.0
12001172,27067.0,106723.0,47400.0
12001173,27067.0,106723.0,45599.0
12001174,27067.0,106723.0,46500.0
12001175,28067.0,107148.0,47400.0
12001176,29067.0,107148.0,47400.0
12001177,28067.0,107148.0,45599.0
12001178,29067.0,107148.0,45599.0
12001179,28067.0,107148.0,46500.0
12001180,29067.0,107148.0,46500.0
12001181,16867.0,101931.0,47400.0
12001182,16867.0,102814.0,47400.0
12001183,16867.0,101931.0,45599.0
12001184,16867.0,102814.0,45599.0
12001185,16867.0,101931.0,46500.0
12001186,16867.0,102814.0,46500.0
12001187,16867.0,99381.0,47400.0
12001188,16867.0,100214.0,47400.0
12001189,16867.0,99381.0,45599.0
12001190,16867.0,100214.0,45599.0
12001191,16867.0,99381.0,46500.0
12001192,16867.0,100214.0,46500.0
12001193,17317.0,101048.0,47400.0
12001194,17317.0,101048.0,45599.0
12001195,17317.0,101048.0,46500.0
12001196,18617.0,101048.0,47400.0
12001197,18617.0,101048.0,45599.0
12001198,18617.0,101048.0,46500.0
12001199,20667.0,99381.0,47400.0
12001200,20667.0,100214.0,47400.0
12001201,20667.0,99381.0,45599.0
12001202,20667.0,100214.0,45599.0
12001203,20667.0,99381.0,46500.0
12001204,20667.0,100214.0,46500.0
12001205,17642.0,98548.0,47400.0
12001206,17642.0,98548.0,45599.0
12001207,17642.0,98548.0,46500.0
12001208,21533.0,98548.0,47400.0
12001209,22400.0,98548.0,47400.0
12001210,21533.0,98548.0,45599.0
12001211,22400.0,98548.0,45599.0
12001212,21533.0,98548.0,46500.0
12001213,22400.0,98548.0,46500.0
12001214,23267.0,99070.0,47400.0
12001215,23267.0,99070.0,45599.0
12001216,23267.0,99070.0,46500.0
12001217,27067.0,99070.0,47400.0
12001218,27067.0,99070.0,45599.0
12001219,27067.0,99070.0,46500.0
12001220,28067.0,98548.0,47400.0
12001221,29067.0,98548.0,47400.0
12001222,28067.0,98548.0,45599.0
12001223,29067.0,98548.0,45599.0
12001224,28067.0,98548.0,46500.0
12001225,29067.0,98548.0,46500.0
12001226,16867.0,114248.0,47199.0
12001227,16867.0,114248.0,45533.0
12001228,16867.0,114248.0,46366.0
12001229,20667.0,114248.0,47199.0
12001230,20667.0,114248.0,45533.0
12001231,20667.0,114248.0,46366.0
12001232,20292.0,114848.0,47199.0
12001233,20292.0,114848.0,45533.0
12001234,20292.0,114848.0,46366.0
12001235,18142.0,114848.0,47199.0
12001236,18145.0,114848.0,47750.0
12001237,18642.0,114848.0,47750.0
12001238,19142.0,114848.0,47750.0
12001239,19639.0,114848.0,47750.0
12001240,19642.0,114848.0,47199.0
12001241,18142.0,114848.0,45533.0
12001242,19642.0,114848.0,45533.0
12001243,18142.0,114848.0,46366.0
12001244,19642.0,114848.0,46366.0
12001245,18642.0,114848.0,47199.0
12001246,19142.0,114848.0,47199.0
12001247,29267.0,114848.0,47400.0
12001248,29267.0,114848.0,45599.0
12001249,29267.0,114848.0,46500.0
12001250,20067.0,101048.0,47400.0
12001251,20067.0,101048.0,45599.0
12001252,20067.0,101048.0,46500.0
12001253,16867.0,104698.0,47400.0
12001254,16867.0,105698.0,47400.0
12001255,16867.0,104698.0,45599.0
12001256,16867.0,105698.0,45599.0
12001257,16867.0,104698.0,46500.0
12001258,16867.0,105698.0,46500.0
12001259,20667.0,106710.0,47400.0
12001260,20667.0,106710.0,45599.0
12001261,20667.0,106710.0,46500.0
12001262,23267.0,114248.0,47400.0
12001263,23267.0,114248.0,45599.0
12001264,23267.0,114248.0,46500.0
12001265,30067.0,99381.0,47400.0
12001266,30067.0,100214.0,47400.0
12001267,30067.0,99381.0,45599.0
12001268,30067.0,100214.0,45599.0
12001269,30067.0,99381.0,46500.0
12001270,30067.0,100214.0,46500.0
12001271,30067.0,105281.0,47400.0
12001272,30067.0,106214.0,47400.0
12001273,30067.0,105281.0,45599.0
12001274,30067.0,106214.0,45599.0
12001275,30067.0,105281.0,46500.0
12001276,30067.0,106214.0,46500.0
12001277,30067.0,102481.0,47400.0
12001278,30067.0,103414.0,47400.0
12001279,30067.0,102481.0,45599.0
12001280,30067.0,103414.0,45599.0
12001281,30067.0,102481.0,46500.0
12001282,30067.0,103414.0,46500.0
12001283,60347.0,101873.0,47199.0
12001284,60347.0,102698.0,47199.0
12001285,60347.0,103523.0,47199.0
12001286,60347.0,101873.0,45533.0
12001287,60347.0,102698.0,45533.0
12001288,60347.0,103523.0,45533.0
12001289,60347.0,101873.0,46366.0
12001290,60347.0,103523.0,46366.0
12001291,60347.0,102698.0,46366.0
12001292,63747.0,111328.0,47199.0
12001293,63747.0,112208.0,47199.0
12001294,63747.0,113088.0,47199.0
12001295,63747.0,113968.0,47199.0
12001296,63747.0,111328.0,45533.0
12001297,63747.0,112208.0,45533.0
12001298,63747.0,113088.0,45533.0
12001299,63747.0,113968.0,45533.0
12001300,63747.0,111328.0,46366.0
12001301,63747.0,113968.0,46366.0
12001302,63747.0,112208.0,46366.0
12001303,63747.0,113088.0,46366.0
12001304,61022.0,114848.0,47199.0
12001305,61697.0,114848.0,47199.0
12001306,61700.0,114848.0,47750.0
12001307,62197.0,114848.0,47750.0
12001308,62697.0,114848.0,47750.0
12001309,63194.0,114848.0,47750.0
12001310,63197.0,114848.0,47199.0
12001311,61022.0,114848.0,45533.0
12001312,61697.0,114848.0,45533.0
12001313,63197.0,114848.0,45533.0
12001314,61022.0,114848.0,46366.0
12001315,63197.0,114848.0,46366.0
12001316,62197.0,114848.0,47199.0
12001317,61697.0,114848.0,46366.0
12001318,62697.0,114848.0,47199.0
12001319,52947.0,104560.0,47400.0
12001320,52947.0,105423.0,47400.0
12001321,52947.0,106285.0,47400.0
12001322,52947.0,104560.0,45599.0
12001323,52947.0,105423.0,45599.0
12001324,52947.0,106285.0,45599.0
12001325,52947.0,104560.0,46500.0
12001326,52947.0,106285.0,46500.0
12001327,52947.0,105423.0,46500.0
12001328,53722.0,98548.0,47400.0
12001329,53722.0,98548.0,45599.0
12001330,53722.0,98548.0,46500.0
12001331,52947.0,99381.0,47400.0
12001332,52947.0,100214.0,47400.0
12001333,52947.0,99381.0,45599.0
12001334,52947.0,100214.0,45599.0
12001335,52947.0,99381.0,46500.0
12001336,52947.0,100214.0,46500.0
12001337,52947.0,101931.0,47400.0
12001338,52947.0,102814.0,47400.0
12001339,52947.0,101931.0,45599.0
12001340,52947.0,102814.0,45599.0
12001341,52947.0,101931.0,46500.0
12001342,52947.0,102814.0,46500.0
12001343,53397.0,101048.0,47400.0
12001344,53397.0,101048.0,45599.0
12001345,53397.0,101048.0,46500.0
12001346,53397.0,107148.0,47400.0
12001347,53397.0,107148.0,45599.0
12001348,53397.0,107148.0,46500.0
12001349,56347.0,111328.0,47400.0
12001350,56347.0,112208.0,47400.0
12001351,56347.0,113088.0,47400.0
12001352,56347.0,111328.0,45599.0
12001353,56347.0,112208.0,45599.0
12001354,56347.0,113088.0,45599.0
12001355,56347.0,111328.0,46500.0
12001356,56347.0,113088.0,46500.0
12001357,56347.0,112208.0,46500.0
12001358,52947.0,111128.0,47199.0
12001359,52947.0,112058.0,47199.0
12001360,52947.0,112988.0,47199.0
12001361,52947.0,113918.0,47199.0
12001362,52947.0,111128.0,45533.0
12001363,52947.0,112058.0,45533.0
12001364,52947.0,112988.0,45533.0
12001365,52947.0,113918.0,45533.0
12001366,52947.0,111128.0,46366.0
12001367,52947.0,113918.0,46366.0
12001368,52947.0,112058.0,46366.0
12001369,52947.0,112988.0,46366.0
12001370,53622.0,114848.0,47199.0
12001371,54297.0,114848.0,47199.0
12001372,54300.0,114848.0,47750.0
12001373,54797.0,114848.0,47750.0
12001374,55297.0,114848.0,47750.0
12001375,55794.0,114848.0,47750.0
12001376,55797.0,114848.0,47199.0
12001377,53622.0,114848.0,45533.0
12001378,54297.0,114848.0,45533.0
12001379,55797.0,114848.0,45533.0
12001380,53622.0,114848.0,46366.0
12001381,55797.0,114848.0,46366.0
12001382,54797.0,114848.0,47199.0
12001383,54297.0,114848.0,46366.0
12001384,55297.0,114848.0,47199.0
12001385,56347.0,106673.0,47400.0
12001386,56347.0,106673.0,45599.0
12001387,56347.0,106673.0,46500.0
12001388,56347.0,99381.0,47400.0
12001389,56347.0,100214.0,47400.0
12001390,56347.0,99381.0,45599.0
12001391,56347.0,100214.0,45599.0
12001392,56347.0,99381.0,46500.0
12001393,56347.0,100214.0,46500.0
12001394,63747.0,102064.0,47299.0
12001395,63747.0,103081.0,47299.0
12001396,63747.0,104098.0,47299.0
12001397,63747.0,105114.0,47299.0
12001398,63747.0,106131.0,47299.0
12001399,63747.0,102064.0,45566.0
12001400,63747.0,103081.0,45566.0
12001401,63747.0,104098.0,45566.0
12001402,63747.0,105114.0,45566.0
12001403,63747.0,106131.0,45566.0
12001404,63747.0,102064.0,46433.0
12001405,63747.0,106131.0,46433.0
12001406,63747.0,103081.0,46433.0
12001407,63747.0,104098.0,46433.0
12001408,63747.0,105114.0,46433.0
12001409,63747.0,99381.0,47199.0
12001410,63747.0,100214.0,47199.0
12001411,63747.0,99381.0,45533.0
12001412,63747.0,100214.0,45533.0
12001413,63747.0,99381.0,46366.0
12001414,63747.0,100214.0,46366.0
12001415,54680.0,101048.0,47400.0
12001416,55513.0,101048.0,47400.0
12001417,54680.0,101048.0,45599.0
12001418,55513.0,101048.0,45599.0
12001419,54680.0,101048.0,46500.0
12001420,55513.0,101048.0,46500.0
12001421,60822.0,98548.0,47199.0
12001422,61297.0,98548.0,47199.0
12001423,61300.0,98548.0,47750.0
12001424,61797.0,98548.0,47750.0
12001425,62297.0,98548.0,47750.0
12001426,62794.0,98548.0,47750.0
12001427,62797.0,98548.0,47199.0
12001428,63272.0,98548.0,47199.0
12001429,60822.0,98548.0,45533.0
12001430,61297.0,98548.0,45533.0
12001431,63272.0,98548.0,45533.0
12001432,62797.0,98548.0,45533.0
12001433,60822.0,98548.0,46366.0
12001434,63272.0,98548.0,46366.0
12001435,61797.0,98548.0,47199.0
12001436,61297.0,98548.0,46366.0
12001437,62297.0,98548.0,47199.0
12001438,62797.0,98548.0,46366.0
12001439,61197.0,101048.0,47199.0
12001440,62047.0,101048.0,47199.0
12001441,62897.0,101048.0,47199.0
12001442,61197.0,101048.0,45533.0
12001443,62047.0,101048.0,45533.0
12001444,62897.0,101048.0,45533.0
12001445,61197.0,101048.0,46366.0
12001446,62897.0,101048.0,46366.0
12001447,62047.0,101048.0,46366.0
12001448,111267.0,104698.0,47400.0
12001449,111267.0,105698.0,47400.0
12001450,111267.0,104698.0,45599.0
12001451,111267.0,105698.0,45599.0
12001452,111267.0,104698.0,46500.0
12001453,111267.0,105698.0,46500.0
12001454,108067.0,101048.0,47400.0
12001455,108067.0,101048.0,45599.0
12001456,108067.0,101048.0,46500.0
12001457,98867.0,114848.0,47400.0
12001458,98867.0,114848.0,45599.0
12001459,98867.0,114848.0,46500.0
12001460,108492.0,114848.0,47199.0
12001461,108495.0,114848.0,47750.0
12001462,108992.0,114848.0,47750.0
12001463,109492.0,114848.0,47750.0
12001464,109989.0,114848.0,47750.0
12001465,109992.0,114848.0,47199.0
12001466,108492.0,114848.0,45533.0
12001467,109992.0,114848.0,45533.0
12001468,108492.0,114848.0,46366.0
12001469,109992.0,114848.0,46366.0
12001470,108992.0,114848.0,47199.0
12001471,109492.0,114848.0,47199.0
12001472,107842.0,114848.0,47299.0
12001473,107842.0,114848.0,45566.0
12001474,107842.0,114848.0,46433.0
12001475,107467.0,114248.0,47299.0
12001476,107467.0,114248.0,45566.0
12001477,107467.0,114248.0,46433.0
12001478,111267.0,114248.0,47400.0
12001479,111267.0,114248.0,45599.0
12001480,111267.0,114248.0,46500.0
12001481,110767.0,114848.0,47299.0
12001482,110767.0,114848.0,45566.0
12001483,110767.0,114848.0,46433.0
12001484,110492.0,98548.0,47400.0
12001485,110492.0,98548.0,45599.0
12001486,110492.0,98548.0,46500.0
12001487,99067.0,98548.0,47400.0
12001488,100067.0,98548.0,47400.0
12001489,99067.0,98548.0,45599.0
12001490,100067.0,98548.0,45599.0
12001491,99067.0,98548.0,46500.0
12001492,100067.0,98548.0,46500.0
12001493,105733.0,98548.0,47400.0
12001494,106600.0,98548.0,47400.0
12001495,105733.0,98548.0,45599.0
12001496,106600.0,98548.0,45599.0
12001497,105733.0,98548.0,46500.0
12001498,106600.0,98548.0,46500.0
12001499,101067.0,99070.0,47400.0
12001500,101067.0,99070.0,45599.0
12001501,101067.0,99070.0,46500.0
12001502,104867.0,99070.0,47400.0
12001503,104867.0,99070.0,45599.0
12001504,104867.0,99070.0,46500.0
12001505,107467.0,99381.0,47400.0
12001506,107467.0,100214.0,47400.0
12001507,107467.0,99381.0,45599.0
12001508,107467.0,100214.0,45599.0
12001509,107467.0,99381.0,46500.0
12001510,107467.0,100214.0,46500.0
12001511,109517.0,101048.0,47400.0
12001512,109517.0,101048.0,45599.0
12001513,109517.0,101048.0,46500.0
12001514,110817.0,101048.0,47400.0
12001515,110817.0,101048.0,45599.0
12001516,110817.0,101048.0,46500.0
12001517,111267.0,99381.0,47400.0
12001518,111267.0,100214.0,47400.0
12001519,111267.0,99381.0,45599.0
12001520,111267.0,100214.0,45599.0
12001521,111267.0,99381.0,46500.0
12001522,111267.0,100214.0,46500.0
12001523,111267.0,101931.0,47400.0
12001524,111267.0,102814.0,47400.0
12001525,111267.0,101931.0,45599.0
12001526,111267.0,102814.0,45599.0
12001527,111267.0,101931.0,46500.0
12001528,111267.0,102814.0,46500.0
12001529,99067.0,107148.0,47400.0
12001530,100067.0,107148.0,47400.0
12001531,99067.0,107148.0,45599.0
12001532,100067.0,107148.0,45599.0
12001533,99067.0,107148.0,46500.0
12001534,100067.0,107148.0,46500.0
12001535,101067.0,106723.0,47400.0
12001536,101067.0,106723.0,45599.0
12001537,101067.0,106723.0,46500.0
12001538,104867.0,106723.0,47400.0
12001539,104867.0,106723.0,45599.0
12001540,104867.0,106723.0,46500.0
12001541,105733.0,107139.0,47700.0
12001542,106600.0,107131.0,47700.0
12001543,105733.0,107139.0,45599.0
12001544,106600.0,107131.0,45599.0
12001545,105733.0,107139.0,46500.0
12001546,106600.0,107131.0,46500.0
12001547,110817.0,107148.0,47400.0
12001548,110817.0,107148.0,45599.0
12001549,110817.0,107148.0,46500.0
12001550,104867.0,109345.0,47400.0
12001551,104867.0,109345.0,45599.0
12001552,104867.0,109345.0,46500.0
12001553,105733.0,108798.0,47700.0
12001554,106600.0,108798.0,47700.0
12001555,105733.0,108798.0,45599.0
12001556,106600.0,108798.0,45599.0
12001557,105733.0,108798.0,46500.0
12001558,106600.0,108798.0,46500.0
12001559,107467.0,109345.0,47400.0
12001560,107467.0,109345.0,45599.0
12001561,107467.0,109345.0,46500.0
12001562,98067.0,111448.0,47700.0
12001563,98067.0,112448.0,47700.0
12001564,98067.0,111448.0,45599.0
12001565,98067.0,112448.0,45599.0
12001566,98067.0,111448.0,46500.0
12001567,98067.0,112448.0,46500.0
12001568,100567.0,110448.0,47400.0
12001569,100567.0,110448.0,45599.0
12001570,100567.0,110448.0,46500.0
12001571,100367.0,113448.0,47700.0
12001572,100367.0,113448.0,45599.0
12001573,100367.0,113448.0,46500.0
12001574,101067.0,111448.0,47400.0
12001575,101067.0,112448.0,47400.0
12001576,101067.0,111448.0,45599.0
12001577,101067.0,112448.0,45599.0
12001578,101067.0,111448.0,46500.0
12001579,101067.0,112448.0,46500.0
12001580,98067.0,114148.0,47400.0
12001581,98067.0,114148.0,45599.0
12001582,98067.0,114148.0,46500.0
12001583,111267.0,111060.0,47400.0
12001584,111267.0,111923.0,47400.0
12001585,111267.0,112785.0,47400.0
12001586,111267.0,111060.0,45599.0
12001587,111267.0,111923.0,45599.0
12001588,111267.0,112785.0,45599.0
12001589,111267.0,111060.0,46500.0
12001590,111267.0,112785.0,46500.0
12001591,111267.0,111923.0,46500.0
12001592,100367.0,114848.0,47400.0
12001593,100367.0,114848.0,45599.0
12001594,100367.0,114848.0,46500.0
12001595,105733.0,114848.0,47400.0
12001596,106600.0,114848.0,47400.0
12001597,105733.0,114848.0,45599.0
12001598,106600.0,114848.0,45599.0
12001599,105733.0,114848.0,46500.0
12001600,106600.0,114848.0,46500.0
12001601,107467.0,106710.0,47400.0
12001602,107467.0,106710.0,45599.0
12001603,107467.0,106710.0,46500.0
12001604,98067.0,102481.0,47400.0
12001605,98067.0,103414.0,47400.0
12001606,98067.0,102481.0,45599.0
12001607,98067.0,103414.0,45599.0
12001608,98067.0,102481.0,46500.0
12001609,98067.0,103414.0,46500.0
12001610,98067.0,105281.0,47400.0
12001611,98067.0,106214.0,47400.0
12001612,98067.0,105281.0,45599.0
12001613,98067.0,106214.0,45599.0
12001614,98067.0,105281.0,46500.0
12001615,98067.0,106214.0,46500.0
12001616,104867.0,114248.0,47400.0
12001617,104867.0,114248.0,45599.0
12001618,104867.0,114248.0,46500.0
12001619,98067.0,99381.0,47400.0
12001620,98067.0,100214.0,47400.0
12001621,98067.0,100881.0,47400.0
12001622,98067.0,99381.0,45599.0
12001623,98067.0,100214.0,45599.0
12001624,98067.0,100881.0,45599.0
12001625,98067.0,99381.0,46500.0
12001626,98067.0,100881.0,46500.0
12001627,98067.0,100214.0,46500.0
12001628,61197.0,110448.0,47199.0
12001629,62047.0,110448.0,47199.0
12001630,62897.0,110448.0,47199.0
12001631,61197.0,110448.0,45533.0
12001632,62047.0,110448.0,45533.0
12001633,62897.0,110448.0,45533.0
12001634,61197.0,110448.0,46366.0
12001635,62897.0,110448.0,46366.0
12001636,62047.0,110448.0,46366.0
12001637,24217.0,113842.0,48300.0
12001638,24217.0,112888.0,48300.0
12001639,24217.0,111942.0,48300.0
12001640,24217.0,110977.0,48300.0
12001641,24217.0,109999.0,48300.0
12001642,24217.0,109011.0,48300.0
12001643,24217.0,108071.0,48300.0
12001644,25167.0,113929.0,48300.0
12001645,25167.0,113007.0,48300.0
12001646,25167.0,112066.0,48300.0
12001647,25167.0,111102.0,48300.0
12001648,25167.0,110119.0,48300.0
12001649,25167.0,109126.0,48300.0
12001650,25167.0,108135.0,48300.0
12001651,26117.0,114015.0,48300.0
12001652,26117.0,113157.0,48300.0
12001653,26117.0,112223.0,48300.0
12001654,26117.0,111253.0,48300.0
12001655,26117.0,110256.0,48300.0
12001656,26117.0,109228.0,48300.0
12001657,26117.0,108189.0,48300.0
12001658,27767.0,114148.0,48300.0
12001659,29267.0,114148.0,48300.0
12001660,17833.0,112807.0,48300.0
12001661,17803.0,111978.0,48300.0
12001662,17814.0,109560.0,48300.0
12001663,17803.0,110360.0,48300.0
12001664,17797.0,111175.0,48300.0
12001665,18747.0,110499.0,48300.0
12001666,18711.0,111308.0,48300.0
12001667,18758.0,109644.0,48300.0
12001668,18725.0,111989.0,48300.0
12001669,18796.0,112799.0,48300.0
12001670,19605.0,111720.0,48300.0
12001671,19687.0,110724.0,48300.0
12001672,19711.0,109759.0,48300.0
12001673,19736.0,112715.0,48300.0
12001674,17727.0,107952.0,48300.0
12001675,18522.0,107951.0,48300.0
12001676,19173.0,107945.0,48300.0
12001677,19928.0,107945.0,48300.0
12001678,21533.0,107964.0,48300.0
12001679,22400.0,107968.0,48300.0
12001680,24217.0,106235.0,48300.0
12001681,24217.0,105296.0,48300.0
12001682,25167.0,106224.0,48300.0
12001683,25167.0,105289.0,48300.0
12001684,26117.0,106235.0,48300.0
12001685,26117.0,105296.0,48300.0
12001686,17733.0,100214.0,48300.0
12001687,17704.0,99381.0,48300.0
12001688,18596.0,100214.0,48300.0
12001689,18559.0,99381.0,48300.0
12001690,24217.0,103414.0,48300.0
12001691,24217.0,102481.0,48300.0
12001692,25167.0,103414.0,48300.0
12001693,25167.0,102481.0,48300.0
12001694,26117.0,103414.0,48300.0
12001695,26117.0,102481.0,48300.0
12001696,24217.0,100556.0,48300.0
12001697,24217.0,99559.0,48300.0
12001698,25167.0,100552.0,48300.0
12001699,25167.0,99553.0,48300.0
12001700,26117.0,100556.0,48300.0
12001701,26117.0,99559.0,48300.0
12001702,53835.0,107943.0,48300.0
12001703,54736.0,107923.0,48300.0
12001704,55602.0,107903.0,48300.0
12001705,109538.0,100214.0,48300.0
12001706,109574.0,99381.0,48300.0
12001707,110401.0,100214.0,48300.0
12001708,110429.0,99381.0,48300.0
12001709,98867.0,114148.0,48300.0
12001710,100367.0,114148.0,48300.0
12001711,108372.0,112745.0,48300.0
12001712,108436.0,111814.0,48300.0
12001713,108445.0,109786.0,48300.0
12001714,108536.0,110807.0,48300.0
12001715,109424.0,111113.0,48300.0
12001716,109371.0,111930.0,48300.0
12001717,109425.0,110435.0,48300.0
12001718,109388.0,109627.0,48300.0
12001719,109326.0,112783.0,48300.0
12001720,110341.0,110329.0,48300.0
12001721,110337.0,111124.0,48300.0
12001722,110328.0,109547.0,48300.0
12001723,110293.0,112795.0,48300.0
12001724,110320.0,111948.0,48300.0
12001725,102017.0,100556.0,48300.0
12001726,102017.0,99559.0,48300.0
12001727,102967.0,100552.0,48300.0
12001728,102967.0,99553.0,48300.0
12001729,103917.0,100556.0,48300.0
12001730,103917.0,99559.0,48300.0
12001731,108205.0,107945.0,48300.0
12001732,108960.0,107945.0,48300.0
12001733,109611.0,107951.0,48300.0
12001734,110406.0,107952.0,48300.0
12001735,102017.0,106235.0,48300.0
12001736,102017.0,105296.0,48300.0
12001737,102967.0,106224.0,48300.0
12001738,102967.0,105289.0,48300.0
12001739,103917.0,106235.0,48300.0
12001740,103917.0,105296.0,48300.0
12001741,102017.0,114015.0,48300.0
12001742,102017.0,113157.0,48300.0
12001743,102017.0,112223.0,48300.0
12001744,102017.0,111253.0,48300.0
12001745,102017.0,110256.0,48300.0
12001746,102017.0,109228.0,48300.0
12001747,102017.0,108189.0,48300.0
12001748,102967.0,113929.0,48300.0
12001749,102967.0,113007.0,48300.0
12001750,102967.0,112066.0,48300.0
12001751,102967.0,111102.0,48300.0
12001752,102967.0,110119.0,48300.0
12001753,102967.0,109126.0,48300.0
12001754,102967.0,108135.0,48300.0
12001755,103917.0,113842.0,48300.0
12001756,103917.0,112888.0,48300.0
12001757,103917.0,111942.0,48300.0
12001758,103917.0,110977.0,48300.0
12001759,103917.0,109999.0,48300.0
12001760,103917.0,109011.0,48300.0
12001761,103917.0,108071.0,48300.0
12001762,102017.0,103414.0,48300.0
12001763,102017.0,102481.0,48300.0
12001764,102967.0,103414.0,48300.0
12001765,102967.0,102481.0,48300.0
12001766,103917.0,103414.0,48300.0
12001767,103917.0,102481.0,48300.0
12001768,105733.0,107968.0,48300.0
12001769,106600.0,107964.0,48300.0
13000001,23267.0,114848.0,51899.0
13000002,27067.0,114848.0,51899.0
13000003,20667.0,114848.0,51899.0
13000004,30067.0,114848.0,51899.0
13000005,27067.0,113448.0,51899.0
13000006,27067.0,110448.0,51899.0
13000007,30067.0,113448.0,51899.0
13000008,20667.0,111848.0,51899.0
13000009,20667.0,108798.0,51899.0
13000010,23267.0,111848.0,51899.0
13000011,16867.0,108748.0,51899.0
13000012,23267.0,108798.0,51899.0
13000013,16867.0,107148.0,51899.0
13000014,30067.0,107148.0,51899.0
13000015,23267.0,107148.0,51899.0
13000016,20667.0,107123.0,51899.0
13000017,27067.0,107148.0,51899.0
13000018,16867.0,101048.0,51899.0
13000019,17767.0,107148.0,51899.0
13000020,17767.0,101048.0,51899.0
13000021,20667.0,104348.0,51899.0
13000022,23267.0,104348.0,51899.0
13000023,27067.0,104348.0,51899.0
13000024,20667.0,101548.0,51899.0
13000025,20667.0,101048.0,51899.0
13000026,23267.0,101548.0,51899.0
13000027,27067.0,101548.0,51899.0
13000028,20667.0,98548.0,51899.0
13000029,23267.0,98548.0,51899.0
13000030,27067.0,98548.0,51899.0
13000031,16867.0,110198.0,51899.0
13000032,30067.0,110448.0,51899.0
13000033,23267.0,109893.0,51899.0
13000034,28067.0,110448.0,51899.0
13000035,23267.0,106298.0,51899.0
13000036,27067.0,106298.0,51899.0
13000037,20167.0,107098.0,51899.0
13000038,23267.0,99593.0,51899.0
13000039,27067.0,99593.0,51899.0
13000040,18417.0,98548.0,51899.0
13000041,20667.0,113648.0,51899.0
13000042,16867.0,113648.0,51899.0
13000043,19917.0,113648.0,51899.0
13000044,19917.0,114848.0,51899.0
13000045,17867.0,113648.0,51899.0
13000046,17867.0,114848.0,51899.0
13000047,28467.0,113448.0,51899.0
13000048,28467.0,114848.0,51899.0
13000049,19467.0,98548.0,51899.0
13000050,19467.0,101048.0,51899.0
13000051,17767.0,103698.0,51899.0
13000052,16867.0,103698.0,51899.0
13000053,20667.0,106298.0,51899.0
13000054,23267.0,113648.0,51899.0
13000055,20667.0,109893.0,51899.0
13000056,4867.0,114848.0,51899.0
13000057,4867.0,106698.0,51899.0
13000058,4867.0,98548.0,51899.0
13000059,4867.0,87098.0,51899.0
13000060,4867.0,126298.0,51899.0
13000061,9467.0,126348.0,51899.0
13000062,13067.0,126348.0,51899.0
13000063,124067.0,114848.0,51899.0
13000064,124067.0,106698.0,51899.0
13000065,124067.0,98548.0,51899.0
13000066,124067.0,87098.0,51899.0
13000067,124067.0,126298.0,51899.0
13000068,30067.0,98548.0,51899.0
13000069,30067.0,101048.0,51899.0
13000070,30067.0,104348.0,51899.0
13000071,30067.0,101548.0,51899.0
13000072,13067.0,87048.0,51899.0
13000073,9467.0,87048.0,51899.0
13000074,63747.0,110448.0,51899.0
13000075,60347.0,101048.0,51899.0
13000076,60347.0,107048.0,51899.0
13000077,63747.0,107148.0,51899.0
13000078,52947.0,114848.0,51899.0
13000079,56347.0,108748.0,51899.0
13000080,52947.0,103698.0,51899.0
13000081,53847.0,103698.0,51899.0
13000082,54497.0,98548.0,51899.0
13000083,56347.0,110448.0,51899.0
13000084,52947.0,110198.0,51899.0
13000085,56347.0,113448.0,51899.0
13000086,52947.0,101048.0,51899.0
13000087,53847.0,101048.0,51899.0
13000088,53847.0,107148.0,51899.0
13000089,52947.0,107148.0,51899.0
13000090,56347.0,107048.0,51899.0
13000091,52947.0,108748.0,51899.0
13000092,56347.0,101548.0,51899.0
13000093,55947.0,107048.0,51899.0
13000094,56347.0,106298.0,51899.0
13000095,60347.0,110448.0,51899.0
13000096,56347.0,104348.0,51899.0
13000097,56347.0,101048.0,51899.0
13000098,63747.0,101048.0,51899.0
13000099,52947.0,98548.0,51899.0
13000100,60347.0,104348.0,51899.0
13000101,119800.0,87048.0,51899.0
13000102,115533.0,87048.0,51899.0
13000103,111267.0,103698.0,51899.0
13000104,110367.0,103698.0,51899.0
13000105,108667.0,101048.0,51899.0
13000106,108667.0,98548.0,51899.0
13000107,99667.0,114848.0,51899.0
13000108,99667.0,113448.0,51899.0
13000109,110267.0,114848.0,51899.0
13000110,110267.0,113648.0,51899.0
13000111,108217.0,114848.0,51899.0
13000112,108217.0,113648.0,51899.0
13000113,111267.0,113648.0,51899.0
13000114,107467.0,113648.0,51899.0
13000115,109717.0,98548.0,51899.0
13000116,101067.0,99593.0,51899.0
13000117,104867.0,99593.0,51899.0
13000118,107967.0,107098.0,51899.0
13000119,101067.0,106298.0,51899.0
13000120,104867.0,106298.0,51899.0
13000121,100067.0,110448.0,51899.0
13000122,104867.0,109893.0,51899.0
13000123,98067.0,110448.0,51899.0
13000124,111267.0,110198.0,51899.0
13000125,101067.0,98548.0,51899.0
13000126,104867.0,98548.0,51899.0
13000127,107467.0,98548.0,51899.0
13000128,101067.0,101548.0,51899.0
13000129,104867.0,101548.0,51899.0
13000130,107467.0,101048.0,51899.0
13000131,107467.0,101548.0,51899.0
13000132,101067.0,104348.0,51899.0
13000133,104867.0,104348.0,51899.0
13000134,107467.0,104348.0,51899.0
13000135,110367.0,101048.0,51899.0
13000136,110367.0,107148.0,51899.0
13000137,111267.0,101048.0,51899.0
13000138,101067.0,107148.0,51899.0
13000139,107467.0,107123.0,51899.0
13000140,104867.0,107148.0,51899.0
13000141,98067.0,107148.0,51899.0
13000142,111267.0,107148.0,51899.0
13000143,104867.0,108798.0,51899.0
13000144,111267.0,108748.0,51899.0
13000145,104867.0,111848.0,51899.0
13000146,107467.0,108798.0,51899.0
13000147,107467.0,111848.0,51899.0
13000148,98067.0,113448.0,51899.0
13000149,101067.0,110448.0,51899.0
13000150,101067.0,113448.0,51899.0
13000151,98067.0,114848.0,51899.0
13000152,107467.0,114848.0,51899.0
13000153,101067.0,114848.0,51899.0
13000154,104867.0,114848.0,51899.0
13000155,107467.0,106298.0,51899.0
13000156,98067.0,101548.0,51899.0
13000157,98067.0,104348.0,51899.0
13000158,107467.0,109893.0,51899.0
13000159,104867.0,113648.0,51899.0
13000160,98067.0,98548.0,51899.0
13000161,63747.0,98548.0,51899.0
13000162,56347.0,98548.0,51899.0
13000163,56347.0,114848.0,51899.0
13000164,63747.0,114848.0,51899.0
13000165,60347.0,114848.0,51899.0
13000166,60347.0,98548.0,51899.0
13000167,30067.0,87098.0,51899.0
13000168,30067.0,126298.0,51899.0
13000169,16867.0,98548.0,51899.0
13000170,16867.0,114848.0,51899.0
13000171,16867.0,106698.0,51899.0
13000172,16867.0,87098.0,51899.0
13000173,16867.0,126298.0,51899.0
13000174,111267.0,87098.0,51899.0
13000175,111267.0,126298.0,51899.0
13000176,98067.0,126298.0,51899.0
13000177,111267.0,98548.0,51899.0
13000178,98067.0,87098.0,51899.0
13000179,111267.0,106698.0,51899.0
13000180,111267.0,114848.0,51899.0
13000181,41507.0,126298.0,51899.0
13000182,41507.0,87098.0,51899.0
13000183,52947.0,87098.0,51899.0
13000184,52947.0,126298.0,51899.0
13000185,75187.0,87098.0,51899.0
13000186,75187.0,126298.0,51899.0
13000187,86627.0,126298.0,51899.0
13000188,86627.0,87098.0,51899.0
13000189,58347.0,98548.0,51899.0
13000190,58347.0,87048.0,51899.0
13000191,58322.0,126348.0,51899.0
13000192,58322.0,114848.0,51899.0
13000193,119800.0,126348.0,51899.0
13000194,115533.0,126348.0,51899.0
13000195,107467.0,126348.0,51899.0
13000196,107467.0,87048.0,51899.0
13000197,102967.0,98548.0,51899.0
13000198,102967.0,87048.0,51899.0
13000199,102967.0,114848.0,51899.0
13000200,102967.0,126348.0,51899.0
13000201,92347.0,126348.0,51899.0
13000202,92347.0,87048.0,51899.0
13000203,80907.0,126348.0,51899.0
13000204,69467.0,126348.0,51899.0
13000205,69467.0,87048.0,51899.0
13000206,47227.0,126348.0,51899.0
13000207,47227.0,87048.0,51899.0
13000208,35787.0,126348.0,51899.0
13000209,35787.0,87048.0,51899.0
13000210,25167.0,98548.0,51899.0
13000211,25167.0,87048.0,51899.0
13000212,20667.0,87048.0,51899.0
13000213,25167.0,114848.0,51899.0
13000214,25167.0,126348.0,51899.0
13000215,20667.0,126348.0,51899.0
13000216,30067.0,106698.0,51899.0
13000217,52947.0,106698.0,51899.0
13000218,63747.0,106698.0,51899.0
13000219,98067.0,106698.0,51899.0
13000220,119800.0,106698.0,51899.0
13000221,115533.0,106698.0,51899.0
13000222,47227.0,106698.0,51899.0
13000223,35787.0,106698.0,51899.0
13000224,41507.0,106698.0,51899.0
13000225,13067.0,106698.0,51899.0
13000226,9467.0,106698.0,51899.0
13000227,119800.0,98548.0,51899.0
13000228,115533.0,98548.0,51899.0
13000229,47227.0,98548.0,51899.0
13000230,35787.0,98548.0,51899.0
13000231,41507.0,98548.0,51899.0
13000232,13067.0,98548.0,51899.0
13000233,9467.0,98548.0,51899.0
13000234,119800.0,114848.0,51899.0
13000235,115533.0,114848.0,51899.0
13000236,47227.0,114848.0,51899.0
13000237,35787.0,114848.0,51899.0
13000238,41507.0,114848.0,51899.0
13000239,13067.0,114848.0,51899.0
13000240,9467.0,114848.0,51899.0
13000241,63747.0,126298.0,51899.0
13000242,63747.0,87098.0,51899.0
13000243,92347.0,98548.0,51899.0
13000244,92347.0,107148.0,51899.0
13000245,92347.0,114848.0,51899.0
13000246,69467.0,98548.0,51899.0
13000247,69467.0,107148.0,51899.0
13000248,69467.0,114848.0,51899.0
13000249,75187.0,98548.0,51899.0
13000250,75187.0,107148.0,51899.0
13000251,75187.0,114848.0,51899.0
13000252,86627.0,98548.0,51899.0
13000253,86627.0,107148.0,51899.0
13000254,86627.0,114848.0,51899.0
13000255,80907.0,98548.0,51899.0
13000256,80907.0,107148.0,51899.0
13000257,80907.0,114848.0,51899.0
13000258,80907.0,87048.0,51899.0
13000259,27067.0,113448.0,51299.0
13000260,27067.0,114848.0,51299.0
13000261,20667.0,107123.0,51299.0
13000262,20667.0,108798.0,51299.0
13000263,28067.0,110448.0,51299.0
13000264,30067.0,110448.0,51299.0
13000265,23267.0,107148.0,51299.0
13000266,23267.0,108798.0,51299.0
13000267,17767.0,107148.0,51199.0
13000268,20167.0,107098.0,51199.0
13000269,18417.0,98548.0,51149.0
13000270,19467.0,98548.0,51149.0
13000271,28467.0,113448.0,51299.0
13000272,30067.0,113448.0,51299.0
13000273,20667.0,98548.0,51149.0
13000274,56347.0,113448.0,51199.0
13000275,56347.0,114848.0,51199.0
13000276,53847.0,107148.0,51199.0
13000277,55947.0,107048.0,51199.0
13000278,54497.0,98548.0,51149.0
13000279,56347.0,98548.0,51149.0
13000280,107467.0,98548.0,51149.0
13000281,108667.0,98548.0,51149.0
13000282,98067.0,113448.0,51299.0
13000283,99667.0,113448.0,51299.0
13000284,107967.0,107098.0,51199.0
13000285,110367.0,107148.0,51199.0
13000286,104867.0,107148.0,51299.0
13000287,104867.0,108798.0,51299.0
13000288,107467.0,107123.0,51299.0
13000289,107467.0,108798.0,51299.0
13000290,101067.0,113448.0,51299.0
13000291,101067.0,114848.0,51299.0
13000292,98067.0,110448.0,51299.0
13000293,100067.0,110448.0,51299.0
13000294,109717.0,98548.0,51149.0
13000295,17367.0,114848.0,51899.0
13000296,21533.0,114848.0,51899.0
13000297,22400.0,114848.0,51899.0
13000298,27767.0,114848.0,51899.0
13000299,16867.0,111060.0,51899.0
13000300,16867.0,111923.0,51899.0
13000301,16867.0,112785.0,51899.0
13000302,27067.0,113798.0,51899.0
13000303,27067.0,114148.0,51899.0
13000304,27067.0,114498.0,51899.0
13000305,30067.0,114148.0,51899.0
13000306,27067.0,111448.0,51899.0
13000307,27067.0,112448.0,51899.0
13000308,27767.0,113448.0,51899.0
13000309,27567.0,110448.0,51899.0
13000310,30067.0,111448.0,51899.0
13000311,30067.0,112448.0,51899.0
13000312,20667.0,109345.0,51899.0
13000313,20667.0,107541.0,51899.0
13000314,20667.0,107960.0,51899.0
13000315,20667.0,108379.0,51899.0
13000316,21533.0,108798.0,51899.0
13000317,22400.0,108798.0,51899.0
13000318,23267.0,109345.0,51899.0
13000319,28567.0,110448.0,51899.0
13000320,29067.0,110448.0,51899.0
13000321,29567.0,110448.0,51899.0
13000322,23267.0,107560.0,51899.0
13000323,23267.0,107973.0,51899.0
13000324,23267.0,108385.0,51899.0
13000325,17317.0,107148.0,51899.0
13000326,21533.0,107131.0,51899.0
13000327,22400.0,107139.0,51899.0
13000328,23267.0,106723.0,51899.0
13000329,27067.0,106723.0,51899.0
13000330,28067.0,107148.0,51899.0
13000331,29067.0,107148.0,51899.0
13000332,16867.0,101931.0,51899.0
13000333,16867.0,102814.0,51899.0
13000334,16867.0,99381.0,51899.0
13000335,16867.0,100214.0,51899.0
13000336,17317.0,101048.0,51899.0
13000337,18167.0,107139.0,51899.0
13000338,18567.0,107131.0,51899.0
13000339,18967.0,107123.0,51899.0
13000340,19367.0,107114.0,51900.0
13000341,19767.0,107106.0,51899.0
13000342,18617.0,101048.0,51899.0
13000343,20667.0,99381.0,51899.0
13000344,20667.0,100214.0,51899.0
13000345,17642.0,98548.0,51899.0
13000346,18942.0,98548.0,51899.0
13000347,21533.0,98548.0,51899.0
13000348,22400.0,98548.0,51899.0
13000349,23267.0,99070.0,51899.0
13000350,27067.0,99070.0,51899.0
13000351,28067.0,98548.0,51899.0
13000352,29067.0,98548.0,51899.0
13000353,16867.0,114248.0,51899.0
13000354,20667.0,114248.0,51899.0
13000355,20292.0,114848.0,51899.0
13000356,18142.0,114848.0,51899.0
13000357,18642.0,114848.0,51899.0
13000358,19142.0,114848.0,51900.0
13000359,19642.0,114848.0,51899.0
13000360,29267.0,114848.0,51899.0
13000361,28867.0,113448.0,51899.0
13000362,29267.0,113448.0,51899.0
13000363,29667.0,113448.0,51899.0
13000364,20067.0,101048.0,51899.0
13000365,20067.0,98548.0,51899.0
13000366,16867.0,104698.0,51899.0
13000367,16867.0,105698.0,51899.0
13000368,20667.0,106710.0,51899.0
13000369,23267.0,114248.0,51899.0
13000370,30067.0,99381.0,51899.0
13000371,30067.0,100214.0,51899.0
13000372,30067.0,105281.0,51899.0
13000373,30067.0,106214.0,51899.0
13000374,30067.0,102481.0,51899.0
13000375,30067.0,103414.0,51899.0
13000376,60347.0,101873.0,51899.0
13000377,60347.0,102698.0,51899.0
13000378,60347.0,103523.0,51899.0
13000379,63747.0,111328.0,51900.0
13000380,63747.0,112208.0,51899.0
13000381,63747.0,113088.0,51899.0
13000382,63747.0,113968.0,51899.0
13000383,61022.0,114848.0,51899.0
13000384,61697.0,114848.0,51899.0
13000385,62197.0,114848.0,51899.0
13000386,62697.0,114848.0,51900.0
13000387,63197.0,114848.0,51899.0
13000388,52947.0,104560.0,51899.0
13000389,52947.0,105423.0,51899.0
13000390,52947.0,106285.0,51899.0
13000391,53722.0,98548.0,51899.0
13000392,52947.0,99381.0,51899.0
13000393,52947.0,100214.0,51899.0
13000394,52947.0,101931.0,51899.0
13000395,52947.0,102814.0,51899.0
13000396,53397.0,101048.0,51899.0
13000397,53397.0,107148.0,51899.0
13000398,56347.0,111328.0,51899.0
13000399,56347.0,112208.0,51899.0
13000400,56347.0,113088.0,51899.0
13000401,56347.0,113798.0,51899.0
13000402,56347.0,114148.0,51899.0
13000403,56347.0,114498.0,51899.0
13000404,52947.0,111128.0,51899.0
13000405,52947.0,112058.0,51899.0
13000406,52947.0,112988.0,51899.0
13000407,52947.0,113918.0,51900.0
13000408,53622.0,114848.0,51899.0
13000409,54297.0,114848.0,51899.0
13000410,54797.0,114848.0,51899.0
13000411,55297.0,114848.0,51900.0
13000412,55797.0,114848.0,51899.0
13000413,54372.0,107123.0,51899.0
13000414,54897.0,107098.0,51899.0
13000415,55422.0,107073.0,51899.0
13000416,56347.0,106673.0,51899.0
13000417,56347.0,99381.0,51899.0
13000418,56347.0,100214.0,51899.0
13000419,54959.0,98548.0,51899.0
13000420,55422.0,98548.0,51899.0
13000421,55884.0,98548.0,51899.0
13000422,63747.0,102064.0,51899.0
13000423,63747.0,103081.0,51899.0
13000424,63747.0,104098.0,51899.0
13000425,63747.0,105114.0,51899.0
13000426,63747.0,106131.0,51899.0
13000427,63747.0,99381.0,51899.0
13000428,63747.0,100214.0,51899.0
13000429,54680.0,101048.0,51899.0
13000430,55513.0,101048.0,51899.0
13000431,60822.0,98548.0,51899.0
13000432,61297.0,98548.0,51899.0
13000433,61797.0,98548.0,51899.0
13000434,62297.0,98548.0,51899.0
13000435,62797.0,98548.0,51899.0
13000436,63272.0,98548.0,51899.0
13000437,61197.0,101048.0,51899.0
13000438,62047.0,101048.0,51899.0
13000439,62897.0,101048.0,51899.0
13000440,111267.0,104698.0,51899.0
13000441,111267.0,105698.0,51899.0
13000442,108067.0,98548.0,51899.0
13000443,108067.0,101048.0,51899.0
13000444,98467.0,113448.0,51899.0
13000445,98867.0,113448.0,51899.0
13000446,99267.0,113448.0,51899.0
13000447,98867.0,114848.0,51899.0
13000448,108492.0,114848.0,51899.0
13000449,108992.0,114848.0,51899.0
13000450,109492.0,114848.0,51900.0
13000451,109992.0,114848.0,51899.0
13000452,107842.0,114848.0,51899.0
13000453,107467.0,114248.0,51899.0
13000454,111267.0,114248.0,51899.0
13000455,110767.0,114848.0,51899.0
13000456,110492.0,98548.0,51899.0
13000457,99067.0,98548.0,51899.0
13000458,100067.0,98548.0,51900.0
13000459,105733.0,98548.0,51900.0
13000460,106600.0,98548.0,51899.0
13000461,101067.0,99070.0,51899.0
13000462,104867.0,99070.0,51899.0
13000463,107467.0,99381.0,51899.0
13000464,107467.0,100214.0,51899.0
13000465,109517.0,101048.0,51899.0
13000466,108367.0,107106.0,51899.0
13000467,108767.0,107114.0,51899.0
13000468,109167.0,107123.0,51899.0
13000469,109567.0,107131.0,51900.0
13000470,109967.0,107139.0,51899.0
13000471,110817.0,101048.0,51899.0
13000472,111267.0,99381.0,51899.0
13000473,111267.0,100214.0,51899.0
13000474,111267.0,101931.0,51899.0
13000475,111267.0,102814.0,51899.0
13000476,99067.0,107148.0,51899.0
13000477,100067.0,107148.0,51900.0
13000478,101067.0,106723.0,51899.0
13000479,104867.0,106723.0,51899.0
13000480,105733.0,107139.0,51899.0
13000481,106600.0,107131.0,51899.0
13000482,110817.0,107148.0,51899.0
13000483,104867.0,107560.0,51899.0
13000484,104867.0,107973.0,51899.0
13000485,104867.0,108385.0,51899.0
13000486,104867.0,109345.0,51899.0
13000487,105733.0,108798.0,51900.0
13000488,106600.0,108798.0,51899.0
13000489,107467.0,107541.0,51899.0
13000490,107467.0,107960.0,51899.0
13000491,107467.0,108379.0,51899.0
13000492,107467.0,109345.0,51899.0
13000493,98067.0,111448.0,51899.0
13000494,98067.0,112448.0,51899.0
13000495,100567.0,110448.0,51899.0
13000496,100367.0,113448.0,51899.0
13000497,101067.0,111448.0,51899.0
13000498,101067.0,112448.0,51899.0
13000499,98067.0,114148.0,51899.0
13000500,101067.0,113798.0,51899.0
13000501,101067.0,114148.0,51899.0
13000502,101067.0,114498.0,51899.0
13000503,111267.0,111060.0,51899.0
13000504,111267.0,111923.0,51899.0
13000505,111267.0,112785.0,51899.0
13000506,100367.0,114848.0,51899.0
13000507,105733.0,114848.0,51900.0
13000508,106600.0,114848.0,51899.0
13000509,107467.0,106710.0,51899.0
13000510,98067.0,102481.0,51899.0
13000511,98067.0,103414.0,51899.0
13000512,98067.0,105281.0,51899.0
13000513,98067.0,106214.0,51899.0
13000514,104867.0,114248.0,51899.0
13000515,98067.0,99381.0,51899.0
13000516,98067.0,100214.0,51899.0
13000517,98067.0,100881.0,51899.0
13000518,98567.0,110448.0,51899.0
13000519,99067.0,110448.0,51899.0
13000520,99567.0,110448.0,51899.0
13000521,109192.0,98548.0,51899.0
13000522,61197.0,110448.0,51899.0
13000523,62047.0,110448.0,51899.0
13000524,62897.0,110448.0,51899.0
13000525,16867.0,114848.0,50800.0
13000526,16867.0,114848.0,49966.0
13000527,16867.0,114848.0,49133.0
13000528,17867.0,114848.0,50800.0
13000529,17867.0,114848.0,49966.0
13000530,17867.0,114848.0,49133.0
13000531,20667.0,114848.0,50800.0
13000532,20667.0,114848.0,49966.0
13000533,20667.0,114848.0,49133.0
13000534,23267.0,114848.0,50900.0
13000535,23267.0,114848.0,50033.0
13000536,23267.0,114848.0,49166.0
13000537,28467.0,114848.0,50999.0
13000538,28467.0,114848.0,50100.0
13000539,28467.0,114848.0,49200.0
13000540,27067.0,110448.0,50999.0
13000541,27067.0,110448.0,50100.0
13000542,27067.0,110448.0,49200.0
13000543,20667.0,109893.0,50999.0
13000544,20667.0,109893.0,50100.0
13000545,20667.0,109893.0,49200.0
13000546,16867.0,110198.0,50800.0
13000547,16867.0,110198.0,49966.0
13000548,16867.0,110198.0,49133.0
13000549,16867.0,113648.0,50800.0
13000550,16867.0,113648.0,49966.0
13000551,16867.0,113648.0,49133.0
13000552,23267.0,109893.0,50999.0
13000553,23267.0,109893.0,50100.0
13000554,23267.0,109893.0,49200.0
13000555,16867.0,106698.0,50999.0
13000556,16867.0,106698.0,50100.0
13000557,16867.0,106698.0,49200.0
13000558,16867.0,107148.0,50999.0
13000559,16867.0,107148.0,50100.0
13000560,16867.0,107148.0,49200.0
13000561,23267.0,106298.0,50999.0
13000562,23267.0,106298.0,50100.0
13000563,23267.0,106298.0,49200.0
13000564,27067.0,106298.0,50999.0
13000565,27067.0,106298.0,50100.0
13000566,27067.0,106298.0,49200.0
13000567,27067.0,107148.0,50999.0
13000568,27067.0,107148.0,50100.0
13000569,27067.0,107148.0,49200.0
13000570,16867.0,101048.0,50999.0
13000571,16867.0,101048.0,50100.0
13000572,16867.0,101048.0,49200.0
13000573,16867.0,103698.0,50999.0
13000574,16867.0,103698.0,50100.0
13000575,16867.0,103698.0,49200.0
13000576,16867.0,98548.0,50999.0
13000577,16867.0,98548.0,50100.0
13000578,16867.0,98548.0,49200.0
13000579,17767.0,101048.0,50999.0
13000580,17767.0,101048.0,50100.0
13000581,17767.0,101048.0,49200.0
13000582,19467.0,101048.0,50999.0
13000583,19467.0,101048.0,50100.0
13000584,19467.0,101048.0,49200.0
13000585,20667.0,101048.0,50999.0
13000586,20667.0,101048.0,50100.0
13000587,20667.0,101048.0,49200.0
13000588,23267.0,98548.0,50999.0
13000589,23267.0,98548.0,50100.0
13000590,23267.0,98548.0,49200.0
13000591,23267.0,99593.0,50999.0
13000592,23267.0,99593.0,50100.0
13000593,23267.0,99593.0,49200.0
13000594,27067.0,98548.0,50999.0
13000595,27067.0,98548.0,50100.0
13000596,27067.0,98548.0,49200.0
13000597,27067.0,99593.0,50999.0
13000598,27067.0,99593.0,50100.0
13000599,27067.0,99593.0,49200.0
13000600,30067.0,98548.0,50999.0
13000601,30067.0,98548.0,50100.0
13000602,30067.0,98548.0,49200.0
13000603,19917.0,114848.0,50800.0
13000604,19917.0,114848.0,49966.0
13000605,19917.0,114848.0,49133.0
13000606,30067.0,114848.0,50999.0
13000607,30067.0,114848.0,50100.0
13000608,30067.0,114848.0,49200.0
13000609,20667.0,106298.0,50999.0
13000610,20667.0,106298.0,50100.0
13000611,20667.0,106298.0,49200.0
13000612,20667.0,113648.0,50800.0
13000613,20667.0,113648.0,49966.0
13000614,20667.0,113648.0,49133.0
13000615,23267.0,113648.0,50999.0
13000616,23267.0,113648.0,50100.0
13000617,23267.0,113648.0,49200.0
13000618,20667.0,101548.0,50999.0
13000619,20667.0,101548.0,50100.0
13000620,20667.0,101548.0,49200.0
13000621,30067.0,101048.0,50999.0
13000622,30067.0,101048.0,50100.0
13000623,30067.0,101048.0,49200.0
13000624,30067.0,101548.0,50999.0
13000625,30067.0,101548.0,50100.0
13000626,30067.0,101548.0,49200.0
13000627,30067.0,107148.0,50999.0
13000628,30067.0,107148.0,50100.0
13000629,30067.0,107148.0,49200.0
13000630,30067.0,104348.0,50999.0
13000631,30067.0,104348.0,50100.0
13000632,30067.0,104348.0,49200.0
13000633,30067.0,106698.0,50999.0
13000634,30067.0,106698.0,50100.0
13000635,30067.0,106698.0,49200.0
13000636,60347.0,101048.0,50800.0
13000637,60347.0,101048.0,49966.0
13000638,60347.0,101048.0,49133.0
13000639,60347.0,104348.0,50800.0
13000640,60347.0,104348.0,49966.0
13000641,60347.0,104348.0,49133.0
13000642,63747.0,110448.0,50800.0
13000643,63747.0,110448.0,49966.0
13000644,63747.0,110448.0,49133.0
13000645,63747.0,114848.0,50800.0
13000646,63747.0,114848.0,49966.0
13000647,63747.0,114848.0,49133.0
13000648,60347.0,114848.0,50800.0
13000649,60347.0,114848.0,49966.0
13000650,60347.0,114848.0,49133.0
13000651,52947.0,103698.0,50999.0
13000652,52947.0,103698.0,50100.0
13000653,52947.0,103698.0,49200.0
13000654,52947.0,106698.0,50999.0
13000655,52947.0,106698.0,50100.0
13000656,52947.0,106698.0,49200.0
13000657,52947.0,98548.0,50999.0
13000658,52947.0,98548.0,50100.0
13000659,52947.0,98548.0,49200.0
13000660,52947.0,101048.0,50999.0
13000661,52947.0,101048.0,50100.0
13000662,52947.0,101048.0,49200.0
13000663,53847.0,101048.0,50999.0
13000664,53847.0,101048.0,50100.0
13000665,53847.0,101048.0,49200.0
13000666,52947.0,107148.0,50999.0
13000667,52947.0,107148.0,50100.0
13000668,52947.0,107148.0,49200.0
13000669,56347.0,107048.0,50999.0
13000670,56347.0,107048.0,50100.0
13000671,56347.0,107048.0,49200.0
13000672,56347.0,110448.0,50999.0
13000673,56347.0,110448.0,50100.0
13000674,56347.0,110448.0,49200.0
13000675,52947.0,110198.0,50800.0
13000676,52947.0,110198.0,49966.0
13000677,52947.0,110198.0,49133.0
13000678,52947.0,114848.0,50800.0
13000679,52947.0,114848.0,49966.0
13000680,52947.0,114848.0,49133.0
13000681,56347.0,106298.0,50999.0
13000682,56347.0,106298.0,50100.0
13000683,56347.0,106298.0,49200.0
13000684,56347.0,101048.0,50999.0
13000685,56347.0,101048.0,50100.0
13000686,56347.0,101048.0,49200.0
13000687,56347.0,101548.0,50999.0
13000688,56347.0,101548.0,50100.0
13000689,56347.0,101548.0,49200.0
13000690,63747.0,101048.0,50800.0
13000691,63747.0,101048.0,49966.0
13000692,63747.0,101048.0,49133.0
13000693,63747.0,106698.0,50900.0
13000694,63747.0,106698.0,50033.0
13000695,63747.0,106698.0,49166.0
13000696,63747.0,98548.0,50800.0
13000697,63747.0,98548.0,49966.0
13000698,63747.0,98548.0,49133.0
13000699,60347.0,98548.0,50800.0
13000700,60347.0,98548.0,49966.0
13000701,60347.0,98548.0,49133.0
13000702,111267.0,103698.0,50999.0
13000703,111267.0,103698.0,50100.0
13000704,111267.0,103698.0,49200.0
13000705,111267.0,106698.0,50999.0
13000706,111267.0,106698.0,50100.0
13000707,111267.0,106698.0,49200.0
13000708,107467.0,101048.0,50999.0
13000709,107467.0,101048.0,50100.0
13000710,107467.0,101048.0,49200.0
13000711,108667.0,101048.0,50999.0
13000712,108667.0,101048.0,50100.0
13000713,108667.0,101048.0,49200.0
13000714,98067.0,114848.0,50999.0
13000715,98067.0,114848.0,50100.0
13000716,98067.0,114848.0,49200.0
13000717,99667.0,114848.0,50999.0
13000718,99667.0,114848.0,50100.0
13000719,99667.0,114848.0,49200.0
13000720,108217.0,114848.0,50800.0
13000721,108217.0,114848.0,49966.0
13000722,108217.0,114848.0,49133.0
13000723,110267.0,114848.0,50800.0
13000724,110267.0,114848.0,49966.0
13000725,110267.0,114848.0,49133.0
13000726,107467.0,114848.0,50900.0
13000727,107467.0,114848.0,50033.0
13000728,107467.0,114848.0,49166.0
13000729,107467.0,113648.0,50800.0
13000730,107467.0,113648.0,49966.0
13000731,107467.0,113648.0,49133.0
13000732,111267.0,113648.0,50999.0
13000733,111267.0,113648.0,50100.0
13000734,111267.0,113648.0,49200.0
13000735,111267.0,114848.0,50900.0
13000736,111267.0,114848.0,50033.0
13000737,111267.0,114848.0,49166.0
13000738,111267.0,98548.0,50999.0
13000739,111267.0,98548.0,50100.0
13000740,111267.0,98548.0,49200.0
13000741,98067.0,98548.0,50999.0
13000742,98067.0,98548.0,50100.0
13000743,98067.0,98548.0,49200.0
13000744,101067.0,98548.0,50999.0
13000745,101067.0,98548.0,50100.0
13000746,101067.0,98548.0,49200.0
13000747,104867.0,98548.0,50999.0
13000748,104867.0,98548.0,50100.0
13000749,104867.0,98548.0,49200.0
13000750,101067.0,99593.0,50999.0
13000751,101067.0,99593.0,50100.0
13000752,101067.0,99593.0,49200.0
13000753,104867.0,99593.0,50999.0
13000754,104867.0,99593.0,50100.0
13000755,104867.0,99593.0,49200.0
13000756,107467.0,101548.0,50999.0
13000757,107467.0,101548.0,50100.0
13000758,107467.0,101548.0,49200.0
13000759,110367.0,101048.0,50999.0
13000760,110367.0,101048.0,50100.0
13000761,110367.0,101048.0,49200.0
13000762,111267.0,101048.0,50999.0
13000763,111267.0,101048.0,50100.0
13000764,111267.0,101048.0,49200.0
13000765,98067.0,107148.0,50999.0
13000766,98067.0,107148.0,50100.0
13000767,98067.0,107148.0,49200.0
13000768,101067.0,107148.0,50999.0
13000769,101067.0,107148.0,50100.0
13000770,101067.0,107148.0,49200.0
13000771,101067.0,106298.0,50999.0
13000772,101067.0,106298.0,50100.0
13000773,101067.0,106298.0,49200.0
13000774,104867.0,106298.0,50999.0
13000775,104867.0,106298.0,50100.0
13000776,104867.0,106298.0,49200.0
13000777,111267.0,107148.0,50999.0
13000778,111267.0,107148.0,50100.0
13000779,111267.0,107148.0,49200.0
13000780,104867.0,109893.0,50999.0
13000781,104867.0,109893.0,50100.0
13000782,104867.0,109893.0,49200.0
13000783,107467.0,109893.0,50999.0
13000784,107467.0,109893.0,50100.0
13000785,107467.0,109893.0,49200.0
13000786,101067.0,110448.0,50999.0
13000787,101067.0,110448.0,50100.0
13000788,101067.0,110448.0,49200.0
13000789,111267.0,110198.0,50999.0
13000790,111267.0,110198.0,50100.0
13000791,111267.0,110198.0,49200.0
13000792,104867.0,114848.0,50999.0
13000793,104867.0,114848.0,50100.0
13000794,104867.0,114848.0,49200.0
13000795,107467.0,106298.0,50999.0
13000796,107467.0,106298.0,50100.0
13000797,107467.0,106298.0,49200.0
13000798,98067.0,101548.0,50999.0
13000799,98067.0,101548.0,50100.0
13000800,98067.0,101548.0,49200.0
13000801,98067.0,104348.0,50999.0
13000802,98067.0,104348.0,50100.0
13000803,98067.0,104348.0,49200.0
13000804,98067.0,106698.0,50999.0
13000805,98067.0,106698.0,50100.0
13000806,98067.0,106698.0,49200.0
13000807,104867.0,113648.0,50999.0
13000808,104867.0,113648.0,50100.0
13000809,104867.0,113648.0,49200.0
13000810,63747.0,107148.0,50999.0
13000811,63747.0,107148.0,50100.0
13000812,63747.0,107148.0,49200.0
13000813,60347.0,110448.0,50800.0
13000814,60347.0,110448.0,49966.0
13000815,60347.0,110448.0,49133.0
13000816,27067.0,113798.0,51299.0
13000817,27067.0,114148.0,51299.0
13000818,27067.0,114498.0,51299.0
13000819,20667.0,107541.0,51299.0
13000820,20667.0,107960.0,51299.0
13000821,20667.0,108379.0,51299.0
13000822,28567.0,110448.0,51299.0
13000823,29067.0,110448.0,51299.0
13000824,29567.0,110448.0,51299.0
13000825,23267.0,107560.0,51299.0
13000826,23267.0,107973.0,51299.0
13000827,23267.0,108385.0,51299.0
13000828,18167.0,107139.0,51199.0
13000829,18567.0,107131.0,51199.0
13000830,18967.0,107123.0,51199.0
13000831,19367.0,107114.0,51199.0
13000832,19767.0,107106.0,51200.0
13000833,18942.0,98548.0,51149.0
13000834,28867.0,113448.0,51299.0
13000835,29267.0,113448.0,51299.0
13000836,29667.0,113448.0,51299.0
13000837,20067.0,98548.0,51149.0
13000838,56347.0,113798.0,51199.0
13000839,56347.0,114148.0,51199.0
13000840,56347.0,114498.0,51199.0
13000841,54372.0,107123.0,51199.0
13000842,54897.0,107098.0,51199.0
13000843,55422.0,107073.0,51199.0
13000844,54959.0,98548.0,51149.0
13000845,55422.0,98548.0,51149.0
13000846,55884.0,98548.0,51149.0
13000847,108067.0,98548.0,51149.0
13000848,98467.0,113448.0,51299.0
13000849,98867.0,113448.0,51299.0
13000850,99267.0,113448.0,51299.0
13000851,108367.0,107106.0,51199.0
13000852,108767.0,107114.0,51199.0
13000853,109167.0,107123.0,51199.0
13000854,109567.0,107131.0,51199.0
13000855,109967.0,107139.0,51200.0
13000856,104867.0,107560.0,51299.0
13000857,104867.0,107973.0,51299.0
13000858,104867.0,108385.0,51299.0
13000859,107467.0,107541.0,51299.0
13000860,107467.0,107960.0,51299.0
13000861,107467.0,108379.0,51299.0
13000862,101067.0,113798.0,51299.0
13000863,101067.0,114148.0,51299.0
13000864,101067.0,114498.0,51299.0
13000865,98567.0,110448.0,51299.0
13000866,99067.0,110448.0,51299.0
13000867,99567.0,110448.0,51299.0
13000868,109192.0,98548.0,51149.0
13000869,27067.0,114848.0,50100.0
13000870,27067.0,114848.0,49200.0
13000871,27067.0,113448.0,50100.0
13000872,27067.0,113448.0,49200.0
13000873,28467.0,113448.0,50100.0
13000874,28467.0,113448.0,49200.0
13000875,20667.0,108798.0,50100.0
13000876,20667.0,108798.0,49200.0
13000877,28067.0,110448.0,50100.0
13000878,28067.0,110448.0,49200.0
13000879,23267.0,108798.0,50100.0
13000880,23267.0,108798.0,49200.0
13000881,20167.0,107098.0,50100.0
13000882,20167.0,107098.0,49200.0
13000883,20667.0,107123.0,50100.0
13000884,20667.0,107123.0,49200.0
13000885,23267.0,107148.0,50100.0
13000886,23267.0,107148.0,49200.0
13000887,20667.0,98548.0,50100.0
13000888,20667.0,98548.0,49200.0
13000889,18417.0,98548.0,50100.0
13000890,18417.0,98548.0,49200.0
13000891,17767.0,107148.0,50100.0
13000892,17767.0,107148.0,49200.0
13000893,30067.0,113448.0,50100.0
13000894,30067.0,113448.0,49200.0
13000895,30067.0,110448.0,50100.0
13000896,30067.0,110448.0,49200.0
13000897,54497.0,98548.0,50100.0
13000898,54497.0,98548.0,49200.0
13000899,53847.0,107148.0,50100.0
13000900,53847.0,107148.0,49200.0
13000901,55947.0,107048.0,50100.0
13000902,55947.0,107048.0,49200.0
13000903,56347.0,113448.0,50100.0
13000904,56347.0,113448.0,49200.0
13000905,56347.0,114848.0,49966.0
13000906,56347.0,114848.0,49133.0
13000907,56347.0,98548.0,50100.0
13000908,56347.0,98548.0,49200.0
13000909,109717.0,98548.0,50100.0
13000910,109717.0,98548.0,49200.0
13000911,107467.0,98548.0,50100.0
13000912,107467.0,98548.0,49200.0
13000913,107467.0,107123.0,50100.0
13000914,107467.0,107123.0,49200.0
13000915,107967.0,107098.0,50100.0
13000916,107967.0,107098.0,49200.0
13000917,104867.0,107148.0,50100.0
13000918,104867.0,107148.0,49200.0
13000919,110367.0,107148.0,50100.0
13000920,110367.0,107148.0,49200.0
13000921,104867.0,108798.0,50100.0
13000922,104867.0,108798.0,49200.0
13000923,107467.0,108798.0,50100.0
13000924,107467.0,108798.0,49200.0
13000925,98067.0,110448.0,50100.0
13000926,98067.0,110448.0,49200.0
13000927,98067.0,113448.0,50100.0
13000928,98067.0,113448.0,49200.0
13000929,100067.0,110448.0,50100.0
13000930,100067.0,110448.0,49200.0
13000931,99667.0,113448.0,50100.0
13000932,99667.0,113448.0,49200.0
13000933,101067.0,113448.0,50100.0
13000934,101067.0,113448.0,49200.0
13000935,101067.0,114848.0,50100.0
13000936,101067.0,114848.0,49200.0
13000937,24217.0,107148.0,51899.0
13000938,25167.0,107148.0,51899.0
13000939,26117.0,107148.0,51899.0
13000940,27067.0,108248.0,51899.0
13000941,27067.0,109348.0,51900.0
13000942,26117.0,114848.0,51899.0
13000943,24217.0,114848.0,51899.0
13000944,23267.0,112748.0,51899.0
13000945,23267.0,110870.0,51899.0
13000946,28467.0,114148.0,51899.0
13000947,17817.0,108760.0,51899.0
13000948,18767.0,108773.0,51899.0
13000949,19717.0,108785.0,51899.0
13000950,20667.0,110870.0,51899.0
13000951,20667.0,112748.0,51899.0
13000952,18892.0,113648.0,51899.0
13000953,16867.0,109473.0,51899.0
13000954,16867.0,107948.0,51899.0
13000955,24217.0,104348.0,51899.0
13000956,25167.0,104348.0,51899.0
13000957,26117.0,104348.0,51899.0
13000958,27067.0,105323.0,51899.0
13000959,23267.0,105323.0,51899.0
13000960,19467.0,99381.0,51900.0
13000961,19467.0,100214.0,51899.0
13000962,24217.0,101548.0,51899.0
13000963,25167.0,101548.0,51899.0
13000964,26117.0,101548.0,51899.0
13000965,27067.0,102481.0,51900.0
13000966,27067.0,103414.0,51899.0
13000967,23267.0,102481.0,51900.0
13000968,23267.0,103414.0,51899.0
13000969,24217.0,98548.0,51899.0
13000970,26117.0,98548.0,51899.0
13000971,27067.0,100570.0,51899.0
13000972,23267.0,100570.0,51899.0
13000973,56347.0,107898.0,51899.0
13000974,53797.0,108748.0,51899.0
13000975,54647.0,108748.0,51899.0
13000976,55497.0,108748.0,51899.0
13000977,52947.0,107948.0,51899.0
13000978,108667.0,99381.0,51900.0
13000979,108667.0,100214.0,51899.0
13000980,99667.0,114148.0,51899.0
13000981,109242.0,113648.0,51899.0
13000982,108417.0,108785.0,51899.0
13000983,109367.0,108773.0,51899.0
13000984,110317.0,108760.0,51899.0
13000985,111267.0,109473.0,51899.0
13000986,107467.0,112748.0,51899.0
13000987,107467.0,110870.0,51899.0
13000988,102017.0,98548.0,51899.0
13000989,103917.0,98548.0,51899.0
13000990,104867.0,100570.0,51899.0
13000991,102017.0,101548.0,51899.0
13000992,102967.0,101548.0,51899.0
13000993,103917.0,101548.0,51899.0
13000994,101067.0,100570.0,51899.0
13000995,111267.0,107948.0,51899.0
13000996,102017.0,104348.0,51899.0
13000997,102967.0,104348.0,51899.0
13000998,103917.0,104348.0,51899.0
13000999,104867.0,105323.0,51899.0
13001000,102017.0,107148.0,51899.0
13001001,102967.0,107148.0,51899.0
13001002,103917.0,107148.0,51899.0
13001003,101067.0,105323.0,51899.0
13001004,104867.0,110870.0,51899.0
13001005,104867.0,112748.0,51899.0
13001006,103917.0,114848.0,51899.0
13001007,102017.0,114848.0,51899.0
13001008,101067.0,108248.0,51899.0
13001009,101067.0,109348.0,51900.0
13001010,104867.0,102481.0,51900.0
13001011,104867.0,103414.0,51899.0
13001012,101067.0,102481.0,51900.0
13001013,101067.0,103414.0,51899.0
13001016,64239.0,106666.0,51899.0
13001017,108667.0,98548.0,51524.0
13001018,109192.0,98548.0,51524.0
13001019,109717.0,98548.0,51524.0
13001020,98067.0,110448.0,51599.0
13001021,98567.0,110448.0,51599.0
13001022,99067.0,110448.0,51599.0
13001023,99567.0,110448.0,51599.0
13001024,100067.0,110448.0,51599.0
13001025,101067.0,113448.0,51599.0
13001026,101067.0,113798.0,51599.0
13001027,101067.0,114148.0,51599.0
13001028,101067.0,114498.0,51599.0
13001029,101067.0,114848.0,51599.0
13001030,107467.0,107123.0,51599.0
13001031,107467.0,107541.0,51599.0
13001032,107467.0,107960.0,51599.0
13001033,107467.0,108379.0,51599.0
13001034,107467.0,108798.0,51599.0
13001035,104867.0,107148.0,51599.0
13001036,104867.0,107560.0,51599.0
13001037,104867.0,107973.0,51599.0
13001038,104867.0,108385.0,51599.0
13001039,104867.0,108798.0,51599.0
13001040,107967.0,107098.0,51549.0
13001041,108367.0,107106.0,51549.0
13001042,108767.0,107114.0,51549.0
13001043,109167.0,107123.0,51549.0
13001044,109567.0,107131.0,51549.0
13001045,109967.0,107139.0,51549.0
13001046,110367.0,107148.0,51549.0
13001047,98067.0,113448.0,51599.0
13001048,98467.0,113448.0,51599.0
13001049,98867.0,113448.0,51599.0
13001050,99267.0,113448.0,51599.0
13001051,99667.0,113448.0,51599.0
13001052,107467.0,98548.0,51524.0
13001053,108067.0,98548.0,51524.0
13001054,54497.0,98548.0,51524.0
13001055,54959.0,98548.0,51524.0
13001056,55422.0,98548.0,51524.0
13001057,55884.0,98548.0,51524.0
13001058,56347.0,98548.0,51524.0
13001059,53847.0,107148.0,51549.0
13001060,54372.0,107123.0,51549.0
13001061,54897.0,107098.0,51549.0
13001062,55422.0,107073.0,51549.0
13001063,55947.0,107048.0,51549.0
13001064,56347.0,113448.0,51549.0
13001065,56347.0,113798.0,51549.0
13001066,56347.0,114148.0,51549.0
13001067,56347.0,114498.0,51549.0
13001068,56347.0,114848.0,51549.0
13001069,19467.0,98548.0,51524.0
13001070,20067.0,98548.0,51524.0
13001071,20667.0,98548.0,51524.0
13001072,28467.0,113448.0,51599.0
13001073,28867.0,113448.0,51599.0
13001074,29267.0,113448.0,51599.0
13001075,29667.0,113448.0,51599.0
13001076,30067.0,113448.0,51599.0
13001077,18417.0,98548.0,51524.0
13001078,18942.0,98548.0,51524.0
13001079,17767.0,107148.0,51549.0
13001080,18167.0,107139.0,51549.0
13001081,18567.0,107131.0,51549.0
13001082,18967.0,107123.0,51549.0
13001083,19367.0,107114.0,51549.0
13001084,19767.0,107106.0,51549.0
13001085,20167.0,107098.0,51549.0
13001086,23267.0,107148.0,51599.0
13001087,23267.0,107560.0,51599.0
13001088,23267.0,107973.0,51599.0
13001089,23267.0,108385.0,51599.0
13001090,23267.0,108798.0,51599.0
13001091,28067.0,110448.0,51599.0
13001092,28567.0,110448.0,51599.0
13001093,29067.0,110448.0,51599.0
13001094,29567.0,110448.0,51599.0
13001095,30067.0,110448.0,51599.0
13001096,20667.0,107123.0,51599.0
13001097,20667.0,107541.0,51599.0
13001098,20667.0,107960.0,51599.0
13001099,20667.0,108379.0,51599.0
13001100,20667.0,108798.0,51599.0
13001101,27067.0,113448.0,51599.0
13001102,27067.0,113798.0,51599.0
13001103,27067.0,114148.0,51599.0
13001104,27067.0,114498.0,51599.0
13001105,27067.0,114848.0,51599.0
13001106,17367.0,114848.0,50800.0
13001107,17367.0,114848.0,49133.0
13001108,17367.0,114848.0,49966.0
13001109,21533.0,114848.0,50900.0
13001110,22400.0,114848.0,50900.0
13001111,21533.0,114848.0,49166.0
13001112,22400.0,114848.0,49166.0
13001113,21533.0,114848.0,50033.0
13001114,22400.0,114848.0,50033.0
13001115,27767.0,114848.0,50999.0
13001116,27767.0,114848.0,49200.0
13001117,27767.0,114848.0,50100.0
13001118,16867.0,111060.0,50800.0
13001119,16867.0,111923.0,50800.0
13001120,16867.0,112785.0,50800.0
13001121,16867.0,111060.0,49133.0
13001122,16867.0,111923.0,49133.0
13001123,16867.0,112785.0,49133.0
13001124,16867.0,111060.0,49966.0
13001125,16867.0,112785.0,49966.0
13001126,16867.0,111923.0,49966.0
13001127,30067.0,114148.0,50999.0
13001128,30067.0,114148.0,49200.0
13001129,30067.0,114148.0,50100.0
13001130,27067.0,111448.0,50999.0
13001131,27067.0,112448.0,50999.0
13001132,27067.0,111448.0,49200.0
13001133,27067.0,112448.0,49200.0
13001134,27067.0,111448.0,50100.0
13001135,27067.0,112448.0,50100.0
13001136,27767.0,113448.0,51299.0
13001137,27767.0,113448.0,49200.0
13001138,27767.0,113448.0,50100.0
13001139,27567.0,110448.0,50999.0
13001140,27567.0,110448.0,49200.0
13001141,27567.0,110448.0,50100.0
13001142,30067.0,111448.0,51299.0
13001143,30067.0,112448.0,51299.0
13001144,30067.0,111448.0,49200.0
13001145,30067.0,112448.0,49200.0
13001146,30067.0,111448.0,50100.0
13001147,30067.0,112448.0,50100.0
13001148,20667.0,109345.0,50999.0
13001149,20667.0,109345.0,49200.0
13001150,20667.0,109345.0,50100.0
13001151,21533.0,108798.0,51299.0
13001152,22400.0,108798.0,51299.0
13001153,21533.0,108798.0,49200.0
13001154,22400.0,108798.0,49200.0
13001155,21533.0,108798.0,50100.0
13001156,22400.0,108798.0,50100.0
13001157,23267.0,109345.0,50999.0
13001158,23267.0,109345.0,49200.0
13001159,23267.0,109345.0,50100.0
13001160,17317.0,107148.0,50999.0
13001161,17317.0,107148.0,49200.0
13001162,17317.0,107148.0,50100.0
13001163,21533.0,107131.0,51299.0
13001164,22400.0,107139.0,51299.0
13001165,21533.0,107131.0,49200.0
13001166,22400.0,107139.0,49200.0
13001167,21533.0,107131.0,50100.0
13001168,22400.0,107139.0,50100.0
13001169,23267.0,106723.0,50999.0
13001170,23267.0,106723.0,49200.0
13001171,23267.0,106723.0,50100.0
13001172,27067.0,106723.0,50999.0
13001173,27067.0,106723.0,49200.0
13001174,27067.0,106723.0,50100.0
13001175,28067.0,107148.0,50999.0
13001176,29067.0,107148.0,50999.0
13001177,28067.0,107148.0,49200.0
13001178,29067.0,107148.0,49200.0
13001179,28067.0,107148.0,50100.0
13001180,29067.0,107148.0,50100.0
13001181,16867.0,101931.0,50999.0
13001182,16867.0,102814.0,50999.0
13001183,16867.0,101931.0,49200.0
13001184,16867.0,102814.0,49200.0
13001185,16867.0,101931.0,50100.0
13001186,16867.0,102814.0,50100.0
13001187,16867.0,99381.0,50999.0
13001188,16867.0,100214.0,50999.0
13001189,16867.0,99381.0,49200.0
13001190,16867.0,100214.0,49200.0
13001191,16867.0,99381.0,50100.0
13001192,16867.0,100214.0,50100.0
13001193,17317.0,101048.0,50999.0
13001194,17317.0,101048.0,49200.0
13001195,17317.0,101048.0,50100.0
13001196,18617.0,101048.0,50999.0
13001197,18617.0,101048.0,49200.0
13001198,18617.0,101048.0,50100.0
13001199,20667.0,99381.0,50999.0
13001200,20667.0,100214.0,50999.0
13001201,20667.0,99381.0,49200.0
13001202,20667.0,100214.0,49200.0
13001203,20667.0,99381.0,50100.0
13001204,20667.0,100214.0,50100.0
13001205,17642.0,98548.0,50999.0
13001206,17642.0,98548.0,49200.0
13001207,17642.0,98548.0,50100.0
13001208,21533.0,98548.0,50999.0
13001209,22400.0,98548.0,50999.0
13001210,21533.0,98548.0,49200.0
13001211,22400.0,98548.0,49200.0
13001212,21533.0,98548.0,50100.0
13001213,22400.0,98548.0,50100.0
13001214,23267.0,99070.0,50999.0
13001215,23267.0,99070.0,49200.0
13001216,23267.0,99070.0,50100.0
13001217,27067.0,99070.0,50999.0
13001218,27067.0,99070.0,49200.0
13001219,27067.0,99070.0,50100.0
13001220,28067.0,98548.0,50999.0
13001221,29067.0,98548.0,50999.0
13001222,28067.0,98548.0,49200.0
13001223,29067.0,98548.0,49200.0
13001224,28067.0,98548.0,50100.0
13001225,29067.0,98548.0,50100.0
13001226,16867.0,114248.0,50800.0
13001227,16867.0,114248.0,49133.0
13001228,16867.0,114248.0,49966.0
13001229,20667.0,114248.0,50800.0
13001230,20667.0,114248.0,49133.0
13001231,20667.0,114248.0,49966.0
13001232,20292.0,114848.0,50800.0
13001233,20292.0,114848.0,49133.0
13001234,20292.0,114848.0,49966.0
13001235,18142.0,114848.0,50800.0
13001236,18145.0,114848.0,51350.0
13001237,18642.0,114848.0,51350.0
13001238,19142.0,114848.0,51350.0
13001239,19639.0,114848.0,51350.0
13001240,19642.0,114848.0,50800.0
13001241,18142.0,114848.0,49133.0
13001242,19642.0,114848.0,49133.0
13001243,18142.0,114848.0,49966.0
13001244,19642.0,114848.0,49966.0
13001245,18642.0,114848.0,50800.0
13001246,19142.0,114848.0,50800.0
13001247,29267.0,114848.0,50999.0
13001248,29267.0,114848.0,49200.0
13001249,29267.0,114848.0,50100.0
13001250,20067.0,101048.0,50999.0
13001251,20067.0,101048.0,49200.0
13001252,20067.0,101048.0,50100.0
13001253,16867.0,104698.0,50999.0
13001254,16867.0,105698.0,50999.0
13001255,16867.0,104698.0,49200.0
13001256,16867.0,105698.0,49200.0
13001257,16867.0,104698.0,50100.0
13001258,16867.0,105698.0,50100.0
13001259,20667.0,106710.0,50999.0
13001260,20667.0,106710.0,49200.0
13001261,20667.0,106710.0,50100.0
13001262,23267.0,114248.0,50999.0
13001263,23267.0,114248.0,49200.0
13001264,23267.0,114248.0,50100.0
13001265,30067.0,99381.0,50999.0
13001266,30067.0,100214.0,50999.0
13001267,30067.0,99381.0,49200.0
13001268,30067.0,100214.0,49200.0
13001269,30067.0,99381.0,50100.0
13001270,30067.0,100214.0,50100.0
13001271,30067.0,105281.0,50999.0
13001272,30067.0,106214.0,50999.0
13001273,30067.0,105281.0,49200.0
13001274,30067.0,106214.0,49200.0
13001275,30067.0,105281.0,50100.0
13001276,30067.0,106214.0,50100.0
13001277,30067.0,102481.0,50999.0
13001278,30067.0,103414.0,50999.0
13001279,30067.0,102481.0,49200.0
13001280,30067.0,103414.0,49200.0
13001281,30067.0,102481.0,50100.0
13001282,30067.0,103414.0,50100.0
13001283,60347.0,101873.0,50800.0
13001284,60347.0,102698.0,50800.0
13001285,60347.0,103523.0,50800.0
13001286,60347.0,101873.0,49133.0
13001287,60347.0,102698.0,49133.0
13001288,60347.0,103523.0,49133.0
13001289,60347.0,101873.0,49966.0
13001290,60347.0,103523.0,49966.0
13001291,60347.0,102698.0,49966.0
13001292,63747.0,111328.0,50800.0
13001293,63747.0,112208.0,50800.0
13001294,63747.0,113088.0,50800.0
13001295,63747.0,113968.0,50800.0
13001296,63747.0,111328.0,49133.0
13001297,63747.0,112208.0,49133.0
13001298,63747.0,113088.0,49133.0
13001299,63747.0,113968.0,49133.0
13001300,63747.0,111328.0,49966.0
13001301,63747.0,113968.0,49966.0
13001302,63747.0,112208.0,49966.0
13001303,63747.0,113088.0,49966.0
13001304,61022.0,114848.0,50800.0
13001305,61697.0,114848.0,50800.0
13001306,61700.0,114848.0,51350.0
13001307,62197.0,114848.0,51350.0
13001308,62697.0,114848.0,51350.0
13001309,63194.0,114848.0,51350.0
13001310,63197.0,114848.0,50800.0
13001311,61022.0,114848.0,49133.0
13001312,61697.0,114848.0,49133.0
13001313,63197.0,114848.0,49133.0
13001314,61022.0,114848.0,49966.0
13001315,63197.0,114848.0,49966.0
13001316,62197.0,114848.0,50800.0
13001317,61697.0,114848.0,49966.0
13001318,62697.0,114848.0,50800.0
13001319,52947.0,104560.0,50999.0
13001320,52947.0,105423.0,50999.0
13001321,52947.0,106285.0,50999.0
13001322,52947.0,104560.0,49200.0
13001323,52947.0,105423.0,49200.0
13001324,52947.0,106285.0,49200.0
13001325,52947.0,104560.0,50100.0
13001326,52947.0,106285.0,50100.0
13001327,52947.0,105423.0,50100.0
13001328,53722.0,98548.0,50999.0
13001329,53722.0,98548.0,49200.0
13001330,53722.0,98548.0,50100.0
13001331,52947.0,99381.0,50999.0
13001332,52947.0,100214.0,50999.0
13001333,52947.0,99381.0,49200.0
13001334,52947.0,100214.0,49200.0
13001335,52947.0,99381.0,50100.0
13001336,52947.0,100214.0,50100.0
13001337,52947.0,101931.0,50999.0
13001338,52947.0,102814.0,50999.0
13001339,52947.0,101931.0,49200.0
13001340,52947.0,102814.0,49200.0
13001341,52947.0,101931.0,50100.0
13001342,52947.0,102814.0,50100.0
13001343,53397.0,101048.0,50999.0
13001344,53397.0,101048.0,49200.0
13001345,53397.0,101048.0,50100.0
13001346,53397.0,107148.0,50999.0
13001347,53397.0,107148.0,49200.0
13001348,53397.0,107148.0,50100.0
13001349,56347.0,111328.0,50999.0
13001350,56347.0,112208.0,50999.0
13001351,56347.0,113088.0,50999.0
13001352,56347.0,111328.0,49200.0
13001353,56347.0,112208.0,49200.0
13001354,56347.0,113088.0,49200.0
13001355,56347.0,111328.0,50100.0
13001356,56347.0,113088.0,50100.0
13001357,56347.0,112208.0,50100.0
13001358,52947.0,111128.0,50800.0
13001359,52947.0,112058.0,50800.0
13001360,52947.0,112988.0,50800.0
13001361,52947.0,113918.0,50800.0
13001362,52947.0,111128.0,49133.0
13001363,52947.0,112058.0,49133.0
13001364,52947.0,112988.0,49133.0
13001365,52947.0,113918.0,49133.0
13001366,52947.0,111128.0,49966.0
13001367,52947.0,113918.0,49966.0
13001368,52947.0,112058.0,49966.0
13001369,52947.0,112988.0,49966.0
13001370,53622.0,114848.0,50800.0
13001371,54297.0,114848.0,50800.0
13001372,54300.0,114848.0,51350.0
13001373,54797.0,114848.0,51350.0
13001374,55297.0,114848.0,51350.0
13001375,55794.0,114848.0,51350.0
13001376,55797.0,114848.0,50800.0
13001377,53622.0,114848.0,49133.0
13001378,54297.0,114848.0,49133.0
13001379,55797.0,114848.0,49133.0
13001380,53622.0,114848.0,49966.0
13001381,55797.0,114848.0,49966.0
13001382,54797.0,114848.0,50800.0
13001383,54297.0,114848.0,49966.0
13001384,55297.0,114848.0,50800.0
13001385,56347.0,106673.0,50999.0
13001386,56347.0,106673.0,49200.0
13001387,56347.0,106673.0,50100.0
13001388,56347.0,99381.0,50999.0
13001389,56347.0,100214.0,50999.0
13001390,56347.0,99381.0,49200.0
13001391,56347.0,100214.0,49200.0
13001392,56347.0,99381.0,50100.0
13001393,56347.0,100214.0,50100.0
13001394,63747.0,102064.0,50900.0
13001395,63747.0,103081.0,50900.0
13001396,63747.0,104098.0,50900.0
13001397,63747.0,105114.0,50900.0
13001398,63747.0,106131.0,50900.0
13001399,63747.0,102064.0,49166.0
13001400,63747.0,103081.0,49166.0
13001401,63747.0,104098.0,49166.0
13001402,63747.0,105114.0,49166.0
13001403,63747.0,106131.0,49166.0
13001404,63747.0,102064.0,50033.0
13001405,63747.0,106131.0,50033.0
13001406,63747.0,103081.0,50033.0
13001407,63747.0,104098.0,50033.0
13001408,63747.0,105114.0,50033.0
13001409,63747.0,99381.0,50800.0
13001410,63747.0,100214.0,50800.0
13001411,63747.0,99381.0,49133.0
13001412,63747.0,100214.0,49133.0
13001413,63747.0,99381.0,49966.0
13001414,63747.0,100214.0,49966.0
13001415,54680.0,101048.0,50999.0
13001416,55513.0,101048.0,50999.0
13001417,54680.0,101048.0,49200.0
13001418,55513.0,101048.0,49200.0
13001419,54680.0,101048.0,50100.0
13001420,55513.0,101048.0,50100.0
13001421,60822.0,98548.0,50800.0
13001422,61297.0,98548.0,50800.0
13001423,61300.0,98548.0,51350.0
13001424,61797.0,98548.0,51350.0
13001425,62297.0,98548.0,51350.0
13001426,62794.0,98548.0,51350.0
13001427,62797.0,98548.0,50800.0
13001428,63272.0,98548.0,50800.0
13001429,60822.0,98548.0,49133.0
13001430,61297.0,98548.0,49133.0
13001431,63272.0,98548.0,49133.0
13001432,62797.0,98548.0,49133.0
13001433,60822.0,98548.0,49966.0
13001434,63272.0,98548.0,49966.0
13001435,61797.0,98548.0,50800.0
13001436,61297.0,98548.0,49966.0
13001437,62297.0,98548.0,50800.0
13001438,62797.0,98548.0,49966.0
13001439,61197.0,101048.0,50800.0
13001440,62047.0,101048.0,50800.0
13001441,62897.0,101048.0,50800.0
13001442,61197.0,101048.0,49133.0
13001443,62047.0,101048.0,49133.0
13001444,62897.0,101048.0,49133.0
13001445,61197.0,101048.0,49966.0
13001446,62897.0,101048.0,49966.0
13001447,62047.0,101048.0,49966.0
13001448,111267.0,104698.0,50999.0
13001449,111267.0,105698.0,50999.0
13001450,111267.0,104698.0,49200.0
13001451,111267.0,105698.0,49200.0
13001452,111267.0,104698.0,50100.0
13001453,111267.0,105698.0,50100.0
13001454,108067.0,101048.0,50999.0
13001455,108067.0,101048.0,49200.0
13001456,108067.0,101048.0,50100.0
13001457,98867.0,114848.0,50999.0
13001458,98867.0,114848.0,49200.0
13001459,98867.0,114848.0,50100.0
13001460,108492.0,114848.0,50800.0
13001461,108495.0,114848.0,51350.0
13001462,108992.0,114848.0,51350.0
13001463,109492.0,114848.0,51350.0
13001464,109989.0,114848.0,51350.0
13001465,109992.0,114848.0,50800.0
13001466,108492.0,114848.0,49133.0
13001467,109992.0,114848.0,49133.0
13001468,108492.0,114848.0,49966.0
13001469,109992.0,114848.0,49966.0
13001470,108992.0,114848.0,50800.0
13001471,109492.0,114848.0,50800.0
13001472,107842.0,114848.0,50900.0
13001473,107842.0,114848.0,49166.0
13001474,107842.0,114848.0,50033.0
13001475,107467.0,114248.0,50900.0
13001476,107467.0,114248.0,49166.0
13001477,107467.0,114248.0,50033.0
13001478,111267.0,114248.0,50999.0
13001479,111267.0,114248.0,49200.0
13001480,111267.0,114248.0,50100.0
13001481,110767.0,114848.0,50900.0
13001482,110767.0,114848.0,49166.0
13001483,110767.0,114848.0,50033.0
13001484,110492.0,98548.0,50999.0
13001485,110492.0,98548.0,49200.0
13001486,110492.0,98548.0,50100.0
13001487,99067.0,98548.0,50999.0
13001488,100067.0,98548.0,50999.0
13001489,99067.0,98548.0,49200.0
13001490,100067.0,98548.0,49200.0
13001491,99067.0,98548.0,50100.0
13001492,100067.0,98548.0,50100.0
13001493,105733.0,98548.0,50999.0
13001494,106600.0,98548.0,50999.0
13001495,105733.0,98548.0,49200.0
13001496,106600.0,98548.0,49200.0
13001497,105733.0,98548.0,50100.0
13001498,106600.0,98548.0,50100.0
13001499,101067.0,99070.0,50999.0
13001500,101067.0,99070.0,49200.0
13001501,101067.0,99070.0,50100.0
13001502,104867.0,99070.0,50999.0
13001503,104867.0,99070.0,49200.0
13001504,104867.0,99070.0,50100.0
13001505,107467.0,99381.0,50999.0
13001506,107467.0,100214.0,50999.0
13001507,107467.0,99381.0,49200.0
13001508,107467.0,100214.0,49200.0
13001509,107467.0,99381.0,50100.0
13001510,107467.0,100214.0,50100.0
13001511,109517.0,101048.0,50999.0
13001512,109517.0,101048.0,49200.0
13001513,109517.0,101048.0,50100.0
13001514,110817.0,101048.0,50999.0
13001515,110817.0,101048.0,49200.0
13001516,110817.0,101048.0,50100.0
13001517,111267.0,99381.0,50999.0
13001518,111267.0,100214.0,50999.0
13001519,111267.0,99381.0,49200.0
13001520,111267.0,100214.0,49200.0
13001521,111267.0,99381.0,50100.0
13001522,111267.0,100214.0,50100.0
13001523,111267.0,101931.0,50999.0
13001524,111267.0,102814.0,50999.0
13001525,111267.0,101931.0,49200.0
13001526,111267.0,102814.0,49200.0
13001527,111267.0,101931.0,50100.0
13001528,111267.0,102814.0,50100.0
13001529,99067.0,107148.0,50999.0
13001530,100067.0,107148.0,50999.0
13001531,99067.0,107148.0,49200.0
13001532,100067.0,107148.0,49200.0
13001533,99067.0,107148.0,50100.0
13001534,100067.0,107148.0,50100.0
13001535,101067.0,106723.0,50999.0
13001536,101067.0,106723.0,49200.0
13001537,101067.0,106723.0,50100.0
13001538,104867.0,106723.0,50999.0
13001539,104867.0,106723.0,49200.0
13001540,104867.0,106723.0,50100.0
13001541,105733.0,107139.0,51299.0
13001542,106600.0,107131.0,51299.0
13001543,105733.0,107139.0,49200.0
13001544,106600.0,107131.0,49200.0
13001545,105733.0,107139.0,50100.0
13001546,106600.0,107131.0,50100.0
13001547,110817.0,107148.0,50999.0
13001548,110817.0,107148.0,49200.0
13001549,110817.0,107148.0,50100.0
13001550,104867.0,109345.0,50999.0
13001551,104867.0,109345.0,49200.0
13001552,104867.0,109345.0,50100.0
13001553,105733.0,108798.0,51299.0
13001554,106600.0,108798.0,51299.0
13001555,105733.0,108798.0,49200.0
13001556,106600.0,108798.0,49200.0
13001557,105733.0,108798.0,50100.0
13001558,106600.0,108798.0,50100.0
13001559,107467.0,109345.0,50999.0
13001560,107467.0,109345.0,49200.0
13001561,107467.0,109345.0,50100.0
13001562,98067.0,111448.0,51299.0
13001563,98067.0,112448.0,51299.0
13001564,98067.0,111448.0,49200.0
13001565,98067.0,112448.0,49200.0
13001566,98067.0,111448.0,50100.0
13001567,98067.0,112448.0,50100.0
13001568,100567.0,110448.0,50999.0
13001569,100567.0,110448.0,49200.0
13001570,100567.0,110448.0,50100.0
13001571,100367.0,113448.0,51299.0
13001572,100367.0,113448.0,49200.0
13001573,100367.0,113448.0,50100.0
13001574,101067.0,111448.0,50999.0
13001575,101067.0,112448.0,50999.0
13001576,101067.0,111448.0,49200.0
13001577,101067.0,112448.0,49200.0
13001578,101067.0,111448.0,50100.0
13001579,101067.0,112448.0,50100.0
13001580,98067.0,114148.0,50999.0
13001581,98067.0,114148.0,49200.0
13001582,98067.0,114148.0,50100.0
13001583,111267.0,111060.0,50999.0
13001584,111267.0,111923.0,50999.0
13001585,111267.0,112785.0,50999.0
13001586,111267.0,111060.0,49200.0
13001587,111267.0,111923.0,49200.0
13001588,111267.0,112785.0,49200.0
13001589,111267.0,111060.0,50100.0
13001590,111267.0,112785.0,50100.0
13001591,111267.0,111923.0,50100.0
13001592,100367.0,114848.0,50999.0
13001593,100367.0,114848.0,49200.0
13001594,100367.0,114848.0,50100.0
13001595,105733.0,114848.0,50999.0
13001596,106600.0,114848.0,50999.0
13001597,105733.0,114848.0,49200.0
13001598,106600.0,114848.0,49200.0
13001599,105733.0,114848.0,50100.0
13001600,106600.0,114848.0,50100.0
13001601,107467.0,106710.0,50999.0
13001602,107467.0,106710.0,49200.0
13001603,107467.0,106710.0,50100.0
13001604,98067.0,102481.0,50999.0
13001605,98067.0,103414.0,50999.0
13001606,98067.0,102481.0,49200.0
13001607,98067.0,103414.0,49200.0
13001608,98067.0,102481.0,50100.0
13001609,98067.0,103414.0,50100.0
13001610,98067.0,105281.0,50999.0
13001611,98067.0,106214.0,50999.0
13001612,98067.0,105281.0,49200.0
13001613,98067.0,106214.0,49200.0
13001614,98067.0,105281.0,50100.0
13001615,98067.0,106214.0,50100.0
13001616,104867.0,114248.0,50999.0
13001617,104867.0,114248.0,49200.0
13001618,104867.0,114248.0,50100.0
13001619,98067.0,99381.0,50999.0
13001620,98067.0,100214.0,50999.0
13001621,98067.0,100881.0,50999.0
13001622,98067.0,99381.0,49200.0
13001623,98067.0,100214.0,49200.0
13001624,98067.0,100881.0,49200.0
13001625,98067.0,99381.0,50100.0
13001626,98067.0,100881.0,50100.0
13001627,98067.0,100214.0,50100.0
13001628,61197.0,110448.0,50800.0
13001629,62047.0,110448.0,50800.0
13001630,62897.0,110448.0,50800.0
13001631,61197.0,110448.0,49133.0
13001632,62047.0,110448.0,49133.0
13001633,62897.0,110448.0,49133.0
13001634,61197.0,110448.0,49966.0
13001635,62897.0,110448.0,49966.0
13001636,62047.0,110448.0,49966.0
13001637,24217.0,113842.0,51899.0
13001638,24217.0,112888.0,51899.0
13001639,24217.0,111942.0,51899.0
13001640,24217.0,110977.0,51899.0
13001641,24217.0,109999.0,51899.0
13001642,24217.0,109011.0,51899.0
13001643,24217.0,108071.0,51899.0
13001644,25167.0,113929.0,51899.0
13001645,25167.0,113007.0,51899.0
13001646,25167.0,112066.0,51899.0
13001647,25167.0,111102.0,51899.0
13001648,25167.0,110119.0,51899.0
13001649,25167.0,109126.0,51899.0
13001650,25167.0,108135.0,51899.0
13001651,26117.0,114015.0,51899.0
13001652,26117.0,113157.0,51899.0
13001653,26117.0,112223.0,51899.0
13001654,26117.0,111253.0,51899.0
13001655,26117.0,110256.0,51899.0
13001656,26117.0,109228.0,51899.0
13001657,26117.0,108189.0,51899.0
13001658,27767.0,114148.0,51899.0
13001659,29267.0,114148.0,51899.0
13001660,17833.0,112807.0,51899.0
13001661,17803.0,111978.0,51899.0
13001662,17814.0,109560.0,51899.0
13001663,17803.0,110360.0,51899.0
13001664,17797.0,111175.0,51899.0
13001665,18747.0,110499.0,51899.0
13001666,18711.0,111308.0,51899.0
13001667,18758.0,109644.0,51899.0
13001668,18725.0,111989.0,51899.0
13001669,18796.0,112799.0,51899.0
13001670,19605.0,111720.0,51899.0
13001671,19687.0,110724.0,51899.0
13001672,19711.0,109759.0,51899.0
13001673,19736.0,112715.0,51899.0
13001674,17727.0,107952.0,51899.0
13001675,18522.0,107951.0,51899.0
13001676,19173.0,107945.0,51899.0
13001677,19928.0,107945.0,51899.0
13001678,21533.0,107964.0,51899.0
13001679,22400.0,107968.0,51899.0
13001680,24217.0,106235.0,51899.0
13001681,24217.0,105296.0,51899.0
13001682,25167.0,106224.0,51899.0
13001683,25167.0,105289.0,51899.0
13001684,26117.0,106235.0,51899.0
13001685,26117.0,105296.0,51899.0
13001686,17733.0,100214.0,51899.0
13001687,17704.0,99381.0,51899.0
13001688,18596.0,100214.0,51899.0
13001689,18559.0,99381.0,51899.0
13001690,24217.0,103414.0,51899.0
13001691,24217.0,102481.0,51899.0
13001692,25167.0,103414.0,51899.0
13001693,25167.0,102481.0,51899.0
13001694,26117.0,103414.0,51899.0
13001695,26117.0,102481.0,51899.0
13001696,24217.0,100556.0,51899.0
13001697,24217.0,99559.0,51899.0
13001698,25167.0,100552.0,51899.0
13001699,25167.0,99553.0,51899.0
13001700,26117.0,100556.0,51899.0
13001701,26117.0,99559.0,51899.0
13001702,53835.0,107943.0,51899.0
13001703,54736.0,107923.0,51899.0
13001704,55602.0,107903.0,51899.0
13001705,109538.0,100214.0,51899.0
13001706,109574.0,99381.0,51899.0
13001707,110401.0,100214.0,51899.0
13001708,110429.0,99381.0,51899.0
13001709,98867.0,114148.0,51899.0
13001710,100367.0,114148.0,51899.0
13001711,108372.0,112745.0,51899.0
13001712,108436.0,111814.0,51899.0
13001713,108445.0,109786.0,51899.0
13001714,108536.0,110807.0,51899.0
13001715,109424.0,111113.0,51899.0
13001716,109371.0,111930.0,51899.0
13001717,109425.0,110435.0,51899.0
13001718,109388.0,109627.0,51899.0
13001719,109326.0,112783.0,51899.0
13001720,110341.0,110329.0,51899.0
13001721,110337.0,111124.0,51899.0
13001722,110328.0,109547.0,51899.0
13001723,110293.0,112795.0,51899.0
13001724,110320.0,111948.0,51899.0
13001725,102017.0,100556.0,51899.0
13001726,102017.0,99559.0,51899.0
13001727,102967.0,100552.0,51899.0
13001728,102967.0,99553.0,51899.0
13001729,103917.0,100556.0,51899.0
13001730,103917.0,99559.0,51899.0
13001731,108205.0,107945.0,51899.0
13001732,108960.0,107945.0,51899.0
13001733,109611.0,107951.0,51899.0
13001734,110406.0,107952.0,51899.0
13001735,102017.0,106235.0,51899.0
13001736,102017.0,105296.0,51899.0
13001737,102967.0,106224.0,51899.0
13001738,102967.0,105289.0,51899.0
13001739,103917.0,106235.0,51899.0
13001740,103917.0,105296.0,51899.0
13001741,102017.0,114015.0,51899.0
13001742,102017.0,113157.0,51899.0
13001743,102017.0,112223.0,51899.0
13001744,102017.0,111253.0,51899.0
13001745,102017.0,110256.0,51899.0
13001746,102017.0,109228.0,51899.0
13001747,102017.0,108189.0,51899.0
13001748,102967.0,113929.0,51899.0
13001749,102967.0,113007.0,51899.0
13001750,102967.0,112066.0,51899.0
13001751,102967.0,111102.0,51899.0
13001752,102967.0,110119.0,51899.0
13001753,102967.0,109126.0,51899.0
13001754,102967.0,108135.0,51899.0
13001755,103917.0,113842.0,51899.0
13001756,103917.0,112888.0,51899.0
13001757,103917.0,111942.0,51899.0
13001758,103917.0,110977.0,51899.0
13001759,103917.0,109999.0,51899.0
13001760,103917.0,109011.0,51899.0
13001761,103917.0,108071.0,51899.0
13001762,102017.0,103414.0,51899.0
13001763,102017.0,102481.0,51899.0
13001764,102967.0,103414.0,51899.0
13001765,102967.0,102481.0,51899.0
13001766,103917.0,103414.0,51899.0
13001767,103917.0,102481.0,51899.0
13001768,105733.0,107968.0,51899.0
13001769,106600.0,107964.0,51899.0
14000001,23267.0,114848.0,55500.0
14000002,27067.0,114848.0,55500.0
14000003,20667.0,114848.0,55500.0
14000004,30067.0,114848.0,55500.0
14000005,27067.0,113448.0,55500.0
14000006,27067.0,110448.0,55500.0
14000007,30067.0,113448.0,55500.0
14000008,20667.0,111848.0,55500.0
14000009,20667.0,108798.0,55500.0
14000010,23267.0,111848.0,55500.0
14000011,16867.0,108748.0,55500.0
14000012,23267.0,108798.0,55500.0
14000013,16867.0,107148.0,55500.0
14000014,30067.0,107148.0,55500.0
14000015,23267.0,107148.0,55500.0
14000016,20667.0,107123.0,55500.0
14000017,27067.0,107148.0,55500.0
14000018,16867.0,101048.0,55500.0
14000019,17767.0,107148.0,55500.0
14000020,17767.0,101048.0,55500.0
14000021,20667.0,104348.0,55500.0
14000022,23267.0,104348.0,55500.0
14000023,27067.0,104348.0,55500.0
14000024,20667.0,101548.0,55500.0
14000025,20667.0,101048.0,55500.0
14000026,23267.0,101548.0,55500.0
14000027,27067.0,101548.0,55500.0
14000028,20667.0,98548.0,55500.0
14000029,23267.0,98548.0,55500.0
14000030,27067.0,98548.0,55500.0
14000031,16867.0,110198.0,55500.0
14000032,30067.0,110448.0,55500.0
14000033,23267.0,109893.0,55500.0
14000034,28067.0,110448.0,55500.0
14000035,23267.0,106298.0,55500.0
14000036,27067.0,106298.0,55500.0
14000037,20167.0,107098.0,55500.0
14000038,23267.0,99593.0,55500.0
14000039,27067.0,99593.0,55500.0
14000040,18417.0,98548.0,55500.0
14000041,20667.0,113648.0,55500.0
14000042,16867.0,113648.0,55500.0
14000043,19917.0,113648.0,55500.0
14000044,19917.0,114848.0,55500.0
14000045,17867.0,113648.0,55500.0
14000046,17867.0,114848.0,55500.0
14000047,28467.0,113448.0,55500.0
14000048,28467.0,114848.0,55500.0
14000049,19467.0,98548.0,55500.0
14000050,19467.0,101048.0,55500.0
14000051,17767.0,103698.0,55500.0
14000052,16867.0,103698.0,55500.0
14000053,20667.0,106298.0,55500.0
14000054,23267.0,113648.0,55500.0
14000055,20667.0,109893.0,55500.0
14000056,4867.0,114848.0,55500.0
14000057,4867.0,106698.0,55500.0
14000058,4867.0,98548.0,55500.0
14000059,4867.0,87098.0,55500.0
14000060,4867.0,126298.0,55500.0
14000061,9467.0,126348.0,55500.0
14000062,13067.0,126348.0,55500.0
14000063,124067.0,114848.0,55500.0
14000064,124067.0,106698.0,55500.0
14000065,124067.0,98548.0,55500.0
14000066,124067.0,87098.0,55500.0
14000067,124067.0,126298.0,55500.0
14000068,30067.0,98548.0,55500.0
14000069,30067.0,101048.0,55500.0
14000070,30067.0,104348.0,55500.0
14000071,30067.0,101548.0,55500.0
14000072,13067.0,87048.0,55500.0
14000073,9467.0,87048.0,55500.0
14000074,63747.0,110448.0,55500.0
14000075,60347.0,101048.0,55500.0
14000076,60347.0,107048.0,55500.0
14000077,63747.0,107148.0,55500.0
14000078,52947.0,114848.0,55500.0
14000079,56347.0,108748.0,55500.0
14000080,52947.0,103698.0,55500.0
14000081,53847.0,103698.0,55500.0
14000082,54497.0,98548.0,55500.0
14000083,56347.0,110448.0,55500.0
14000084,52947.0,110198.0,55500.0
14000085,56347.0,113448.0,55500.0
14000086,52947.0,101048.0,55500.0
14000087,53847.0,101048.0,55500.0
14000088,53847.0,107148.0,55500.0
14000089,52947.0,107148.0,55500.0
14000090,56347.0,107048.0,55500.0
14000091,52947.0,108748.0,55500.0
14000092,56347.0,101548.0,55500.0
14000093,55947.0,107048.0,55500.0
14000094,56347.0,106298.0,55500.0
14000095,60347.0,110448.0,55500.0
14000096,56347.0,104348.0,55500.0
14000097,56347.0,101048.0,55500.0
14000098,63747.0,101048.0,55500.0
14000099,52947.0,98548.0,55500.0
14000100,60347.0,104348.0,55500.0
14000101,119800.0,87048.0,55500.0
14000102,115533.0,87048.0,55500.0
14000103,111267.0,103698.0,55500.0
14000104,110367.0,103698.0,55500.0
14000105,108667.0,101048.0,55500.0
14000106,108667.0,98548.0,55500.0
14000107,99667.0,114848.0,55500.0
14000108,99667.0,113448.0,55500.0
14000109,110267.0,114848.0,55500.0
14000110,110267.0,113648.0,55500.0
14000111,108217.0,114848.0,55500.0
14000112,108217.0,113648.0,55500.0
14000113,111267.0,113648.0,55500.0
14000114,107467.0,113648.0,55500.0
14000115,109717.0,98548.0,55500.0
14000116,101067.0,99593.0,55500.0
14000117,104867.0,99593.0,55500.0
14000118,107967.0,107098.0,55500.0
14000119,101067.0,106298.0,55500.0
14000120,104867.0,106298.0,55500.0
14000121,100067.0,110448.0,55500.0
14000122,104867.0,109893.0,55500.0
14000123,98067.0,110448.0,55500.0
14000124,111267.0,110198.0,55500.0
14000125,101067.0,98548.0,55500.0
14000126,104867.0,98548.0,55500.0
14000127,107467.0,98548.0,55500.0
14000128,101067.0,101548.0,55500.0
14000129,104867.0,101548.0,55500.0
14000130,107467.0,101048.0,55500.0
14000131,107467.0,101548.0,55500.0
14000132,101067.0,104348.0,55500.0
14000133,104867.0,104348.0,55500.0
14000134,107467.0,104348.0,55500.0
14000135,110367.0,101048.0,55500.0
14000136,110367.0,107148.0,55500.0
14000137,111267.0,101048.0,55500.0
14000138,101067.0,107148.0,55500.0
14000139,107467.0,107123.0,55500.0
14000140,104867.0,107148.0,55500.0
14000141,98067.0,107148.0,55500.0
14000142,111267.0,107148.0,55500.0
14000143,104867.0,108798.0,55500.0
14000144,111267.0,108748.0,55500.0
14000145,104867.0,111848.0,55500.0
14000146,107467.0,108798.0,55500.0
14000147,107467.0,111848.0,55500.0
14000148,98067.0,113448.0,55500.0
14000149,101067.0,110448.0,55500.0
14000150,101067.0,113448.0,55500.0
14000151,98067.0,114848.0,55500.0
14000152,107467.0,114848.0,55500.0
14000153,101067.0,114848.0,55500.0
14000154,104867.0,114848.0,55500.0
14000155,107467.0,106298.0,55500.0
14000156,98067.0,101548.0,55500.0
14000157,98067.0,104348.0,55500.0
14000158,107467.0,109893.0,55500.0
14000159,104867.0,113648.0,55500.0
14000160,98067.0,98548.0,55500.0
14000161,63747.0,98548.0,55500.0
14000162,56347.0,98548.0,55500.0
14000163,56347.0,114848.0,55500.0
14000164,63747.0,114848.0,55500.0
14000165,60347.0,114848.0,55500.0
14000166,60347.0,98548.0,55500.0
14000167,30067.0,87098.0,55500.0
14000168,30067.0,126298.0,55500.0
14000169,16867.0,98548.0,55500.0
14000170,16867.0,114848.0,55500.0
14000171,16867.0,106698.0,55500.0
14000172,16867.0,87098.0,55500.0
14000173,16867.0,126298.0,55500.0
14000174,111267.0,87098.0,55500.0
14000175,111267.0,126298.0,55500.0
14000176,98067.0,126298.0,55500.0
14000177,111267.0,98548.0,55500.0
14000178,98067.0,87098.0,55500.0
14000179,111267.0,106698.0,55500.0
14000180,111267.0,114848.0,55500.0
14000181,41507.0,126298.0,55500.0
14000182,41507.0,87098.0,55500.0
14000183,52947.0,87098.0,55500.0
14000184,52947.0,126298.0,55500.0
14000185,75187.0,87098.0,55500.0
14000186,75187.0,126298.0,55500.0
14000187,86627.0,126298.0,55500.0
14000188,86627.0,87098.0,55500.0
14000189,58347.0,98548.0,55500.0
14000190,58347.0,87048.0,55500.0
14000191,58322.0,126348.0,55500.0
14000192,58322.0,114848.0,55500.0
14000193,119800.0,126348.0,55500.0
14000194,115533.0,126348.0,55500.0
14000195,107467.0,126348.0,55500.0
14000196,107467.0,87048.0,55500.0
14000197,102967.0,98548.0,55500.0
14000198,102967.0,87048.0,55500.0
14000199,102967.0,114848.0,55500.0
14000200,102967.0,126348.0,55500.0
14000201,92347.0,126348.0,55500.0
14000202,92347.0,87048.0,55500.0
14000203,80907.0,126348.0,55500.0
14000204,69467.0,126348.0,55500.0
14000205,69467.0,87048.0,55500.0
14000206,47227.0,126348.0,55500.0
14000207,47227.0,87048.0,55500.0
14000208,35787.0,126348.0,55500.0
14000209,35787.0,87048.0,55500.0
14000210,25167.0,98548.0,55500.0
14000211,25167.0,87048.0,55500.0
14000212,20667.0,87048.0,55500.0
14000213,25167.0,114848.0,55500.0
14000214,25167.0,126348.0,55500.0
14000215,20667.0,126348.0,55500.0
14000216,30067.0,106698.0,55500.0
14000217,52947.0,106698.0,55500.0
14000218,63747.0,106698.0,55500.0
14000219,98067.0,106698.0,55500.0
14000220,119800.0,106698.0,55500.0
14000221,115533.0,106698.0,55500.0
14000222,47227.0,106698.0,55500.0
14000223,35787.0,106698.0,55500.0
14000224,41507.0,106698.0,55500.0
14000225,13067.0,106698.0,55500.0
14000226,9467.0,106698.0,55500.0
14000227,119800.0,98548.0,55500.0
14000228,115533.0,98548.0,55500.0
14000229,47227.0,98548.0,55500.0
14000230,35787.0,98548.0,55500.0
14000231,41507.0,98548.0,55500.0
14000232,13067.0,98548.0,55500.0
14000233,9467.0,98548.0,55500.0
14000234,119800.0,114848.0,55500.0
14000235,115533.0,114848.0,55500.0
14000236,47227.0,114848.0,55500.0
14000237,35787.0,114848.0,55500.0
14000238,41507.0,114848.0,55500.0
14000239,13067.0,114848.0,55500.0
14000240,9467.0,114848.0,55500.0
14000241,63747.0,126298.0,55500.0
14000242,63747.0,87098.0,55500.0
14000243,92347.0,98548.0,55500.0
14000244,92347.0,107148.0,55500.0
14000245,92347.0,114848.0,55500.0
14000246,69467.0,98548.0,55500.0
14000247,69467.0,107148.0,55500.0
14000248,69467.0,114848.0,55500.0
14000249,75187.0,98548.0,55500.0
14000250,75187.0,107148.0,55500.0
14000251,75187.0,114848.0,55500.0
14000252,86627.0,98548.0,55500.0
14000253,86627.0,107148.0,55500.0
14000254,86627.0,114848.0,55500.0
14000255,80907.0,98548.0,55500.0
14000256,80907.0,107148.0,55500.0
14000257,80907.0,114848.0,55500.0
14000258,80907.0,87048.0,55500.0
14000259,27067.0,113448.0,54900.0
14000260,27067.0,114848.0,54900.0
14000261,20667.0,107123.0,54900.0
14000262,20667.0,108798.0,54900.0
14000263,28067.0,110448.0,54900.0
14000264,30067.0,110448.0,54900.0
14000265,23267.0,107148.0,54900.0
14000266,23267.0,108798.0,54900.0
14000267,17767.0,107148.0,54800.0
14000268,20167.0,107098.0,54800.0
14000269,18417.0,98548.0,54750.0
14000270,19467.0,98548.0,54750.0
14000271,28467.0,113448.0,54900.0
14000272,30067.0,113448.0,54900.0
14000273,20667.0,98548.0,54750.0
14000274,56347.0,113448.0,54800.0
14000275,56347.0,114848.0,54800.0
14000276,53847.0,107148.0,54800.0
14000277,55947.0,107048.0,54800.0
14000278,54497.0,98548.0,54750.0
14000279,56347.0,98548.0,54750.0
14000280,107467.0,98548.0,54750.0
14000281,108667.0,98548.0,54750.0
14000282,98067.0,113448.0,54900.0
14000283,99667.0,113448.0,54900.0
14000284,107967.0,107098.0,54800.0
14000285,110367.0,107148.0,54800.0
14000286,104867.0,107148.0,54900.0
14000287,104867.0,108798.0,54900.0
14000288,107467.0,107123.0,54900.0
14000289,107467.0,108798.0,54900.0
14000290,101067.0,113448.0,54900.0
14000291,101067.0,114848.0,54900.0
14000292,98067.0,110448.0,54900.0
14000293,100067.0,110448.0,54900.0
14000294,109717.0,98548.0,54750.0
14000295,17367.0,114848.0,55500.0
14000296,21533.0,114848.0,55500.0
14000297,22400.0,114848.0,55500.0
14000298,27767.0,114848.0,55500.0
14000299,16867.0,111060.0,55500.0
14000300,16867.0,111923.0,55500.0
14000301,16867.0,112785.0,55500.0
14000302,27067.0,113798.0,55500.0
14000303,27067.0,114148.0,55500.0
14000304,27067.0,114498.0,55500.0
14000305,30067.0,114148.0,55500.0
14000306,27067.0,111448.0,55500.0
14000307,27067.0,112448.0,55500.0
14000308,27767.0,113448.0,55500.0
14000309,27567.0,110448.0,55500.0
14000310,30067.0,111448.0,55500.0
14000311,30067.0,112448.0,55500.0
14000312,20667.0,109345.0,55500.0
14000313,20667.0,107541.0,55500.0
14000314,20667.0,107960.0,55500.0
14000315,20667.0,108379.0,55500.0
14000316,21533.0,108798.0,55500.0
14000317,22400.0,108798.0,55500.0
14000318,23267.0,109345.0,55500.0
14000319,28567.0,110448.0,55500.0
14000320,29067.0,110448.0,55500.0
14000321,29567.0,110448.0,55500.0
14000322,23267.0,107560.0,55500.0
14000323,23267.0,107973.0,55500.0
14000324,23267.0,108385.0,55500.0
14000325,17317.0,107148.0,55500.0
14000326,21533.0,107131.0,55500.0
14000327,22400.0,107139.0,55500.0
14000328,23267.0,106723.0,55500.0
14000329,27067.0,106723.0,55500.0
14000330,28067.0,107148.0,55499.0
14000331,29067.0,107148.0,55500.0
14000332,16867.0,101931.0,55500.0
14000333,16867.0,102814.0,55500.0
14000334,16867.0,99381.0,55500.0
14000335,16867.0,100214.0,55500.0
14000336,17317.0,101048.0,55500.0
14000337,18167.0,107139.0,55500.0
14000338,18567.0,107131.0,55499.0
14000339,18967.0,107123.0,55500.0
14000340,19367.0,107114.0,55500.0
14000341,19767.0,107106.0,55500.0
14000342,18617.0,101048.0,55500.0
14000343,20667.0,99381.0,55500.0
14000344,20667.0,100214.0,55500.0
14000345,17642.0,98548.0,55500.0
14000346,18942.0,98548.0,55500.0
14000347,21533.0,98548.0,55500.0
14000348,22400.0,98548.0,55500.0
14000349,23267.0,99070.0,55500.0
14000350,27067.0,99070.0,55500.0
14000351,28067.0,98548.0,55499.0
14000352,29067.0,98548.0,55500.0
14000353,16867.0,114248.0,55500.0
14000354,20667.0,114248.0,55500.0
14000355,20292.0,114848.0,55500.0
14000356,18142.0,114848.0,55500.0
14000357,18642.0,114848.0,55499.0
14000358,19142.0,114848.0,55500.0
14000359,19642.0,114848.0,55500.0
14000360,29267.0,114848.0,55500.0
14000361,28867.0,113448.0,55500.0
14000362,29267.0,113448.0,55500.0
14000363,29667.0,113448.0,55500.0
14000364,20067.0,101048.0,55500.0
14000365,20067.0,98548.0,55500.0
14000366,16867.0,104698.0,55500.0
14000367,16867.0,105698.0,55500.0
14000368,20667.0,106710.0,55500.0
14000369,23267.0,114248.0,55500.0
14000370,30067.0,99381.0,55500.0
14000371,30067.0,100214.0,55500.0
14000372,30067.0,105281.0,55500.0
14000373,30067.0,106214.0,55500.0
14000374,30067.0,102481.0,55500.0
14000375,30067.0,103414.0,55500.0
14000376,60347.0,101873.0,55500.0
14000377,60347.0,102698.0,55500.0
14000378,60347.0,103523.0,55500.0
14000379,63747.0,111328.0,55500.0
14000380,63747.0,112208.0,55500.0
14000381,63747.0,113088.0,55500.0
14000382,63747.0,113968.0,55500.0
14000383,61022.0,114848.0,55500.0
14000384,61697.0,114848.0,55500.0
14000385,62197.0,114848.0,55499.0
14000386,62697.0,114848.0,55500.0
14000387,63197.0,114848.0,55500.0
14000388,52947.0,104560.0,55500.0
14000389,52947.0,105423.0,55500.0
14000390,52947.0,106285.0,55500.0
14000391,53722.0,98548.0,55500.0
14000392,52947.0,99381.0,55500.0
14000393,52947.0,100214.0,55500.0
14000394,52947.0,101931.0,55500.0
14000395,52947.0,102814.0,55500.0
14000396,53397.0,101048.0,55500.0
14000397,53397.0,107148.0,55500.0
14000398,56347.0,111328.0,55500.0
14000399,56347.0,112208.0,55500.0
14000400,56347.0,113088.0,55500.0
14000401,56347.0,113798.0,55500.0
14000402,56347.0,114148.0,55500.0
14000403,56347.0,114498.0,55500.0
14000404,52947.0,111128.0,55500.0
14000405,52947.0,112058.0,55500.0
14000406,52947.0,112988.0,55500.0
14000407,52947.0,113918.0,55500.0
14000408,53622.0,114848.0,55500.0
14000409,54297.0,114848.0,55500.0
14000410,54797.0,114848.0,55499.0
14000411,55297.0,114848.0,55500.0
14000412,55797.0,114848.0,55500.0
14000413,54372.0,107123.0,55500.0
14000414,54897.0,107098.0,55500.0
14000415,55422.0,107073.0,55500.0
14000416,56347.0,106673.0,55500.0
14000417,56347.0,99381.0,55500.0
14000418,56347.0,100214.0,55500.0
14000419,54959.0,98548.0,55500.0
14000420,55422.0,98548.0,55500.0
14000421,55884.0,98548.0,55500.0
14000422,63747.0,102064.0,55500.0
14000423,63747.0,103081.0,55500.0
14000424,63747.0,104098.0,55500.0
14000425,63747.0,105114.0,55500.0
14000426,63747.0,106131.0,55500.0
14000427,63747.0,99381.0,55500.0
14000428,63747.0,100214.0,55500.0
14000429,54680.0,101048.0,55500.0
14000430,55513.0,101048.0,55500.0
14000431,60822.0,98548.0,55500.0
14000432,61297.0,98548.0,55499.0
14000433,61797.0,98548.0,55499.0
14000434,62297.0,98548.0,55500.0
14000435,62797.0,98548.0,55500.0
14000436,63272.0,98548.0,55500.0
14000437,61197.0,101048.0,55500.0
14000438,62047.0,101048.0,55500.0
14000439,62897.0,101048.0,55500.0
14000440,111267.0,104698.0,55500.0
14000441,111267.0,105698.0,55500.0
14000442,108067.0,98548.0,55500.0
14000443,108067.0,101048.0,55500.0
14000444,98467.0,113448.0,55500.0
14000445,98867.0,113448.0,55500.0
14000446,99267.0,113448.0,55500.0
14000447,98867.0,114848.0,55500.0
14000448,108492.0,114848.0,55500.0
14000449,108992.0,114848.0,55499.0
14000450,109492.0,114848.0,55500.0
14000451,109992.0,114848.0,55500.0
14000452,107842.0,114848.0,55500.0
14000453,107467.0,114248.0,55500.0
14000454,111267.0,114248.0,55500.0
14000455,110767.0,114848.0,55500.0
14000456,110492.0,98548.0,55500.0
14000457,99067.0,98548.0,55499.0
14000458,100067.0,98548.0,55500.0
14000459,105733.0,98548.0,55500.0
14000460,106600.0,98548.0,55500.0
14000461,101067.0,99070.0,55500.0
14000462,104867.0,99070.0,55500.0
14000463,107467.0,99381.0,55500.0
14000464,107467.0,100214.0,55500.0
14000465,109517.0,101048.0,55500.0
14000466,108367.0,107106.0,55500.0
14000467,108767.0,107114.0,55499.0
14000468,109167.0,107123.0,55500.0
14000469,109567.0,107131.0,55500.0
14000470,109967.0,107139.0,55500.0
14000471,110817.0,101048.0,55500.0
14000472,111267.0,99381.0,55500.0
14000473,111267.0,100214.0,55500.0
14000474,111267.0,101931.0,55500.0
14000475,111267.0,102814.0,55500.0
14000476,99067.0,107148.0,55499.0
14000477,100067.0,107148.0,55500.0
14000478,101067.0,106723.0,55500.0
14000479,104867.0,106723.0,55500.0
14000480,105733.0,107139.0,55500.0
14000481,106600.0,107131.0,55500.0
14000482,110817.0,107148.0,55500.0
14000483,104867.0,107560.0,55500.0
14000484,104867.0,107973.0,55500.0
14000485,104867.0,108385.0,55500.0
14000486,104867.0,109345.0,55500.0
14000487,105733.0,108798.0,55500.0
14000488,106600.0,108798.0,55500.0
14000489,107467.0,107541.0,55500.0
14000490,107467.0,107960.0,55500.0
14000491,107467.0,108379.0,55500.0
14000492,107467.0,109345.0,55500.0
14000493,98067.0,111448.0,55500.0
14000494,98067.0,112448.0,55500.0
14000495,100567.0,110448.0,55500.0
14000496,100367.0,113448.0,55500.0
14000497,101067.0,111448.0,55500.0
14000498,101067.0,112448.0,55500.0
14000499,98067.0,114148.0,55500.0
14000500,101067.0,113798.0,55500.0
14000501,101067.0,114148.0,55500.0
14000502,101067.0,114498.0,55500.0
14000503,111267.0,111060.0,55500.0
14000504,111267.0,111923.0,55500.0
14000505,111267.0,112785.0,55500.0
14000506,100367.0,114848.0,55500.0
14000507,105733.0,114848.0,55500.0
14000508,106600.0,114848.0,55500.0
14000509,107467.0,106710.0,55500.0
14000510,98067.0,102481.0,55500.0
14000511,98067.0,103414.0,55500.0
14000512,98067.0,105281.0,55500.0
14000513,98067.0,106214.0,55500.0
14000514,104867.0,114248.0,55500.0
14000515,98067.0,99381.0,55500.0
14000516,98067.0,100214.0,55500.0
14000517,98067.0,100881.0,55500.0
14000518,98567.0,110448.0,55500.0
14000519,99067.0,110448.0,55500.0
14000520,99567.0,110448.0,55500.0
14000521,109192.0,98548.0,55500.0
14000522,61197.0,110448.0,55500.0
14000523,62047.0,110448.0,55500.0
14000524,62897.0,110448.0,55500.0
14000525,16867.0,114848.0,54399.0
14000526,16867.0,114848.0,53566.0
14000527,16867.0,114848.0,52733.0
14000528,17867.0,114848.0,54399.0
14000529,17867.0,114848.0,53566.0
14000530,17867.0,114848.0,52733.0
14000531,20667.0,114848.0,54399.0
14000532,20667.0,114848.0,53566.0
14000533,20667.0,114848.0,52733.0
14000534,23267.0,114848.0,54500.0
14000535,23267.0,114848.0,53633.0
14000536,23267.0,114848.0,52766.0
14000537,28467.0,114848.0,54600.0
14000538,28467.0,114848.0,53700.0
14000539,28467.0,114848.0,52799.0
14000540,27067.0,110448.0,54600.0
14000541,27067.0,110448.0,53700.0
14000542,27067.0,110448.0,52799.0
14000543,20667.0,109893.0,54600.0
14000544,20667.0,109893.0,53700.0
14000545,20667.0,109893.0,52799.0
14000546,16867.0,110198.0,54399.0
14000547,16867.0,110198.0,53566.0
14000548,16867.0,110198.0,52733.0
14000549,16867.0,113648.0,54399.0
14000550,16867.0,113648.0,53566.0
14000551,16867.0,113648.0,52733.0
14000552,23267.0,109893.0,54600.0
14000553,23267.0,109893.0,53700.0
14000554,23267.0,109893.0,52799.0
14000555,16867.0,106698.0,54600.0
14000556,16867.0,106698.0,53700.0
14000557,16867.0,106698.0,52799.0
14000558,16867.0,107148.0,54600.0
14000559,16867.0,107148.0,53700.0
14000560,16867.0,107148.0,52799.0
14000561,23267.0,106298.0,54600.0
14000562,23267.0,106298.0,53700.0
14000563,23267.0,106298.0,52799.0
14000564,27067.0,106298.0,54600.0
14000565,27067.0,106298.0,53700.0
14000566,27067.0,106298.0,52799.0
14000567,27067.0,107148.0,54600.0
14000568,27067.0,107148.0,53700.0
14000569,27067.0,107148.0,52799.0
14000570,16867.0,101048.0,54600.0
14000571,16867.0,101048.0,53700.0
14000572,16867.0,101048.0,52799.0
14000573,16867.0,103698.0,54600.0
14000574,16867.0,103698.0,53700.0
14000575,16867.0,103698.0,52799.0
14000576,16867.0,98548.0,54600.0
14000577,16867.0,98548.0,53700.0
14000578,16867.0,98548.0,52799.0
14000579,17767.0,101048.0,54600.0
14000580,17767.0,101048.0,53700.0
14000581,17767.0,101048.0,52799.0
14000582,19467.0,101048.0,54600.0
14000583,19467.0,101048.0,53700.0
14000584,19467.0,101048.0,52799.0
14000585,20667.0,101048.0,54600.0
14000586,20667.0,101048.0,53700.0
14000587,20667.0,101048.0,52799.0
14000588,23267.0,98548.0,54600.0
14000589,23267.0,98548.0,53700.0
14000590,23267.0,98548.0,52799.0
14000591,23267.0,99593.0,54600.0
14000592,23267.0,99593.0,53700.0
14000593,23267.0,99593.0,52799.0
14000594,27067.0,98548.0,54600.0
14000595,27067.0,98548.0,53700.0
14000596,27067.0,98548.0,52799.0
14000597,27067.0,99593.0,54600.0
14000598,27067.0,99593.0,53700.0
14000599,27067.0,99593.0,52799.0
14000600,30067.0,98548.0,54600.0
14000601,30067.0,98548.0,53700.0
14000602,30067.0,98548.0,52799.0
14000603,19917.0,114848.0,54399.0
14000604,19917.0,114848.0,53566.0
14000605,19917.0,114848.0,52733.0
14000606,30067.0,114848.0,54600.0
14000607,30067.0,114848.0,53700.0
14000608,30067.0,114848.0,52799.0
14000609,20667.0,106298.0,54600.0
14000610,20667.0,106298.0,53700.0
14000611,20667.0,106298.0,52799.0
14000612,20667.0,113648.0,54399.0
14000613,20667.0,113648.0,53566.0
14000614,20667.0,113648.0,52733.0
14000615,23267.0,113648.0,54600.0
14000616,23267.0,113648.0,53700.0
14000617,23267.0,113648.0,52799.0
14000618,20667.0,101548.0,54600.0
14000619,20667.0,101548.0,53700.0
14000620,20667.0,101548.0,52799.0
14000621,30067.0,101048.0,54600.0
14000622,30067.0,101048.0,53700.0
14000623,30067.0,101048.0,52799.0
14000624,30067.0,101548.0,54600.0
14000625,30067.0,101548.0,53700.0
14000626,30067.0,101548.0,52799.0
14000627,30067.0,107148.0,54600.0
14000628,30067.0,107148.0,53700.0
14000629,30067.0,107148.0,52799.0
14000630,30067.0,104348.0,54600.0
14000631,30067.0,104348.0,53700.0
14000632,30067.0,104348.0,52799.0
14000633,30067.0,106698.0,54600.0
14000634,30067.0,106698.0,53700.0
14000635,30067.0,106698.0,52799.0
14000636,60347.0,101048.0,54399.0
14000637,60347.0,101048.0,53566.0
14000638,60347.0,101048.0,52733.0
14000639,60347.0,104348.0,54399.0
14000640,60347.0,104348.0,53566.0
14000641,60347.0,104348.0,52733.0
14000642,63747.0,110448.0,54399.0
14000643,63747.0,110448.0,53566.0
14000644,63747.0,110448.0,52733.0
14000645,63747.0,114848.0,54399.0
14000646,63747.0,114848.0,53566.0
14000647,63747.0,114848.0,52733.0
14000648,60347.0,114848.0,54399.0
14000649,60347.0,114848.0,53566.0
14000650,60347.0,114848.0,52733.0
14000651,52947.0,103698.0,54600.0
14000652,52947.0,103698.0,53700.0
14000653,52947.0,103698.0,52799.0
14000654,52947.0,106698.0,54600.0
14000655,52947.0,106698.0,53700.0
14000656,52947.0,106698.0,52799.0
14000657,52947.0,98548.0,54600.0
14000658,52947.0,98548.0,53700.0
14000659,52947.0,98548.0,52799.0
14000660,52947.0,101048.0,54600.0
14000661,52947.0,101048.0,53700.0
14000662,52947.0,101048.0,52799.0
14000663,53847.0,101048.0,54600.0
14000664,53847.0,101048.0,53700.0
14000665,53847.0,101048.0,52799.0
14000666,52947.0,107148.0,54600.0
14000667,52947.0,107148.0,53700.0
14000668,52947.0,107148.0,52799.0
14000669,56347.0,107048.0,54600.0
14000670,56347.0,107048.0,53700.0
14000671,56347.0,107048.0,52799.0
14000672,56347.0,110448.0,54600.0
14000673,56347.0,110448.0,53700.0
14000674,56347.0,110448.0,52799.0
14000675,52947.0,110198.0,54399.0
14000676,52947.0,110198.0,53566.0
14000677,52947.0,110198.0,52733.0
14000678,52947.0,114848.0,54399.0
14000679,52947.0,114848.0,53566.0
14000680,52947.0,114848.0,52733.0
14000681,56347.0,106298.0,54600.0
14000682,56347.0,106298.0,53700.0
14000683,56347.0,106298.0,52799.0
14000684,56347.0,101048.0,54600.0
14000685,56347.0,101048.0,53700.0
14000686,56347.0,101048.0,52799.0
14000687,56347.0,101548.0,54600.0
14000688,56347.0,101548.0,53700.0
14000689,56347.0,101548.0,52799.0
14000690,63747.0,101048.0,54399.0
14000691,63747.0,101048.0,53566.0
14000692,63747.0,101048.0,52733.0
14000693,63747.0,106698.0,54500.0
14000694,63747.0,106698.0,53633.0
14000695,63747.0,106698.0,52766.0
14000696,63747.0,98548.0,54399.0
14000697,63747.0,98548.0,53566.0
14000698,63747.0,98548.0,52733.0
14000699,60347.0,98548.0,54399.0
14000700,60347.0,98548.0,53566.0
14000701,60347.0,98548.0,52733.0
14000702,111267.0,103698.0,54600.0
14000703,111267.0,103698.0,53700.0
14000704,111267.0,103698.0,52799.0
14000705,111267.0,106698.0,54600.0
14000706,111267.0,106698.0,53700.0
14000707,111267.0,106698.0,52799.0
14000708,107467.0,101048.0,54600.0
14000709,107467.0,101048.0,53700.0
14000710,107467.0,101048.0,52799.0
14000711,108667.0,101048.0,54600.0
14000712,108667.0,101048.0,53700.0
14000713,108667.0,101048.0,52799.0
14000714,98067.0,114848.0,54600.0
14000715,98067.0,114848.0,53700.0
14000716,98067.0,114848.0,52799.0
14000717,99667.0,114848.0,54600.0
14000718,99667.0,114848.0,53700.0
14000719,99667.0,114848.0,52799.0
14000720,108217.0,114848.0,54399.0
14000721,108217.0,114848.0,53566.0
14000722,108217.0,114848.0,52733.0
14000723,110267.0,114848.0,54399.0
14000724,110267.0,114848.0,53566.0
14000725,110267.0,114848.0,52733.0
14000726,107467.0,114848.0,54500.0
14000727,107467.0,114848.0,53633.0
14000728,107467.0,114848.0,52766.0
14000729,107467.0,113648.0,54399.0
14000730,107467.0,113648.0,53566.0
14000731,107467.0,113648.0,52733.0
14000732,111267.0,113648.0,54600.0
14000733,111267.0,113648.0,53700.0
14000734,111267.0,113648.0,52799.0
14000735,111267.0,114848.0,54500.0
14000736,111267.0,114848.0,53633.0
14000737,111267.0,114848.0,52766.0
14000738,111267.0,98548.0,54600.0
14000739,111267.0,98548.0,53700.0
14000740,111267.0,98548.0,52799.0
14000741,98067.0,98548.0,54600.0
14000742,98067.0,98548.0,53700.0
14000743,98067.0,98548.0,52799.0
14000744,101067.0,98548.0,54600.0
14000745,101067.0,98548.0,53700.0
14000746,101067.0,98548.0,52799.0
14000747,104867.0,98548.0,54600.0
14000748,104867.0,98548.0,53700.0
14000749,104867.0,98548.0,52799.0
14000750,101067.0,99593.0,54600.0
14000751,101067.0,99593.0,53700.0
14000752,101067.0,99593.0,52799.0
14000753,104867.0,99593.0,54600.0
14000754,104867.0,99593.0,53700.0
14000755,104867.0,99593.0,52799.0
14000756,107467.0,101548.0,54600.0
14000757,107467.0,101548.0,53700.0
14000758,107467.0,101548.0,52799.0
14000759,110367.0,101048.0,54600.0
14000760,110367.0,101048.0,53700.0
14000761,110367.0,101048.0,52799.0
14000762,111267.0,101048.0,54600.0
14000763,111267.0,101048.0,53700.0
14000764,111267.0,101048.0,52799.0
14000765,98067.0,107148.0,54600.0
14000766,98067.0,107148.0,53700.0
14000767,98067.0,107148.0,52799.0
14000768,101067.0,107148.0,54600.0
14000769,101067.0,107148.0,53700.0
14000770,101067.0,107148.0,52799.0
14000771,101067.0,106298.0,54600.0
14000772,101067.0,106298.0,53700.0
14000773,101067.0,106298.0,52799.0
14000774,104867.0,106298.0,54600.0
14000775,104867.0,106298.0,53700.0
14000776,104867.0,106298.0,52799.0
14000777,111267.0,107148.0,54600.0
14000778,111267.0,107148.0,53700.0
14000779,111267.0,107148.0,52799.0
14000780,104867.0,109893.0,54600.0
14000781,104867.0,109893.0,53700.0
14000782,104867.0,109893.0,52799.0
14000783,107467.0,109893.0,54600.0
14000784,107467.0,109893.0,53700.0
14000785,107467.0,109893.0,52799.0
14000786,101067.0,110448.0,54600.0
14000787,101067.0,110448.0,53700.0
14000788,101067.0,110448.0,52799.0
14000789,111267.0,110198.0,54600.0
14000790,111267.0,110198.0,53700.0
14000791,111267.0,110198.0,52799.0
14000792,104867.0,114848.0,54600.0
14000793,104867.0,114848.0,53700.0
14000794,104867.0,114848.0,52799.0
14000795,107467.0,106298.0,54600.0
14000796,107467.0,106298.0,53700.0
14000797,107467.0,106298.0,52799.0
14000798,98067.0,101548.0,54600.0
14000799,98067.0,101548.0,53700.0
14000800,98067.0,101548.0,52799.0
14000801,98067.0,104348.0,54600.0
14000802,98067.0,104348.0,53700.0
14000803,98067.0,104348.0,52799.0
14000804,98067.0,106698.0,54600.0
14000805,98067.0,106698.0,53700.0
14000806,98067.0,106698.0,52799.0
14000807,104867.0,113648.0,54600.0
14000808,104867.0,113648.0,53700.0
14000809,104867.0,113648.0,52799.0
14000810,63747.0,107148.0,54600.0
14000811,63747.0,107148.0,53700.0
14000812,63747.0,107148.0,52799.0
14000813,60347.0,110448.0,54399.0
14000814,60347.0,110448.0,53566.0
14000815,60347.0,110448.0,52733.0
14000816,27067.0,113798.0,54900.0
14000817,27067.0,114148.0,54900.0
14000818,27067.0,114498.0,54900.0
14000819,20667.0,107541.0,54900.0
14000820,20667.0,107960.0,54900.0
14000821,20667.0,108379.0,54900.0
14000822,28567.0,110448.0,54900.0
14000823,29067.0,110448.0,54900.0
14000824,29567.0,110448.0,54900.0
14000825,23267.0,107560.0,54900.0
14000826,23267.0,107973.0,54900.0
14000827,23267.0,108385.0,54900.0
14000828,18167.0,107139.0,54800.0
14000829,18567.0,107131.0,54800.0
14000830,18967.0,107123.0,54800.0
14000831,19367.0,107114.0,54800.0
14000832,19767.0,107106.0,54800.0
14000833,18942.0,98548.0,54750.0
14000834,28867.0,113448.0,54900.0
14000835,29267.0,113448.0,54900.0
14000836,29667.0,113448.0,54900.0
14000837,20067.0,98548.0,54750.0
14000838,56347.0,113798.0,54800.0
14000839,56347.0,114148.0,54800.0
14000840,56347.0,114498.0,54800.0
14000841,54372.0,107123.0,54800.0
14000842,54897.0,107098.0,54800.0
14000843,55422.0,107073.0,54800.0
14000844,54959.0,98548.0,54750.0
14000845,55422.0,98548.0,54750.0
14000846,55884.0,98548.0,54750.0
14000847,108067.0,98548.0,54750.0
14000848,98467.0,113448.0,54900.0
14000849,98867.0,113448.0,54900.0
14000850,99267.0,113448.0,54900.0
14000851,108367.0,107106.0,54800.0
14000852,108767.0,107114.0,54800.0
14000853,109167.0,107123.0,54800.0
14000854,109567.0,107131.0,54800.0
14000855,109967.0,107139.0,54800.0
14000856,104867.0,107560.0,54900.0
14000857,104867.0,107973.0,54900.0
14000858,104867.0,108385.0,54900.0
14000859,107467.0,107541.0,54900.0
14000860,107467.0,107960.0,54900.0
14000861,107467.0,108379.0,54900.0
14000862,101067.0,113798.0,54900.0
14000863,101067.0,114148.0,54900.0
14000864,101067.0,114498.0,54900.0
14000865,98567.0,110448.0,54900.0
14000866,99067.0,110448.0,54900.0
14000867,99567.0,110448.0,54900.0
14000868,109192.0,98548.0,54750.0
14000869,27067.0,114848.0,53700.0
14000870,27067.0,114848.0,52799.0
14000871,27067.0,113448.0,53700.0
14000872,27067.0,113448.0,52799.0
14000873,28467.0,113448.0,53700.0
14000874,28467.0,113448.0,52799.0
14000875,20667.0,108798.0,53700.0
14000876,20667.0,108798.0,52799.0
14000877,28067.0,110448.0,53700.0
14000878,28067.0,110448.0,52799.0
14000879,23267.0,108798.0,53700.0
14000880,23267.0,108798.0,52799.0
14000881,20167.0,107098.0,53700.0
14000882,20167.0,107098.0,52799.0
14000883,20667.0,107123.0,53700.0
14000884,20667.0,107123.0,52799.0
14000885,23267.0,107148.0,53700.0
14000886,23267.0,107148.0,52799.0
14000887,20667.0,98548.0,53700.0
14000888,20667.0,98548.0,52799.0
14000889,18417.0,98548.0,53700.0
14000890,18417.0,98548.0,52799.0
14000891,17767.0,107148.0,53700.0
14000892,17767.0,107148.0,52799.0
14000893,30067.0,113448.0,53700.0
14000894,30067.0,113448.0,52799.0
14000895,30067.0,110448.0,53700.0
14000896,30067.0,110448.0,52799.0
14000897,54497.0,98548.0,53700.0
14000898,54497.0,98548.0,52799.0
14000899,53847.0,107148.0,53700.0
14000900,53847.0,107148.0,52799.0
14000901,55947.0,107048.0,53700.0
14000902,55947.0,107048.0,52799.0
14000903,56347.0,113448.0,53700.0
14000904,56347.0,113448.0,52799.0
14000905,56347.0,114848.0,53566.0
14000906,56347.0,114848.0,52733.0
14000907,56347.0,98548.0,53700.0
14000908,56347.0,98548.0,52799.0
14000909,109717.0,98548.0,53700.0
14000910,109717.0,98548.0,52799.0
14000911,107467.0,98548.0,53700.0
14000912,107467.0,98548.0,52799.0
14000913,107467.0,107123.0,53700.0
14000914,107467.0,107123.0,52799.0
14000915,107967.0,107098.0,53700.0
14000916,107967.0,107098.0,52799.0
14000917,104867.0,107148.0,53700.0
14000918,104867.0,107148.0,52799.0
14000919,110367.0,107148.0,53700.0
14000920,110367.0,107148.0,52799.0
14000921,104867.0,108798.0,53700.0
14000922,104867.0,108798.0,52799.0
14000923,107467.0,108798.0,53700.0
14000924,107467.0,108798.0,52799.0
14000925,98067.0,110448.0,53700.0
14000926,98067.0,110448.0,52799.0
14000927,98067.0,113448.0,53700.0
14000928,98067.0,113448.0,52799.0
14000929,100067.0,110448.0,53700.0
14000930,100067.0,110448.0,52799.0
14000931,99667.0,113448.0,53700.0
14000932,99667.0,113448.0,52799.0
14000933,101067.0,113448.0,53700.0
14000934,101067.0,113448.0,52799.0
14000935,101067.0,114848.0,53700.0
14000936,101067.0,114848.0,52799.0
14000937,24217.0,107148.0,55500.0
14000938,25167.0,107148.0,55500.0
14000939,26117.0,107148.0,55500.0
14000940,27067.0,108248.0,55499.0
14000941,27067.0,109348.0,55500.0
14000942,26117.0,114848.0,55500.0
14000943,24217.0,114848.0,55500.0
14000944,23267.0,112748.0,55500.0
14000945,23267.0,110870.0,55500.0
14000946,28467.0,114148.0,55500.0
14000947,17817.0,108760.0,55500.0
14000948,18767.0,108773.0,55500.0
14000949,19717.0,108785.0,55500.0
14000950,20667.0,110870.0,55500.0
14000951,20667.0,112748.0,55500.0
14000952,18892.0,113648.0,55500.0
14000953,16867.0,109473.0,55500.0
14000954,16867.0,107948.0,55500.0
14000955,24217.0,104348.0,55500.0
14000956,25167.0,104348.0,55500.0
14000957,26117.0,104348.0,55500.0
14000958,27067.0,105323.0,55500.0
14000959,23267.0,105323.0,55500.0
14000960,19467.0,99381.0,55500.0
14000961,19467.0,100214.0,55500.0
14000962,24217.0,101548.0,55500.0
14000963,25167.0,101548.0,55500.0
14000964,26117.0,101548.0,55500.0
14000965,27067.0,102481.0,55500.0
14000966,27067.0,103414.0,55500.0
14000967,23267.0,102481.0,55500.0
14000968,23267.0,103414.0,55500.0
14000969,24217.0,98548.0,55500.0
14000970,26117.0,98548.0,55500.0
14000971,27067.0,100570.0,55500.0
14000972,23267.0,100570.0,55500.0
14000973,56347.0,107898.0,55500.0
14000974,53797.0,108748.0,55500.0
14000975,54647.0,108748.0,55500.0
14000976,55497.0,108748.0,55500.0
14000977,52947.0,107948.0,55500.0
14000978,108667.0,99381.0,55500.0
14000979,108667.0,100214.0,55500.0
14000980,99667.0,114148.0,55500.0
14000981,109242.0,113648.0,55500.0
14000982,108417.0,108785.0,55500.0
14000983,109367.0,108773.0,55500.0
14000984,110317.0,108760.0,55500.0
14000985,111267.0,109473.0,55500.0
14000986,107467.0,112748.0,55500.0
14000987,107467.0,110870.0,55500.0
14000988,102017.0,98548.0,55500.0
14000989,103917.0,98548.0,55500.0
14000990,104867.0,100570.0,55500.0
14000991,102017.0,101548.0,55500.0
14000992,102967.0,101548.0,55500.0
14000993,103917.0,101548.0,55500.0
14000994,101067.0,100570.0,55500.0
14000995,111267.0,107948.0,55500.0
14000996,102017.0,104348.0,55500.0
14000997,102967.0,104348.0,55500.0
14000998,103917.0,104348.0,55500.0
14000999,104867.0,105323.0,55500.0
14001000,102017.0,107148.0,55500.0
14001001,102967.0,107148.0,55500.0
14001002,103917.0,107148.0,55500.0
14001003,101067.0,105323.0,55500.0
14001004,104867.0,110870.0,55500.0
14001005,104867.0,112748.0,55500.0
14001006,103917.0,114848.0,55500.0
14001007,102017.0,114848.0,55500.0
14001008,101067.0,108248.0,55499.0
14001009,101067.0,109348.0,55500.0
14001010,104867.0,102481.0,55500.0
14001011,104867.0,103414.0,55500.0
14001012,101067.0,102481.0,55500.0
14001013,101067.0,103414.0,55500.0
14001016,64239.0,106666.0,55499.0
14001017,108667.0,98548.0,55125.0
14001018,109192.0,98548.0,55125.0
14001019,109717.0,98548.0,55125.0
14001020,98067.0,110448.0,55200.0
14001021,98567.0,110448.0,55200.0
14001022,99067.0,110448.0,55200.0
14001023,99567.0,110448.0,55200.0
14001024,100067.0,110448.0,55200.0
14001025,101067.0,113448.0,55200.0
14001026,101067.0,113798.0,55200.0
14001027,101067.0,114148.0,55200.0
14001028,101067.0,114498.0,55200.0
14001029,101067.0,114848.0,55200.0
14001030,107467.0,107123.0,55200.0
14001031,107467.0,107541.0,55200.0
14001032,107467.0,107960.0,55200.0
14001033,107467.0,108379.0,55200.0
14001034,107467.0,108798.0,55200.0
14001035,104867.0,107148.0,55200.0
14001036,104867.0,107560.0,55200.0
14001037,104867.0,107973.0,55200.0
14001038,104867.0,108385.0,55200.0
14001039,104867.0,108798.0,55200.0
14001040,107967.0,107098.0,55150.0
14001041,108367.0,107106.0,55150.0
14001042,108767.0,107114.0,55150.0
14001043,109167.0,107123.0,55150.0
14001044,109567.0,107131.0,55150.0
14001045,109967.0,107139.0,55150.0
14001046,110367.0,107148.0,55150.0
14001047,98067.0,113448.0,55200.0
14001048,98467.0,113448.0,55200.0
14001049,98867.0,113448.0,55200.0
14001050,99267.0,113448.0,55200.0
14001051,99667.0,113448.0,55200.0
14001052,107467.0,98548.0,55125.0
14001053,108067.0,98548.0,55125.0
14001054,54497.0,98548.0,55125.0
14001055,54959.0,98548.0,55125.0
14001056,55422.0,98548.0,55125.0
14001057,55884.0,98548.0,55125.0
14001058,56347.0,98548.0,55125.0
14001059,53847.0,107148.0,55150.0
14001060,54372.0,107123.0,55150.0
14001061,54897.0,107098.0,55150.0
14001062,55422.0,107073.0,55150.0
14001063,55947.0,107048.0,55150.0
14001064,56347.0,113448.0,55150.0
14001065,56347.0,113798.0,55150.0
14001066,56347.0,114148.0,55150.0
14001067,56347.0,114498.0,55150.0
14001068,56347.0,114848.0,55150.0
14001069,19467.0,98548.0,55125.0
14001070,20067.0,98548.0,55125.0
14001071,20667.0,98548.0,55125.0
14001072,28467.0,113448.0,55200.0
14001073,28867.0,113448.0,55200.0
14001074,29267.0,113448.0,55200.0
14001075,29667.0,113448.0,55200.0
14001076,30067.0,113448.0,55200.0
14001077,18417.0,98548.0,55125.0
14001078,18942.0,98548.0,55125.0
14001079,17767.0,107148.0,55150.0
14001080,18167.0,107139.0,55150.0
14001081,18567.0,107131.0,55150.0
14001082,18967.0,107123.0,55150.0
14001083,19367.0,107114.0,55150.0
14001084,19767.0,107106.0,55150.0
14001085,20167.0,107098.0,55150.0
14001086,23267.0,107148.0,55200.0
14001087,23267.0,107560.0,55200.0
14001088,23267.0,107973.0,55200.0
14001089,23267.0,108385.0,55200.0
14001090,23267.0,108798.0,55200.0
14001091,28067.0,110448.0,55200.0
14001092,28567.0,110448.0,55200.0
14001093,29067.0,110448.0,55200.0
14001094,29567.0,110448.0,55200.0
14001095,30067.0,110448.0,55200.0
14001096,20667.0,107123.0,55200.0
14001097,20667.0,107541.0,55200.0
14001098,20667.0,107960.0,55200.0
14001099,20667.0,108379.0,55200.0
14001100,20667.0,108798.0,55200.0
14001101,27067.0,113448.0,55200.0
14001102,27067.0,113798.0,55200.0
14001103,27067.0,114148.0,55200.0
14001104,27067.0,114498.0,55200.0
14001105,27067.0,114848.0,55200.0
14001106,17367.0,114848.0,54399.0
14001107,17367.0,114848.0,52733.0
14001108,17367.0,114848.0,53566.0
14001109,21533.0,114848.0,54500.0
14001110,22400.0,114848.0,54500.0
14001111,21533.0,114848.0,52766.0
14001112,22400.0,114848.0,52766.0
14001113,21533.0,114848.0,53633.0
14001114,22400.0,114848.0,53633.0
14001115,27767.0,114848.0,54600.0
14001116,27767.0,114848.0,52799.0
14001117,27767.0,114848.0,53700.0
14001118,16867.0,111060.0,54399.0
14001119,16867.0,111923.0,54399.0
14001120,16867.0,112785.0,54399.0
14001121,16867.0,111060.0,52733.0
14001122,16867.0,111923.0,52733.0
14001123,16867.0,112785.0,52733.0
14001124,16867.0,111060.0,53566.0
14001125,16867.0,112785.0,53566.0
14001126,16867.0,111923.0,53566.0
14001127,30067.0,114148.0,54600.0
14001128,30067.0,114148.0,52799.0
14001129,30067.0,114148.0,53700.0
14001130,27067.0,111448.0,54600.0
14001131,27067.0,112448.0,54600.0
14001132,27067.0,111448.0,52799.0
14001133,27067.0,112448.0,52799.0
14001134,27067.0,111448.0,53700.0
14001135,27067.0,112448.0,53700.0
14001136,27767.0,113448.0,54900.0
14001137,27767.0,113448.0,52799.0
14001138,27767.0,113448.0,53700.0
14001139,27567.0,110448.0,54600.0
14001140,27567.0,110448.0,52799.0
14001141,27567.0,110448.0,53700.0
14001142,30067.0,111448.0,54900.0
14001143,30067.0,112448.0,54900.0
14001144,30067.0,111448.0,52799.0
14001145,30067.0,112448.0,52799.0
14001146,30067.0,111448.0,53700.0
14001147,30067.0,112448.0,53700.0
14001148,20667.0,109345.0,54600.0
14001149,20667.0,109345.0,52799.0
14001150,20667.0,109345.0,53700.0
14001151,21533.0,108798.0,54900.0
14001152,22400.0,108798.0,54900.0
14001153,21533.0,108798.0,52799.0
14001154,22400.0,108798.0,52799.0
14001155,21533.0,108798.0,53700.0
14001156,22400.0,108798.0,53700.0
14001157,23267.0,109345.0,54600.0
14001158,23267.0,109345.0,52799.0
14001159,23267.0,109345.0,53700.0
14001160,17317.0,107148.0,54600.0
14001161,17317.0,107148.0,52799.0
14001162,17317.0,107148.0,53700.0
14001163,21533.0,107131.0,54900.0
14001164,22400.0,107139.0,54900.0
14001165,21533.0,107131.0,52799.0
14001166,22400.0,107139.0,52799.0
14001167,21533.0,107131.0,53700.0
14001168,22400.0,107139.0,53700.0
14001169,23267.0,106723.0,54600.0
14001170,23267.0,106723.0,52799.0
14001171,23267.0,106723.0,53700.0
14001172,27067.0,106723.0,54600.0
14001173,27067.0,106723.0,52799.0
14001174,27067.0,106723.0,53700.0
14001175,28067.0,107148.0,54600.0
14001176,29067.0,107148.0,54600.0
14001177,28067.0,107148.0,52799.0
14001178,29067.0,107148.0,52799.0
14001179,28067.0,107148.0,53700.0
14001180,29067.0,107148.0,53700.0
14001181,16867.0,101931.0,54600.0
14001182,16867.0,102814.0,54600.0
14001183,16867.0,101931.0,52799.0
14001184,16867.0,102814.0,52799.0
14001185,16867.0,101931.0,53700.0
14001186,16867.0,102814.0,53700.0
14001187,16867.0,99381.0,54600.0
14001188,16867.0,100214.0,54600.0
14001189,16867.0,99381.0,52799.0
14001190,16867.0,100214.0,52799.0
14001191,16867.0,99381.0,53700.0
14001192,16867.0,100214.0,53700.0
14001193,17317.0,101048.0,54600.0
14001194,17317.0,101048.0,52799.0
14001195,17317.0,101048.0,53700.0
14001196,18617.0,101048.0,54600.0
14001197,18617.0,101048.0,52799.0
14001198,18617.0,101048.0,53700.0
14001199,20667.0,99381.0,54600.0
14001200,20667.0,100214.0,54600.0
14001201,20667.0,99381.0,52799.0
14001202,20667.0,100214.0,52799.0
14001203,20667.0,99381.0,53700.0
14001204,20667.0,100214.0,53700.0
14001205,17642.0,98548.0,54600.0
14001206,17642.0,98548.0,52799.0
14001207,17642.0,98548.0,53700.0
14001208,21533.0,98548.0,54600.0
14001209,22400.0,98548.0,54600.0
14001210,21533.0,98548.0,52799.0
14001211,22400.0,98548.0,52799.0
14001212,21533.0,98548.0,53700.0
14001213,22400.0,98548.0,53700.0
14001214,23267.0,99070.0,54600.0
14001215,23267.0,99070.0,52799.0
14001216,23267.0,99070.0,53700.0
14001217,27067.0,99070.0,54600.0
14001218,27067.0,99070.0,52799.0
14001219,27067.0,99070.0,53700.0
14001220,28067.0,98548.0,54600.0
14001221,29067.0,98548.0,54600.0
14001222,28067.0,98548.0,52799.0
14001223,29067.0,98548.0,52799.0
14001224,28067.0,98548.0,53700.0
14001225,29067.0,98548.0,53700.0
14001226,16867.0,114248.0,54399.0
14001227,16867.0,114248.0,52733.0
14001228,16867.0,114248.0,53566.0
14001229,20667.0,114248.0,54399.0
14001230,20667.0,114248.0,52733.0
14001231,20667.0,114248.0,53566.0
14001232,20292.0,114848.0,54399.0
14001233,20292.0,114848.0,52733.0
14001234,20292.0,114848.0,53566.0
14001235,18142.0,114848.0,54399.0
14001236,18145.0,114848.0,54950.0
14001237,18642.0,114848.0,54950.0
14001238,19142.0,114848.0,54950.0
14001239,19639.0,114848.0,54950.0
14001240,19642.0,114848.0,54399.0
14001241,18142.0,114848.0,52733.0
14001242,19642.0,114848.0,52733.0
14001243,18142.0,114848.0,53566.0
14001244,19642.0,114848.0,53566.0
14001245,18642.0,114848.0,54399.0
14001246,19142.0,114848.0,54399.0
14001247,29267.0,114848.0,54600.0
14001248,29267.0,114848.0,52799.0
14001249,29267.0,114848.0,53700.0
14001250,20067.0,101048.0,54600.0
14001251,20067.0,101048.0,52799.0
14001252,20067.0,101048.0,53700.0
14001253,16867.0,104698.0,54600.0
14001254,16867.0,105698.0,54600.0
14001255,16867.0,104698.0,52799.0
14001256,16867.0,105698.0,52799.0
14001257,16867.0,104698.0,53700.0
14001258,16867.0,105698.0,53700.0
14001259,20667.0,106710.0,54600.0
14001260,20667.0,106710.0,52799.0
14001261,20667.0,106710.0,53700.0
14001262,23267.0,114248.0,54600.0
14001263,23267.0,114248.0,52799.0
14001264,23267.0,114248.0,53700.0
14001265,30067.0,99381.0,54600.0
14001266,30067.0,100214.0,54600.0
14001267,30067.0,99381.0,52799.0
14001268,30067.0,100214.0,52799.0
14001269,30067.0,99381.0,53700.0
14001270,30067.0,100214.0,53700.0
14001271,30067.0,105281.0,54600.0
14001272,30067.0,106214.0,54600.0
14001273,30067.0,105281.0,52799.0
14001274,30067.0,106214.0,52799.0
14001275,30067.0,105281.0,53700.0
14001276,30067.0,106214.0,53700.0
14001277,30067.0,102481.0,54600.0
14001278,30067.0,103414.0,54600.0
14001279,30067.0,102481.0,52799.0
14001280,30067.0,103414.0,52799.0
14001281,30067.0,102481.0,53700.0
14001282,30067.0,103414.0,53700.0
14001283,60347.0,101873.0,54399.0
14001284,60347.0,102698.0,54399.0
14001285,60347.0,103523.0,54399.0
14001286,60347.0,101873.0,52733.0
14001287,60347.0,102698.0,52733.0
14001288,60347.0,103523.0,52733.0
14001289,60347.0,101873.0,53566.0
14001290,60347.0,103523.0,53566.0
14001291,60347.0,102698.0,53566.0
14001292,63747.0,111328.0,54399.0
14001293,63747.0,112208.0,54399.0
14001294,63747.0,113088.0,54399.0
14001295,63747.0,113968.0,54399.0
14001296,63747.0,111328.0,52733.0
14001297,63747.0,112208.0,52733.0
14001298,63747.0,113088.0,52733.0
14001299,63747.0,113968.0,52733.0
14001300,63747.0,111328.0,53566.0
14001301,63747.0,113968.0,53566.0
14001302,63747.0,112208.0,53566.0
14001303,63747.0,113088.0,53566.0
14001304,61022.0,114848.0,54399.0
14001305,61697.0,114848.0,54399.0
14001306,61700.0,114848.0,54950.0
14001307,62197.0,114848.0,54950.0
14001308,62697.0,114848.0,54950.0
14001309,63194.0,114848.0,54950.0
14001310,63197.0,114848.0,54399.0
14001311,61022.0,114848.0,52733.0
14001312,61697.0,114848.0,52733.0
14001313,63197.0,114848.0,52733.0
14001314,61022.0,114848.0,53566.0
14001315,63197.0,114848.0,53566.0
14001316,62197.0,114848.0,54399.0
14001317,61697.0,114848.0,53566.0
14001318,62697.0,114848.0,54399.0
14001319,52947.0,104560.0,54600.0
14001320,52947.0,105423.0,54600.0
14001321,52947.0,106285.0,54600.0
14001322,52947.0,104560.0,52799.0
14001323,52947.0,105423.0,52799.0
14001324,52947.0,106285.0,52799.0
14001325,52947.0,104560.0,53700.0
14001326,52947.0,106285.0,53700.0
14001327,52947.0,105423.0,53700.0
14001328,53722.0,98548.0,54600.0
14001329,53722.0,98548.0,52799.0
14001330,53722.0,98548.0,53700.0
14001331,52947.0,99381.0,54600.0
14001332,52947.0,100214.0,54600.0
14001333,52947.0,99381.0,52799.0
14001334,52947.0,100214.0,52799.0
14001335,52947.0,99381.0,53700.0
14001336,52947.0,100214.0,53700.0
14001337,52947.0,101931.0,54600.0
14001338,52947.0,102814.0,54600.0
14001339,52947.0,101931.0,52799.0
14001340,52947.0,102814.0,52799.0
14001341,52947.0,101931.0,53700.0
14001342,52947.0,102814.0,53700.0
14001343,53397.0,101048.0,54600.0
14001344,53397.0,101048.0,52799.0
14001345,53397.0,101048.0,53700.0
14001346,53397.0,107148.0,54600.0
14001347,53397.0,107148.0,52799.0
14001348,53397.0,107148.0,53700.0
14001349,56347.0,111328.0,54600.0
14001350,56347.0,112208.0,54600.0
14001351,56347.0,113088.0,54600.0
14001352,56347.0,111328.0,52799.0
14001353,56347.0,112208.0,52799.0
14001354,56347.0,113088.0,52799.0
14001355,56347.0,111328.0,53700.0
14001356,56347.0,113088.0,53700.0
14001357,56347.0,112208.0,53700.0
14001358,52947.0,111128.0,54399.0
14001359,52947.0,112058.0,54399.0
14001360,52947.0,112988.0,54399.0
14001361,52947.0,113918.0,54399.0
14001362,52947.0,111128.0,52733.0
14001363,52947.0,112058.0,52733.0
14001364,52947.0,112988.0,52733.0
14001365,52947.0,113918.0,52733.0
14001366,52947.0,111128.0,53566.0
14001367,52947.0,113918.0,53566.0
14001368,52947.0,112058.0,53566.0
14001369,52947.0,112988.0,53566.0
14001370,53622.0,114848.0,54399.0
14001371,54297.0,114848.0,54399.0
14001372,54300.0,114848.0,54950.0
14001373,54797.0,114848.0,54950.0
14001374,55297.0,114848.0,54950.0
14001375,55794.0,114848.0,54950.0
14001376,55797.0,114848.0,54399.0
14001377,53622.0,114848.0,52733.0
14001378,54297.0,114848.0,52733.0
14001379,55797.0,114848.0,52733.0
14001380,53622.0,114848.0,53566.0
14001381,55797.0,114848.0,53566.0
14001382,54797.0,114848.0,54399.0
14001383,54297.0,114848.0,53566.0
14001384,55297.0,114848.0,54399.0
14001385,56347.0,106673.0,54600.0
14001386,56347.0,106673.0,52799.0
14001387,56347.0,106673.0,53700.0
14001388,56347.0,99381.0,54600.0
14001389,56347.0,100214.0,54600.0
14001390,56347.0,99381.0,52799.0
14001391,56347.0,100214.0,52799.0
14001392,56347.0,99381.0,53700.0
14001393,56347.0,100214.0,53700.0
14001394,63747.0,102064.0,54500.0
14001395,63747.0,103081.0,54500.0
14001396,63747.0,104098.0,54500.0
14001397,63747.0,105114.0,54500.0
14001398,63747.0,106131.0,54500.0
14001399,63747.0,102064.0,52766.0
14001400,63747.0,103081.0,52766.0
14001401,63747.0,104098.0,52766.0
14001402,63747.0,105114.0,52766.0
14001403,63747.0,106131.0,52766.0
14001404,63747.0,102064.0,53633.0
14001405,63747.0,106131.0,53633.0
14001406,63747.0,103081.0,53633.0
14001407,63747.0,104098.0,53633.0
14001408,63747.0,105114.0,53633.0
14001409,63747.0,99381.0,54399.0
14001410,63747.0,100214.0,54399.0
14001411,63747.0,99381.0,52733.0
14001412,63747.0,100214.0,52733.0
14001413,63747.0,99381.0,53566.0
14001414,63747.0,100214.0,53566.0
14001415,54680.0,101048.0,54600.0
14001416,55513.0,101048.0,54600.0
14001417,54680.0,101048.0,52799.0
14001418,55513.0,101048.0,52799.0
14001419,54680.0,101048.0,53700.0
14001420,55513.0,101048.0,53700.0
14001421,60822.0,98548.0,54399.0
14001422,61297.0,98548.0,54399.0
14001423,61300.0,98548.0,54950.0
14001424,61797.0,98548.0,54950.0
14001425,62297.0,98548.0,54950.0
14001426,62794.0,98548.0,54950.0
14001427,62797.0,98548.0,54399.0
14001428,63272.0,98548.0,54399.0
14001429,60822.0,98548.0,52733.0
14001430,61297.0,98548.0,52733.0
14001431,63272.0,98548.0,52733.0
14001432,62797.0,98548.0,52733.0
14001433,60822.0,98548.0,53566.0
14001434,63272.0,98548.0,53566.0
14001435,61797.0,98548.0,54399.0
14001436,61297.0,98548.0,53566.0
14001437,62297.0,98548.0,54399.0
14001438,62797.0,98548.0,53566.0
14001439,61197.0,101048.0,54399.0
14001440,62047.0,101048.0,54399.0
14001441,62897.0,101048.0,54399.0
14001442,61197.0,101048.0,52733.0
14001443,62047.0,101048.0,52733.0
14001444,62897.0,101048.0,52733.0
14001445,61197.0,101048.0,53566.0
14001446,62897.0,101048.0,53566.0
14001447,62047.0,101048.0,53566.0
14001448,111267.0,104698.0,54600.0
14001449,111267.0,105698.0,54600.0
14001450,111267.0,104698.0,52799.0
14001451,111267.0,105698.0,52799.0
14001452,111267.0,104698.0,53700.0
14001453,111267.0,105698.0,53700.0
14001454,108067.0,101048.0,54600.0
14001455,108067.0,101048.0,52799.0
14001456,108067.0,101048.0,53700.0
14001457,98867.0,114848.0,54600.0
14001458,98867.0,114848.0,52799.0
14001459,98867.0,114848.0,53700.0
14001460,108492.0,114848.0,54399.0
14001461,108495.0,114848.0,54950.0
14001462,108992.0,114848.0,54950.0
14001463,109492.0,114848.0,54950.0
14001464,109989.0,114848.0,54950.0
14001465,109992.0,114848.0,54399.0
14001466,108492.0,114848.0,52733.0
14001467,109992.0,114848.0,52733.0
14001468,108492.0,114848.0,53566.0
14001469,109992.0,114848.0,53566.0
14001470,108992.0,114848.0,54399.0
14001471,109492.0,114848.0,54399.0
14001472,107842.0,114848.0,54500.0
14001473,107842.0,114848.0,52766.0
14001474,107842.0,114848.0,53633.0
14001475,107467.0,114248.0,54500.0
14001476,107467.0,114248.0,52766.0
14001477,107467.0,114248.0,53633.0
14001478,111267.0,114248.0,54600.0
14001479,111267.0,114248.0,52799.0
14001480,111267.0,114248.0,53700.0
14001481,110767.0,114848.0,54500.0
14001482,110767.0,114848.0,52766.0
14001483,110767.0,114848.0,53633.0
14001484,110492.0,98548.0,54600.0
14001485,110492.0,98548.0,52799.0
14001486,110492.0,98548.0,53700.0
14001487,99067.0,98548.0,54600.0
14001488,100067.0,98548.0,54600.0
14001489,99067.0,98548.0,52799.0
14001490,100067.0,98548.0,52799.0
14001491,99067.0,98548.0,53700.0
14001492,100067.0,98548.0,53700.0
14001493,105733.0,98548.0,54600.0
14001494,106600.0,98548.0,54600.0
14001495,105733.0,98548.0,52799.0
14001496,106600.0,98548.0,52799.0
14001497,105733.0,98548.0,53700.0
14001498,106600.0,98548.0,53700.0
14001499,101067.0,99070.0,54600.0
14001500,101067.0,99070.0,52799.0
14001501,101067.0,99070.0,53700.0
14001502,104867.0,99070.0,54600.0
14001503,104867.0,99070.0,52799.0
14001504,104867.0,99070.0,53700.0
14001505,107467.0,99381.0,54600.0
14001506,107467.0,100214.0,54600.0
14001507,107467.0,99381.0,52799.0
14001508,107467.0,100214.0,52799.0
14001509,107467.0,99381.0,53700.0
14001510,107467.0,100214.0,53700.0
14001511,109517.0,101048.0,54600.0
14001512,109517.0,101048.0,52799.0
14001513,109517.0,101048.0,53700.0
14001514,110817.0,101048.0,54600.0
14001515,110817.0,101048.0,52799.0
14001516,110817.0,101048.0,53700.0
14001517,111267.0,99381.0,54600.0
14001518,111267.0,100214.0,54600.0
14001519,111267.0,99381.0,52799.0
14001520,111267.0,100214.0,52799.0
14001521,111267.0,99381.0,53700.0
14001522,111267.0,100214.0,53700.0
14001523,111267.0,101931.0,54600.0
14001524,111267.0,102814.0,54600.0
14001525,111267.0,101931.0,52799.0
14001526,111267.0,102814.0,52799.0
14001527,111267.0,101931.0,53700.0
14001528,111267.0,102814.0,53700.0
14001529,99067.0,107148.0,54600.0
14001530,100067.0,107148.0,54600.0
14001531,99067.0,107148.0,52799.0
14001532,100067.0,107148.0,52799.0
14001533,99067.0,107148.0,53700.0
14001534,100067.0,107148.0,53700.0
14001535,101067.0,106723.0,54600.0
14001536,101067.0,106723.0,52799.0
14001537,101067.0,106723.0,53700.0
14001538,104867.0,106723.0,54600.0
14001539,104867.0,106723.0,52799.0
14001540,104867.0,106723.0,53700.0
14001541,105733.0,107139.0,54900.0
14001542,106600.0,107131.0,54900.0
14001543,105733.0,107139.0,52799.0
14001544,106600.0,107131.0,52799.0
14001545,105733.0,107139.0,53700.0
14001546,106600.0,107131.0,53700.0
14001547,110817.0,107148.0,54600.0
14001548,110817.0,107148.0,52799.0
14001549,110817.0,107148.0,53700.0
14001550,104867.0,109345.0,54600.0
14001551,104867.0,109345.0,52799.0
14001552,104867.0,109345.0,53700.0
14001553,105733.0,108798.0,54900.0
14001554,106600.0,108798.0,54900.0
14001555,105733.0,108798.0,52799.0
14001556,106600.0,108798.0,52799.0
14001557,105733.0,108798.0,53700.0
14001558,106600.0,108798.0,53700.0
14001559,107467.0,109345.0,54600.0
14001560,107467.0,109345.0,52799.0
14001561,107467.0,109345.0,53700.0
14001562,98067.0,111448.0,54900.0
14001563,98067.0,112448.0,54900.0
14001564,98067.0,111448.0,52799.0
14001565,98067.0,112448.0,52799.0
14001566,98067.0,111448.0,53700.0
14001567,98067.0,112448.0,53700.0
14001568,100567.0,110448.0,54600.0
14001569,100567.0,110448.0,52799.0
14001570,100567.0,110448.0,53700.0
14001571,100367.0,113448.0,54900.0
14001572,100367.0,113448.0,52799.0
14001573,100367.0,113448.0,53700.0
14001574,101067.0,111448.0,54600.0
14001575,101067.0,112448.0,54600.0
14001576,101067.0,111448.0,52799.0
14001577,101067.0,112448.0,52799.0
14001578,101067.0,111448.0,53700.0
14001579,101067.0,112448.0,53700.0
14001580,98067.0,114148.0,54600.0
14001581,98067.0,114148.0,52799.0
14001582,98067.0,114148.0,53700.0
14001583,111267.0,111060.0,54600.0
14001584,111267.0,111923.0,54600.0
14001585,111267.0,112785.0,54600.0
14001586,111267.0,111060.0,52799.0
14001587,111267.0,111923.0,52799.0
14001588,111267.0,112785.0,52799.0
14001589,111267.0,111060.0,53700.0
14001590,111267.0,112785.0,53700.0
14001591,111267.0,111923.0,53700.0
14001592,100367.0,114848.0,54600.0
14001593,100367.0,114848.0,52799.0
14001594,100367.0,114848.0,53700.0
14001595,105733.0,114848.0,54600.0
14001596,106600.0,114848.0,54600.0
14001597,105733.0,114848.0,52799.0
14001598,106600.0,114848.0,52799.0
14001599,105733.0,114848.0,53700.0
14001600,106600.0,114848.0,53700.0
14001601,107467.0,106710.0,54600.0
14001602,107467.0,106710.0,52799.0
14001603,107467.0,106710.0,53700.0
14001604,98067.0,102481.0,54600.0
14001605,98067.0,103414.0,54600.0
14001606,98067.0,102481.0,52799.0
14001607,98067.0,103414.0,52799.0
14001608,98067.0,102481.0,53700.0
14001609,98067.0,103414.0,53700.0
14001610,98067.0,105281.0,54600.0
14001611,98067.0,106214.0,54600.0
14001612,98067.0,105281.0,52799.0
14001613,98067.0,106214.0,52799.0
14001614,98067.0,105281.0,53700.0
14001615,98067.0,106214.0,53700.0
14001616,104867.0,114248.0,54600.0
14001617,104867.0,114248.0,52799.0
14001618,104867.0,114248.0,53700.0
14001619,98067.0,99381.0,54600.0
14001620,98067.0,100214.0,54600.0
14001621,98067.0,100881.0,54600.0
14001622,98067.0,99381.0,52799.0
14001623,98067.0,100214.0,52799.0
14001624,98067.0,100881.0,52799.0
14001625,98067.0,99381.0,53700.0
14001626,98067.0,100881.0,53700.0
14001627,98067.0,100214.0,53700.0
14001628,61197.0,110448.0,54399.0
14001629,62047.0,110448.0,54399.0
14001630,62897.0,110448.0,54399.0
14001631,61197.0,110448.0,52733.0
14001632,62047.0,110448.0,52733.0
14001633,62897.0,110448.0,52733.0
14001634,61197.0,110448.0,53566.0
14001635,62897.0,110448.0,53566.0
14001636,62047.0,110448.0,53566.0
14001637,24217.0,113842.0,55500.0
14001638,24217.0,112888.0,55500.0
14001639,24217.0,111942.0,55500.0
14001640,24217.0,110977.0,55500.0
14001641,24217.0,109999.0,55500.0
14001642,24217.0,109011.0,55500.0
14001643,24217.0,108071.0,55500.0
14001644,25167.0,113929.0,55500.0
14001645,25167.0,113007.0,55500.0
14001646,25167.0,112066.0,55500.0
14001647,25167.0,111102.0,55500.0
14001648,25167.0,110119.0,55500.0
14001649,25167.0,109126.0,55500.0
14001650,25167.0,108135.0,55500.0
14001651,26117.0,114015.0,55500.0
14001652,26117.0,113157.0,55500.0
14001653,26117.0,112223.0,55500.0
14001654,26117.0,111253.0,55500.0
14001655,26117.0,110256.0,55500.0
14001656,26117.0,109228.0,55500.0
14001657,26117.0,108189.0,55500.0
14001658,27767.0,114148.0,55500.0
14001659,29267.0,114148.0,55500.0
14001660,17833.0,112807.0,55500.0
14001661,17803.0,111978.0,55500.0
14001662,17814.0,109560.0,55500.0
14001663,17803.0,110360.0,55500.0
14001664,17797.0,111175.0,55500.0
14001665,18747.0,110499.0,55500.0
14001666,18711.0,111308.0,55500.0
14001667,18758.0,109644.0,55500.0
14001668,18725.0,111989.0,55500.0
14001669,18796.0,112799.0,55500.0
14001670,19605.0,111720.0,55500.0
14001671,19687.0,110724.0,55500.0
14001672,19711.0,109759.0,55500.0
14001673,19736.0,112715.0,55500.0
14001674,17727.0,107952.0,55500.0
14001675,18522.0,107951.0,55500.0
14001676,19173.0,107945.0,55500.0
14001677,19928.0,107945.0,55500.0
14001678,21533.0,107964.0,55500.0
14001679,22400.0,107968.0,55500.0
14001680,24217.0,106235.0,55500.0
14001681,24217.0,105296.0,55500.0
14001682,25167.0,106224.0,55500.0
14001683,25167.0,105289.0,55500.0
14001684,26117.0,106235.0,55500.0
14001685,26117.0,105296.0,55500.0
14001686,17733.0,100214.0,55500.0
14001687,17704.0,99381.0,55500.0
14001688,18596.0,100214.0,55500.0
14001689,18559.0,99381.0,55500.0
14001690,24217.0,103414.0,55500.0
14001691,24217.0,102481.0,55500.0
14001692,25167.0,103414.0,55500.0
14001693,25167.0,102481.0,55500.0
14001694,26117.0,103414.0,55500.0
14001695,26117.0,102481.0,55500.0
14001696,24217.0,100556.0,55500.0
14001697,24217.0,99559.0,55500.0
14001698,25167.0,100552.0,55500.0
14001699,25167.0,99553.0,55500.0
14001700,26117.0,100556.0,55500.0
14001701,26117.0,99559.0,55500.0
14001702,53835.0,107943.0,55500.0
14001703,54736.0,107923.0,55500.0
14001704,55602.0,107903.0,55500.0
14001705,109538.0,100214.0,55500.0
14001706,109574.0,99381.0,55500.0
14001707,110401.0,100214.0,55500.0
14001708,110429.0,99381.0,55500.0
14001709,98867.0,114148.0,55500.0
14001710,100367.0,114148.0,55500.0
14001711,108372.0,112745.0,55500.0
14001712,108436.0,111814.0,55500.0
14001713,108445.0,109786.0,55500.0
14001714,108536.0,110807.0,55500.0
14001715,109424.0,111113.0,55500.0
14001716,109371.0,111930.0,55500.0
14001717,109425.0,110435.0,55500.0
14001718,109388.0,109627.0,55500.0
14001719,109326.0,112783.0,55500.0
14001720,110341.0,110329.0,55500.0
14001721,110337.0,111124.0,55500.0
14001722,110328.0,109547.0,55500.0
14001723,110293.0,112795.0,55500.0
14001724,110320.0,111948.0,55500.0
14001725,102017.0,100556.0,55500.0
14001726,102017.0,99559.0,55500.0
14001727,102967.0,100552.0,55500.0
14001728,102967.0,99553.0,55500.0
14001729,103917.0,100556.0,55500.0
14001730,103917.0,99559.0,55500.0
14001731,108205.0,107945.0,55500.0
14001732,108960.0,107945.0,55500.0
14001733,109611.0,107951.0,55500.0
14001734,110406.0,107952.0,55500.0
14001735,102017.0,106235.0,55500.0
14001736,102017.0,105296.0,55500.0
14001737,102967.0,106224.0,55500.0
14001738,102967.0,105289.0,55500.0
14001739,103917.0,106235.0,55500.0
14001740,103917.0,105296.0,55500.0
14001741,102017.0,114015.0,55500.0
14001742,102017.0,113157.0,55500.0
14001743,102017.0,112223.0,55500.0
14001744,102017.0,111253.0,55500.0
14001745,102017.0,110256.0,55500.0
14001746,102017.0,109228.0,55500.0
14001747,102017.0,108189.0,55500.0
14001748,102967.0,113929.0,55500.0
14001749,102967.0,113007.0,55500.0
14001750,102967.0,112066.0,55500.0
14001751,102967.0,111102.0,55500.0
14001752,102967.0,110119.0,55500.0
14001753,102967.0,109126.0,55500.0
14001754,102967.0,108135.0,55500.0
14001755,103917.0,113842.0,55500.0
14001756,103917.0,112888.0,55500.0
14001757,103917.0,111942.0,55500.0
14001758,103917.0,110977.0,55500.0
14001759,103917.0,109999.0,55500.0
14001760,103917.0,109011.0,55500.0
14001761,103917.0,108071.0,55500.0
14001762,102017.0,103414.0,55500.0
14001763,102017.0,102481.0,55500.0
14001764,102967.0,103414.0,55500.0
14001765,102967.0,102481.0,55500.0
14001766,103917.0,103414.0,55500.0
14001767,103917.0,102481.0,55500.0
14001768,105733.0,107968.0,55500.0
14001769,106600.0,107964.0,55500.0
15000001,23267.0,114848.0,59100.0
15000002,27067.0,114848.0,59100.0
15000003,20667.0,114848.0,59100.0
15000004,30067.0,114848.0,59100.0
15000005,27067.0,113448.0,59100.0
15000006,27067.0,110448.0,59100.0
15000007,30067.0,113448.0,59100.0
15000008,20667.0,111848.0,59100.0
15000009,20667.0,108798.0,59100.0
15000010,23267.0,111848.0,59100.0
15000011,16867.0,108748.0,59100.0
15000012,23267.0,108798.0,59100.0
15000013,16867.0,107148.0,59100.0
15000014,30067.0,107148.0,59100.0
15000015,23267.0,107148.0,59100.0
15000016,20667.0,107123.0,59100.0
15000017,27067.0,107148.0,59100.0
15000018,16867.0,101048.0,59100.0
15000019,17767.0,107148.0,59100.0
15000020,17767.0,101048.0,59100.0
15000021,20667.0,104348.0,59100.0
15000022,23267.0,104348.0,59100.0
15000023,27067.0,104348.0,59100.0
15000024,20667.0,101548.0,59100.0
15000025,20667.0,101048.0,59100.0
15000026,23267.0,101548.0,59100.0
15000027,27067.0,101548.0,59100.0
15000028,20667.0,98548.0,59100.0
15000029,23267.0,98548.0,59100.0
15000030,27067.0,98548.0,59100.0
15000031,16867.0,110198.0,59100.0
15000032,30067.0,110448.0,59100.0
15000033,23267.0,109893.0,59100.0
15000034,28067.0,110448.0,59100.0
15000035,23267.0,106298.0,59100.0
15000036,27067.0,106298.0,59100.0
15000037,20167.0,107098.0,59100.0
15000038,23267.0,99593.0,59100.0
15000039,27067.0,99593.0,59100.0
15000040,18417.0,98548.0,59100.0
15000041,20667.0,113648.0,59100.0
15000042,16867.0,113648.0,59100.0
15000043,19917.0,113648.0,59100.0
15000044,19917.0,114848.0,59100.0
15000045,17867.0,113648.0,59100.0
15000046,17867.0,114848.0,59100.0
15000047,28467.0,113448.0,59100.0
15000048,28467.0,114848.0,59100.0
15000049,19467.0,98548.0,59100.0
15000050,19467.0,101048.0,59100.0
15000051,17767.0,103698.0,59100.0
15000052,16867.0,103698.0,59100.0
15000053,20667.0,106298.0,59100.0
15000054,23267.0,113648.0,59100.0
15000055,20667.0,109893.0,59100.0
15000056,4867.0,114848.0,59100.0
15000057,4867.0,106698.0,59100.0
15000058,4867.0,98548.0,59100.0
15000059,4867.0,87098.0,59100.0
15000060,4867.0,126298.0,59100.0
15000061,9467.0,126348.0,59100.0
15000062,13067.0,126348.0,59100.0
15000063,124067.0,114848.0,59100.0
15000064,124067.0,106698.0,59100.0
15000065,124067.0,98548.0,59100.0
15000066,124067.0,87098.0,59100.0
15000067,124067.0,126298.0,59100.0
15000068,30067.0,98548.0,59100.0
15000069,30067.0,101048.0,59100.0
15000070,30067.0,104348.0,59100.0
15000071,30067.0,101548.0,59100.0
15000072,13067.0,87048.0,59100.0
15000073,9467.0,87048.0,59100.0
15000074,63747.0,110448.0,59100.0
15000075,60347.0,101048.0,59100.0
15000076,60347.0,107048.0,59100.0
15000077,63747.0,107148.0,59100.0
15000078,52947.0,114848.0,59100.0
15000079,56347.0,108748.0,59100.0
15000080,52947.0,103698.0,59100.0
15000081,53847.0,103698.0,59100.0
15000082,54497.0,98548.0,59100.0
15000083,56347.0,110448.0,59100.0
15000084,52947.0,110198.0,59100.0
15000085,56347.0,113448.0,59100.0
15000086,52947.0,101048.0,59100.0
15000087,53847.0,101048.0,59100.0
15000088,53847.0,107148.0,59100.0
15000089,52947.0,107148.0,59100.0
15000090,56347.0,107048.0,59100.0
15000091,52947.0,108748.0,59100.0
15000092,56347.0,101548.0,59100.0
15000093,55947.0,107048.0,59100.0
15000094,56347.0,106298.0,59100.0
15000095,60347.0,110448.0,59100.0
15000096,56347.0,104348.0,59100.0
15000097,56347.0,101048.0,59100.0
15000098,63747.0,101048.0,59100.0
15000099,52947.0,98548.0,59100.0
15000100,60347.0,104348.0,59100.0
15000101,119800.0,87048.0,59100.0
15000102,115533.0,87048.0,59100.0
15000103,111267.0,103698.0,59100.0
15000104,110367.0,103698.0,59100.0
15000105,108667.0,101048.0,59100.0
15000106,108667.0,98548.0,59100.0
15000107,99667.0,114848.0,59100.0
15000108,99667.0,113448.0,59100.0
15000109,110267.0,114848.0,59100.0
15000110,110267.0,113648.0,59100.0
15000111,108217.0,114848.0,59100.0
15000112,108217.0,113648.0,59100.0
15000113,111267.0,113648.0,59100.0
15000114,107467.0,113648.0,59100.0
15000115,109717.0,98548.0,59100.0
15000116,101067.0,99593.0,59100.0
15000117,104867.0,99593.0,59100.0
15000118,107967.0,107098.0,59100.0
15000119,101067.0,106298.0,59100.0
15000120,104867.0,106298.0,59100.0
15000121,100067.0,110448.0,59100.0
15000122,104867.0,109893.0,59100.0
15000123,98067.0,110448.0,59100.0
15000124,111267.0,110198.0,59100.0
15000125,101067.0,98548.0,59100.0
15000126,104867.0,98548.0,59100.0
15000127,107467.0,98548.0,59100.0
15000128,101067.0,101548.0,59100.0
15000129,104867.0,101548.0,59100.0
15000130,107467.0,101048.0,59100.0
15000131,107467.0,101548.0,59100.0
15000132,101067.0,104348.0,59100.0
15000133,104867.0,104348.0,59100.0
15000134,107467.0,104348.0,59100.0
15000135,110367.0,101048.0,59100.0
15000136,110367.0,107148.0,59100.0
15000137,111267.0,101048.0,59100.0
15000138,101067.0,107148.0,59100.0
15000139,107467.0,107123.0,59100.0
15000140,104867.0,107148.0,59100.0
15000141,98067.0,107148.0,59100.0
15000142,111267.0,107148.0,59100.0
15000143,104867.0,108798.0,59100.0
15000144,111267.0,108748.0,59100.0
15000145,104867.0,111848.0,59100.0
15000146,107467.0,108798.0,59100.0
15000147,107467.0,111848.0,59100.0
15000148,98067.0,113448.0,59100.0
15000149,101067.0,110448.0,59100.0
15000150,101067.0,113448.0,59100.0
15000151,98067.0,114848.0,59100.0
15000152,107467.0,114848.0,59100.0
15000153,101067.0,114848.0,59100.0
15000154,104867.0,114848.0,59100.0
15000155,107467.0,106298.0,59100.0
15000156,98067.0,101548.0,59100.0
15000157,98067.0,104348.0,59100.0
15000158,107467.0,109893.0,59100.0
15000159,104867.0,113648.0,59100.0
15000160,98067.0,98548.0,59100.0
15000161,63747.0,98548.0,59100.0
15000162,56347.0,98548.0,59100.0
15000163,56347.0,114848.0,59100.0
15000164,63747.0,114848.0,59100.0
15000165,60347.0,114848.0,59100.0
15000166,60347.0,98548.0,59100.0
15000167,30067.0,87098.0,59100.0
15000168,30067.0,126298.0,59100.0
15000169,16867.0,98548.0,59100.0
15000170,16867.0,114848.0,59100.0
15000171,16867.0,106698.0,59100.0
15000172,16867.0,87098.0,59100.0
15000173,16867.0,126298.0,59100.0
15000174,111267.0,87098.0,59100.0
15000175,111267.0,126298.0,59100.0
15000176,98067.0,126298.0,59100.0
15000177,111267.0,98548.0,59100.0
15000178,98067.0,87098.0,59100.0
15000179,111267.0,106698.0,59100.0
15000180,111267.0,114848.0,59100.0
15000181,41507.0,126298.0,59100.0
15000182,41507.0,87098.0,59100.0
15000183,52947.0,87098.0,59100.0
15000184,52947.0,126298.0,59100.0
15000185,75187.0,87098.0,59100.0
15000186,75187.0,126298.0,59100.0
15000187,86627.0,126298.0,59100.0
15000188,86627.0,87098.0,59100.0
15000189,58347.0,98548.0,59100.0
15000190,58347.0,87048.0,59100.0
15000191,58322.0,126348.0,59100.0
15000192,58322.0,114848.0,59100.0
15000193,119800.0,126348.0,59100.0
15000194,115533.0,126348.0,59100.0
15000195,107467.0,126348.0,59100.0
15000196,107467.0,87048.0,59100.0
15000197,102967.0,98548.0,59100.0
15000198,102967.0,87048.0,59100.0
15000199,102967.0,114848.0,59100.0
15000200,102967.0,126348.0,59100.0
15000201,92347.0,126348.0,59100.0
15000202,92347.0,87048.0,59100.0
15000203,80907.0,126348.0,59100.0
15000204,69467.0,126348.0,59100.0
15000205,69467.0,87048.0,59100.0
15000206,47227.0,126348.0,59100.0
15000207,47227.0,87048.0,59100.0
15000208,35787.0,126348.0,59100.0
15000209,35787.0,87048.0,59100.0
15000210,25167.0,98548.0,59100.0
15000211,25167.0,87048.0,59100.0
15000212,20667.0,87048.0,59100.0
15000213,25167.0,114848.0,59100.0
15000214,25167.0,126348.0,59100.0
15000215,20667.0,126348.0,59100.0
15000216,30067.0,106698.0,59100.0
15000217,52947.0,106698.0,59100.0
15000218,63747.0,106698.0,59100.0
15000219,98067.0,106698.0,59100.0
15000220,119800.0,106698.0,59100.0
15000221,115533.0,106698.0,59100.0
15000222,47227.0,106698.0,59100.0
15000223,35787.0,106698.0,59100.0
15000224,41507.0,106698.0,59100.0
15000225,13067.0,106698.0,59100.0
15000226,9467.0,106698.0,59100.0
15000227,119800.0,98548.0,59100.0
15000228,115533.0,98548.0,59100.0
15000229,47227.0,98548.0,59100.0
15000230,35787.0,98548.0,59100.0
15000231,41507.0,98548.0,59100.0
15000232,13067.0,98548.0,59100.0
15000233,9467.0,98548.0,59100.0
15000234,119800.0,114848.0,59100.0
15000235,115533.0,114848.0,59100.0
15000236,47227.0,114848.0,59100.0
15000237,35787.0,114848.0,59100.0
15000238,41507.0,114848.0,59100.0
15000239,13067.0,114848.0,59100.0
15000240,9467.0,114848.0,59100.0
15000241,63747.0,126298.0,59100.0
15000242,63747.0,87098.0,59100.0
15000243,92347.0,98548.0,59100.0
15000244,92347.0,107148.0,59100.0
15000245,92347.0,114848.0,59100.0
15000246,69467.0,98548.0,59100.0
15000247,69467.0,107148.0,59100.0
15000248,69467.0,114848.0,59100.0
15000249,75187.0,98548.0,59100.0
15000250,75187.0,107148.0,59100.0
15000251,75187.0,114848.0,59100.0
15000252,86627.0,98548.0,59100.0
15000253,86627.0,107148.0,59100.0
15000254,86627.0,114848.0,59100.0
15000255,80907.0,98548.0,59100.0
15000256,80907.0,107148.0,59100.0
15000257,80907.0,114848.0,59100.0
15000258,80907.0,87048.0,59100.0
15000259,98067.0,101048.0,59100.0
15000260,27067.0,113448.0,58500.0
15000261,27067.0,114848.0,58500.0
15000262,20667.0,107123.0,58500.0
15000263,20667.0,108798.0,58500.0
15000264,28067.0,110448.0,58500.0
15000265,30067.0,110448.0,58500.0
15000266,23267.0,107148.0,58500.0
15000267,23267.0,108798.0,58500.0
15000268,17767.0,107148.0,58400.0
15000269,20167.0,107098.0,58400.0
15000270,18417.0,98548.0,58350.0
15000271,19467.0,98548.0,58350.0
15000272,28467.0,113448.0,58500.0
15000273,30067.0,113448.0,58500.0
15000274,20667.0,98548.0,58350.0
15000275,56347.0,113448.0,58400.0
15000276,56347.0,114848.0,58400.0
15000277,53847.0,107148.0,58400.0
15000278,55947.0,107048.0,58400.0
15000279,54497.0,98548.0,58350.0
15000280,56347.0,98548.0,58350.0
15000281,107467.0,98548.0,58350.0
15000282,108667.0,98548.0,58350.0
15000283,98067.0,113448.0,58500.0
15000284,99667.0,113448.0,58500.0
15000285,107967.0,107098.0,58400.0
15000286,110367.0,107148.0,58400.0
15000287,104867.0,107148.0,58500.0
15000288,104867.0,108798.0,58500.0
15000289,107467.0,107123.0,58500.0
15000290,107467.0,108798.0,58500.0
15000291,101067.0,113448.0,58500.0
15000292,101067.0,114848.0,58500.0
15000293,98067.0,110448.0,58500.0
15000294,100067.0,110448.0,58500.0
15000295,109717.0,98548.0,58350.0
15000296,17367.0,114848.0,59100.0
15000297,21533.0,114848.0,59100.0
15000298,22400.0,114848.0,59100.0
15000299,27767.0,114848.0,59100.0
15000300,16867.0,111060.0,59100.0
15000301,16867.0,111923.0,59100.0
15000302,16867.0,112785.0,59100.0
15000303,27067.0,113798.0,59100.0
15000304,27067.0,114148.0,59100.0
15000305,27067.0,114498.0,59100.0
15000306,30067.0,114148.0,59100.0
15000307,27067.0,111448.0,59100.0
15000308,27067.0,112448.0,59100.0
15000309,27767.0,113448.0,59100.0
15000310,27567.0,110448.0,59100.0
15000311,30067.0,111448.0,59100.0
15000312,30067.0,112448.0,59100.0
15000313,20667.0,109345.0,59100.0
15000314,20667.0,107541.0,59100.0
15000315,20667.0,107960.0,59100.0
15000316,20667.0,108379.0,59100.0
15000317,21533.0,108798.0,59100.0
15000318,22400.0,108798.0,59100.0
15000319,23267.0,109345.0,59100.0
15000320,28567.0,110448.0,59100.0
15000321,29067.0,110448.0,59100.0
15000322,29567.0,110448.0,59100.0
15000323,23267.0,107560.0,59100.0
15000324,23267.0,107973.0,59100.0
15000325,23267.0,108385.0,59100.0
15000326,17317.0,107148.0,59100.0
15000327,21533.0,107131.0,59100.0
15000328,22400.0,107139.0,59100.0
15000329,23267.0,106723.0,59100.0
15000330,27067.0,106723.0,59100.0
15000331,28067.0,107148.0,59099.0
15000332,29067.0,107148.0,59100.0
15000333,16867.0,101931.0,59100.0
15000334,16867.0,102814.0,59100.0
15000335,16867.0,99381.0,59100.0
15000336,16867.0,100214.0,59100.0
15000337,17317.0,101048.0,59100.0
15000338,18167.0,107139.0,59100.0
15000339,18567.0,107131.0,59099.0
15000340,18967.0,107123.0,59100.0
15000341,19367.0,107114.0,59100.0
15000342,19767.0,107106.0,59100.0
15000343,18617.0,101048.0,59100.0
15000344,20667.0,99381.0,59100.0
15000345,20667.0,100214.0,59100.0
15000346,17642.0,98548.0,59100.0
15000347,18942.0,98548.0,59100.0
15000348,21533.0,98548.0,59100.0
15000349,22400.0,98548.0,59100.0
15000350,23267.0,99070.0,59100.0
15000351,27067.0,99070.0,59100.0
15000352,28067.0,98548.0,59099.0
15000353,29067.0,98548.0,59100.0
15000354,16867.0,114248.0,59100.0
15000355,20667.0,114248.0,59100.0
15000356,20292.0,114848.0,59100.0
15000357,18142.0,114848.0,59100.0
15000358,18642.0,114848.0,59100.0
15000359,19142.0,114848.0,59100.0
15000360,19642.0,114848.0,59100.0
15000361,29267.0,114848.0,59100.0
15000362,28867.0,113448.0,59100.0
15000363,29267.0,113448.0,59100.0
15000364,29667.0,113448.0,59100.0
15000365,20067.0,101048.0,59100.0
15000366,20067.0,98548.0,59100.0
15000367,16867.0,104698.0,59100.0
15000368,16867.0,105698.0,59100.0
15000369,20667.0,106710.0,59100.0
15000370,23267.0,114248.0,59100.0
15000371,30067.0,99381.0,59100.0
15000372,30067.0,100214.0,59100.0
15000373,30067.0,105281.0,59100.0
15000374,30067.0,106214.0,59100.0
15000375,30067.0,102481.0,59100.0
15000376,30067.0,103414.0,59100.0
15000377,60347.0,101873.0,59100.0
15000378,60347.0,102698.0,59100.0
15000379,60347.0,103523.0,59100.0
15000380,63747.0,111328.0,59100.0
15000381,63747.0,112208.0,59100.0
15000382,63747.0,113088.0,59100.0
15000383,63747.0,113968.0,59100.0
15000384,61022.0,114848.0,59100.0
15000385,61697.0,114848.0,59100.0
15000386,62197.0,114848.0,59099.0
15000387,62697.0,114848.0,59100.0
15000388,63197.0,114848.0,59100.0
15000389,52947.0,104560.0,59100.0
15000390,52947.0,105423.0,59100.0
15000391,52947.0,106285.0,59100.0
15000392,53722.0,98548.0,59100.0
15000393,52947.0,99381.0,59100.0
15000394,52947.0,100214.0,59100.0
15000395,52947.0,101931.0,59100.0
15000396,52947.0,102814.0,59100.0
15000397,53397.0,101048.0,59100.0
15000398,53397.0,107148.0,59100.0
15000399,56347.0,111328.0,59100.0
15000400,56347.0,112208.0,59100.0
15000401,56347.0,113088.0,59100.0
15000402,56347.0,113798.0,59100.0
15000403,56347.0,114148.0,59100.0
15000404,56347.0,114498.0,59100.0
15000405,52947.0,111128.0,59100.0
15000406,52947.0,112058.0,59100.0
15000407,52947.0,112988.0,59100.0
15000408,52947.0,113918.0,59100.0
15000409,53622.0,114848.0,59100.0
15000410,54297.0,114848.0,59100.0
15000411,54797.0,114848.0,59099.0
15000412,55297.0,114848.0,59100.0
15000413,55797.0,114848.0,59100.0
15000414,54372.0,107123.0,59100.0
15000415,54897.0,107098.0,59100.0
15000416,55422.0,107073.0,59100.0
15000417,56347.0,106673.0,59100.0
15000418,56347.0,99381.0,59100.0
15000419,56347.0,100214.0,59100.0
15000420,54959.0,98548.0,59100.0
15000421,55422.0,98548.0,59100.0
15000422,55884.0,98548.0,59100.0
15000423,63747.0,102064.0,59100.0
15000424,63747.0,103081.0,59100.0
15000425,63747.0,104098.0,59100.0
15000426,63747.0,105114.0,59100.0
15000427,63747.0,106131.0,59100.0
15000428,63747.0,99381.0,59100.0
15000429,63747.0,100214.0,59100.0
15000430,54680.0,101048.0,59100.0
15000431,55513.0,101048.0,59100.0
15000432,60822.0,98548.0,59100.0
15000433,61297.0,98548.0,59099.0
15000434,61797.0,98548.0,59099.0
15000435,62297.0,98548.0,59100.0
15000436,62797.0,98548.0,59100.0
15000437,63272.0,98548.0,59100.0
15000438,61197.0,101048.0,59100.0
15000439,62047.0,101048.0,59100.0
15000440,62897.0,101048.0,59100.0
15000441,111267.0,104698.0,59100.0
15000442,111267.0,105698.0,59100.0
15000443,108067.0,98548.0,59100.0
15000444,108067.0,101048.0,59100.0
15000445,98467.0,113448.0,59100.0
15000446,98867.0,113448.0,59100.0
15000447,99267.0,113448.0,59100.0
15000448,98867.0,114848.0,59100.0
15000449,108492.0,114848.0,59100.0
15000450,108992.0,114848.0,59100.0
15000451,109492.0,114848.0,59100.0
15000452,109992.0,114848.0,59100.0
15000453,107842.0,114848.0,59100.0
15000454,107467.0,114248.0,59100.0
15000455,111267.0,114248.0,59100.0
15000456,110767.0,114848.0,59100.0
15000457,110492.0,98548.0,59100.0
15000458,99067.0,98548.0,59099.0
15000459,100067.0,98548.0,59100.0
15000460,105733.0,98548.0,59100.0
15000461,106600.0,98548.0,59100.0
15000462,101067.0,99070.0,59100.0
15000463,104867.0,99070.0,59100.0
15000464,107467.0,99381.0,59100.0
15000465,107467.0,100214.0,59100.0
15000466,109517.0,101048.0,59100.0
15000467,108367.0,107106.0,59100.0
15000468,108767.0,107114.0,59099.0
15000469,109167.0,107123.0,59100.0
15000470,109567.0,107131.0,59100.0
15000471,109967.0,107139.0,59100.0
15000472,110817.0,101048.0,59100.0
15000473,111267.0,99381.0,59100.0
15000474,111267.0,100214.0,59100.0
15000475,111267.0,101931.0,59100.0
15000476,111267.0,102814.0,59100.0
15000477,99067.0,107148.0,59099.0
15000478,100067.0,107148.0,59100.0
15000479,101067.0,106723.0,59100.0
15000480,104867.0,106723.0,59100.0
15000481,105733.0,107139.0,59100.0
15000482,106600.0,107131.0,59100.0
15000483,110817.0,107148.0,59100.0
15000484,104867.0,107560.0,59100.0
15000485,104867.0,107973.0,59100.0
15000486,104867.0,108385.0,59100.0
15000487,104867.0,109345.0,59100.0
15000488,105733.0,108798.0,59100.0
15000489,106600.0,108798.0,59100.0
15000490,107467.0,107541.0,59100.0
15000491,107467.0,107960.0,59100.0
15000492,107467.0,108379.0,59100.0
15000493,107467.0,109345.0,59100.0
15000494,98067.0,111448.0,59100.0
15000495,98067.0,112448.0,59100.0
15000496,100567.0,110448.0,59100.0
15000497,100367.0,113448.0,59100.0
15000498,101067.0,111448.0,59100.0
15000499,101067.0,112448.0,59100.0
15000500,98067.0,114148.0,59100.0
15000501,101067.0,113798.0,59100.0
15000502,101067.0,114148.0,59100.0
15000503,101067.0,114498.0,59100.0
15000504,111267.0,111060.0,59100.0
15000505,111267.0,111923.0,59100.0
15000506,111267.0,112785.0,59100.0
15000507,100367.0,114848.0,59100.0
15000508,105733.0,114848.0,59100.0
15000509,106600.0,114848.0,59100.0
15000510,107467.0,106710.0,59100.0
15000511,98067.0,102481.0,59100.0
15000512,98067.0,103414.0,59100.0
15000513,98067.0,105281.0,59100.0
15000514,98067.0,106214.0,59100.0
15000515,104867.0,114248.0,59100.0
15000516,98567.0,110448.0,59100.0
15000517,99067.0,110448.0,59100.0
15000518,99567.0,110448.0,59100.0
15000519,109192.0,98548.0,59100.0
15000520,61197.0,110448.0,59100.0
15000521,62047.0,110448.0,59100.0
15000522,62897.0,110448.0,59100.0
15000523,16867.0,114848.0,58000.0
15000524,16867.0,114848.0,57166.0
15000525,16867.0,114848.0,56333.0
15000526,17867.0,114848.0,58000.0
15000527,17867.0,114848.0,57166.0
15000528,17867.0,114848.0,56333.0
15000529,20667.0,114848.0,58000.0
15000530,20667.0,114848.0,57166.0
15000531,20667.0,114848.0,56333.0
15000532,23267.0,114848.0,58100.0
15000533,23267.0,114848.0,57233.0
15000534,23267.0,114848.0,56366.0
15000535,28467.0,114848.0,58200.0
15000536,28467.0,114848.0,57300.0
15000537,28467.0,114848.0,56400.0
15000538,27067.0,110448.0,58200.0
15000539,27067.0,110448.0,57300.0
15000540,27067.0,110448.0,56400.0
15000541,20667.0,109893.0,58200.0
15000542,20667.0,109893.0,57300.0
15000543,20667.0,109893.0,56400.0
15000544,16867.0,110198.0,58000.0
15000545,16867.0,110198.0,57166.0
15000546,16867.0,110198.0,56333.0
15000547,16867.0,113648.0,58000.0
15000548,16867.0,113648.0,57166.0
15000549,16867.0,113648.0,56333.0
15000550,23267.0,109893.0,58200.0
15000551,23267.0,109893.0,57300.0
15000552,23267.0,109893.0,56400.0
15000553,16867.0,106698.0,58200.0
15000554,16867.0,106698.0,57300.0
15000555,16867.0,106698.0,56400.0
15000556,16867.0,107148.0,58200.0
15000557,16867.0,107148.0,57300.0
15000558,16867.0,107148.0,56400.0
15000559,23267.0,106298.0,58200.0
15000560,23267.0,106298.0,57300.0
15000561,23267.0,106298.0,56400.0
15000562,27067.0,106298.0,58200.0
15000563,27067.0,106298.0,57300.0
15000564,27067.0,106298.0,56400.0
15000565,27067.0,107148.0,58200.0
15000566,27067.0,107148.0,57300.0
15000567,27067.0,107148.0,56400.0
15000568,16867.0,101048.0,58200.0
15000569,16867.0,101048.0,57300.0
15000570,16867.0,101048.0,56400.0
15000571,16867.0,103698.0,58200.0
15000572,16867.0,103698.0,57300.0
15000573,16867.0,103698.0,56400.0
15000574,16867.0,98548.0,58200.0
15000575,16867.0,98548.0,57300.0
15000576,16867.0,98548.0,56400.0
15000577,17767.0,101048.0,58200.0
15000578,17767.0,101048.0,57300.0
15000579,17767.0,101048.0,56400.0
15000580,19467.0,101048.0,58200.0
15000581,19467.0,101048.0,57300.0
15000582,19467.0,101048.0,56400.0
15000583,20667.0,101048.0,58200.0
15000584,20667.0,101048.0,57300.0
15000585,20667.0,101048.0,56400.0
15000586,23267.0,98548.0,58200.0
15000587,23267.0,98548.0,57300.0
15000588,23267.0,98548.0,56400.0
15000589,23267.0,99593.0,58200.0
15000590,23267.0,99593.0,57300.0
15000591,23267.0,99593.0,56400.0
15000592,27067.0,98548.0,58200.0
15000593,27067.0,98548.0,57300.0
15000594,27067.0,98548.0,56400.0
15000595,27067.0,99593.0,58200.0
15000596,27067.0,99593.0,57300.0
15000597,27067.0,99593.0,56400.0
15000598,30067.0,98548.0,58200.0
15000599,30067.0,98548.0,57300.0
15000600,30067.0,98548.0,56400.0
15000601,19917.0,114848.0,58000.0
15000602,19917.0,114848.0,57166.0
15000603,19917.0,114848.0,56333.0
15000604,30067.0,114848.0,58200.0
15000605,30067.0,114848.0,57300.0
15000606,30067.0,114848.0,56400.0
15000607,20667.0,106298.0,58200.0
15000608,20667.0,106298.0,57300.0
15000609,20667.0,106298.0,56400.0
15000610,20667.0,113648.0,58000.0
15000611,20667.0,113648.0,57166.0
15000612,20667.0,113648.0,56333.0
15000613,23267.0,113648.0,58200.0
15000614,23267.0,113648.0,57300.0
15000615,23267.0,113648.0,56400.0
15000616,20667.0,101548.0,58200.0
15000617,20667.0,101548.0,57300.0
15000618,20667.0,101548.0,56400.0
15000619,30067.0,101048.0,58200.0
15000620,30067.0,101048.0,57300.0
15000621,30067.0,101048.0,56400.0
15000622,30067.0,101548.0,58200.0
15000623,30067.0,101548.0,57300.0
15000624,30067.0,101548.0,56400.0
15000625,30067.0,107148.0,58200.0
15000626,30067.0,107148.0,57300.0
15000627,30067.0,107148.0,56400.0
15000628,30067.0,104348.0,58200.0
15000629,30067.0,104348.0,57300.0
15000630,30067.0,104348.0,56400.0
15000631,30067.0,106698.0,58200.0
15000632,30067.0,106698.0,57300.0
15000633,30067.0,106698.0,56400.0
15000634,60347.0,101048.0,58000.0
15000635,60347.0,101048.0,57166.0
15000636,60347.0,101048.0,56333.0
15000637,60347.0,104348.0,58000.0
15000638,60347.0,104348.0,57166.0
15000639,60347.0,104348.0,56333.0
15000640,63747.0,110448.0,58000.0
15000641,63747.0,110448.0,57166.0
15000642,63747.0,110448.0,56333.0
15000643,63747.0,114848.0,58000.0
15000644,63747.0,114848.0,57166.0
15000645,63747.0,114848.0,56333.0
15000646,60347.0,114848.0,58000.0
15000647,60347.0,114848.0,57166.0
15000648,60347.0,114848.0,56333.0
15000649,52947.0,103698.0,58200.0
15000650,52947.0,103698.0,57300.0
15000651,52947.0,103698.0,56400.0
15000652,52947.0,106698.0,58200.0
15000653,52947.0,106698.0,57300.0
15000654,52947.0,106698.0,56400.0
15000655,52947.0,98548.0,58200.0
15000656,52947.0,98548.0,57300.0
15000657,52947.0,98548.0,56400.0
15000658,52947.0,101048.0,58200.0
15000659,52947.0,101048.0,57300.0
15000660,52947.0,101048.0,56400.0
15000661,53847.0,101048.0,58200.0
15000662,53847.0,101048.0,57300.0
15000663,53847.0,101048.0,56400.0
15000664,52947.0,107148.0,58200.0
15000665,52947.0,107148.0,57300.0
15000666,52947.0,107148.0,56400.0
15000667,56347.0,107048.0,58200.0
15000668,56347.0,107048.0,57300.0
15000669,56347.0,107048.0,56400.0
15000670,56347.0,110448.0,58200.0
15000671,56347.0,110448.0,57300.0
15000672,56347.0,110448.0,56400.0
15000673,52947.0,110198.0,58000.0
15000674,52947.0,110198.0,57166.0
15000675,52947.0,110198.0,56333.0
15000676,52947.0,114848.0,58000.0
15000677,52947.0,114848.0,57166.0
15000678,52947.0,114848.0,56333.0
15000679,56347.0,106298.0,58200.0
15000680,56347.0,106298.0,57300.0
15000681,56347.0,106298.0,56400.0
15000682,56347.0,101048.0,58200.0
15000683,56347.0,101048.0,57300.0
15000684,56347.0,101048.0,56400.0
15000685,56347.0,101548.0,58200.0
15000686,56347.0,101548.0,57300.0
15000687,56347.0,101548.0,56400.0
15000688,63747.0,101048.0,58000.0
15000689,63747.0,101048.0,57166.0
15000690,63747.0,101048.0,56333.0
15000691,63747.0,106698.0,58100.0
15000692,63747.0,106698.0,57233.0
15000693,63747.0,106698.0,56366.0
15000694,63747.0,98548.0,58000.0
15000695,63747.0,98548.0,57166.0
15000696,63747.0,98548.0,56333.0
15000697,60347.0,98548.0,58000.0
15000698,60347.0,98548.0,57166.0
15000699,60347.0,98548.0,56333.0
15000700,111267.0,103698.0,58200.0
15000701,111267.0,103698.0,57300.0
15000702,111267.0,103698.0,56400.0
15000703,111267.0,106698.0,58200.0
15000704,111267.0,106698.0,57300.0
15000705,111267.0,106698.0,56400.0
15000706,107467.0,101048.0,58200.0
15000707,107467.0,101048.0,57300.0
15000708,107467.0,101048.0,56400.0
15000709,108667.0,101048.0,58200.0
15000710,108667.0,101048.0,57300.0
15000711,108667.0,101048.0,56400.0
15000712,98067.0,114848.0,58200.0
15000713,98067.0,114848.0,57300.0
15000714,98067.0,114848.0,56400.0
15000715,99667.0,114848.0,58200.0
15000716,99667.0,114848.0,57300.0
15000717,99667.0,114848.0,56400.0
15000718,108217.0,114848.0,58000.0
15000719,108217.0,114848.0,57166.0
15000720,108217.0,114848.0,56333.0
15000721,110267.0,114848.0,58000.0
15000722,110267.0,114848.0,57166.0
15000723,110267.0,114848.0,56333.0
15000724,107467.0,114848.0,58100.0
15000725,107467.0,114848.0,57233.0
15000726,107467.0,114848.0,56366.0
15000727,107467.0,113648.0,58000.0
15000728,107467.0,113648.0,57166.0
15000729,107467.0,113648.0,56333.0
15000730,111267.0,113648.0,58200.0
15000731,111267.0,113648.0,57300.0
15000732,111267.0,113648.0,56400.0
15000733,111267.0,114848.0,58100.0
15000734,111267.0,114848.0,57233.0
15000735,111267.0,114848.0,56366.0
15000736,111267.0,98548.0,58200.0
15000737,111267.0,98548.0,57300.0
15000738,111267.0,98548.0,56400.0
15000739,98067.0,98548.0,58200.0
15000740,98067.0,98548.0,57300.0
15000741,98067.0,98548.0,56400.0
15000742,101067.0,98548.0,58200.0
15000743,101067.0,98548.0,57300.0
15000744,101067.0,98548.0,56400.0
15000745,104867.0,98548.0,58200.0
15000746,104867.0,98548.0,57300.0
15000747,104867.0,98548.0,56400.0
15000748,101067.0,99593.0,58200.0
15000749,101067.0,99593.0,57300.0
15000750,101067.0,99593.0,56400.0
15000751,104867.0,99593.0,58200.0
15000752,104867.0,99593.0,57300.0
15000753,104867.0,99593.0,56400.0
15000754,107467.0,101548.0,58200.0
15000755,107467.0,101548.0,57300.0
15000756,107467.0,101548.0,56400.0
15000757,110367.0,101048.0,58200.0
15000758,110367.0,101048.0,57300.0
15000759,110367.0,101048.0,56400.0
15000760,111267.0,101048.0,58200.0
15000761,111267.0,101048.0,57300.0
15000762,111267.0,101048.0,56400.0
15000763,98067.0,107148.0,58200.0
15000764,98067.0,107148.0,57300.0
15000765,98067.0,107148.0,56400.0
15000766,101067.0,107148.0,58200.0
15000767,101067.0,107148.0,57300.0
15000768,101067.0,107148.0,56400.0
15000769,101067.0,106298.0,58200.0
15000770,101067.0,106298.0,57300.0
15000771,101067.0,106298.0,56400.0
15000772,104867.0,106298.0,58200.0
15000773,104867.0,106298.0,57300.0
15000774,104867.0,106298.0,56400.0
15000775,111267.0,107148.0,58200.0
15000776,111267.0,107148.0,57300.0
15000777,111267.0,107148.0,56400.0
15000778,104867.0,109893.0,58200.0
15000779,104867.0,109893.0,57300.0
15000780,104867.0,109893.0,56400.0
15000781,107467.0,109893.0,58200.0
15000782,107467.0,109893.0,57300.0
15000783,107467.0,109893.0,56400.0
15000784,101067.0,110448.0,58200.0
15000785,101067.0,110448.0,57300.0
15000786,101067.0,110448.0,56400.0
15000787,111267.0,110198.0,58200.0
15000788,111267.0,110198.0,57300.0
15000789,111267.0,110198.0,56400.0
15000790,104867.0,114848.0,58200.0
15000791,104867.0,114848.0,57300.0
15000792,104867.0,114848.0,56400.0
15000793,107467.0,106298.0,58200.0
15000794,107467.0,106298.0,57300.0
15000795,107467.0,106298.0,56400.0
15000796,98067.0,101548.0,58200.0
15000797,98067.0,101548.0,57300.0
15000798,98067.0,101548.0,56400.0
15000799,98067.0,104348.0,58200.0
15000800,98067.0,104348.0,57300.0
15000801,98067.0,104348.0,56400.0
15000802,98067.0,106698.0,58200.0
15000803,98067.0,106698.0,57300.0
15000804,98067.0,106698.0,56400.0
15000805,104867.0,113648.0,58200.0
15000806,104867.0,113648.0,57300.0
15000807,104867.0,113648.0,56400.0
15000808,63747.0,107148.0,58200.0
15000809,63747.0,107148.0,57300.0
15000810,63747.0,107148.0,56400.0
15000811,60347.0,110448.0,58000.0
15000812,60347.0,110448.0,57166.0
15000813,60347.0,110448.0,56333.0
15000814,98067.0,99381.0,59100.0
15000815,98067.0,100214.0,59100.0
15000816,27067.0,113798.0,58500.0
15000817,27067.0,114148.0,58500.0
15000818,27067.0,114498.0,58500.0
15000819,20667.0,107541.0,58500.0
15000820,20667.0,107960.0,58500.0
15000821,20667.0,108379.0,58500.0
15000822,28567.0,110448.0,58500.0
15000823,29067.0,110448.0,58500.0
15000824,29567.0,110448.0,58500.0
15000825,23267.0,107560.0,58500.0
15000826,23267.0,107973.0,58500.0
15000827,23267.0,108385.0,58500.0
15000828,18167.0,107139.0,58400.0
15000829,18567.0,107131.0,58400.0
15000830,18967.0,107123.0,58400.0
15000831,19367.0,107114.0,58400.0
15000832,19767.0,107106.0,58400.0
15000833,18942.0,98548.0,58350.0
15000834,28867.0,113448.0,58500.0
15000835,29267.0,113448.0,58500.0
15000836,29667.0,113448.0,58500.0
15000837,20067.0,98548.0,58350.0
15000838,56347.0,113798.0,58400.0
15000839,56347.0,114148.0,58400.0
15000840,56347.0,114498.0,58400.0
15000841,54372.0,107123.0,58400.0
15000842,54897.0,107098.0,58400.0
15000843,55422.0,107073.0,58400.0
15000844,54959.0,98548.0,58350.0
15000845,55422.0,98548.0,58350.0
15000846,55884.0,98548.0,58350.0
15000847,108067.0,98548.0,58350.0
15000848,98467.0,113448.0,58500.0
15000849,98867.0,113448.0,58500.0
15000850,99267.0,113448.0,58500.0
15000851,108367.0,107106.0,58400.0
15000852,108767.0,107114.0,58400.0
15000853,109167.0,107123.0,58400.0
15000854,109567.0,107131.0,58400.0
15000855,109967.0,107139.0,58400.0
15000856,104867.0,107560.0,58500.0
15000857,104867.0,107973.0,58500.0
15000858,104867.0,108385.0,58500.0
15000859,107467.0,107541.0,58500.0
15000860,107467.0,107960.0,58500.0
15000861,107467.0,108379.0,58500.0
15000862,101067.0,113798.0,58500.0
15000863,101067.0,114148.0,58500.0
15000864,101067.0,114498.0,58500.0
15000865,98567.0,110448.0,58500.0
15000866,99067.0,110448.0,58500.0
15000867,99567.0,110448.0,58500.0
15000868,109192.0,98548.0,58350.0
15000869,27067.0,114848.0,57300.0
15000870,27067.0,114848.0,56400.0
15000871,27067.0,113448.0,57300.0
15000872,27067.0,113448.0,56400.0
15000873,28467.0,113448.0,57300.0
15000874,28467.0,113448.0,56400.0
15000875,20667.0,108798.0,57300.0
15000876,20667.0,108798.0,56400.0
15000877,28067.0,110448.0,57300.0
15000878,28067.0,110448.0,56400.0
15000879,23267.0,108798.0,57300.0
15000880,23267.0,108798.0,56400.0
15000881,20167.0,107098.0,57300.0
15000882,20167.0,107098.0,56400.0
15000883,20667.0,107123.0,57300.0
15000884,20667.0,107123.0,56400.0
15000885,23267.0,107148.0,57300.0
15000886,23267.0,107148.0,56400.0
15000887,20667.0,98548.0,57300.0
15000888,20667.0,98548.0,56400.0
15000889,18417.0,98548.0,57300.0
15000890,18417.0,98548.0,56400.0
15000891,17767.0,107148.0,57300.0
15000892,17767.0,107148.0,56400.0
15000893,30067.0,113448.0,57300.0
15000894,30067.0,113448.0,56400.0
15000895,30067.0,110448.0,57300.0
15000896,30067.0,110448.0,56400.0
15000897,54497.0,98548.0,57300.0
15000898,54497.0,98548.0,56400.0
15000899,53847.0,107148.0,57300.0
15000900,53847.0,107148.0,56400.0
15000901,55947.0,107048.0,57300.0
15000902,55947.0,107048.0,56400.0
15000903,56347.0,113448.0,57300.0
15000904,56347.0,113448.0,56400.0
15000905,56347.0,114848.0,57166.0
15000906,56347.0,114848.0,56333.0
15000907,56347.0,98548.0,57300.0
15000908,56347.0,98548.0,56400.0
15000909,109717.0,98548.0,57300.0
15000910,109717.0,98548.0,56400.0
15000911,107467.0,98548.0,57300.0
15000912,107467.0,98548.0,56400.0
15000913,107467.0,107123.0,57300.0
15000914,107467.0,107123.0,56400.0
15000915,107967.0,107098.0,57300.0
15000916,107967.0,107098.0,56400.0
15000917,104867.0,107148.0,57300.0
15000918,104867.0,107148.0,56400.0
15000919,110367.0,107148.0,57300.0
15000920,110367.0,107148.0,56400.0
15000921,104867.0,108798.0,57300.0
15000922,104867.0,108798.0,56400.0
15000923,107467.0,108798.0,57300.0
15000924,107467.0,108798.0,56400.0
15000925,98067.0,110448.0,57300.0
15000926,98067.0,110448.0,56400.0
15000927,98067.0,113448.0,57300.0
15000928,98067.0,113448.0,56400.0
15000929,100067.0,110448.0,57300.0
15000930,100067.0,110448.0,56400.0
15000931,99667.0,113448.0,57300.0
15000932,99667.0,113448.0,56400.0
15000933,101067.0,113448.0,57300.0
15000934,101067.0,113448.0,56400.0
15000935,101067.0,114848.0,57300.0
15000936,101067.0,114848.0,56400.0
15000937,24217.0,107148.0,59100.0
15000938,25167.0,107148.0,59100.0
15000939,26117.0,107148.0,59100.0
15000940,27067.0,108248.0,59099.0
15000941,27067.0,109348.0,59100.0
15000942,26117.0,114848.0,59100.0
15000943,24217.0,114848.0,59100.0
15000944,23267.0,112748.0,59100.0
15000945,23267.0,110870.0,59100.0
15000946,28467.0,114148.0,59100.0
15000947,17817.0,108760.0,59100.0
15000948,18767.0,108773.0,59100.0
15000949,19717.0,108785.0,59100.0
15000950,20667.0,110870.0,59100.0
15000951,20667.0,112748.0,59100.0
15000952,18892.0,113648.0,59100.0
15000953,16867.0,109473.0,59100.0
15000954,16867.0,107948.0,59100.0
15000955,24217.0,104348.0,59100.0
15000956,25167.0,104348.0,59100.0
15000957,26117.0,104348.0,59100.0
15000958,27067.0,105323.0,59100.0
15000959,23267.0,105323.0,59100.0
15000960,19467.0,99381.0,59100.0
15000961,19467.0,100214.0,59100.0
15000962,24217.0,101548.0,59100.0
15000963,25167.0,101548.0,59100.0
15000964,26117.0,101548.0,59100.0
15000965,27067.0,102481.0,59100.0
15000966,27067.0,103414.0,59100.0
15000967,23267.0,102481.0,59100.0
15000968,23267.0,103414.0,59100.0
15000969,24217.0,98548.0,59100.0
15000970,26117.0,98548.0,59100.0
15000971,27067.0,100570.0,59100.0
15000972,23267.0,100570.0,59100.0
15000973,56347.0,107898.0,59100.0
15000974,53797.0,108748.0,59100.0
15000975,54647.0,108748.0,59100.0
15000976,55497.0,108748.0,59100.0
15000977,52947.0,107948.0,59100.0
15000978,108667.0,99381.0,59100.0
15000979,108667.0,100214.0,59100.0
15000980,99667.0,114148.0,59100.0
15000981,109242.0,113648.0,59100.0
15000982,108417.0,108785.0,59100.0
15000983,109367.0,108773.0,59100.0
15000984,110317.0,108760.0,59100.0
15000985,111267.0,109473.0,59100.0
15000986,107467.0,112748.0,59100.0
15000987,107467.0,110870.0,59100.0
15000988,102017.0,98548.0,59100.0
15000989,103917.0,98548.0,59100.0
15000990,104867.0,100570.0,59100.0
15000991,102017.0,101548.0,59100.0
15000992,102967.0,101548.0,59100.0
15000993,103917.0,101548.0,59100.0
15000994,101067.0,100570.0,59100.0
15000995,111267.0,107948.0,59100.0
15000996,102017.0,104348.0,59100.0
15000997,102967.0,104348.0,59100.0
15000998,103917.0,104348.0,59100.0
15000999,104867.0,105323.0,59100.0
15001000,102017.0,107148.0,59100.0
15001001,102967.0,107148.0,59100.0
15001002,103917.0,107148.0,59100.0
15001003,101067.0,105323.0,59100.0
15001004,104867.0,110870.0,59100.0
15001005,104867.0,112748.0,59100.0
15001006,103917.0,114848.0,59100.0
15001007,102017.0,114848.0,59100.0
15001008,101067.0,108248.0,59099.0
15001009,101067.0,109348.0,59100.0
15001010,104867.0,102481.0,59100.0
15001011,104867.0,103414.0,59100.0
15001012,101067.0,102481.0,59100.0
15001013,101067.0,103414.0,59100.0
15001016,64239.0,106666.0,59099.0
15001017,108667.0,98548.0,58725.0
15001018,109192.0,98548.0,58725.0
15001019,109717.0,98548.0,58725.0
15001020,98067.0,110448.0,58800.0
15001021,98567.0,110448.0,58800.0
15001022,99067.0,110448.0,58800.0
15001023,99567.0,110448.0,58800.0
15001024,100067.0,110448.0,58800.0
15001025,101067.0,113448.0,58800.0
15001026,101067.0,113798.0,58800.0
15001027,101067.0,114148.0,58800.0
15001028,101067.0,114498.0,58800.0
15001029,101067.0,114848.0,58800.0
15001030,107467.0,107123.0,58800.0
15001031,107467.0,107541.0,58800.0
15001032,107467.0,107960.0,58800.0
15001033,107467.0,108379.0,58800.0
15001034,107467.0,108798.0,58800.0
15001035,104867.0,107148.0,58800.0
15001036,104867.0,107560.0,58800.0
15001037,104867.0,107973.0,58800.0
15001038,104867.0,108385.0,58800.0
15001039,104867.0,108798.0,58800.0
15001040,107967.0,107098.0,58750.0
15001041,108367.0,107106.0,58750.0
15001042,108767.0,107114.0,58750.0
15001043,109167.0,107123.0,58750.0
15001044,109567.0,107131.0,58750.0
15001045,109967.0,107139.0,58750.0
15001046,110367.0,107148.0,58750.0
15001047,98067.0,113448.0,58800.0
15001048,98467.0,113448.0,58800.0
15001049,98867.0,113448.0,58800.0
15001050,99267.0,113448.0,58800.0
15001051,99667.0,113448.0,58800.0
15001052,107467.0,98548.0,58725.0
15001053,108067.0,98548.0,58725.0
15001054,54497.0,98548.0,58725.0
15001055,54959.0,98548.0,58725.0
15001056,55422.0,98548.0,58725.0
15001057,55884.0,98548.0,58725.0
15001058,56347.0,98548.0,58725.0
15001059,53847.0,107148.0,58750.0
15001060,54372.0,107123.0,58750.0
15001061,54897.0,107098.0,58750.0
15001062,55422.0,107073.0,58750.0
15001063,55947.0,107048.0,58750.0
15001064,56347.0,113448.0,58750.0
15001065,56347.0,113798.0,58750.0
15001066,56347.0,114148.0,58750.0
15001067,56347.0,114498.0,58750.0
15001068,56347.0,114848.0,58750.0
15001069,19467.0,98548.0,58725.0
15001070,20067.0,98548.0,58725.0
15001071,20667.0,98548.0,58725.0
15001072,28467.0,113448.0,58800.0
15001073,28867.0,113448.0,58800.0
15001074,29267.0,113448.0,58800.0
15001075,29667.0,113448.0,58800.0
15001076,30067.0,113448.0,58800.0
15001077,18417.0,98548.0,58725.0
15001078,18942.0,98548.0,58725.0
15001079,17767.0,107148.0,58750.0
15001080,18167.0,107139.0,58750.0
15001081,18567.0,107131.0,58750.0
15001082,18967.0,107123.0,58750.0
15001083,19367.0,107114.0,58750.0
15001084,19767.0,107106.0,58750.0
15001085,20167.0,107098.0,58750.0
15001086,23267.0,107148.0,58800.0
15001087,23267.0,107560.0,58800.0
15001088,23267.0,107973.0,58800.0
15001089,23267.0,108385.0,58800.0
15001090,23267.0,108798.0,58800.0
15001091,28067.0,110448.0,58800.0
15001092,28567.0,110448.0,58800.0
15001093,29067.0,110448.0,58800.0
15001094,29567.0,110448.0,58800.0
15001095,30067.0,110448.0,58800.0
15001096,20667.0,107123.0,58800.0
15001097,20667.0,107541.0,58800.0
15001098,20667.0,107960.0,58800.0
15001099,20667.0,108379.0,58800.0
15001100,20667.0,108798.0,58800.0
15001101,27067.0,113448.0,58800.0
15001102,27067.0,113798.0,58800.0
15001103,27067.0,114148.0,58800.0
15001104,27067.0,114498.0,58800.0
15001105,27067.0,114848.0,58800.0
15001106,17367.0,114848.0,58000.0
15001107,17367.0,114848.0,56333.0
15001108,17367.0,114848.0,57166.0
15001109,21533.0,114848.0,58100.0
15001110,22400.0,114848.0,58100.0
15001111,21533.0,114848.0,56366.0
15001112,22400.0,114848.0,56366.0
15001113,21533.0,114848.0,57233.0
15001114,22400.0,114848.0,57233.0
15001115,27767.0,114848.0,58200.0
15001116,27767.0,114848.0,56400.0
15001117,27767.0,114848.0,57300.0
15001118,16867.0,111060.0,58000.0
15001119,16867.0,111923.0,58000.0
15001120,16867.0,112785.0,58000.0
15001121,16867.0,111060.0,56333.0
15001122,16867.0,111923.0,56333.0
15001123,16867.0,112785.0,56333.0
15001124,16867.0,111060.0,57166.0
15001125,16867.0,112785.0,57166.0
15001126,16867.0,111923.0,57166.0
15001127,30067.0,114148.0,58200.0
15001128,30067.0,114148.0,56400.0
15001129,30067.0,114148.0,57300.0
15001130,27067.0,111448.0,58200.0
15001131,27067.0,112448.0,58200.0
15001132,27067.0,111448.0,56400.0
15001133,27067.0,112448.0,56400.0
15001134,27067.0,111448.0,57300.0
15001135,27067.0,112448.0,57300.0
15001136,27767.0,113448.0,58500.0
15001137,27767.0,113448.0,56400.0
15001138,27767.0,113448.0,57300.0
15001139,27567.0,110448.0,58200.0
15001140,27567.0,110448.0,56400.0
15001141,27567.0,110448.0,57300.0
15001142,30067.0,111448.0,58500.0
15001143,30067.0,112448.0,58500.0
15001144,30067.0,111448.0,56400.0
15001145,30067.0,112448.0,56400.0
15001146,30067.0,111448.0,57300.0
15001147,30067.0,112448.0,57300.0
15001148,20667.0,109345.0,58200.0
15001149,20667.0,109345.0,56400.0
15001150,20667.0,109345.0,57300.0
15001151,21533.0,108798.0,58500.0
15001152,22400.0,108798.0,58500.0
15001153,21533.0,108798.0,56400.0
15001154,22400.0,108798.0,56400.0
15001155,21533.0,108798.0,57300.0
15001156,22400.0,108798.0,57300.0
15001157,23267.0,109345.0,58200.0
15001158,23267.0,109345.0,56400.0
15001159,23267.0,109345.0,57300.0
15001160,17317.0,107148.0,58200.0
15001161,17317.0,107148.0,56400.0
15001162,17317.0,107148.0,57300.0
15001163,21533.0,107131.0,58500.0
15001164,22400.0,107139.0,58500.0
15001165,21533.0,107131.0,56400.0
15001166,22400.0,107139.0,56400.0
15001167,21533.0,107131.0,57300.0
15001168,22400.0,107139.0,57300.0
15001169,23267.0,106723.0,58200.0
15001170,23267.0,106723.0,56400.0
15001171,23267.0,106723.0,57300.0
15001172,27067.0,106723.0,58200.0
15001173,27067.0,106723.0,56400.0
15001174,27067.0,106723.0,57300.0
15001175,28067.0,107148.0,58200.0
15001176,29067.0,107148.0,58200.0
15001177,28067.0,107148.0,56400.0
15001178,29067.0,107148.0,56400.0
15001179,28067.0,107148.0,57300.0
15001180,29067.0,107148.0,57300.0
15001181,16867.0,101931.0,58200.0
15001182,16867.0,102814.0,58200.0
15001183,16867.0,101931.0,56400.0
15001184,16867.0,102814.0,56400.0
15001185,16867.0,101931.0,57300.0
15001186,16867.0,102814.0,57300.0
15001187,16867.0,99381.0,58200.0
15001188,16867.0,100214.0,58200.0
15001189,16867.0,99381.0,56400.0
15001190,16867.0,100214.0,56400.0
15001191,16867.0,99381.0,57300.0
15001192,16867.0,100214.0,57300.0
15001193,17317.0,101048.0,58200.0
15001194,17317.0,101048.0,56400.0
15001195,17317.0,101048.0,57300.0
15001196,18617.0,101048.0,58200.0
15001197,18617.0,101048.0,56400.0
15001198,18617.0,101048.0,57300.0
15001199,20667.0,99381.0,58200.0
15001200,20667.0,100214.0,58200.0
15001201,20667.0,99381.0,56400.0
15001202,20667.0,100214.0,56400.0
15001203,20667.0,99381.0,57300.0
15001204,20667.0,100214.0,57300.0
15001205,17642.0,98548.0,58200.0
15001206,17642.0,98548.0,56400.0
15001207,17642.0,98548.0,57300.0
15001208,21533.0,98548.0,58200.0
15001209,22400.0,98548.0,58200.0
15001210,21533.0,98548.0,56400.0
15001211,22400.0,98548.0,56400.0
15001212,21533.0,98548.0,57300.0
15001213,22400.0,98548.0,57300.0
15001214,23267.0,99070.0,58200.0
15001215,23267.0,99070.0,56400.0
15001216,23267.0,99070.0,57300.0
15001217,27067.0,99070.0,58200.0
15001218,27067.0,99070.0,56400.0
15001219,27067.0,99070.0,57300.0
15001220,28067.0,98548.0,58200.0
15001221,29067.0,98548.0,58200.0
15001222,28067.0,98548.0,56400.0
15001223,29067.0,98548.0,56400.0
15001224,28067.0,98548.0,57300.0
15001225,29067.0,98548.0,57300.0
15001226,16867.0,114248.0,58000.0
15001227,16867.0,114248.0,56333.0
15001228,16867.0,114248.0,57166.0
15001229,20667.0,114248.0,58000.0
15001230,20667.0,114248.0,56333.0
15001231,20667.0,114248.0,57166.0
15001232,20292.0,114848.0,58000.0
15001233,20292.0,114848.0,56333.0
15001234,20292.0,114848.0,57166.0
15001235,18142.0,114848.0,58000.0
15001236,18145.0,114848.0,58550.0
15001237,18642.0,114848.0,58550.0
15001238,19142.0,114848.0,58550.0
15001239,19639.0,114848.0,58550.0
15001240,19642.0,114848.0,58000.0
15001241,18142.0,114848.0,56333.0
15001242,19642.0,114848.0,56333.0
15001243,18142.0,114848.0,57166.0
15001244,19642.0,114848.0,57166.0
15001245,18642.0,114848.0,58000.0
15001246,19142.0,114848.0,58000.0
15001247,29267.0,114848.0,58200.0
15001248,29267.0,114848.0,56400.0
15001249,29267.0,114848.0,57300.0
15001250,20067.0,101048.0,58200.0
15001251,20067.0,101048.0,56400.0
15001252,20067.0,101048.0,57300.0
15001253,16867.0,104698.0,58200.0
15001254,16867.0,105698.0,58200.0
15001255,16867.0,104698.0,56400.0
15001256,16867.0,105698.0,56400.0
15001257,16867.0,104698.0,57300.0
15001258,16867.0,105698.0,57300.0
15001259,20667.0,106710.0,58200.0
15001260,20667.0,106710.0,56400.0
15001261,20667.0,106710.0,57300.0
15001262,23267.0,114248.0,58200.0
15001263,23267.0,114248.0,56400.0
15001264,23267.0,114248.0,57300.0
15001265,30067.0,99381.0,58200.0
15001266,30067.0,100214.0,58200.0
15001267,30067.0,99381.0,56400.0
15001268,30067.0,100214.0,56400.0
15001269,30067.0,99381.0,57300.0
15001270,30067.0,100214.0,57300.0
15001271,30067.0,105281.0,58200.0
15001272,30067.0,106214.0,58200.0
15001273,30067.0,105281.0,56400.0
15001274,30067.0,106214.0,56400.0
15001275,30067.0,105281.0,57300.0
15001276,30067.0,106214.0,57300.0
15001277,30067.0,102481.0,58200.0
15001278,30067.0,103414.0,58200.0
15001279,30067.0,102481.0,56400.0
15001280,30067.0,103414.0,56400.0
15001281,30067.0,102481.0,57300.0
15001282,30067.0,103414.0,57300.0
15001283,60347.0,101873.0,58000.0
15001284,60347.0,102698.0,58000.0
15001285,60347.0,103523.0,58000.0
15001286,60347.0,101873.0,56333.0
15001287,60347.0,102698.0,56333.0
15001288,60347.0,103523.0,56333.0
15001289,60347.0,101873.0,57166.0
15001290,60347.0,103523.0,57166.0
15001291,60347.0,102698.0,57166.0
15001292,63747.0,111328.0,58000.0
15001293,63747.0,112208.0,58000.0
15001294,63747.0,113088.0,58000.0
15001295,63747.0,113968.0,58000.0
15001296,63747.0,111328.0,56333.0
15001297,63747.0,112208.0,56333.0
15001298,63747.0,113088.0,56333.0
15001299,63747.0,113968.0,56333.0
15001300,63747.0,111328.0,57166.0
15001301,63747.0,113968.0,57166.0
15001302,63747.0,112208.0,57166.0
15001303,63747.0,113088.0,57166.0
15001304,61022.0,114848.0,58000.0
15001305,61697.0,114848.0,58000.0
15001306,61700.0,114848.0,58550.0
15001307,62197.0,114848.0,58550.0
15001308,62697.0,114848.0,58550.0
15001309,63194.0,114848.0,58550.0
15001310,63197.0,114848.0,58000.0
15001311,61022.0,114848.0,56333.0
15001312,61697.0,114848.0,56333.0
15001313,63197.0,114848.0,56333.0
15001314,61022.0,114848.0,57166.0
15001315,63197.0,114848.0,57166.0
15001316,62197.0,114848.0,58000.0
15001317,61697.0,114848.0,57166.0
15001318,62697.0,114848.0,58000.0
15001319,52947.0,104560.0,58200.0
15001320,52947.0,105423.0,58200.0
15001321,52947.0,106285.0,58200.0
15001322,52947.0,104560.0,56400.0
15001323,52947.0,105423.0,56400.0
15001324,52947.0,106285.0,56400.0
15001325,52947.0,104560.0,57300.0
15001326,52947.0,106285.0,57300.0
15001327,52947.0,105423.0,57300.0
15001328,53722.0,98548.0,58200.0
15001329,53722.0,98548.0,56400.0
15001330,53722.0,98548.0,57300.0
15001331,52947.0,99381.0,58200.0
15001332,52947.0,100214.0,58200.0
15001333,52947.0,99381.0,56400.0
15001334,52947.0,100214.0,56400.0
15001335,52947.0,99381.0,57300.0
15001336,52947.0,100214.0,57300.0
15001337,52947.0,101931.0,58200.0
15001338,52947.0,102814.0,58200.0
15001339,52947.0,101931.0,56400.0
15001340,52947.0,102814.0,56400.0
15001341,52947.0,101931.0,57300.0
15001342,52947.0,102814.0,57300.0
15001343,53397.0,101048.0,58200.0
15001344,53397.0,101048.0,56400.0
15001345,53397.0,101048.0,57300.0
15001346,53397.0,107148.0,58200.0
15001347,53397.0,107148.0,56400.0
15001348,53397.0,107148.0,57300.0
15001349,56347.0,111328.0,58200.0
15001350,56347.0,112208.0,58200.0
15001351,56347.0,113088.0,58200.0
15001352,56347.0,111328.0,56400.0
15001353,56347.0,112208.0,56400.0
15001354,56347.0,113088.0,56400.0
15001355,56347.0,111328.0,57300.0
15001356,56347.0,113088.0,57300.0
15001357,56347.0,112208.0,57300.0
15001358,52947.0,111128.0,58000.0
15001359,52947.0,112058.0,58000.0
15001360,52947.0,112988.0,58000.0
15001361,52947.0,113918.0,58000.0
15001362,52947.0,111128.0,56333.0
15001363,52947.0,112058.0,56333.0
15001364,52947.0,112988.0,56333.0
15001365,52947.0,113918.0,56333.0
15001366,52947.0,111128.0,57166.0
15001367,52947.0,113918.0,57166.0
15001368,52947.0,112058.0,57166.0
15001369,52947.0,112988.0,57166.0
15001370,53622.0,114848.0,58000.0
15001371,54297.0,114848.0,58000.0
15001372,54300.0,114848.0,58550.0
15001373,54797.0,114848.0,58550.0
15001374,55297.0,114848.0,58550.0
15001375,55794.0,114848.0,58550.0
15001376,55797.0,114848.0,58000.0
15001377,53622.0,114848.0,56333.0
15001378,54297.0,114848.0,56333.0
15001379,55797.0,114848.0,56333.0
15001380,53622.0,114848.0,57166.0
15001381,55797.0,114848.0,57166.0
15001382,54797.0,114848.0,58000.0
15001383,54297.0,114848.0,57166.0
15001384,55297.0,114848.0,58000.0
15001385,56347.0,106673.0,58200.0
15001386,56347.0,106673.0,56400.0
15001387,56347.0,106673.0,57300.0
15001388,56347.0,99381.0,58200.0
15001389,56347.0,100214.0,58200.0
15001390,56347.0,99381.0,56400.0
15001391,56347.0,100214.0,56400.0
15001392,56347.0,99381.0,57300.0
15001393,56347.0,100214.0,57300.0
15001394,63747.0,102064.0,58100.0
15001395,63747.0,103081.0,58100.0
15001396,63747.0,104098.0,58100.0
15001397,63747.0,105114.0,58100.0
15001398,63747.0,106131.0,58100.0
15001399,63747.0,102064.0,56366.0
15001400,63747.0,103081.0,56366.0
15001401,63747.0,104098.0,56366.0
15001402,63747.0,105114.0,56366.0
15001403,63747.0,106131.0,56366.0
15001404,63747.0,102064.0,57233.0
15001405,63747.0,106131.0,57233.0
15001406,63747.0,103081.0,57233.0
15001407,63747.0,104098.0,57233.0
15001408,63747.0,105114.0,57233.0
15001409,63747.0,99381.0,58000.0
15001410,63747.0,100214.0,58000.0
15001411,63747.0,99381.0,56333.0
15001412,63747.0,100214.0,56333.0
15001413,63747.0,99381.0,57166.0
15001414,63747.0,100214.0,57166.0
15001415,54680.0,101048.0,58200.0
15001416,55513.0,101048.0,58200.0
15001417,54680.0,101048.0,56400.0
15001418,55513.0,101048.0,56400.0
15001419,54680.0,101048.0,57300.0
15001420,55513.0,101048.0,57300.0
15001421,60822.0,98548.0,58000.0
15001422,61297.0,98548.0,58000.0
15001423,61300.0,98548.0,58550.0
15001424,61797.0,98548.0,58550.0
15001425,62297.0,98548.0,58550.0
15001426,62794.0,98548.0,58550.0
15001427,62797.0,98548.0,58000.0
15001428,63272.0,98548.0,58000.0
15001429,60822.0,98548.0,56333.0
15001430,61297.0,98548.0,56333.0
15001431,63272.0,98548.0,56333.0
15001432,62797.0,98548.0,56333.0
15001433,60822.0,98548.0,57166.0
15001434,63272.0,98548.0,57166.0
15001435,61797.0,98548.0,58000.0
15001436,61297.0,98548.0,57166.0
15001437,62297.0,98548.0,58000.0
15001438,62797.0,98548.0,57166.0
15001439,61197.0,101048.0,58000.0
15001440,62047.0,101048.0,58000.0
15001441,62897.0,101048.0,58000.0
15001442,61197.0,101048.0,56333.0
15001443,62047.0,101048.0,56333.0
15001444,62897.0,101048.0,56333.0
15001445,61197.0,101048.0,57166.0
15001446,62897.0,101048.0,57166.0
15001447,62047.0,101048.0,57166.0
15001448,111267.0,104698.0,58200.0
15001449,111267.0,105698.0,58200.0
15001450,111267.0,104698.0,56400.0
15001451,111267.0,105698.0,56400.0
15001452,111267.0,104698.0,57300.0
15001453,111267.0,105698.0,57300.0
15001454,108067.0,101048.0,58200.0
15001455,108067.0,101048.0,56400.0
15001456,108067.0,101048.0,57300.0
15001457,98867.0,114848.0,58200.0
15001458,98867.0,114848.0,56400.0
15001459,98867.0,114848.0,57300.0
15001460,108492.0,114848.0,58000.0
15001461,108495.0,114848.0,58550.0
15001462,108992.0,114848.0,58550.0
15001463,109492.0,114848.0,58550.0
15001464,109989.0,114848.0,58550.0
15001465,109992.0,114848.0,58000.0
15001466,108492.0,114848.0,56333.0
15001467,109992.0,114848.0,56333.0
15001468,108492.0,114848.0,57166.0
15001469,109992.0,114848.0,57166.0
15001470,108992.0,114848.0,58000.0
15001471,109492.0,114848.0,58000.0
15001472,107842.0,114848.0,58100.0
15001473,107842.0,114848.0,56366.0
15001474,107842.0,114848.0,57233.0
15001475,107467.0,114248.0,58100.0
15001476,107467.0,114248.0,56366.0
15001477,107467.0,114248.0,57233.0
15001478,111267.0,114248.0,58200.0
15001479,111267.0,114248.0,56400.0
15001480,111267.0,114248.0,57300.0
15001481,110767.0,114848.0,58100.0
15001482,110767.0,114848.0,56366.0
15001483,110767.0,114848.0,57233.0
15001484,110492.0,98548.0,58200.0
15001485,110492.0,98548.0,56400.0
15001486,110492.0,98548.0,57300.0
15001487,99067.0,98548.0,58200.0
15001488,100067.0,98548.0,58200.0
15001489,99067.0,98548.0,56400.0
15001490,100067.0,98548.0,56400.0
15001491,99067.0,98548.0,57300.0
15001492,100067.0,98548.0,57300.0
15001493,105733.0,98548.0,58200.0
15001494,106600.0,98548.0,58200.0
15001495,105733.0,98548.0,56400.0
15001496,106600.0,98548.0,56400.0
15001497,105733.0,98548.0,57300.0
15001498,106600.0,98548.0,57300.0
15001499,101067.0,99070.0,58200.0
15001500,101067.0,99070.0,56400.0
15001501,101067.0,99070.0,57300.0
15001502,104867.0,99070.0,58200.0
15001503,104867.0,99070.0,56400.0
15001504,104867.0,99070.0,57300.0
15001505,107467.0,99381.0,58200.0
15001506,107467.0,100214.0,58200.0
15001507,107467.0,99381.0,56400.0
15001508,107467.0,100214.0,56400.0
15001509,107467.0,99381.0,57300.0
15001510,107467.0,100214.0,57300.0
15001511,109517.0,101048.0,58200.0
15001512,109517.0,101048.0,56400.0
15001513,109517.0,101048.0,57300.0
15001514,110817.0,101048.0,58200.0
15001515,110817.0,101048.0,56400.0
15001516,110817.0,101048.0,57300.0
15001517,111267.0,99381.0,58200.0
15001518,111267.0,100214.0,58200.0
15001519,111267.0,99381.0,56400.0
15001520,111267.0,100214.0,56400.0
15001521,111267.0,99381.0,57300.0
15001522,111267.0,100214.0,57300.0
15001523,111267.0,101931.0,58200.0
15001524,111267.0,102814.0,58200.0
15001525,111267.0,101931.0,56400.0
15001526,111267.0,102814.0,56400.0
15001527,111267.0,101931.0,57300.0
15001528,111267.0,102814.0,57300.0
15001529,99067.0,107148.0,58200.0
15001530,100067.0,107148.0,58200.0
15001531,99067.0,107148.0,56400.0
15001532,100067.0,107148.0,56400.0
15001533,99067.0,107148.0,57300.0
15001534,100067.0,107148.0,57300.0
15001535,101067.0,106723.0,58200.0
15001536,101067.0,106723.0,56400.0
15001537,101067.0,106723.0,57300.0
15001538,104867.0,106723.0,58200.0
15001539,104867.0,106723.0,56400.0
15001540,104867.0,106723.0,57300.0
15001541,105733.0,107139.0,58500.0
15001542,106600.0,107131.0,58500.0
15001543,105733.0,107139.0,56400.0
15001544,106600.0,107131.0,56400.0
15001545,105733.0,107139.0,57300.0
15001546,106600.0,107131.0,57300.0
15001547,110817.0,107148.0,58200.0
15001548,110817.0,107148.0,56400.0
15001549,110817.0,107148.0,57300.0
15001550,104867.0,109345.0,58200.0
15001551,104867.0,109345.0,56400.0
15001552,104867.0,109345.0,57300.0
15001553,105733.0,108798.0,58500.0
15001554,106600.0,108798.0,58500.0
15001555,105733.0,108798.0,56400.0
15001556,106600.0,108798.0,56400.0
15001557,105733.0,108798.0,57300.0
15001558,106600.0,108798.0,57300.0
15001559,107467.0,109345.0,58200.0
15001560,107467.0,109345.0,56400.0
15001561,107467.0,109345.0,57300.0
15001562,98067.0,111448.0,58500.0
15001563,98067.0,112448.0,58500.0
15001564,98067.0,111448.0,56400.0
15001565,98067.0,112448.0,56400.0
15001566,98067.0,111448.0,57300.0
15001567,98067.0,112448.0,57300.0
15001568,100567.0,110448.0,58200.0
15001569,100567.0,110448.0,56400.0
15001570,100567.0,110448.0,57300.0
15001571,100367.0,113448.0,58500.0
15001572,100367.0,113448.0,56400.0
15001573,100367.0,113448.0,57300.0
15001574,101067.0,111448.0,58200.0
15001575,101067.0,112448.0,58200.0
15001576,101067.0,111448.0,56400.0
15001577,101067.0,112448.0,56400.0
15001578,101067.0,111448.0,57300.0
15001579,101067.0,112448.0,57300.0
15001580,98067.0,114148.0,58200.0
15001581,98067.0,114148.0,56400.0
15001582,98067.0,114148.0,57300.0
15001583,111267.0,111060.0,58200.0
15001584,111267.0,111923.0,58200.0
15001585,111267.0,112785.0,58200.0
15001586,111267.0,111060.0,56400.0
15001587,111267.0,111923.0,56400.0
15001588,111267.0,112785.0,56400.0
15001589,111267.0,111060.0,57300.0
15001590,111267.0,112785.0,57300.0
15001591,111267.0,111923.0,57300.0
15001592,100367.0,114848.0,58200.0
15001593,100367.0,114848.0,56400.0
15001594,100367.0,114848.0,57300.0
15001595,105733.0,114848.0,58200.0
15001596,106600.0,114848.0,58200.0
15001597,105733.0,114848.0,56400.0
15001598,106600.0,114848.0,56400.0
15001599,105733.0,114848.0,57300.0
15001600,106600.0,114848.0,57300.0
15001601,107467.0,106710.0,58200.0
15001602,107467.0,106710.0,56400.0
15001603,107467.0,106710.0,57300.0
15001604,98067.0,102481.0,58200.0
15001605,98067.0,103414.0,58200.0
15001606,98067.0,102481.0,56400.0
15001607,98067.0,103414.0,56400.0
15001608,98067.0,102481.0,57300.0
15001609,98067.0,103414.0,57300.0
15001610,98067.0,105281.0,58200.0
15001611,98067.0,106214.0,58200.0
15001612,98067.0,105281.0,56400.0
15001613,98067.0,106214.0,56400.0
15001614,98067.0,105281.0,57300.0
15001615,98067.0,106214.0,57300.0
15001616,104867.0,114248.0,58200.0
15001617,104867.0,114248.0,56400.0
15001618,104867.0,114248.0,57300.0
15001619,98067.0,99381.0,58200.0
15001620,98067.0,100214.0,58200.0
15001621,98067.0,100881.0,58200.0
15001622,98067.0,99381.0,56400.0
15001623,98067.0,100214.0,56400.0
15001624,98067.0,100881.0,56400.0
15001625,98067.0,99381.0,57300.0
15001626,98067.0,100881.0,57300.0
15001627,98067.0,100214.0,57300.0
15001628,61197.0,110448.0,58000.0
15001629,62047.0,110448.0,58000.0
15001630,62897.0,110448.0,58000.0
15001631,61197.0,110448.0,56333.0
15001632,62047.0,110448.0,56333.0
15001633,62897.0,110448.0,56333.0
15001634,61197.0,110448.0,57166.0
15001635,62897.0,110448.0,57166.0
15001636,62047.0,110448.0,57166.0
15001637,24217.0,113842.0,59100.0
15001638,24217.0,112888.0,59100.0
15001639,24217.0,111942.0,59100.0
15001640,24217.0,110977.0,59100.0
15001641,24217.0,109999.0,59100.0
15001642,24217.0,109011.0,59100.0
15001643,24217.0,108071.0,59100.0
15001644,25167.0,113929.0,59100.0
15001645,25167.0,113007.0,59100.0
15001646,25167.0,112066.0,59100.0
15001647,25167.0,111102.0,59100.0
15001648,25167.0,110119.0,59100.0
15001649,25167.0,109126.0,59100.0
15001650,25167.0,108135.0,59100.0
15001651,26117.0,114015.0,59100.0
15001652,26117.0,113157.0,59100.0
15001653,26117.0,112223.0,59100.0
15001654,26117.0,111253.0,59100.0
15001655,26117.0,110256.0,59100.0
15001656,26117.0,109228.0,59100.0
15001657,26117.0,108189.0,59100.0
15001658,27767.0,114148.0,59100.0
15001659,29267.0,114148.0,59100.0
15001660,17833.0,112807.0,59100.0
15001661,17803.0,111978.0,59100.0
15001662,17814.0,109560.0,59100.0
15001663,17803.0,110360.0,59100.0
15001664,17797.0,111175.0,59100.0
15001665,18747.0,110499.0,59100.0
15001666,18711.0,111308.0,59100.0
15001667,18758.0,109644.0,59100.0
15001668,18725.0,111989.0,59100.0
15001669,18796.0,112799.0,59100.0
15001670,19605.0,111720.0,59100.0
15001671,19687.0,110724.0,59100.0
15001672,19711.0,109759.0,59100.0
15001673,19736.0,112715.0,59100.0
15001674,17727.0,107952.0,59100.0
15001675,18522.0,107951.0,59100.0
15001676,19173.0,107945.0,59100.0
15001677,19928.0,107945.0,59100.0
15001678,21533.0,107964.0,59100.0
15001679,22400.0,107968.0,59100.0
15001680,24217.0,106235.0,59100.0
15001681,24217.0,105296.0,59100.0
15001682,25167.0,106224.0,59100.0
15001683,25167.0,105289.0,59100.0
15001684,26117.0,106235.0,59100.0
15001685,26117.0,105296.0,59100.0
15001686,17733.0,100214.0,59100.0
15001687,17704.0,99381.0,59100.0
15001688,18596.0,100214.0,59100.0
15001689,18559.0,99381.0,59100.0
15001690,24217.0,103414.0,59100.0
15001691,24217.0,102481.0,59100.0
15001692,25167.0,103414.0,59100.0
15001693,25167.0,102481.0,59100.0
15001694,26117.0,103414.0,59100.0
15001695,26117.0,102481.0,59100.0
15001696,24217.0,100556.0,59100.0
15001697,24217.0,99559.0,59100.0
15001698,25167.0,100552.0,59100.0
15001699,25167.0,99553.0,59100.0
15001700,26117.0,100556.0,59100.0
15001701,26117.0,99559.0,59100.0
15001702,53835.0,107943.0,59100.0
15001703,54736.0,107923.0,59100.0
15001704,55602.0,107903.0,59100.0
15001705,109538.0,100214.0,59100.0
15001706,109574.0,99381.0,59100.0
15001707,110401.0,100214.0,59100.0
15001708,110429.0,99381.0,59100.0
15001709,98867.0,114148.0,59100.0
15001710,100367.0,114148.0,59100.0
15001711,108372.0,112745.0,59100.0
15001712,108436.0,111814.0,59100.0
15001713,108445.0,109786.0,59100.0
15001714,108536.0,110807.0,59100.0
15001715,109424.0,111113.0,59100.0
15001716,109371.0,111930.0,59100.0
15001717,109425.0,110435.0,59100.0
15001718,109388.0,109627.0,59100.0
15001719,109326.0,112783.0,59100.0
15001720,110341.0,110329.0,59100.0
15001721,110337.0,111124.0,59100.0
15001722,110328.0,109547.0,59100.0
15001723,110293.0,112795.0,59100.0
15001724,110320.0,111948.0,59100.0
15001725,102017.0,100556.0,59100.0
15001726,102017.0,99559.0,59100.0
15001727,102967.0,100552.0,59100.0
15001728,102967.0,99553.0,59100.0
15001729,103917.0,100556.0,59100.0
15001730,103917.0,99559.0,59100.0
15001731,108205.0,107945.0,59100.0
15001732,108960.0,107945.0,59100.0
15001733,109611.0,107951.0,59100.0
15001734,110406.0,107952.0,59100.0
15001735,102017.0,106235.0,59100.0
15001736,102017.0,105296.0,59100.0
15001737,102967.0,106224.0,59100.0
15001738,102967.0,105289.0,59100.0
15001739,103917.0,106235.0,59100.0
15001740,103917.0,105296.0,59100.0
15001741,102017.0,114015.0,59100.0
15001742,102017.0,113157.0,59100.0
15001743,102017.0,112223.0,59100.0
15001744,102017.0,111253.0,59100.0
15001745,102017.0,110256.0,59100.0
15001746,102017.0,109228.0,59100.0
15001747,102017.0,108189.0,59100.0
15001748,102967.0,113929.0,59100.0
15001749,102967.0,113007.0,59100.0
15001750,102967.0,112066.0,59100.0
15001751,102967.0,111102.0,59100.0
15001752,102967.0,110119.0,59100.0
15001753,102967.0,109126.0,59100.0
15001754,102967.0,108135.0,59100.0
15001755,103917.0,113842.0,59100.0
15001756,103917.0,112888.0,59100.0
15001757,103917.0,111942.0,59100.0
15001758,103917.0,110977.0,59100.0
15001759,103917.0,109999.0,59100.0
15001760,103917.0,109011.0,59100.0
15001761,103917.0,108071.0,59100.0
15001762,102017.0,103414.0,59100.0
15001763,102017.0,102481.0,59100.0
15001764,102967.0,103414.0,59100.0
15001765,102967.0,102481.0,59100.0
15001766,103917.0,103414.0,59100.0
15001767,103917.0,102481.0,59100.0
15001768,105733.0,107968.0,59100.0
15001769,106600.0,107964.0,59100.0
16000001,23267.0,114848.0,62699.0
16000002,27067.0,114848.0,62699.0
16000003,20667.0,114848.0,62699.0
16000004,30067.0,114848.0,62699.0
16000005,27067.0,113448.0,62699.0
16000006,27067.0,110448.0,62699.0
16000007,30067.0,113448.0,62699.0
16000008,20667.0,111848.0,62699.0
16000009,20667.0,108798.0,62699.0
16000010,23267.0,111848.0,62699.0
16000011,16867.0,108748.0,62699.0
16000012,23267.0,108798.0,62699.0
16000013,16867.0,107148.0,62699.0
16000014,30067.0,107148.0,62699.0
16000015,23267.0,107148.0,62699.0
16000016,20667.0,107123.0,62699.0
16000017,27067.0,107148.0,62699.0
16000018,16867.0,101048.0,62699.0
16000019,17767.0,107148.0,62699.0
16000020,17767.0,101048.0,62699.0
16000021,20667.0,104348.0,62699.0
16000022,23267.0,104348.0,62699.0
16000023,27067.0,104348.0,62699.0
16000024,20667.0,101548.0,62699.0
16000025,20667.0,101048.0,62699.0
16000026,23267.0,101548.0,62699.0
16000027,27067.0,101548.0,62699.0
16000028,20667.0,98548.0,62699.0
16000029,23267.0,98548.0,62699.0
16000030,27067.0,98548.0,62699.0
16000031,16867.0,110198.0,62699.0
16000032,30067.0,110448.0,62699.0
16000033,23267.0,109893.0,62699.0
16000034,28067.0,110448.0,62699.0
16000035,23267.0,106298.0,62699.0
16000036,27067.0,106298.0,62699.0
16000037,20167.0,107098.0,62699.0
16000038,23267.0,99593.0,62699.0
16000039,27067.0,99593.0,62699.0
16000040,18417.0,98548.0,62699.0
16000041,20667.0,113648.0,62699.0
16000042,16867.0,113648.0,62699.0
16000043,19917.0,113648.0,62699.0
16000044,19917.0,114848.0,62699.0
16000045,17867.0,113648.0,62699.0
16000046,17867.0,114848.0,62699.0
16000047,28467.0,113448.0,62699.0
16000048,28467.0,114848.0,62699.0
16000049,19467.0,98548.0,62699.0
16000050,19467.0,101048.0,62699.0
16000051,17767.0,103698.0,62699.0
16000052,16867.0,103698.0,62699.0
16000053,20667.0,106298.0,62699.0
16000054,23267.0,113648.0,62699.0
16000055,20667.0,109893.0,62699.0
16000056,4867.0,114848.0,62699.0
16000057,4867.0,106698.0,62699.0
16000058,4867.0,98548.0,62699.0
16000059,4867.0,87098.0,62699.0
16000060,4867.0,126298.0,62699.0
16000061,9467.0,126348.0,62699.0
16000062,13067.0,126348.0,62699.0
16000063,124067.0,114848.0,62699.0
16000064,124067.0,106698.0,62699.0
16000065,124067.0,98548.0,62699.0
16000066,124067.0,87098.0,62699.0
16000067,124067.0,126298.0,62699.0
16000068,30067.0,98548.0,62699.0
16000069,30067.0,101048.0,62699.0
16000070,30067.0,104348.0,62699.0
16000071,30067.0,101548.0,62699.0
16000072,13067.0,87048.0,62699.0
16000073,9467.0,87048.0,62699.0
16000074,63747.0,110448.0,62699.0
16000075,60347.0,101048.0,62699.0
16000076,60347.0,107048.0,62699.0
16000077,63747.0,107148.0,62699.0
16000078,52947.0,114848.0,62699.0
16000079,56347.0,108748.0,62699.0
16000080,52947.0,103698.0,62699.0
16000081,53847.0,103698.0,62699.0
16000082,54497.0,98548.0,62699.0
16000083,56347.0,110448.0,62699.0
16000084,52947.0,110198.0,62699.0
16000085,56347.0,113448.0,62699.0
16000086,52947.0,101048.0,62699.0
16000087,53847.0,101048.0,62699.0
16000088,53847.0,107148.0,62699.0
16000089,52947.0,107148.0,62699.0
16000090,56347.0,107048.0,62699.0
16000091,52947.0,108748.0,62699.0
16000092,56347.0,101548.0,62699.0
16000093,55947.0,107048.0,62699.0
16000094,56347.0,106298.0,62699.0
16000095,60347.0,110448.0,62699.0
16000096,56347.0,104348.0,62699.0
16000097,56347.0,101048.0,62699.0
16000098,63747.0,101048.0,62699.0
16000099,52947.0,98548.0,62699.0
16000100,60347.0,104348.0,62699.0
16000101,119800.0,87048.0,62699.0
16000102,115533.0,87048.0,62699.0
16000103,111267.0,103698.0,62699.0
16000104,110367.0,103698.0,62699.0
16000105,108667.0,101048.0,62699.0
16000106,108667.0,98548.0,62699.0
16000107,99667.0,114848.0,62699.0
16000108,99667.0,113448.0,62699.0
16000109,110267.0,114848.0,62699.0
16000110,110267.0,113648.0,62699.0
16000111,108217.0,114848.0,62699.0
16000112,108217.0,113648.0,62699.0
16000113,111267.0,113648.0,62699.0
16000114,107467.0,113648.0,62699.0
16000115,109717.0,98548.0,62699.0
16000116,101067.0,99593.0,62699.0
16000117,104867.0,99593.0,62699.0
16000118,107967.0,107098.0,62699.0
16000119,101067.0,106298.0,62699.0
16000120,104867.0,106298.0,62699.0
16000121,100067.0,110448.0,62699.0
16000122,104867.0,109893.0,62699.0
16000123,98067.0,110448.0,62699.0
16000124,111267.0,110198.0,62699.0
16000125,101067.0,98548.0,62699.0
16000126,104867.0,98548.0,62699.0
16000127,107467.0,98548.0,62699.0
16000128,101067.0,101548.0,62699.0
16000129,104867.0,101548.0,62699.0
16000130,107467.0,101048.0,62699.0
16000131,107467.0,101548.0,62699.0
16000132,101067.0,104348.0,62699.0
16000133,104867.0,104348.0,62699.0
16000134,107467.0,104348.0,62699.0
16000135,110367.0,101048.0,62699.0
16000136,110367.0,107148.0,62699.0
16000137,111267.0,101048.0,62699.0
16000138,101067.0,107148.0,62699.0
16000139,107467.0,107123.0,62699.0
16000140,104867.0,107148.0,62699.0
16000141,98067.0,107148.0,62699.0
16000142,111267.0,107148.0,62699.0
16000143,104867.0,108798.0,62699.0
16000144,111267.0,108748.0,62699.0
16000145,104867.0,111848.0,62699.0
16000146,107467.0,108798.0,62699.0
16000147,107467.0,111848.0,62699.0
16000148,98067.0,113448.0,62699.0
16000149,101067.0,110448.0,62699.0
16000150,101067.0,113448.0,62699.0
16000151,98067.0,114848.0,62699.0
16000152,107467.0,114848.0,62699.0
16000153,101067.0,114848.0,62699.0
16000154,104867.0,114848.0,62699.0
16000155,107467.0,106298.0,62699.0
16000156,98067.0,101548.0,62699.0
16000157,98067.0,104348.0,62699.0
16000158,107467.0,109893.0,62699.0
16000159,104867.0,113648.0,62699.0
16000160,98067.0,101048.0,62699.0
16000161,98067.0,98548.0,62699.0
16000162,63747.0,98548.0,62699.0
16000163,56347.0,98548.0,62699.0
16000164,56347.0,114848.0,62699.0
16000165,63747.0,114848.0,62699.0
16000166,60347.0,114848.0,62699.0
16000167,60347.0,98548.0,62699.0
16000168,30067.0,87098.0,62699.0
16000169,30067.0,126298.0,62699.0
16000170,16867.0,98548.0,62699.0
16000171,16867.0,114848.0,62699.0
16000172,16867.0,106698.0,62699.0
16000173,16867.0,87098.0,62699.0
16000174,16867.0,126298.0,62699.0
16000175,111267.0,126298.0,62699.0
16000176,111267.0,87098.0,62699.0
16000177,98067.0,87098.0,62699.0
16000178,98067.0,126298.0,62699.0
16000179,111267.0,106698.0,62699.0
16000180,111267.0,114848.0,62699.0
16000181,111267.0,98548.0,62699.0
16000182,41507.0,126298.0,62699.0
16000183,41507.0,87098.0,62699.0
16000184,52947.0,87098.0,62699.0
16000185,52947.0,126298.0,62699.0
16000186,75187.0,87098.0,62699.0
16000187,75187.0,126298.0,62699.0
16000188,86627.0,126298.0,62699.0
16000189,86627.0,87098.0,62699.0
16000190,102700.0,87048.0,62699.0
16000191,47227.0,126348.0,62699.0
16000192,47227.0,87048.0,62699.0
16000193,35787.0,126348.0,62699.0
16000194,35787.0,87048.0,62699.0
16000195,25433.0,126348.0,62699.0
16000196,25433.0,114848.0,62699.0
16000197,25433.0,87048.0,62699.0
16000198,25433.0,98548.0,62699.0
16000199,20667.0,87048.0,62699.0
16000200,20667.0,126348.0,62699.0
16000201,102700.0,126348.0,62699.0
16000202,102700.0,114848.0,62699.0
16000203,107467.0,126348.0,62699.0
16000204,107467.0,87048.0,62699.0
16000205,58322.0,87048.0,62699.0
16000206,58322.0,126348.0,62699.0
16000207,58322.0,114848.0,62699.0
16000208,69467.0,126348.0,62699.0
16000209,69467.0,87048.0,62699.0
16000210,80907.0,126348.0,62699.0
16000211,80907.0,87048.0,62699.0
16000212,92347.0,126348.0,62699.0
16000213,92347.0,87048.0,62699.0
16000214,119800.0,126348.0,62699.0
16000215,115533.0,126348.0,62699.0
16000216,30067.0,106698.0,62699.0
16000217,52947.0,106698.0,62699.0
16000218,63747.0,106698.0,62699.0
16000219,58322.0,98548.0,62699.0
16000220,98067.0,106698.0,62699.0
16000221,102700.0,98548.0,62699.0
16000222,47227.0,106698.0,62699.0
16000223,47227.0,98548.0,62699.0
16000224,47227.0,114848.0,62699.0
16000225,35787.0,106698.0,62699.0
16000226,35787.0,98548.0,62699.0
16000227,35787.0,114848.0,62699.0
16000228,69467.0,106698.0,62699.0
16000229,69467.0,98548.0,62699.0
16000230,69467.0,114848.0,62699.0
16000231,80907.0,106698.0,62699.0
16000232,80907.0,98548.0,62699.0
16000233,80907.0,114848.0,62699.0
16000234,92347.0,106698.0,62699.0
16000235,92347.0,98548.0,62699.0
16000236,92347.0,114848.0,62699.0
16000237,119800.0,106698.0,62699.0
16000238,119800.0,98548.0,62699.0
16000239,119800.0,114848.0,62699.0
16000240,115533.0,106698.0,62699.0
16000241,115533.0,98548.0,62699.0
16000242,115533.0,114848.0,62699.0
16000243,86627.0,106698.0,62699.0
16000244,86627.0,98548.0,62699.0
16000245,86627.0,114848.0,62699.0
16000246,75187.0,106698.0,62699.0
16000247,75187.0,98548.0,62699.0
16000248,75187.0,114848.0,62699.0
16000249,41507.0,106698.0,62699.0
16000250,41507.0,98548.0,62699.0
16000251,41507.0,114848.0,62699.0
16000252,13067.0,106698.0,62699.0
16000253,13067.0,98548.0,62699.0
16000254,13067.0,114848.0,62699.0
16000255,9467.0,106698.0,62699.0
16000256,9467.0,98548.0,62699.0
16000257,9467.0,114848.0,62699.0
16000258,63747.0,87098.0,62699.0
16000259,63747.0,126298.0,62699.0
16000260,16867.0,108748.0,61899.0
16000261,16867.0,110198.0,61899.0
16000262,27067.0,113448.0,62099.0
16000263,27067.0,114848.0,62099.0
16000264,20667.0,107123.0,62099.0
16000265,20667.0,108798.0,62099.0
16000266,28067.0,110448.0,62099.0
16000267,30067.0,110448.0,62099.0
16000268,16867.0,107148.0,61899.0
16000269,23267.0,107148.0,62099.0
16000270,23267.0,108798.0,62099.0
16000271,17767.0,107148.0,61999.0
16000272,20167.0,107098.0,61999.0
16000273,18417.0,98548.0,61899.0
16000274,19467.0,98548.0,61899.0
16000275,28467.0,113448.0,62099.0
16000276,30067.0,113448.0,62099.0
16000277,20667.0,98548.0,61899.0
16000278,56347.0,113448.0,61999.0
16000279,56347.0,114848.0,61999.0
16000280,53847.0,107148.0,61999.0
16000281,55947.0,107048.0,61999.0
16000282,54497.0,98548.0,61899.0
16000283,56347.0,98548.0,61899.0
16000284,107467.0,98548.0,61899.0
16000285,108667.0,98548.0,61899.0
16000286,98067.0,113448.0,62099.0
16000287,99667.0,113448.0,62099.0
16000288,107967.0,107098.0,61999.0
16000289,110367.0,107148.0,61999.0
16000290,104867.0,107148.0,62099.0
16000291,104867.0,108798.0,62099.0
16000292,111267.0,107148.0,61899.0
16000293,111267.0,108748.0,61899.0
16000294,107467.0,107123.0,62099.0
16000295,107467.0,108798.0,62099.0
16000296,101067.0,113448.0,62099.0
16000297,101067.0,114848.0,62099.0
16000298,111267.0,110198.0,61899.0
16000299,98067.0,110448.0,62099.0
16000300,100067.0,110448.0,62099.0
16000301,109717.0,98548.0,61899.0
16000302,17367.0,114848.0,62699.0
16000303,21533.0,114848.0,62699.0
16000304,22400.0,114848.0,62699.0
16000305,27767.0,114848.0,62699.0
16000306,16867.0,111060.0,62699.0
16000307,16867.0,111923.0,62699.0
16000308,16867.0,112785.0,62699.0
16000309,16867.0,109110.0,62699.0
16000310,16867.0,109473.0,62699.0
16000311,16867.0,109835.0,62699.0
16000312,27067.0,113798.0,62699.0
16000313,27067.0,114148.0,62699.0
16000314,27067.0,114498.0,62699.0
16000315,30067.0,114148.0,62699.0
16000316,27067.0,111448.0,62699.0
16000317,27067.0,112448.0,62700.0
16000318,27767.0,113448.0,62699.0
16000319,27567.0,110448.0,62699.0
16000320,30067.0,111448.0,62699.0
16000321,30067.0,112448.0,62700.0
16000322,20667.0,109345.0,62699.0
16000323,20667.0,107541.0,62699.0
16000324,20667.0,107960.0,62699.0
16000325,20667.0,108379.0,62699.0
16000326,21533.0,108798.0,62699.0
16000327,22400.0,108798.0,62699.0
16000328,23267.0,109345.0,62699.0
16000329,28567.0,110448.0,62699.0
16000330,29067.0,110448.0,62699.0
16000331,29567.0,110448.0,62699.0
16000332,16867.0,107548.0,62699.0
16000333,16867.0,107948.0,62699.0
16000334,16867.0,108348.0,62699.0
16000335,23267.0,107560.0,62699.0
16000336,23267.0,107973.0,62699.0
16000337,23267.0,108385.0,62699.0
16000338,17317.0,107148.0,62699.0
16000339,21533.0,107131.0,62699.0
16000340,22400.0,107139.0,62699.0
16000341,23267.0,106723.0,62699.0
16000342,27067.0,106723.0,62699.0
16000343,28067.0,107148.0,62699.0
16000344,29067.0,107148.0,62699.0
16000345,16867.0,101931.0,62699.0
16000346,16867.0,102814.0,62699.0
16000347,16867.0,99381.0,62699.0
16000348,16867.0,100214.0,62699.0
16000349,17317.0,101048.0,62699.0
16000350,18167.0,107139.0,62699.0
16000351,18567.0,107131.0,62699.0
16000352,18967.0,107123.0,62699.0
16000353,19367.0,107114.0,62700.0
16000354,19767.0,107106.0,62699.0
16000355,18617.0,101048.0,62699.0
16000356,20667.0,99381.0,62699.0
16000357,20667.0,100214.0,62699.0
16000358,17642.0,98548.0,62699.0
16000359,18942.0,98548.0,62699.0
16000360,21533.0,98548.0,62699.0
16000361,22400.0,98548.0,62699.0
16000362,23267.0,99070.0,62699.0
16000363,27067.0,99070.0,62699.0
16000364,28067.0,98548.0,62699.0
16000365,29067.0,98548.0,62699.0
16000366,16867.0,114248.0,62699.0
16000367,20667.0,114248.0,62699.0
16000368,20292.0,114848.0,62699.0
16000369,18142.0,114848.0,62700.0
16000370,18642.0,114848.0,62699.0
16000371,19142.0,114848.0,62700.0
16000372,19642.0,114848.0,62700.0
16000373,29267.0,114848.0,62699.0
16000374,28867.0,113448.0,62699.0
16000375,29267.0,113448.0,62699.0
16000376,29667.0,113448.0,62699.0
16000377,20067.0,101048.0,62699.0
16000378,20067.0,98548.0,62699.0
16000379,16867.0,104698.0,62699.0
16000380,16867.0,105698.0,62700.0
16000381,20667.0,106710.0,62699.0
16000382,23267.0,114248.0,62699.0
16000383,30067.0,99381.0,62699.0
16000384,30067.0,100214.0,62699.0
16000385,30067.0,105281.0,62699.0
16000386,30067.0,106214.0,62699.0
16000387,30067.0,102481.0,62699.0
16000388,30067.0,103414.0,62699.0
16000389,60347.0,101873.0,62699.0
16000390,60347.0,102698.0,62699.0
16000391,60347.0,103523.0,62699.0
16000392,63747.0,111328.0,62699.0
16000393,63747.0,112208.0,62699.0
16000394,63747.0,113088.0,62699.0
16000395,63747.0,113968.0,62699.0
16000396,61022.0,114848.0,62699.0
16000397,61697.0,114848.0,62699.0
16000398,62197.0,114848.0,62699.0
16000399,62697.0,114848.0,62699.0
16000400,63197.0,114848.0,62699.0
16000401,52947.0,104560.0,62699.0
16000402,52947.0,105423.0,62699.0
16000403,52947.0,106285.0,62699.0
16000404,53722.0,98548.0,62699.0
16000405,52947.0,99381.0,62699.0
16000406,52947.0,100214.0,62699.0
16000407,52947.0,101931.0,62699.0
16000408,52947.0,102814.0,62699.0
16000409,53397.0,101048.0,62699.0
16000410,53397.0,107148.0,62699.0
16000411,56347.0,111328.0,62700.0
16000412,56347.0,112208.0,62699.0
16000413,56347.0,113088.0,62699.0
16000414,56347.0,113798.0,62699.0
16000415,56347.0,114148.0,62699.0
16000416,56347.0,114498.0,62699.0
16000417,52947.0,111128.0,62699.0
16000418,52947.0,112058.0,62699.0
16000419,52947.0,112988.0,62699.0
16000420,52947.0,113918.0,62699.0
16000421,53622.0,114848.0,62699.0
16000422,54297.0,114848.0,62699.0
16000423,54797.0,114848.0,62699.0
16000424,55297.0,114848.0,62699.0
16000425,55797.0,114848.0,62699.0
16000426,54372.0,107123.0,62699.0
16000427,54897.0,107098.0,62699.0
16000428,55422.0,107073.0,62699.0
16000429,56347.0,106673.0,62699.0
16000430,56347.0,99381.0,62699.0
16000431,56347.0,100214.0,62699.0
16000432,54959.0,98548.0,62699.0
16000433,55422.0,98548.0,62699.0
16000434,55884.0,98548.0,62699.0
16000435,63747.0,102064.0,62699.0
16000436,63747.0,103081.0,62699.0
16000437,63747.0,104098.0,62699.0
16000438,63747.0,105114.0,62699.0
16000439,63747.0,106131.0,62700.0
16000440,63747.0,99381.0,62699.0
16000441,63747.0,100214.0,62699.0
16000442,54680.0,101048.0,62699.0
16000443,55513.0,101048.0,62699.0
16000444,60822.0,98548.0,62699.0
16000445,61297.0,98548.0,62699.0
16000446,61797.0,98548.0,62699.0
16000447,62297.0,98548.0,62700.0
16000448,62797.0,98548.0,62700.0
16000449,63272.0,98548.0,62700.0
16000450,61197.0,101048.0,62699.0
16000451,62047.0,101048.0,62699.0
16000452,62897.0,101048.0,62699.0
16000453,111267.0,104698.0,62699.0
16000454,111267.0,105698.0,62700.0
16000455,108067.0,98548.0,62699.0
16000456,108067.0,101048.0,62699.0
16000457,98467.0,113448.0,62699.0
16000458,98867.0,113448.0,62699.0
16000459,99267.0,113448.0,62699.0
16000460,98867.0,114848.0,62699.0
16000461,108492.0,114848.0,62700.0
16000462,108992.0,114848.0,62699.0
16000463,109492.0,114848.0,62700.0
16000464,109992.0,114848.0,62700.0
16000465,107842.0,114848.0,62699.0
16000466,107467.0,114248.0,62699.0
16000467,111267.0,114248.0,62699.0
16000468,110767.0,114848.0,62699.0
16000469,110492.0,98548.0,62699.0
16000470,99067.0,98548.0,62699.0
16000471,100067.0,98548.0,62699.0
16000472,105733.0,98548.0,62700.0
16000473,106600.0,98548.0,62699.0
16000474,101067.0,99070.0,62699.0
16000475,104867.0,99070.0,62699.0
16000476,107467.0,99381.0,62699.0
16000477,107467.0,100214.0,62699.0
16000478,109517.0,101048.0,62699.0
16000479,108367.0,107106.0,62699.0
16000480,108767.0,107114.0,62699.0
16000481,109167.0,107123.0,62699.0
16000482,109567.0,107131.0,62700.0
16000483,109967.0,107139.0,62699.0
16000484,110817.0,101048.0,62699.0
16000485,111267.0,99381.0,62699.0
16000486,111267.0,100214.0,62699.0
16000487,111267.0,101931.0,62699.0
16000488,111267.0,102814.0,62699.0
16000489,99067.0,107148.0,62699.0
16000490,100067.0,107148.0,62699.0
16000491,101067.0,106723.0,62699.0
16000492,104867.0,106723.0,62699.0
16000493,105733.0,107139.0,62699.0
16000494,106600.0,107131.0,62699.0
16000495,110817.0,107148.0,62699.0
16000496,104867.0,107560.0,62699.0
16000497,104867.0,107973.0,62699.0
16000498,104867.0,108385.0,62699.0
16000499,111267.0,107548.0,62699.0
16000500,111267.0,107948.0,62699.0
16000501,111267.0,108348.0,62699.0
16000502,104867.0,109345.0,62699.0
16000503,105733.0,108798.0,62700.0
16000504,106600.0,108798.0,62699.0
16000505,107467.0,107541.0,62699.0
16000506,107467.0,107960.0,62699.0
16000507,107467.0,108379.0,62699.0
16000508,107467.0,109345.0,62699.0
16000509,98067.0,111448.0,62699.0
16000510,98067.0,112448.0,62700.0
16000511,100567.0,110448.0,62699.0
16000512,100367.0,113448.0,62699.0
16000513,101067.0,111448.0,62699.0
16000514,101067.0,112448.0,62700.0
16000515,98067.0,114148.0,62699.0
16000516,101067.0,113798.0,62699.0
16000517,101067.0,114148.0,62699.0
16000518,101067.0,114498.0,62699.0
16000519,111267.0,109110.0,62699.0
16000520,111267.0,109473.0,62699.0
16000521,111267.0,109835.0,62699.0
16000522,111267.0,111060.0,62699.0
16000523,111267.0,111923.0,62699.0
16000524,111267.0,112785.0,62699.0
16000525,100367.0,114848.0,62699.0
16000526,105733.0,114848.0,62700.0
16000527,106600.0,114848.0,62699.0
16000528,107467.0,106710.0,62699.0
16000529,98067.0,102481.0,62699.0
16000530,98067.0,103414.0,62699.0
16000531,98067.0,105281.0,62699.0
16000532,98067.0,106214.0,62699.0
16000533,104867.0,114248.0,62699.0
16000534,98067.0,99381.0,62699.0
16000535,98067.0,100214.0,62699.0
16000536,98567.0,110448.0,62699.0
16000537,99067.0,110448.0,62699.0
16000538,99567.0,110448.0,62699.0
16000539,109192.0,98548.0,62699.0
16000540,61197.0,110448.0,62699.0
16000541,62047.0,110448.0,62699.0
16000542,62897.0,110448.0,62699.0
16000543,16867.0,114848.0,61600.0
16000544,16867.0,114848.0,60766.0
16000545,16867.0,114848.0,59933.0
16000546,17867.0,114848.0,61600.0
16000547,17867.0,114848.0,60766.0
16000548,17867.0,114848.0,59933.0
16000549,20667.0,114848.0,61600.0
16000550,20667.0,114848.0,60766.0
16000551,20667.0,114848.0,59933.0
16000552,23267.0,114848.0,61699.0
16000553,23267.0,114848.0,60833.0
16000554,23267.0,114848.0,59966.0
16000555,28467.0,114848.0,61799.0
16000556,28467.0,114848.0,60900.0
16000557,28467.0,114848.0,60000.0
16000558,27067.0,110448.0,61799.0
16000559,27067.0,110448.0,60900.0
16000560,27067.0,110448.0,60000.0
16000561,20667.0,109893.0,61799.0
16000562,20667.0,109893.0,60900.0
16000563,20667.0,109893.0,60000.0
16000564,16867.0,113648.0,61600.0
16000565,16867.0,113648.0,60766.0
16000566,16867.0,113648.0,59933.0
16000567,23267.0,109893.0,61799.0
16000568,23267.0,109893.0,60900.0
16000569,23267.0,109893.0,60000.0
16000570,16867.0,106698.0,61799.0
16000571,16867.0,106698.0,60900.0
16000572,16867.0,106698.0,60000.0
16000573,23267.0,106298.0,61799.0
16000574,23267.0,106298.0,60900.0
16000575,23267.0,106298.0,60000.0
16000576,27067.0,106298.0,61799.0
16000577,27067.0,106298.0,60900.0
16000578,27067.0,106298.0,60000.0
16000579,27067.0,107148.0,61799.0
16000580,27067.0,107148.0,60900.0
16000581,27067.0,107148.0,60000.0
16000582,16867.0,101048.0,61799.0
16000583,16867.0,101048.0,60900.0
16000584,16867.0,101048.0,60000.0
16000585,16867.0,103698.0,61799.0
16000586,16867.0,103698.0,60900.0
16000587,16867.0,103698.0,60000.0
16000588,16867.0,98548.0,61799.0
16000589,16867.0,98548.0,60900.0
16000590,16867.0,98548.0,60000.0
16000591,17767.0,101048.0,61799.0
16000592,17767.0,101048.0,60900.0
16000593,17767.0,101048.0,60000.0
16000594,19467.0,101048.0,61799.0
16000595,19467.0,101048.0,60900.0
16000596,19467.0,101048.0,60000.0
16000597,20667.0,101048.0,61799.0
16000598,20667.0,101048.0,60900.0
16000599,20667.0,101048.0,60000.0
16000600,23267.0,98548.0,61799.0
16000601,23267.0,98548.0,60900.0
16000602,23267.0,98548.0,60000.0
16000603,23267.0,99593.0,61799.0
16000604,23267.0,99593.0,60900.0
16000605,23267.0,99593.0,60000.0
16000606,27067.0,98548.0,61799.0
16000607,27067.0,98548.0,60900.0
16000608,27067.0,98548.0,60000.0
16000609,27067.0,99593.0,61799.0
16000610,27067.0,99593.0,60900.0
16000611,27067.0,99593.0,60000.0
16000612,30067.0,98548.0,61799.0
16000613,30067.0,98548.0,60900.0
16000614,30067.0,98548.0,60000.0
16000615,19917.0,114848.0,61600.0
16000616,19917.0,114848.0,60766.0
16000617,19917.0,114848.0,59933.0
16000618,30067.0,114848.0,61799.0
16000619,30067.0,114848.0,60900.0
16000620,30067.0,114848.0,60000.0
16000621,20667.0,106298.0,61799.0
16000622,20667.0,106298.0,60900.0
16000623,20667.0,106298.0,60000.0
16000624,20667.0,113648.0,61600.0
16000625,20667.0,113648.0,60766.0
16000626,20667.0,113648.0,59933.0
16000627,23267.0,113648.0,61799.0
16000628,23267.0,113648.0,60900.0
16000629,23267.0,113648.0,60000.0
16000630,20667.0,101548.0,61799.0
16000631,20667.0,101548.0,60900.0
16000632,20667.0,101548.0,60000.0
16000633,30067.0,101048.0,61799.0
16000634,30067.0,101048.0,60900.0
16000635,30067.0,101048.0,60000.0
16000636,30067.0,101548.0,61799.0
16000637,30067.0,101548.0,60900.0
16000638,30067.0,101548.0,60000.0
16000639,30067.0,107148.0,61799.0
16000640,30067.0,107148.0,60900.0
16000641,30067.0,107148.0,60000.0
16000642,30067.0,104348.0,61799.0
16000643,30067.0,104348.0,60900.0
16000644,30067.0,104348.0,60000.0
16000645,30067.0,106698.0,61799.0
16000646,30067.0,106698.0,60900.0
16000647,30067.0,106698.0,60000.0
16000648,60347.0,101048.0,61600.0
16000649,60347.0,101048.0,60766.0
16000650,60347.0,101048.0,59933.0
16000651,60347.0,104348.0,61600.0
16000652,60347.0,104348.0,60766.0
16000653,60347.0,104348.0,59933.0
16000654,63747.0,110448.0,61600.0
16000655,63747.0,110448.0,60766.0
16000656,63747.0,110448.0,59933.0
16000657,63747.0,114848.0,61600.0
16000658,63747.0,114848.0,60766.0
16000659,63747.0,114848.0,59933.0
16000660,60347.0,114848.0,61600.0
16000661,60347.0,114848.0,60766.0
16000662,60347.0,114848.0,59933.0
16000663,52947.0,103698.0,61799.0
16000664,52947.0,103698.0,60900.0
16000665,52947.0,103698.0,60000.0
16000666,52947.0,106698.0,61799.0
16000667,52947.0,106698.0,60900.0
16000668,52947.0,106698.0,60000.0
16000669,52947.0,98548.0,61799.0
16000670,52947.0,98548.0,60900.0
16000671,52947.0,98548.0,60000.0
16000672,52947.0,101048.0,61799.0
16000673,52947.0,101048.0,60900.0
16000674,52947.0,101048.0,60000.0
16000675,53847.0,101048.0,61799.0
16000676,53847.0,101048.0,60900.0
16000677,53847.0,101048.0,60000.0
16000678,52947.0,107148.0,61799.0
16000679,52947.0,107148.0,60900.0
16000680,52947.0,107148.0,60000.0
16000681,56347.0,107048.0,61799.0
16000682,56347.0,107048.0,60900.0
16000683,56347.0,107048.0,60000.0
16000684,56347.0,110448.0,61799.0
16000685,56347.0,110448.0,60900.0
16000686,56347.0,110448.0,60000.0
16000687,52947.0,110198.0,61600.0
16000688,52947.0,110198.0,60766.0
16000689,52947.0,110198.0,59933.0
16000690,52947.0,114848.0,61600.0
16000691,52947.0,114848.0,60766.0
16000692,52947.0,114848.0,59933.0
16000693,56347.0,106298.0,61799.0
16000694,56347.0,106298.0,60900.0
16000695,56347.0,106298.0,60000.0
16000696,56347.0,101048.0,61799.0
16000697,56347.0,101048.0,60900.0
16000698,56347.0,101048.0,60000.0
16000699,56347.0,101548.0,61799.0
16000700,56347.0,101548.0,60900.0
16000701,56347.0,101548.0,60000.0
16000702,63747.0,101048.0,61600.0
16000703,63747.0,101048.0,60766.0
16000704,63747.0,101048.0,59933.0
16000705,63747.0,106698.0,61699.0
16000706,63747.0,106698.0,60833.0
16000707,63747.0,106698.0,59966.0
16000708,63747.0,98548.0,61600.0
16000709,63747.0,98548.0,60766.0
16000710,63747.0,98548.0,59933.0
16000711,60347.0,98548.0,61600.0
16000712,60347.0,98548.0,60766.0
16000713,60347.0,98548.0,59933.0
16000714,111267.0,103698.0,61799.0
16000715,111267.0,103698.0,60900.0
16000716,111267.0,103698.0,60000.0
16000717,111267.0,106698.0,61799.0
16000718,111267.0,106698.0,60900.0
16000719,111267.0,106698.0,60000.0
16000720,107467.0,101048.0,61799.0
16000721,107467.0,101048.0,60900.0
16000722,107467.0,101048.0,60000.0
16000723,108667.0,101048.0,61799.0
16000724,108667.0,101048.0,60900.0
16000725,108667.0,101048.0,60000.0
16000726,98067.0,114848.0,61799.0
16000727,98067.0,114848.0,60900.0
16000728,98067.0,114848.0,60000.0
16000729,99667.0,114848.0,61799.0
16000730,99667.0,114848.0,60900.0
16000731,99667.0,114848.0,60000.0
16000732,108217.0,114848.0,61600.0
16000733,108217.0,114848.0,60766.0
16000734,108217.0,114848.0,59933.0
16000735,110267.0,114848.0,61600.0
16000736,110267.0,114848.0,60766.0
16000737,110267.0,114848.0,59933.0
16000738,107467.0,114848.0,61699.0
16000739,107467.0,114848.0,60833.0
16000740,107467.0,114848.0,59966.0
16000741,107467.0,113648.0,61600.0
16000742,107467.0,113648.0,60766.0
16000743,107467.0,113648.0,59933.0
16000744,111267.0,113648.0,61799.0
16000745,111267.0,113648.0,60900.0
16000746,111267.0,113648.0,60000.0
16000747,111267.0,114848.0,61699.0
16000748,111267.0,114848.0,60833.0
16000749,111267.0,114848.0,59966.0
16000750,111267.0,98548.0,61799.0
16000751,111267.0,98548.0,60900.0
16000752,111267.0,98548.0,60000.0
16000753,98067.0,98548.0,61799.0
16000754,98067.0,98548.0,60900.0
16000755,98067.0,98548.0,60000.0
16000756,101067.0,98548.0,61799.0
16000757,101067.0,98548.0,60900.0
16000758,101067.0,98548.0,60000.0
16000759,104867.0,98548.0,61799.0
16000760,104867.0,98548.0,60900.0
16000761,104867.0,98548.0,60000.0
16000762,101067.0,99593.0,61799.0
16000763,101067.0,99593.0,60900.0
16000764,101067.0,99593.0,60000.0
16000765,104867.0,99593.0,61799.0
16000766,104867.0,99593.0,60900.0
16000767,104867.0,99593.0,60000.0
16000768,107467.0,101548.0,61799.0
16000769,107467.0,101548.0,60900.0
16000770,107467.0,101548.0,60000.0
16000771,110367.0,101048.0,61799.0
16000772,110367.0,101048.0,60900.0
16000773,110367.0,101048.0,60000.0
16000774,111267.0,101048.0,61799.0
16000775,111267.0,101048.0,60900.0
16000776,111267.0,101048.0,60000.0
16000777,98067.0,107148.0,61799.0
16000778,98067.0,107148.0,60900.0
16000779,98067.0,107148.0,60000.0
16000780,101067.0,107148.0,61799.0
16000781,101067.0,107148.0,60900.0
16000782,101067.0,107148.0,60000.0
16000783,101067.0,106298.0,61799.0
16000784,101067.0,106298.0,60900.0
16000785,101067.0,106298.0,60000.0
16000786,104867.0,106298.0,61799.0
16000787,104867.0,106298.0,60900.0
16000788,104867.0,106298.0,60000.0
16000789,104867.0,109893.0,61799.0
16000790,104867.0,109893.0,60900.0
16000791,104867.0,109893.0,60000.0
16000792,107467.0,109893.0,61799.0
16000793,107467.0,109893.0,60900.0
16000794,107467.0,109893.0,60000.0
16000795,101067.0,110448.0,61799.0
16000796,101067.0,110448.0,60900.0
16000797,101067.0,110448.0,60000.0
16000798,104867.0,114848.0,61799.0
16000799,104867.0,114848.0,60900.0
16000800,104867.0,114848.0,60000.0
16000801,107467.0,106298.0,61799.0
16000802,107467.0,106298.0,60900.0
16000803,107467.0,106298.0,60000.0
16000804,98067.0,101548.0,61799.0
16000805,98067.0,101548.0,60900.0
16000806,98067.0,101548.0,60000.0
16000807,98067.0,104348.0,61799.0
16000808,98067.0,104348.0,60900.0
16000809,98067.0,104348.0,60000.0
16000810,98067.0,106698.0,61799.0
16000811,98067.0,106698.0,60900.0
16000812,98067.0,106698.0,60000.0
16000813,104867.0,113648.0,61799.0
16000814,104867.0,113648.0,60900.0
16000815,104867.0,113648.0,60000.0
16000816,98067.0,101048.0,61799.0
16000817,98067.0,101048.0,60900.0
16000818,98067.0,101048.0,60000.0
16000819,63747.0,107148.0,61799.0
16000820,63747.0,107148.0,60900.0
16000821,63747.0,107148.0,60000.0
16000822,60347.0,110448.0,61600.0
16000823,60347.0,110448.0,60766.0
16000824,60347.0,110448.0,59933.0
16000825,16867.0,109110.0,61899.0
16000826,16867.0,109473.0,61899.0
16000827,16867.0,109835.0,61899.0
16000828,27067.0,113798.0,62099.0
16000829,27067.0,114148.0,62099.0
16000830,27067.0,114498.0,62099.0
16000831,20667.0,107541.0,62099.0
16000832,20667.0,107960.0,62099.0
16000833,20667.0,108379.0,62099.0
16000834,28567.0,110448.0,62099.0
16000835,29067.0,110448.0,62099.0
16000836,29567.0,110448.0,62099.0
16000837,16867.0,107548.0,61899.0
16000838,16867.0,107948.0,61899.0
16000839,16867.0,108348.0,61899.0
16000840,23267.0,107560.0,62099.0
16000841,23267.0,107973.0,62099.0
16000842,23267.0,108385.0,62099.0
16000843,18167.0,107139.0,61999.0
16000844,18567.0,107131.0,61999.0
16000845,18967.0,107123.0,61999.0
16000846,19367.0,107114.0,61999.0
16000847,19767.0,107106.0,62000.0
16000848,18942.0,98548.0,61899.0
16000849,28867.0,113448.0,62099.0
16000850,29267.0,113448.0,62099.0
16000851,29667.0,113448.0,62099.0
16000852,20067.0,98548.0,61899.0
16000853,56347.0,113798.0,61999.0
16000854,56347.0,114148.0,61999.0
16000855,56347.0,114498.0,61999.0
16000856,54372.0,107123.0,61999.0
16000857,54897.0,107098.0,61999.0
16000858,55422.0,107073.0,61999.0
16000859,54959.0,98548.0,61899.0
16000860,55422.0,98548.0,61899.0
16000861,55884.0,98548.0,61899.0
16000862,108067.0,98548.0,61899.0
16000863,98467.0,113448.0,62099.0
16000864,98867.0,113448.0,62099.0
16000865,99267.0,113448.0,62099.0
16000866,108367.0,107106.0,61999.0
16000867,108767.0,107114.0,61999.0
16000868,109167.0,107123.0,61999.0
16000869,109567.0,107131.0,61999.0
16000870,109967.0,107139.0,62000.0
16000871,104867.0,107560.0,62099.0
16000872,104867.0,107973.0,62099.0
16000873,104867.0,108385.0,62099.0
16000874,111267.0,107548.0,61899.0
16000875,111267.0,107948.0,61899.0
16000876,111267.0,108348.0,61899.0
16000877,107467.0,107541.0,62099.0
16000878,107467.0,107960.0,62099.0
16000879,107467.0,108379.0,62099.0
16000880,101067.0,113798.0,62099.0
16000881,101067.0,114148.0,62099.0
16000882,101067.0,114498.0,62099.0
16000883,111267.0,109110.0,61899.0
16000884,111267.0,109473.0,61899.0
16000885,111267.0,109835.0,61899.0
16000886,98567.0,110448.0,62099.0
16000887,99067.0,110448.0,62099.0
16000888,99567.0,110448.0,62099.0
16000889,109192.0,98548.0,61899.0
16000890,27067.0,114848.0,60900.0
16000891,27067.0,114848.0,60000.0
16000892,27067.0,113448.0,60900.0
16000893,27067.0,113448.0,60000.0
16000894,28467.0,113448.0,60900.0
16000895,28467.0,113448.0,60000.0
16000896,20667.0,108798.0,60900.0
16000897,20667.0,108798.0,60000.0
16000898,16867.0,110198.0,60766.0
16000899,16867.0,110198.0,59933.0
16000900,28067.0,110448.0,60900.0
16000901,28067.0,110448.0,60000.0
16000902,23267.0,108798.0,60900.0
16000903,23267.0,108798.0,60000.0
16000904,16867.0,107148.0,60900.0
16000905,16867.0,107148.0,60000.0
16000906,20167.0,107098.0,60900.0
16000907,20167.0,107098.0,60000.0
16000908,20667.0,107123.0,60900.0
16000909,20667.0,107123.0,60000.0
16000910,23267.0,107148.0,60900.0
16000911,23267.0,107148.0,60000.0
16000912,20667.0,98548.0,60900.0
16000913,20667.0,98548.0,60000.0
16000914,18417.0,98548.0,60900.0
16000915,18417.0,98548.0,60000.0
16000916,17767.0,107148.0,60900.0
16000917,17767.0,107148.0,60000.0
16000918,30067.0,113448.0,60900.0
16000919,30067.0,113448.0,60000.0
16000920,30067.0,110448.0,60900.0
16000921,30067.0,110448.0,60000.0
16000922,54497.0,98548.0,60900.0
16000923,54497.0,98548.0,60000.0
16000924,53847.0,107148.0,60900.0
16000925,53847.0,107148.0,60000.0
16000926,55947.0,107048.0,60900.0
16000927,55947.0,107048.0,60000.0
16000928,56347.0,113448.0,60900.0
16000929,56347.0,113448.0,60000.0
16000930,56347.0,114848.0,60766.0
16000931,56347.0,114848.0,59933.0
16000932,56347.0,98548.0,60900.0
16000933,56347.0,98548.0,60000.0
16000934,109717.0,98548.0,60900.0
16000935,109717.0,98548.0,60000.0
16000936,107467.0,98548.0,60900.0
16000937,107467.0,98548.0,60000.0
16000938,107467.0,107123.0,60900.0
16000939,107467.0,107123.0,60000.0
16000940,107967.0,107098.0,60900.0
16000941,107967.0,107098.0,60000.0
16000942,104867.0,107148.0,60900.0
16000943,104867.0,107148.0,60000.0
16000944,110367.0,107148.0,60900.0
16000945,110367.0,107148.0,60000.0
16000946,111267.0,107148.0,60900.0
16000947,111267.0,107148.0,60000.0
16000948,104867.0,108798.0,60900.0
16000949,104867.0,108798.0,60000.0
16000950,107467.0,108798.0,60900.0
16000951,107467.0,108798.0,60000.0
16000952,98067.0,110448.0,60900.0
16000953,98067.0,110448.0,60000.0
16000954,98067.0,113448.0,60900.0
16000955,98067.0,113448.0,60000.0
16000956,100067.0,110448.0,60900.0
16000957,100067.0,110448.0,60000.0
16000958,99667.0,113448.0,60900.0
16000959,99667.0,113448.0,60000.0
16000960,101067.0,113448.0,60900.0
16000961,101067.0,113448.0,60000.0
16000962,111267.0,110198.0,60900.0
16000963,111267.0,110198.0,60000.0
16000964,101067.0,114848.0,60900.0
16000965,101067.0,114848.0,60000.0
16000966,24217.0,107148.0,62699.0
16000967,25167.0,107148.0,62699.0
16000968,26117.0,107148.0,62699.0
16000969,27067.0,108248.0,62699.0
16000970,27067.0,109348.0,62700.0
16000971,26250.0,114848.0,62699.0
16000972,24350.0,114848.0,62699.0
16000973,23267.0,112748.0,62699.0
16000974,23267.0,110870.0,62699.0
16000975,28467.0,114148.0,62699.0
16000976,17817.0,108760.0,62699.0
16000977,18767.0,108773.0,62699.0
16000978,19717.0,108785.0,62699.0
16000979,20667.0,110870.0,62699.0
16000980,20667.0,112748.0,62699.0
16000981,18892.0,113648.0,62699.0
16000982,24217.0,104348.0,62699.0
16000983,25167.0,104348.0,62699.0
16000984,26117.0,104348.0,62699.0
16000985,27067.0,105323.0,62699.0
16000986,23267.0,105323.0,62699.0
16000987,19467.0,99381.0,62700.0
16000988,19467.0,100214.0,62700.0
16000989,24217.0,101548.0,62699.0
16000990,25167.0,101548.0,62699.0
16000991,26117.0,101548.0,62699.0
16000992,27067.0,102481.0,62700.0
16000993,27067.0,103414.0,62700.0
16000994,23267.0,102481.0,62700.0
16000995,23267.0,103414.0,62700.0
16000996,24350.0,98548.0,62699.0
16000997,26250.0,98548.0,62699.0
16000998,27067.0,100570.0,62699.0
16000999,23267.0,100570.0,62699.0
16001000,56347.0,107898.0,62699.0
16001001,53797.0,108748.0,62699.0
16001002,54647.0,108748.0,62699.0
16001003,55497.0,108748.0,62699.0
16001004,52947.0,107948.0,62699.0
16001005,108667.0,99381.0,62700.0
16001006,108667.0,100214.0,62700.0
16001007,99667.0,114148.0,62699.0
16001008,109242.0,113648.0,62699.0
16001009,108417.0,108785.0,62699.0
16001010,109367.0,108773.0,62699.0
16001011,110317.0,108760.0,62699.0
16001012,107467.0,112748.0,62699.0
16001013,107467.0,110870.0,62699.0
16001014,101883.0,98548.0,62699.0
16001015,103783.0,98548.0,62699.0
16001016,104867.0,100570.0,62699.0
16001017,102017.0,101548.0,62699.0
16001018,102967.0,101548.0,62699.0
16001019,103917.0,101548.0,62699.0
16001020,101067.0,100570.0,62699.0
16001021,102017.0,104348.0,62699.0
16001022,102967.0,104348.0,62699.0
16001023,103917.0,104348.0,62699.0
16001024,104867.0,105323.0,62699.0
16001025,102017.0,107148.0,62699.0
16001026,102967.0,107148.0,62699.0
16001027,103917.0,107148.0,62699.0
16001028,101067.0,105323.0,62699.0
16001029,104867.0,110870.0,62699.0
16001030,104867.0,112748.0,62699.0
16001031,103783.0,114848.0,62699.0
16001032,101883.0,114848.0,62699.0
16001033,101067.0,108248.0,62699.0
16001034,101067.0,109348.0,62700.0
16001035,104867.0,102481.0,62700.0
16001036,104867.0,103414.0,62700.0
16001037,101067.0,102481.0,62700.0
16001038,101067.0,103414.0,62700.0
16001041,64265.0,106677.0,62699.0
16001042,108667.0,98548.0,62299.0
16001043,109192.0,98548.0,62299.0
16001044,109717.0,98548.0,62299.0
16001045,98067.0,110448.0,62399.0
16001046,98567.0,110448.0,62399.0
16001047,99067.0,110448.0,62399.0
16001048,99567.0,110448.0,62399.0
16001049,100067.0,110448.0,62399.0
16001050,111267.0,108748.0,62299.0
16001051,111267.0,109110.0,62299.0
16001052,111267.0,109473.0,62299.0
16001053,111267.0,109835.0,62299.0
16001054,111267.0,110198.0,62299.0
16001055,101067.0,113448.0,62399.0
16001056,101067.0,113798.0,62399.0
16001057,101067.0,114148.0,62399.0
16001058,101067.0,114498.0,62399.0
16001059,101067.0,114848.0,62399.0
16001060,107467.0,107123.0,62399.0
16001061,107467.0,107541.0,62399.0
16001062,107467.0,107960.0,62399.0
16001063,107467.0,108379.0,62399.0
16001064,107467.0,108798.0,62399.0
16001065,111267.0,107148.0,62299.0
16001066,111267.0,107548.0,62299.0
16001067,111267.0,107948.0,62299.0
16001068,111267.0,108348.0,62299.0
16001069,104867.0,107148.0,62399.0
16001070,104867.0,107560.0,62399.0
16001071,104867.0,107973.0,62399.0
16001072,104867.0,108385.0,62399.0
16001073,104867.0,108798.0,62399.0
16001074,107967.0,107098.0,62349.0
16001075,108367.0,107106.0,62349.0
16001076,108767.0,107114.0,62349.0
16001077,109167.0,107123.0,62349.0
16001078,109567.0,107131.0,62349.0
16001079,109967.0,107139.0,62349.0
16001080,110367.0,107148.0,62349.0
16001081,98067.0,113448.0,62399.0
16001082,98467.0,113448.0,62399.0
16001083,98867.0,113448.0,62399.0
16001084,99267.0,113448.0,62399.0
16001085,99667.0,113448.0,62399.0
16001086,107467.0,98548.0,62299.0
16001087,108067.0,98548.0,62299.0
16001088,54497.0,98548.0,62299.0
16001089,54959.0,98548.0,62299.0
16001090,55422.0,98548.0,62299.0
16001091,55884.0,98548.0,62299.0
16001092,56347.0,98548.0,62299.0
16001093,53847.0,107148.0,62349.0
16001094,54372.0,107123.0,62349.0
16001095,54897.0,107098.0,62349.0
16001096,55422.0,107073.0,62349.0
16001097,55947.0,107048.0,62349.0
16001098,56347.0,113448.0,62349.0
16001099,56347.0,113798.0,62349.0
16001100,56347.0,114148.0,62349.0
16001101,56347.0,114498.0,62349.0
16001102,56347.0,114848.0,62349.0
16001103,19467.0,98548.0,62299.0
16001104,20067.0,98548.0,62299.0
16001105,20667.0,98548.0,62299.0
16001106,28467.0,113448.0,62399.0
16001107,28867.0,113448.0,62399.0
16001108,29267.0,113448.0,62399.0
16001109,29667.0,113448.0,62399.0
16001110,30067.0,113448.0,62399.0
16001111,18417.0,98548.0,62299.0
16001112,18942.0,98548.0,62299.0
16001113,17767.0,107148.0,62349.0
16001114,18167.0,107139.0,62349.0
16001115,18567.0,107131.0,62349.0
16001116,18967.0,107123.0,62349.0
16001117,19367.0,107114.0,62349.0
16001118,19767.0,107106.0,62349.0
16001119,20167.0,107098.0,62349.0
16001120,23267.0,107148.0,62399.0
16001121,23267.0,107560.0,62399.0
16001122,23267.0,107973.0,62399.0
16001123,23267.0,108385.0,62399.0
16001124,23267.0,108798.0,62399.0
16001125,16867.0,107148.0,62299.0
16001126,16867.0,107548.0,62299.0
16001127,16867.0,107948.0,62299.0
16001128,16867.0,108348.0,62299.0
16001129,16867.0,108748.0,62299.0
16001130,28067.0,110448.0,62399.0
16001131,28567.0,110448.0,62399.0
16001132,29067.0,110448.0,62399.0
16001133,29567.0,110448.0,62399.0
16001134,30067.0,110448.0,62399.0
16001135,20667.0,107123.0,62399.0
16001136,20667.0,107541.0,62399.0
16001137,20667.0,107960.0,62399.0
16001138,20667.0,108379.0,62399.0
16001139,20667.0,108798.0,62399.0
16001140,27067.0,113448.0,62399.0
16001141,27067.0,113798.0,62399.0
16001142,27067.0,114148.0,62399.0
16001143,27067.0,114498.0,62399.0
16001144,27067.0,114848.0,62399.0
16001145,16867.0,109110.0,62299.0
16001146,16867.0,109473.0,62299.0
16001147,16867.0,109835.0,62299.0
16001148,16867.0,110198.0,62299.0
16001149,17367.0,114848.0,61600.0
16001150,17367.0,114848.0,59933.0
16001151,17367.0,114848.0,60766.0
16001152,21533.0,114848.0,61699.0
16001153,22400.0,114848.0,61699.0
16001154,21533.0,114848.0,59966.0
16001155,22400.0,114848.0,59966.0
16001156,21533.0,114848.0,60833.0
16001157,22400.0,114848.0,60833.0
16001158,27767.0,114848.0,61799.0
16001159,27767.0,114848.0,60000.0
16001160,27767.0,114848.0,60900.0
16001161,16867.0,111060.0,61899.0
16001162,16867.0,111923.0,61899.0
16001163,16867.0,112785.0,61899.0
16001164,16867.0,111060.0,59933.0
16001165,16867.0,111923.0,59933.0
16001166,16867.0,112785.0,59933.0
16001167,16867.0,111060.0,60766.0
16001168,16867.0,112785.0,60766.0
16001169,16867.0,111923.0,60766.0
16001170,30067.0,114148.0,61799.0
16001171,30067.0,114148.0,60000.0
16001172,30067.0,114148.0,60900.0
16001173,27067.0,111448.0,61799.0
16001174,27067.0,112448.0,61799.0
16001175,27067.0,111448.0,60000.0
16001176,27067.0,112448.0,60000.0
16001177,27067.0,111448.0,60900.0
16001178,27067.0,112448.0,60900.0
16001179,27767.0,113448.0,62099.0
16001180,27767.0,113448.0,60000.0
16001181,27767.0,113448.0,60900.0
16001182,27567.0,110448.0,61799.0
16001183,27567.0,110448.0,60000.0
16001184,27567.0,110448.0,60900.0
16001185,30067.0,111448.0,62099.0
16001186,30067.0,112448.0,62099.0
16001187,30067.0,111448.0,60000.0
16001188,30067.0,112448.0,60000.0
16001189,30067.0,111448.0,60900.0
16001190,30067.0,112448.0,60900.0
16001191,20667.0,109345.0,61799.0
16001192,20667.0,109345.0,60000.0
16001193,20667.0,109345.0,60900.0
16001194,21533.0,108798.0,62099.0
16001195,22400.0,108798.0,62099.0
16001196,21533.0,108798.0,60000.0
16001197,22400.0,108798.0,60000.0
16001198,21533.0,108798.0,60900.0
16001199,22400.0,108798.0,60900.0
16001200,23267.0,109345.0,61799.0
16001201,23267.0,109345.0,60000.0
16001202,23267.0,109345.0,60900.0
16001203,17317.0,107148.0,61899.0
16001204,17317.0,107148.0,60000.0
16001205,17317.0,107148.0,60900.0
16001206,21533.0,107131.0,62099.0
16001207,22400.0,107139.0,62099.0
16001208,21533.0,107131.0,60000.0
16001209,22400.0,107139.0,60000.0
16001210,21533.0,107131.0,60900.0
16001211,22400.0,107139.0,60900.0
16001212,23267.0,106723.0,61799.0
16001213,23267.0,106723.0,60000.0
16001214,23267.0,106723.0,60900.0
16001215,27067.0,106723.0,61799.0
16001216,27067.0,106723.0,60000.0
16001217,27067.0,106723.0,60900.0
16001218,28067.0,107148.0,61799.0
16001219,29067.0,107148.0,61799.0
16001220,28067.0,107148.0,60000.0
16001221,29067.0,107148.0,60000.0
16001222,28067.0,107148.0,60900.0
16001223,29067.0,107148.0,60900.0
16001224,16867.0,101931.0,61799.0
16001225,16867.0,102814.0,61799.0
16001226,16867.0,101931.0,60000.0
16001227,16867.0,102814.0,60000.0
16001228,16867.0,101931.0,60900.0
16001229,16867.0,102814.0,60900.0
16001230,16867.0,99381.0,61799.0
16001231,16867.0,100214.0,61799.0
16001232,16867.0,99381.0,60000.0
16001233,16867.0,100214.0,60000.0
16001234,16867.0,99381.0,60900.0
16001235,16867.0,100214.0,60900.0
16001236,17317.0,101048.0,61799.0
16001237,17317.0,101048.0,60000.0
16001238,17317.0,101048.0,60900.0
16001239,18617.0,101048.0,61799.0
16001240,18617.0,101048.0,60000.0
16001241,18617.0,101048.0,60900.0
16001242,20667.0,99381.0,61799.0
16001243,20667.0,100214.0,61799.0
16001244,20667.0,99381.0,60000.0
16001245,20667.0,100214.0,60000.0
16001246,20667.0,99381.0,60900.0
16001247,20667.0,100214.0,60900.0
16001248,17642.0,98548.0,61799.0
16001249,17642.0,98548.0,60000.0
16001250,17642.0,98548.0,60900.0
16001251,21533.0,98548.0,61799.0
16001252,22400.0,98548.0,61799.0
16001253,21533.0,98548.0,60000.0
16001254,22400.0,98548.0,60000.0
16001255,21533.0,98548.0,60900.0
16001256,22400.0,98548.0,60900.0
16001257,23267.0,99070.0,61799.0
16001258,23267.0,99070.0,60000.0
16001259,23267.0,99070.0,60900.0
16001260,27067.0,99070.0,61799.0
16001261,27067.0,99070.0,60000.0
16001262,27067.0,99070.0,60900.0
16001263,28067.0,98548.0,61799.0
16001264,29067.0,98548.0,61799.0
16001265,28067.0,98548.0,60000.0
16001266,29067.0,98548.0,60000.0
16001267,28067.0,98548.0,60900.0
16001268,29067.0,98548.0,60900.0
16001269,16867.0,114248.0,61600.0
16001270,16867.0,114248.0,59933.0
16001271,16867.0,114248.0,60766.0
16001272,20667.0,114248.0,61600.0
16001273,20667.0,114248.0,59933.0
16001274,20667.0,114248.0,60766.0
16001275,20292.0,114848.0,61600.0
16001276,20292.0,114848.0,59933.0
16001277,20292.0,114848.0,60766.0
16001278,18142.0,114848.0,61600.0
16001279,18145.0,114848.0,62150.0
16001280,18642.0,114848.0,62150.0
16001281,19142.0,114848.0,62150.0
16001282,19639.0,114848.0,62150.0
16001283,19642.0,114848.0,61600.0
16001284,18142.0,114848.0,59933.0
16001285,19642.0,114848.0,59933.0
16001286,18142.0,114848.0,60766.0
16001287,19642.0,114848.0,60766.0
16001288,18642.0,114848.0,61600.0
16001289,19142.0,114848.0,61600.0
16001290,29267.0,114848.0,61799.0
16001291,29267.0,114848.0,60000.0
16001292,29267.0,114848.0,60900.0
16001293,20067.0,101048.0,61799.0
16001294,20067.0,101048.0,60000.0
16001295,20067.0,101048.0,60900.0
16001296,16867.0,104698.0,61799.0
16001297,16867.0,105698.0,61799.0
16001298,16867.0,104698.0,60000.0
16001299,16867.0,105698.0,60000.0
16001300,16867.0,104698.0,60900.0
16001301,16867.0,105698.0,60900.0
16001302,20667.0,106710.0,61799.0
16001303,20667.0,106710.0,60000.0
16001304,20667.0,106710.0,60900.0
16001305,23267.0,114248.0,61799.0
16001306,23267.0,114248.0,60000.0
16001307,23267.0,114248.0,60900.0
16001308,30067.0,99381.0,61799.0
16001309,30067.0,100214.0,61799.0
16001310,30067.0,99381.0,60000.0
16001311,30067.0,100214.0,60000.0
16001312,30067.0,99381.0,60900.0
16001313,30067.0,100214.0,60900.0
16001314,30067.0,105281.0,61799.0
16001315,30067.0,106214.0,61799.0
16001316,30067.0,105281.0,60000.0
16001317,30067.0,106214.0,60000.0
16001318,30067.0,105281.0,60900.0
16001319,30067.0,106214.0,60900.0
16001320,30067.0,102481.0,61799.0
16001321,30067.0,103414.0,61799.0
16001322,30067.0,102481.0,60000.0
16001323,30067.0,103414.0,60000.0
16001324,30067.0,102481.0,60900.0
16001325,30067.0,103414.0,60900.0
16001326,60347.0,101873.0,61600.0
16001327,60347.0,102698.0,61600.0
16001328,60347.0,103523.0,61600.0
16001329,60347.0,101873.0,59933.0
16001330,60347.0,102698.0,59933.0
16001331,60347.0,103523.0,59933.0
16001332,60347.0,101873.0,60766.0
16001333,60347.0,103523.0,60766.0
16001334,60347.0,102698.0,60766.0
16001335,63747.0,111328.0,61600.0
16001336,63747.0,112208.0,61600.0
16001337,63747.0,113088.0,61600.0
16001338,63747.0,113968.0,61600.0
16001339,63747.0,111328.0,59933.0
16001340,63747.0,112208.0,59933.0
16001341,63747.0,113088.0,59933.0
16001342,63747.0,113968.0,59933.0
16001343,63747.0,111328.0,60766.0
16001344,63747.0,113968.0,60766.0
16001345,63747.0,112208.0,60766.0
16001346,63747.0,113088.0,60766.0
16001347,61022.0,114848.0,61600.0
16001348,61697.0,114848.0,61600.0
16001349,61700.0,114848.0,62150.0
16001350,62197.0,114848.0,62150.0
16001351,62697.0,114848.0,62150.0
16001352,63194.0,114848.0,62150.0
16001353,63197.0,114848.0,61600.0
16001354,61022.0,114848.0,59933.0
16001355,61697.0,114848.0,59933.0
16001356,63197.0,114848.0,59933.0
16001357,61022.0,114848.0,60766.0
16001358,63197.0,114848.0,60766.0
16001359,62197.0,114848.0,61600.0
16001360,61697.0,114848.0,60766.0
16001361,62697.0,114848.0,61600.0
16001362,52947.0,104560.0,61799.0
16001363,52947.0,105423.0,61799.0
16001364,52947.0,106285.0,61799.0
16001365,52947.0,104560.0,60000.0
16001366,52947.0,105423.0,60000.0
16001367,52947.0,106285.0,60000.0
16001368,52947.0,104560.0,60900.0
16001369,52947.0,106285.0,60900.0
16001370,52947.0,105423.0,60900.0
16001371,53722.0,98548.0,61799.0
16001372,53722.0,98548.0,60000.0
16001373,53722.0,98548.0,60900.0
16001374,52947.0,99381.0,61799.0
16001375,52947.0,100214.0,61799.0
16001376,52947.0,99381.0,60000.0
16001377,52947.0,100214.0,60000.0
16001378,52947.0,99381.0,60900.0
16001379,52947.0,100214.0,60900.0
16001380,52947.0,101931.0,61799.0
16001381,52947.0,102814.0,61799.0
16001382,52947.0,101931.0,60000.0
16001383,52947.0,102814.0,60000.0
16001384,52947.0,101931.0,60900.0
16001385,52947.0,102814.0,60900.0
16001386,53397.0,101048.0,61799.0
16001387,53397.0,101048.0,60000.0
16001388,53397.0,101048.0,60900.0
16001389,53397.0,107148.0,61799.0
16001390,53397.0,107148.0,60000.0
16001391,53397.0,107148.0,60900.0
16001392,56347.0,111328.0,61799.0
16001393,56347.0,112208.0,61799.0
16001394,56347.0,113088.0,61799.0
16001395,56347.0,111328.0,60000.0
16001396,56347.0,112208.0,60000.0
16001397,56347.0,113088.0,60000.0
16001398,56347.0,111328.0,60900.0
16001399,56347.0,113088.0,60900.0
16001400,56347.0,112208.0,60900.0
16001401,52947.0,111128.0,61600.0
16001402,52947.0,112058.0,61600.0
16001403,52947.0,112988.0,61600.0
16001404,52947.0,113918.0,61600.0
16001405,52947.0,111128.0,59933.0
16001406,52947.0,112058.0,59933.0
16001407,52947.0,112988.0,59933.0
16001408,52947.0,113918.0,59933.0
16001409,52947.0,111128.0,60766.0
16001410,52947.0,113918.0,60766.0
16001411,52947.0,112058.0,60766.0
16001412,52947.0,112988.0,60766.0
16001413,53622.0,114848.0,61600.0
16001414,54297.0,114848.0,61600.0
16001415,54300.0,114848.0,62150.0
16001416,54797.0,114848.0,62150.0
16001417,55297.0,114848.0,62150.0
16001418,55794.0,114848.0,62150.0
16001419,55797.0,114848.0,61600.0
16001420,53622.0,114848.0,59933.0
16001421,54297.0,114848.0,59933.0
16001422,55797.0,114848.0,59933.0
16001423,53622.0,114848.0,60766.0
16001424,55797.0,114848.0,60766.0
16001425,54797.0,114848.0,61600.0
16001426,54297.0,114848.0,60766.0
16001427,55297.0,114848.0,61600.0
16001428,56347.0,106673.0,61799.0
16001429,56347.0,106673.0,60000.0
16001430,56347.0,106673.0,60900.0
16001431,56347.0,99381.0,61799.0
16001432,56347.0,100214.0,61799.0
16001433,56347.0,99381.0,60000.0
16001434,56347.0,100214.0,60000.0
16001435,56347.0,99381.0,60900.0
16001436,56347.0,100214.0,60900.0
16001437,63747.0,102064.0,61699.0
16001438,63747.0,103081.0,61699.0
16001439,63747.0,104098.0,61699.0
16001440,63747.0,105114.0,61699.0
16001441,63747.0,106131.0,61699.0
16001442,63747.0,102064.0,59966.0
16001443,63747.0,103081.0,59966.0
16001444,63747.0,104098.0,59966.0
16001445,63747.0,105114.0,59966.0
16001446,63747.0,106131.0,59966.0
16001447,63747.0,102064.0,60833.0
16001448,63747.0,106131.0,60833.0
16001449,63747.0,103081.0,60833.0
16001450,63747.0,104098.0,60833.0
16001451,63747.0,105114.0,60833.0
16001452,63747.0,99381.0,61600.0
16001453,63747.0,100214.0,61600.0
16001454,63747.0,99381.0,59933.0
16001455,63747.0,100214.0,59933.0
16001456,63747.0,99381.0,60766.0
16001457,63747.0,100214.0,60766.0
16001458,54680.0,101048.0,61799.0
16001459,55513.0,101048.0,61799.0
16001460,54680.0,101048.0,60000.0
16001461,55513.0,101048.0,60000.0
16001462,54680.0,101048.0,60900.0
16001463,55513.0,101048.0,60900.0
16001464,60822.0,98548.0,61600.0
16001465,61297.0,98548.0,61600.0
16001466,61300.0,98548.0,62150.0
16001467,61797.0,98548.0,62150.0
16001468,62297.0,98548.0,62150.0
16001469,62794.0,98548.0,62150.0
16001470,62797.0,98548.0,61600.0
16001471,63272.0,98548.0,61600.0
16001472,60822.0,98548.0,59933.0
16001473,61297.0,98548.0,59933.0
16001474,63272.0,98548.0,59933.0
16001475,62797.0,98548.0,59933.0
16001476,60822.0,98548.0,60766.0
16001477,63272.0,98548.0,60766.0
16001478,61797.0,98548.0,61600.0
16001479,61297.0,98548.0,60766.0
16001480,62297.0,98548.0,61600.0
16001481,62797.0,98548.0,60766.0
16001482,61197.0,101048.0,61600.0
16001483,62047.0,101048.0,61600.0
16001484,62897.0,101048.0,61600.0
16001485,61197.0,101048.0,59933.0
16001486,62047.0,101048.0,59933.0
16001487,62897.0,101048.0,59933.0
16001488,61197.0,101048.0,60766.0
16001489,62897.0,101048.0,60766.0
16001490,62047.0,101048.0,60766.0
16001491,111267.0,104698.0,61799.0
16001492,111267.0,105698.0,61799.0
16001493,111267.0,104698.0,60000.0
16001494,111267.0,105698.0,60000.0
16001495,111267.0,104698.0,60900.0
16001496,111267.0,105698.0,60900.0
16001497,108067.0,101048.0,61799.0
16001498,108067.0,101048.0,60000.0
16001499,108067.0,101048.0,60900.0
16001500,98867.0,114848.0,61799.0
16001501,98867.0,114848.0,60000.0
16001502,98867.0,114848.0,60900.0
16001503,108492.0,114848.0,61600.0
16001504,108495.0,114848.0,62150.0
16001505,108992.0,114848.0,62150.0
16001506,109492.0,114848.0,62150.0
16001507,109989.0,114848.0,62150.0
16001508,109992.0,114848.0,61600.0
16001509,108492.0,114848.0,59933.0
16001510,109992.0,114848.0,59933.0
16001511,108492.0,114848.0,60766.0
16001512,109992.0,114848.0,60766.0
16001513,108992.0,114848.0,61600.0
16001514,109492.0,114848.0,61600.0
16001515,107842.0,114848.0,61699.0
16001516,107842.0,114848.0,59966.0
16001517,107842.0,114848.0,60833.0
16001518,107467.0,114248.0,61699.0
16001519,107467.0,114248.0,59966.0
16001520,107467.0,114248.0,60833.0
16001521,111267.0,114248.0,61799.0
16001522,111267.0,114248.0,60000.0
16001523,111267.0,114248.0,60900.0
16001524,110767.0,114848.0,61699.0
16001525,110767.0,114848.0,59966.0
16001526,110767.0,114848.0,60833.0
16001527,110492.0,98548.0,61799.0
16001528,110492.0,98548.0,60000.0
16001529,110492.0,98548.0,60900.0
16001530,99067.0,98548.0,61799.0
16001531,100067.0,98548.0,61799.0
16001532,99067.0,98548.0,60000.0
16001533,100067.0,98548.0,60000.0
16001534,99067.0,98548.0,60900.0
16001535,100067.0,98548.0,60900.0
16001536,105733.0,98548.0,61799.0
16001537,106600.0,98548.0,61799.0
16001538,105733.0,98548.0,60000.0
16001539,106600.0,98548.0,60000.0
16001540,105733.0,98548.0,60900.0
16001541,106600.0,98548.0,60900.0
16001542,101067.0,99070.0,61799.0
16001543,101067.0,99070.0,60000.0
16001544,101067.0,99070.0,60900.0
16001545,104867.0,99070.0,61799.0
16001546,104867.0,99070.0,60000.0
16001547,104867.0,99070.0,60900.0
16001548,107467.0,99381.0,61799.0
16001549,107467.0,100214.0,61799.0
16001550,107467.0,99381.0,60000.0
16001551,107467.0,100214.0,60000.0
16001552,107467.0,99381.0,60900.0
16001553,107467.0,100214.0,60900.0
16001554,109517.0,101048.0,61799.0
16001555,109517.0,101048.0,60000.0
16001556,109517.0,101048.0,60900.0
16001557,110817.0,101048.0,61799.0
16001558,110817.0,101048.0,60000.0
16001559,110817.0,101048.0,60900.0
16001560,111267.0,99381.0,61799.0
16001561,111267.0,100214.0,61799.0
16001562,111267.0,99381.0,60000.0
16001563,111267.0,100214.0,60000.0
16001564,111267.0,99381.0,60900.0
16001565,111267.0,100214.0,60900.0
16001566,111267.0,101931.0,61799.0
16001567,111267.0,102814.0,61799.0
16001568,111267.0,101931.0,60000.0
16001569,111267.0,102814.0,60000.0
16001570,111267.0,101931.0,60900.0
16001571,111267.0,102814.0,60900.0
16001572,99067.0,107148.0,61799.0
16001573,100067.0,107148.0,61799.0
16001574,99067.0,107148.0,60000.0
16001575,100067.0,107148.0,60000.0
16001576,99067.0,107148.0,60900.0
16001577,100067.0,107148.0,60900.0
16001578,101067.0,106723.0,61799.0
16001579,101067.0,106723.0,60000.0
16001580,101067.0,106723.0,60900.0
16001581,104867.0,106723.0,61799.0
16001582,104867.0,106723.0,60000.0
16001583,104867.0,106723.0,60900.0
16001584,105733.0,107139.0,62099.0
16001585,106600.0,107131.0,62099.0
16001586,105733.0,107139.0,60000.0
16001587,106600.0,107131.0,60000.0
16001588,105733.0,107139.0,60900.0
16001589,106600.0,107131.0,60900.0
16001590,110817.0,107148.0,61899.0
16001591,110817.0,107148.0,60000.0
16001592,110817.0,107148.0,60900.0
16001593,104867.0,109345.0,61799.0
16001594,104867.0,109345.0,60000.0
16001595,104867.0,109345.0,60900.0
16001596,105733.0,108798.0,62099.0
16001597,106600.0,108798.0,62099.0
16001598,105733.0,108798.0,60000.0
16001599,106600.0,108798.0,60000.0
16001600,105733.0,108798.0,60900.0
16001601,106600.0,108798.0,60900.0
16001602,107467.0,109345.0,61799.0
16001603,107467.0,109345.0,60000.0
16001604,107467.0,109345.0,60900.0
16001605,98067.0,111448.0,62099.0
16001606,98067.0,112448.0,62099.0
16001607,98067.0,111448.0,60000.0
16001608,98067.0,112448.0,60000.0
16001609,98067.0,111448.0,60900.0
16001610,98067.0,112448.0,60900.0
16001611,100567.0,110448.0,61799.0
16001612,100567.0,110448.0,60000.0
16001613,100567.0,110448.0,60900.0
16001614,100367.0,113448.0,62099.0
16001615,100367.0,113448.0,60000.0
16001616,100367.0,113448.0,60900.0
16001617,101067.0,111448.0,61799.0
16001618,101067.0,112448.0,61799.0
16001619,101067.0,111448.0,60000.0
16001620,101067.0,112448.0,60000.0
16001621,101067.0,111448.0,60900.0
16001622,101067.0,112448.0,60900.0
16001623,98067.0,114148.0,61799.0
16001624,98067.0,114148.0,60000.0
16001625,98067.0,114148.0,60900.0
16001626,111267.0,111060.0,61799.0
16001627,111267.0,111923.0,61799.0
16001628,111267.0,112785.0,61799.0
16001629,111267.0,111060.0,60000.0
16001630,111267.0,111923.0,60000.0
16001631,111267.0,112785.0,60000.0
16001632,111267.0,111060.0,60900.0
16001633,111267.0,112785.0,60900.0
16001634,111267.0,111923.0,60900.0
16001635,100367.0,114848.0,61799.0
16001636,100367.0,114848.0,60000.0
16001637,100367.0,114848.0,60900.0
16001638,105733.0,114848.0,61799.0
16001639,106600.0,114848.0,61799.0
16001640,105733.0,114848.0,60000.0
16001641,106600.0,114848.0,60000.0
16001642,105733.0,114848.0,60900.0
16001643,106600.0,114848.0,60900.0
16001644,107467.0,106710.0,61799.0
16001645,107467.0,106710.0,60000.0
16001646,107467.0,106710.0,60900.0
16001647,98067.0,102481.0,61799.0
16001648,98067.0,103414.0,61799.0
16001649,98067.0,102481.0,60000.0
16001650,98067.0,103414.0,60000.0
16001651,98067.0,102481.0,60900.0
16001652,98067.0,103414.0,60900.0
16001653,98067.0,105281.0,61799.0
16001654,98067.0,106214.0,61799.0
16001655,98067.0,105281.0,60000.0
16001656,98067.0,106214.0,60000.0
16001657,98067.0,105281.0,60900.0
16001658,98067.0,106214.0,60900.0
16001659,104867.0,114248.0,61799.0
16001660,104867.0,114248.0,60000.0
16001661,104867.0,114248.0,60900.0
16001662,98067.0,99381.0,61799.0
16001663,98067.0,100214.0,61799.0
16001664,98067.0,99381.0,60000.0
16001665,98067.0,100214.0,60000.0
16001666,98067.0,99381.0,60900.0
16001667,98067.0,100214.0,60900.0
16001668,61197.0,110448.0,61600.0
16001669,62047.0,110448.0,61600.0
16001670,62897.0,110448.0,61600.0
16001671,61197.0,110448.0,59933.0
16001672,62047.0,110448.0,59933.0
16001673,62897.0,110448.0,59933.0
16001674,61197.0,110448.0,60766.0
16001675,62897.0,110448.0,60766.0
16001676,62047.0,110448.0,60766.0
16001677,24276.0,113839.0,62699.0
16001678,24243.0,112886.0,62699.0
16001679,24231.0,111941.0,62699.0
16001680,24227.0,110977.0,62699.0
16001681,24224.0,110000.0,62699.0
16001682,24222.0,109011.0,62699.0
16001683,24219.0,108072.0,62699.0
16001684,25257.0,113924.0,62699.0
16001685,25204.0,113003.0,62699.0
16001686,25187.0,112064.0,62699.0
16001687,25181.0,111102.0,62699.0
16001688,25177.0,110120.0,62699.0
16001689,25173.0,109127.0,62699.0
16001690,25170.0,108135.0,62699.0
16001691,26173.0,114011.0,62699.0
16001692,26142.0,113153.0,62699.0
16001693,26131.0,112222.0,62699.0
16001694,26127.0,111252.0,62699.0
16001695,26124.0,110256.0,62699.0
16001696,26121.0,109228.0,62699.0
16001697,26119.0,108190.0,62699.0
16001698,27767.0,114148.0,62699.0
16001699,29267.0,114148.0,62699.0
16001700,17833.0,112807.0,62699.0
16001701,17803.0,111978.0,62699.0
16001702,17814.0,109560.0,62699.0
16001703,17803.0,110360.0,62699.0
16001704,17797.0,111175.0,62699.0
16001705,18747.0,110499.0,62699.0
16001706,18711.0,111308.0,62699.0
16001707,18758.0,109644.0,62699.0
16001708,18725.0,111989.0,62699.0
16001709,18796.0,112799.0,62699.0
16001710,19605.0,111720.0,62699.0
16001711,19687.0,110724.0,62699.0
16001712,19711.0,109759.0,62699.0
16001713,19736.0,112715.0,62699.0
16001714,17727.0,107952.0,62699.0
16001715,18522.0,107951.0,62699.0
16001716,19173.0,107945.0,62699.0
16001717,19928.0,107945.0,62699.0
16001718,21533.0,107964.0,62699.0
16001719,22400.0,107968.0,62699.0
16001720,24217.0,106235.0,62699.0
16001721,24217.0,105296.0,62699.0
16001722,25167.0,106224.0,62699.0
16001723,25167.0,105289.0,62699.0
16001724,26117.0,106235.0,62699.0
16001725,26117.0,105296.0,62699.0
16001726,17733.0,100214.0,62699.0
16001727,17704.0,99381.0,62699.0
16001728,18596.0,100214.0,62699.0
16001729,18559.0,99381.0,62699.0
16001730,24217.0,103414.0,62699.0
16001731,24217.0,102481.0,62699.0
16001732,25167.0,103414.0,62699.0
16001733,25167.0,102481.0,62699.0
16001734,26117.0,103414.0,62699.0
16001735,26117.0,102481.0,62699.0
16001736,24235.0,100556.0,62699.0
16001737,24271.0,99559.0,62699.0
16001738,25193.0,100552.0,62699.0
16001739,25253.0,99553.0,62699.0
16001740,26135.0,100556.0,62699.0
16001741,26171.0,99558.0,62699.0
16001742,53835.0,107943.0,62699.0
16001743,54736.0,107923.0,62699.0
16001744,55602.0,107903.0,62699.0
16001745,109538.0,100214.0,62699.0
16001746,109574.0,99381.0,62699.0
16001747,110401.0,100214.0,62699.0
16001748,110429.0,99381.0,62699.0
16001749,98867.0,114148.0,62699.0
16001750,100367.0,114148.0,62699.0
16001751,108372.0,112745.0,62699.0
16001752,108436.0,111814.0,62699.0
16001753,108445.0,109786.0,62699.0
16001754,108536.0,110807.0,62699.0
16001755,109424.0,111113.0,62699.0
16001756,109371.0,111930.0,62699.0
16001757,109425.0,110435.0,62699.0
16001758,109388.0,109627.0,62699.0
16001759,109326.0,112783.0,62699.0
16001760,110341.0,110329.0,62699.0
16001761,110337.0,111124.0,62699.0
16001762,110328.0,109547.0,62699.0
16001763,110293.0,112795.0,62699.0
16001764,110320.0,111948.0,62699.0
16001765,101998.0,100556.0,62699.0
16001766,101962.0,99558.0,62699.0
16001767,102940.0,100552.0,62699.0
16001768,102881.0,99553.0,62699.0
16001769,103898.0,100556.0,62699.0
16001770,103862.0,99559.0,62699.0
16001771,108205.0,107945.0,62699.0
16001772,108960.0,107945.0,62699.0
16001773,109611.0,107951.0,62699.0
16001774,110406.0,107952.0,62699.0
16001775,102017.0,106235.0,62699.0
16001776,102017.0,105296.0,62699.0
16001777,102967.0,106224.0,62699.0
16001778,102967.0,105289.0,62699.0
16001779,103917.0,106235.0,62699.0
16001780,103917.0,105296.0,62699.0
16001781,101960.0,114011.0,62699.0
16001782,101992.0,113153.0,62699.0
16001783,102002.0,112222.0,62699.0
16001784,102007.0,111252.0,62699.0
16001785,102010.0,110256.0,62699.0
16001786,102012.0,109228.0,62699.0
16001787,102014.0,108190.0,62699.0
16001788,102877.0,113924.0,62699.0
16001789,102929.0,113003.0,62699.0
16001790,102946.0,112064.0,62699.0
16001791,102953.0,111102.0,62699.0
16001792,102957.0,110120.0,62699.0
16001793,102960.0,109127.0,62699.0
16001794,102963.0,108135.0,62699.0
16001795,103858.0,113839.0,62699.0
16001796,103890.0,112886.0,62699.0
16001797,103902.0,111941.0,62699.0
16001798,103907.0,110977.0,62699.0
16001799,103910.0,110000.0,62699.0
16001800,103912.0,109011.0,62699.0
16001801,103914.0,108072.0,62699.0
16001802,102017.0,103414.0,62699.0
16001803,102017.0,102481.0,62699.0
16001804,102967.0,103414.0,62699.0
16001805,102967.0,102481.0,62699.0
16001806,103917.0,103414.0,62699.0
16001807,103917.0,102481.0,62699.0
16001808,105733.0,107968.0,62699.0
16001809,106600.0,107964.0,62699.0
17000001,23267.0,114848.0,66300.0
17000002,27067.0,114848.0,66300.0
17000003,20667.0,114848.0,66300.0
17000004,30067.0,114848.0,66300.0
17000005,27067.0,113448.0,66300.0
17000006,27067.0,110448.0,66300.0
17000007,30067.0,113448.0,66300.0
17000008,20667.0,111848.0,66300.0
17000009,20667.0,108798.0,66300.0
17000010,23267.0,111848.0,66300.0
17000011,16867.0,108748.0,66300.0
17000012,23267.0,108798.0,66300.0
17000013,16867.0,107148.0,66300.0
17000014,30067.0,107148.0,66300.0
17000015,23267.0,107148.0,66300.0
17000016,20667.0,107123.0,66300.0
17000017,27067.0,107148.0,66300.0
17000018,16867.0,101048.0,66300.0
17000019,17767.0,107148.0,66300.0
17000020,17767.0,101048.0,66300.0
17000021,20667.0,104348.0,66300.0
17000022,23267.0,104348.0,66300.0
17000023,27067.0,104348.0,66300.0
17000024,20667.0,101548.0,66300.0
17000025,20667.0,101048.0,66300.0
17000026,23267.0,101548.0,66300.0
17000027,27067.0,101548.0,66300.0
17000028,20667.0,98548.0,66300.0
17000029,23267.0,98548.0,66300.0
17000030,27067.0,98548.0,66300.0
17000031,16867.0,110198.0,66300.0
17000032,30067.0,110448.0,66300.0
17000033,23267.0,109893.0,66300.0
17000034,28067.0,110448.0,66300.0
17000035,23267.0,106298.0,66300.0
17000036,27067.0,106298.0,66300.0
17000037,20167.0,107098.0,66300.0
17000038,23267.0,99593.0,66300.0
17000039,27067.0,99593.0,66300.0
17000040,18417.0,98548.0,66300.0
17000041,20667.0,113648.0,66300.0
17000042,16867.0,113648.0,66300.0
17000043,19917.0,113648.0,66300.0
17000044,19917.0,114848.0,66300.0
17000045,17867.0,113648.0,66300.0
17000046,17867.0,114848.0,66300.0
17000047,28467.0,113448.0,66300.0
17000048,28467.0,114848.0,66300.0
17000049,19467.0,98548.0,66300.0
17000050,19467.0,101048.0,66300.0
17000051,17767.0,103698.0,66300.0
17000052,16867.0,103698.0,66300.0
17000053,20667.0,106298.0,66300.0
17000054,23267.0,113648.0,66300.0
17000055,20667.0,109893.0,66300.0
17000056,4867.0,114848.0,66300.0
17000057,4867.0,106698.0,66300.0
17000058,4867.0,98548.0,66300.0
17000059,4867.0,87098.0,66300.0
17000060,4867.0,126298.0,66300.0
17000061,9467.0,126348.0,66300.0
17000062,13067.0,126348.0,66300.0
17000063,124067.0,114848.0,66300.0
17000064,124067.0,106698.0,66300.0
17000065,124067.0,98548.0,66300.0
17000066,124067.0,87098.0,66300.0
17000067,124067.0,126298.0,66300.0
17000068,30067.0,98548.0,66300.0
17000069,30067.0,101048.0,66300.0
17000070,30067.0,104348.0,66300.0
17000071,30067.0,101548.0,66300.0
17000072,13067.0,87048.0,66300.0
17000073,9467.0,87048.0,66300.0
17000074,63747.0,110448.0,66300.0
17000075,60347.0,101048.0,66300.0
17000076,60347.0,107048.0,66300.0
17000077,63747.0,107148.0,66300.0
17000078,52947.0,114848.0,66300.0
17000079,56347.0,108748.0,66300.0
17000080,52947.0,103698.0,66300.0
17000081,53847.0,103698.0,66300.0
17000082,54497.0,98548.0,66300.0
17000083,56347.0,110448.0,66300.0
17000084,52947.0,110198.0,66300.0
17000085,56347.0,113448.0,66300.0
17000086,52947.0,101048.0,66300.0
17000087,53847.0,101048.0,66300.0
17000088,53847.0,107148.0,66300.0
17000089,52947.0,107148.0,66300.0
17000090,56347.0,107048.0,66300.0
17000091,52947.0,108748.0,66300.0
17000092,56347.0,101548.0,66300.0
17000093,55947.0,107048.0,66300.0
17000094,56347.0,106298.0,66300.0
17000095,60347.0,110448.0,66300.0
17000096,56347.0,104348.0,66300.0
17000097,56347.0,101048.0,66300.0
17000098,63747.0,101048.0,66300.0
17000099,52947.0,98548.0,66300.0
17000100,60347.0,104348.0,66300.0
17000101,119800.0,87048.0,66300.0
17000102,115533.0,87048.0,66300.0
17000103,111267.0,103698.0,66300.0
17000104,110367.0,103698.0,66300.0
17000105,108667.0,101048.0,66300.0
17000106,108667.0,98548.0,66300.0
17000107,99667.0,114848.0,66300.0
17000108,99667.0,113448.0,66300.0
17000109,110267.0,114848.0,66300.0
17000110,110267.0,113648.0,66300.0
17000111,108217.0,114848.0,66300.0
17000112,108217.0,113648.0,66300.0
17000113,111267.0,113648.0,66300.0
17000114,107467.0,113648.0,66300.0
17000115,109717.0,98548.0,66300.0
17000116,101067.0,99593.0,66300.0
17000117,104867.0,99593.0,66300.0
17000118,107967.0,107098.0,66300.0
17000119,101067.0,106298.0,66300.0
17000120,104867.0,106298.0,66300.0
17000121,100067.0,110448.0,66300.0
17000122,104867.0,109893.0,66300.0
17000123,98067.0,110448.0,66300.0
17000124,111267.0,110198.0,66300.0
17000125,101067.0,98548.0,66300.0
17000126,104867.0,98548.0,66300.0
17000127,107467.0,98548.0,66300.0
17000128,101067.0,101548.0,66300.0
17000129,104867.0,101548.0,66300.0
17000130,107467.0,101048.0,66300.0
17000131,107467.0,101548.0,66300.0
17000132,101067.0,104348.0,66300.0
17000133,104867.0,104348.0,66300.0
17000134,107467.0,104348.0,66300.0
17000135,110367.0,101048.0,66300.0
17000136,110367.0,107148.0,66300.0
17000137,111267.0,101048.0,66300.0
17000138,101067.0,107148.0,66300.0
17000139,107467.0,107123.0,66300.0
17000140,104867.0,107148.0,66300.0
17000141,98067.0,107148.0,66300.0
17000142,111267.0,107148.0,66300.0
17000143,104867.0,108798.0,66300.0
17000144,111267.0,108748.0,66300.0
17000145,104867.0,111848.0,66300.0
17000146,107467.0,108798.0,66300.0
17000147,107467.0,111848.0,66300.0
17000148,98067.0,113448.0,66300.0
17000149,101067.0,110448.0,66300.0
17000150,101067.0,113448.0,66300.0
17000151,98067.0,114848.0,66300.0
17000152,107467.0,114848.0,66300.0
17000153,101067.0,114848.0,66300.0
17000154,104867.0,114848.0,66300.0
17000155,107467.0,106298.0,66300.0
17000156,98067.0,101548.0,66300.0
17000157,98067.0,104348.0,66300.0
17000158,107467.0,109893.0,66300.0
17000159,104867.0,113648.0,66300.0
17000160,98067.0,101048.0,66300.0
17000161,98067.0,98548.0,66300.0
17000162,63747.0,98548.0,66300.0
17000163,56347.0,98548.0,66300.0
17000164,56347.0,114848.0,66300.0
17000165,63747.0,114848.0,66300.0
17000166,60347.0,114848.0,66300.0
17000167,60347.0,98548.0,66300.0
17000168,30067.0,87098.0,66300.0
17000169,30067.0,126298.0,66300.0
17000170,16867.0,98548.0,66300.0
17000171,16867.0,114848.0,66300.0
17000172,16867.0,106698.0,66300.0
17000173,16867.0,87098.0,66300.0
17000174,16867.0,126298.0,66300.0
17000175,111267.0,126298.0,66300.0
17000176,111267.0,87098.0,66300.0
17000177,98067.0,87098.0,66300.0
17000178,98067.0,126298.0,66300.0
17000179,111267.0,106698.0,66300.0
17000180,111267.0,114848.0,66300.0
17000181,111267.0,98548.0,66300.0
17000182,41507.0,126298.0,66300.0
17000183,41507.0,87098.0,66300.0
17000184,52947.0,87098.0,66300.0
17000185,52947.0,126298.0,66300.0
17000186,75187.0,87098.0,66300.0
17000187,75187.0,126298.0,66300.0
17000188,86627.0,126298.0,66300.0
17000189,86627.0,87098.0,66300.0
17000190,102700.0,87048.0,66300.0
17000191,47227.0,126348.0,66300.0
17000192,47227.0,87048.0,66300.0
17000193,35787.0,126348.0,66300.0
17000194,35787.0,87048.0,66300.0
17000195,25433.0,126348.0,66300.0
17000196,25433.0,114848.0,66300.0
17000197,25433.0,87048.0,66300.0
17000198,25433.0,98548.0,66300.0
17000199,20667.0,87048.0,66300.0
17000200,20667.0,126348.0,66300.0
17000201,102700.0,126348.0,66300.0
17000202,102700.0,114848.0,66300.0
17000203,107467.0,126348.0,66300.0
17000204,107467.0,87048.0,66300.0
17000205,58322.0,87048.0,66300.0
17000206,58322.0,126348.0,66300.0
17000207,58322.0,114848.0,66300.0
17000208,69467.0,126348.0,66300.0
17000209,69467.0,87048.0,66300.0
17000210,80907.0,126348.0,66300.0
17000211,80907.0,87048.0,66300.0
17000212,92347.0,126348.0,66300.0
17000213,92347.0,87048.0,66300.0
17000214,119800.0,126348.0,66300.0
17000215,115533.0,126348.0,66300.0
17000216,30067.0,106698.0,66300.0
17000217,52947.0,106698.0,66300.0
17000218,63747.0,106698.0,66300.0
17000219,58322.0,98548.0,66300.0
17000220,98067.0,106698.0,66300.0
17000221,102700.0,98548.0,66300.0
17000222,47227.0,106698.0,66300.0
17000223,47227.0,98548.0,66300.0
17000224,47227.0,114848.0,66300.0
17000225,35787.0,106698.0,66300.0
17000226,35787.0,98548.0,66300.0
17000227,35787.0,114848.0,66300.0
17000228,69467.0,106698.0,66300.0
17000229,69467.0,98548.0,66300.0
17000230,69467.0,114848.0,66300.0
17000231,80907.0,106698.0,66300.0
17000232,80907.0,98548.0,66300.0
17000233,80907.0,114848.0,66300.0
17000234,92347.0,106698.0,66300.0
17000235,92347.0,98548.0,66300.0
17000236,92347.0,114848.0,66300.0
17000237,119800.0,106698.0,66300.0
17000238,119800.0,98548.0,66300.0
17000239,119800.0,114848.0,66300.0
17000240,115533.0,106698.0,66300.0
17000241,115533.0,98548.0,66300.0
17000242,115533.0,114848.0,66300.0
17000243,86627.0,106698.0,66300.0
17000244,86627.0,98548.0,66300.0
17000245,86627.0,114848.0,66300.0
17000246,75187.0,106698.0,66300.0
17000247,75187.0,98548.0,66300.0
17000248,75187.0,114848.0,66300.0
17000249,41507.0,106698.0,66300.0
17000250,41507.0,98548.0,66300.0
17000251,41507.0,114848.0,66300.0
17000252,13067.0,106698.0,66300.0
17000253,13067.0,98548.0,66300.0
17000254,13067.0,114848.0,66300.0
17000255,9467.0,106698.0,66300.0
17000256,9467.0,98548.0,66300.0
17000257,9467.0,114848.0,66300.0
17000258,63747.0,87098.0,66300.0
17000259,63747.0,126298.0,66300.0
17000260,16867.0,108748.0,65500.0
17000261,16867.0,110198.0,65500.0
17000262,27067.0,113448.0,65700.0
17000263,27067.0,114848.0,65700.0
17000264,20667.0,107123.0,65700.0
17000265,20667.0,108798.0,65700.0
17000266,28067.0,110448.0,65700.0
17000267,30067.0,110448.0,65700.0
17000268,16867.0,107148.0,65500.0
17000269,23267.0,107148.0,65700.0
17000270,23267.0,108798.0,65700.0
17000271,17767.0,107148.0,65600.0
17000272,20167.0,107098.0,65600.0
17000273,18417.0,98548.0,65500.0
17000274,19467.0,98548.0,65500.0
17000275,28467.0,113448.0,65700.0
17000276,30067.0,113448.0,65700.0
17000277,20667.0,98548.0,65500.0
17000278,56347.0,113448.0,65600.0
17000279,56347.0,114848.0,65600.0
17000280,53847.0,107148.0,65600.0
17000281,55947.0,107048.0,65600.0
17000282,54497.0,98548.0,65500.0
17000283,56347.0,98548.0,65500.0
17000284,107467.0,98548.0,65500.0
17000285,108667.0,98548.0,65500.0
17000286,98067.0,113448.0,65700.0
17000287,99667.0,113448.0,65700.0
17000288,107967.0,107098.0,65600.0
17000289,110367.0,107148.0,65600.0
17000290,104867.0,107148.0,65700.0
17000291,104867.0,108798.0,65700.0
17000292,111267.0,107148.0,65500.0
17000293,111267.0,108748.0,65500.0
17000294,107467.0,107123.0,65700.0
17000295,107467.0,108798.0,65700.0
17000296,101067.0,113448.0,65700.0
17000297,101067.0,114848.0,65700.0
17000298,111267.0,110198.0,65500.0
17000299,98067.0,110448.0,65700.0
17000300,100067.0,110448.0,65700.0
17000301,109717.0,98548.0,65500.0
17000302,17367.0,114848.0,66300.0
17000303,21533.0,114848.0,66300.0
17000304,22400.0,114848.0,66300.0
17000305,27767.0,114848.0,66300.0
17000306,16867.0,111060.0,66300.0
17000307,16867.0,111923.0,66300.0
17000308,16867.0,112785.0,66300.0
17000309,16867.0,109110.0,66300.0
17000310,16867.0,109473.0,66300.0
17000311,16867.0,109835.0,66300.0
17000312,27067.0,113798.0,66300.0
17000313,27067.0,114148.0,66300.0
17000314,27067.0,114498.0,66300.0
17000315,30067.0,114148.0,66300.0
17000316,27067.0,111448.0,66300.0
17000317,27067.0,112448.0,66300.0
17000318,27767.0,113448.0,66300.0
17000319,27567.0,110448.0,66300.0
17000320,30067.0,111448.0,66300.0
17000321,30067.0,112448.0,66300.0
17000322,20667.0,109345.0,66300.0
17000323,20667.0,107541.0,66300.0
17000324,20667.0,107960.0,66300.0
17000325,20667.0,108379.0,66300.0
17000326,21533.0,108798.0,66300.0
17000327,22400.0,108798.0,66300.0
17000328,23267.0,109345.0,66300.0
17000329,28567.0,110448.0,66300.0
17000330,29067.0,110448.0,66300.0
17000331,29567.0,110448.0,66300.0
17000332,16867.0,107548.0,66300.0
17000333,16867.0,107948.0,66300.0
17000334,16867.0,108348.0,66300.0
17000335,23267.0,107560.0,66300.0
17000336,23267.0,107973.0,66300.0
17000337,23267.0,108385.0,66300.0
17000338,17317.0,107148.0,66300.0
17000339,21533.0,107131.0,66300.0
17000340,22400.0,107139.0,66300.0
17000341,23267.0,106723.0,66300.0
17000342,27067.0,106723.0,66300.0
17000343,28067.0,107148.0,66300.0
17000344,29067.0,107148.0,66300.0
17000345,16867.0,101931.0,66300.0
17000346,16867.0,102814.0,66300.0
17000347,16867.0,99381.0,66300.0
17000348,16867.0,100214.0,66300.0
17000349,17317.0,101048.0,66300.0
17000350,18167.0,107139.0,66300.0
17000351,18567.0,107131.0,66300.0
17000352,18967.0,107123.0,66300.0
17000353,19367.0,107114.0,66300.0
17000354,19767.0,107106.0,66300.0
17000355,18617.0,101048.0,66300.0
17000356,20667.0,99381.0,66300.0
17000357,20667.0,100214.0,66300.0
17000358,17642.0,98548.0,66300.0
17000359,18942.0,98548.0,66300.0
17000360,21533.0,98548.0,66300.0
17000361,22400.0,98548.0,66300.0
17000362,23267.0,99070.0,66300.0
17000363,27067.0,99070.0,66300.0
17000364,28067.0,98548.0,66300.0
17000365,29067.0,98548.0,66300.0
17000366,16867.0,114248.0,66300.0
17000367,20667.0,114248.0,66300.0
17000368,20292.0,114848.0,66300.0
17000369,18142.0,114848.0,66300.0
17000370,18642.0,114848.0,66300.0
17000371,19142.0,114848.0,66300.0
17000372,19642.0,114848.0,66300.0
17000373,29267.0,114848.0,66300.0
17000374,28867.0,113448.0,66300.0
17000375,29267.0,113448.0,66300.0
17000376,29667.0,113448.0,66300.0
17000377,20067.0,101048.0,66300.0
17000378,20067.0,98548.0,66300.0
17000379,16867.0,104698.0,66300.0
17000380,16867.0,105698.0,66300.0
17000381,20667.0,106710.0,66300.0
17000382,23267.0,114248.0,66300.0
17000383,30067.0,99381.0,66300.0
17000384,30067.0,100214.0,66300.0
17000385,30067.0,105281.0,66300.0
17000386,30067.0,106214.0,66300.0
17000387,30067.0,102481.0,66300.0
17000388,30067.0,103414.0,66300.0
17000389,60347.0,101873.0,66300.0
17000390,60347.0,102698.0,66300.0
17000391,60347.0,103523.0,66300.0
17000392,63747.0,111328.0,66300.0
17000393,63747.0,112208.0,66300.0
17000394,63747.0,113088.0,66300.0
17000395,63747.0,113968.0,66300.0
17000396,61022.0,114848.0,66300.0
17000397,61697.0,114848.0,66300.0
17000398,62197.0,114848.0,66300.0
17000399,62697.0,114848.0,66300.0
17000400,63197.0,114848.0,66300.0
17000401,52947.0,104560.0,66300.0
17000402,52947.0,105423.0,66300.0
17000403,52947.0,106285.0,66300.0
17000404,53722.0,98548.0,66300.0
17000405,52947.0,99381.0,66300.0
17000406,52947.0,100214.0,66300.0
17000407,52947.0,101931.0,66300.0
17000408,52947.0,102814.0,66300.0
17000409,53397.0,101048.0,66300.0
17000410,53397.0,107148.0,66300.0
17000411,56347.0,111328.0,66300.0
17000412,56347.0,112208.0,66300.0
17000413,56347.0,113088.0,66300.0
17000414,56347.0,113798.0,66300.0
17000415,56347.0,114148.0,66300.0
17000416,56347.0,114498.0,66300.0
17000417,52947.0,111128.0,66300.0
17000418,52947.0,112058.0,66300.0
17000419,52947.0,112988.0,66300.0
17000420,52947.0,113918.0,66300.0
17000421,53622.0,114848.0,66300.0
17000422,54297.0,114848.0,66300.0
17000423,54797.0,114848.0,66300.0
17000424,55297.0,114848.0,66300.0
17000425,55797.0,114848.0,66300.0
17000426,54372.0,107123.0,66300.0
17000427,54897.0,107098.0,66300.0
17000428,55422.0,107073.0,66300.0
17000429,56347.0,106673.0,66300.0
17000430,56347.0,99381.0,66300.0
17000431,56347.0,100214.0,66300.0
17000432,54959.0,98548.0,66300.0
17000433,55422.0,98548.0,66300.0
17000434,55884.0,98548.0,66300.0
17000435,63747.0,102064.0,66300.0
17000436,63747.0,103081.0,66300.0
17000437,63747.0,104098.0,66300.0
17000438,63747.0,105114.0,66300.0
17000439,63747.0,106131.0,66300.0
17000440,63747.0,99381.0,66300.0
17000441,63747.0,100214.0,66300.0
17000442,54680.0,101048.0,66300.0
17000443,55513.0,101048.0,66300.0
17000444,60822.0,98548.0,66300.0
17000445,61297.0,98548.0,66300.0
17000446,61797.0,98548.0,66300.0
17000447,62297.0,98548.0,66300.0
17000448,62797.0,98548.0,66300.0
17000449,63272.0,98548.0,66300.0
17000450,61197.0,101048.0,66300.0
17000451,62047.0,101048.0,66300.0
17000452,62897.0,101048.0,66300.0
17000453,111267.0,104698.0,66300.0
17000454,111267.0,105698.0,66300.0
17000455,108067.0,98548.0,66300.0
17000456,108067.0,101048.0,66300.0
17000457,98467.0,113448.0,66300.0
17000458,98867.0,113448.0,66300.0
17000459,99267.0,113448.0,66300.0
17000460,98867.0,114848.0,66300.0
17000461,108492.0,114848.0,66300.0
17000462,108992.0,114848.0,66300.0
17000463,109492.0,114848.0,66300.0
17000464,109992.0,114848.0,66300.0
17000465,107842.0,114848.0,66300.0
17000466,107467.0,114248.0,66300.0
17000467,111267.0,114248.0,66300.0
17000468,110767.0,114848.0,66300.0
17000469,110492.0,98548.0,66300.0
17000470,99067.0,98548.0,66300.0
17000471,100067.0,98548.0,66300.0
17000472,105733.0,98548.0,66300.0
17000473,106600.0,98548.0,66300.0
17000474,101067.0,99070.0,66300.0
17000475,104867.0,99070.0,66300.0
17000476,107467.0,99381.0,66300.0
17000477,107467.0,100214.0,66300.0
17000478,109517.0,101048.0,66300.0
17000479,108367.0,107106.0,66300.0
17000480,108767.0,107114.0,66300.0
17000481,109167.0,107123.0,66300.0
17000482,109567.0,107131.0,66300.0
17000483,109967.0,107139.0,66300.0
17000484,110817.0,101048.0,66300.0
17000485,111267.0,99381.0,66300.0
17000486,111267.0,100214.0,66300.0
17000487,111267.0,101931.0,66300.0
17000488,111267.0,102814.0,66300.0
17000489,99067.0,107148.0,66300.0
17000490,100067.0,107148.0,66300.0
17000491,101067.0,106723.0,66300.0
17000492,104867.0,106723.0,66300.0
17000493,105733.0,107139.0,66300.0
17000494,106600.0,107131.0,66300.0
17000495,110817.0,107148.0,66300.0
17000496,104867.0,107560.0,66300.0
17000497,104867.0,107973.0,66300.0
17000498,104867.0,108385.0,66300.0
17000499,111267.0,107548.0,66300.0
17000500,111267.0,107948.0,66300.0
17000501,111267.0,108348.0,66300.0
17000502,104867.0,109345.0,66300.0
17000503,105733.0,108798.0,66300.0
17000504,106600.0,108798.0,66300.0
17000505,107467.0,107541.0,66300.0
17000506,107467.0,107960.0,66300.0
17000507,107467.0,108379.0,66300.0
17000508,107467.0,109345.0,66300.0
17000509,98067.0,111448.0,66300.0
17000510,98067.0,112448.0,66300.0
17000511,100567.0,110448.0,66300.0
17000512,100367.0,113448.0,66300.0
17000513,101067.0,111448.0,66300.0
17000514,101067.0,112448.0,66300.0
17000515,98067.0,114148.0,66300.0
17000516,101067.0,113798.0,66300.0
17000517,101067.0,114148.0,66300.0
17000518,101067.0,114498.0,66300.0
17000519,111267.0,109110.0,66300.0
17000520,111267.0,109473.0,66300.0
17000521,111267.0,109835.0,66300.0
17000522,111267.0,111060.0,66300.0
17000523,111267.0,111923.0,66300.0
17000524,111267.0,112785.0,66300.0
17000525,100367.0,114848.0,66300.0
17000526,105733.0,114848.0,66300.0
17000527,106600.0,114848.0,66300.0
17000528,107467.0,106710.0,66300.0
17000529,98067.0,102481.0,66300.0
17000530,98067.0,103414.0,66300.0
17000531,98067.0,105281.0,66300.0
17000532,98067.0,106214.0,66300.0
17000533,104867.0,114248.0,66300.0
17000534,98067.0,99381.0,66300.0
17000535,98067.0,100214.0,66300.0
17000536,98567.0,110448.0,66300.0
17000537,99067.0,110448.0,66300.0
17000538,99567.0,110448.0,66300.0
17000539,109192.0,98548.0,66300.0
17000540,61197.0,110448.0,66300.0
17000541,62047.0,110448.0,66300.0
17000542,62897.0,110448.0,66300.0
17000543,16867.0,114848.0,65199.0
17000544,16867.0,114848.0,64366.0
17000545,16867.0,114848.0,63533.0
17000546,17867.0,114848.0,65199.0
17000547,17867.0,114848.0,64366.0
17000548,17867.0,114848.0,63533.0
17000549,20667.0,114848.0,65199.0
17000550,20667.0,114848.0,64366.0
17000551,20667.0,114848.0,63533.0
17000552,23267.0,114848.0,65300.0
17000553,23267.0,114848.0,64433.0
17000554,23267.0,114848.0,63566.0
17000555,28467.0,114848.0,65400.0
17000556,28467.0,114848.0,64500.0
17000557,28467.0,114848.0,63599.0
17000558,27067.0,110448.0,65400.0
17000559,27067.0,110448.0,64500.0
17000560,27067.0,110448.0,63599.0
17000561,20667.0,109893.0,65400.0
17000562,20667.0,109893.0,64500.0
17000563,20667.0,109893.0,63599.0
17000564,16867.0,113648.0,65199.0
17000565,16867.0,113648.0,64366.0
17000566,16867.0,113648.0,63533.0
17000567,23267.0,109893.0,65400.0
17000568,23267.0,109893.0,64500.0
17000569,23267.0,109893.0,63599.0
17000570,16867.0,106698.0,65400.0
17000571,16867.0,106698.0,64500.0
17000572,16867.0,106698.0,63599.0
17000573,23267.0,106298.0,65400.0
17000574,23267.0,106298.0,64500.0
17000575,23267.0,106298.0,63599.0
17000576,27067.0,106298.0,65400.0
17000577,27067.0,106298.0,64500.0
17000578,27067.0,106298.0,63599.0
17000579,27067.0,107148.0,65400.0
17000580,27067.0,107148.0,64500.0
17000581,27067.0,107148.0,63599.0
17000582,16867.0,101048.0,65400.0
17000583,16867.0,101048.0,64500.0
17000584,16867.0,101048.0,63599.0
17000585,16867.0,103698.0,65400.0
17000586,16867.0,103698.0,64500.0
17000587,16867.0,103698.0,63599.0
17000588,16867.0,98548.0,65400.0
17000589,16867.0,98548.0,64500.0
17000590,16867.0,98548.0,63599.0
17000591,17767.0,101048.0,65400.0
17000592,17767.0,101048.0,64500.0
17000593,17767.0,101048.0,63599.0
17000594,19467.0,101048.0,65400.0
17000595,19467.0,101048.0,64500.0
17000596,19467.0,101048.0,63599.0
17000597,20667.0,101048.0,65400.0
17000598,20667.0,101048.0,64500.0
17000599,20667.0,101048.0,63599.0
17000600,23267.0,98548.0,65400.0
17000601,23267.0,98548.0,64500.0
17000602,23267.0,98548.0,63599.0
17000603,23267.0,99593.0,65400.0
17000604,23267.0,99593.0,64500.0
17000605,23267.0,99593.0,63599.0
17000606,27067.0,98548.0,65400.0
17000607,27067.0,98548.0,64500.0
17000608,27067.0,98548.0,63599.0
17000609,27067.0,99593.0,65400.0
17000610,27067.0,99593.0,64500.0
17000611,27067.0,99593.0,63599.0
17000612,30067.0,98548.0,65400.0
17000613,30067.0,98548.0,64500.0
17000614,30067.0,98548.0,63599.0
17000615,19917.0,114848.0,65199.0
17000616,19917.0,114848.0,64366.0
17000617,19917.0,114848.0,63533.0
17000618,30067.0,114848.0,65400.0
17000619,30067.0,114848.0,64500.0
17000620,30067.0,114848.0,63599.0
17000621,20667.0,106298.0,65400.0
17000622,20667.0,106298.0,64500.0
17000623,20667.0,106298.0,63599.0
17000624,20667.0,113648.0,65199.0
17000625,20667.0,113648.0,64366.0
17000626,20667.0,113648.0,63533.0
17000627,23267.0,113648.0,65400.0
17000628,23267.0,113648.0,64500.0
17000629,23267.0,113648.0,63599.0
17000630,20667.0,101548.0,65400.0
17000631,20667.0,101548.0,64500.0
17000632,20667.0,101548.0,63599.0
17000633,30067.0,101048.0,65400.0
17000634,30067.0,101048.0,64500.0
17000635,30067.0,101048.0,63599.0
17000636,30067.0,101548.0,65400.0
17000637,30067.0,101548.0,64500.0
17000638,30067.0,101548.0,63599.0
17000639,30067.0,107148.0,65400.0
17000640,30067.0,107148.0,64500.0
17000641,30067.0,107148.0,63599.0
17000642,30067.0,104348.0,65400.0
17000643,30067.0,104348.0,64500.0
17000644,30067.0,104348.0,63599.0
17000645,30067.0,106698.0,65400.0
17000646,30067.0,106698.0,64500.0
17000647,30067.0,106698.0,63599.0
17000648,60347.0,101048.0,65199.0
17000649,60347.0,101048.0,64366.0
17000650,60347.0,101048.0,63533.0
17000651,60347.0,104348.0,65199.0
17000652,60347.0,104348.0,64366.0
17000653,60347.0,104348.0,63533.0
17000654,63747.0,110448.0,65199.0
17000655,63747.0,110448.0,64366.0
17000656,63747.0,110448.0,63533.0
17000657,63747.0,114848.0,65199.0
17000658,63747.0,114848.0,64366.0
17000659,63747.0,114848.0,63533.0
17000660,60347.0,114848.0,65199.0
17000661,60347.0,114848.0,64366.0
17000662,60347.0,114848.0,63533.0
17000663,52947.0,103698.0,65400.0
17000664,52947.0,103698.0,64500.0
17000665,52947.0,103698.0,63599.0
17000666,52947.0,106698.0,65400.0
17000667,52947.0,106698.0,64500.0
17000668,52947.0,106698.0,63599.0
17000669,52947.0,98548.0,65400.0
17000670,52947.0,98548.0,64500.0
17000671,52947.0,98548.0,63599.0
17000672,52947.0,101048.0,65400.0
17000673,52947.0,101048.0,64500.0
17000674,52947.0,101048.0,63599.0
17000675,53847.0,101048.0,65400.0
17000676,53847.0,101048.0,64500.0
17000677,53847.0,101048.0,63599.0
17000678,52947.0,107148.0,65400.0
17000679,52947.0,107148.0,64500.0
17000680,52947.0,107148.0,63599.0
17000681,56347.0,107048.0,65400.0
17000682,56347.0,107048.0,64500.0
17000683,56347.0,107048.0,63599.0
17000684,56347.0,110448.0,65400.0
17000685,56347.0,110448.0,64500.0
17000686,56347.0,110448.0,63599.0
17000687,52947.0,110198.0,65199.0
17000688,52947.0,110198.0,64366.0
17000689,52947.0,110198.0,63533.0
17000690,52947.0,114848.0,65199.0
17000691,52947.0,114848.0,64366.0
17000692,52947.0,114848.0,63533.0
17000693,56347.0,106298.0,65400.0
17000694,56347.0,106298.0,64500.0
17000695,56347.0,106298.0,63599.0
17000696,56347.0,101048.0,65400.0
17000697,56347.0,101048.0,64500.0
17000698,56347.0,101048.0,63599.0
17000699,56347.0,101548.0,65400.0
17000700,56347.0,101548.0,64500.0
17000701,56347.0,101548.0,63599.0
17000702,63747.0,101048.0,65199.0
17000703,63747.0,101048.0,64366.0
17000704,63747.0,101048.0,63533.0
17000705,63747.0,106698.0,65300.0
17000706,63747.0,106698.0,64433.0
17000707,63747.0,106698.0,63566.0
17000708,63747.0,98548.0,65199.0
17000709,63747.0,98548.0,64366.0
17000710,63747.0,98548.0,63533.0
17000711,60347.0,98548.0,65199.0
17000712,60347.0,98548.0,64366.0
17000713,60347.0,98548.0,63533.0
17000714,111267.0,103698.0,65400.0
17000715,111267.0,103698.0,64500.0
17000716,111267.0,103698.0,63599.0
17000717,111267.0,106698.0,65400.0
17000718,111267.0,106698.0,64500.0
17000719,111267.0,106698.0,63599.0
17000720,107467.0,101048.0,65400.0
17000721,107467.0,101048.0,64500.0
17000722,107467.0,101048.0,63599.0
17000723,108667.0,101048.0,65400.0
17000724,108667.0,101048.0,64500.0
17000725,108667.0,101048.0,63599.0
17000726,98067.0,114848.0,65400.0
17000727,98067.0,114848.0,64500.0
17000728,98067.0,114848.0,63599.0
17000729,99667.0,114848.0,65400.0
17000730,99667.0,114848.0,64500.0
17000731,99667.0,114848.0,63599.0
17000732,108217.0,114848.0,65199.0
17000733,108217.0,114848.0,64366.0
17000734,108217.0,114848.0,63533.0
17000735,110267.0,114848.0,65199.0
17000736,110267.0,114848.0,64366.0
17000737,110267.0,114848.0,63533.0
17000738,107467.0,114848.0,65300.0
17000739,107467.0,114848.0,64433.0
17000740,107467.0,114848.0,63566.0
17000741,107467.0,113648.0,65199.0
17000742,107467.0,113648.0,64366.0
17000743,107467.0,113648.0,63533.0
17000744,111267.0,113648.0,65400.0
17000745,111267.0,113648.0,64500.0
17000746,111267.0,113648.0,63599.0
17000747,111267.0,114848.0,65300.0
17000748,111267.0,114848.0,64433.0
17000749,111267.0,114848.0,63566.0
17000750,111267.0,98548.0,65400.0
17000751,111267.0,98548.0,64500.0
17000752,111267.0,98548.0,63599.0
17000753,98067.0,98548.0,65400.0
17000754,98067.0,98548.0,64500.0
17000755,98067.0,98548.0,63599.0
17000756,101067.0,98548.0,65400.0
17000757,101067.0,98548.0,64500.0
17000758,101067.0,98548.0,63599.0
17000759,104867.0,98548.0,65400.0
17000760,104867.0,98548.0,64500.0
17000761,104867.0,98548.0,63599.0
17000762,101067.0,99593.0,65400.0
17000763,101067.0,99593.0,64500.0
17000764,101067.0,99593.0,63599.0
17000765,104867.0,99593.0,65400.0
17000766,104867.0,99593.0,64500.0
17000767,104867.0,99593.0,63599.0
17000768,107467.0,101548.0,65400.0
17000769,107467.0,101548.0,64500.0
17000770,107467.0,101548.0,63599.0
17000771,110367.0,101048.0,65400.0
17000772,110367.0,101048.0,64500.0
17000773,110367.0,101048.0,63599.0
17000774,111267.0,101048.0,65400.0
17000775,111267.0,101048.0,64500.0
17000776,111267.0,101048.0,63599.0
17000777,98067.0,107148.0,65400.0
17000778,98067.0,107148.0,64500.0
17000779,98067.0,107148.0,63599.0
17000780,101067.0,107148.0,65400.0
17000781,101067.0,107148.0,64500.0
17000782,101067.0,107148.0,63599.0
17000783,101067.0,106298.0,65400.0
17000784,101067.0,106298.0,64500.0
17000785,101067.0,106298.0,63599.0
17000786,104867.0,106298.0,65400.0
17000787,104867.0,106298.0,64500.0
17000788,104867.0,106298.0,63599.0
17000789,104867.0,109893.0,65400.0
17000790,104867.0,109893.0,64500.0
17000791,104867.0,109893.0,63599.0
17000792,107467.0,109893.0,65400.0
17000793,107467.0,109893.0,64500.0
17000794,107467.0,109893.0,63599.0
17000795,101067.0,110448.0,65400.0
17000796,101067.0,110448.0,64500.0
17000797,101067.0,110448.0,63599.0
17000798,104867.0,114848.0,65400.0
17000799,104867.0,114848.0,64500.0
17000800,104867.0,114848.0,63599.0
17000801,107467.0,106298.0,65400.0
17000802,107467.0,106298.0,64500.0
17000803,107467.0,106298.0,63599.0
17000804,98067.0,101548.0,65400.0
17000805,98067.0,101548.0,64500.0
17000806,98067.0,101548.0,63599.0
17000807,98067.0,104348.0,65400.0
17000808,98067.0,104348.0,64500.0
17000809,98067.0,104348.0,63599.0
17000810,98067.0,106698.0,65400.0
17000811,98067.0,106698.0,64500.0
17000812,98067.0,106698.0,63599.0
17000813,104867.0,113648.0,65400.0
17000814,104867.0,113648.0,64500.0
17000815,104867.0,113648.0,63599.0
17000816,98067.0,101048.0,65400.0
17000817,98067.0,101048.0,64500.0
17000818,98067.0,101048.0,63599.0
17000819,63747.0,107148.0,65400.0
17000820,63747.0,107148.0,64500.0
17000821,63747.0,107148.0,63599.0
17000822,60347.0,110448.0,65199.0
17000823,60347.0,110448.0,64366.0
17000824,60347.0,110448.0,63533.0
17000825,16867.0,109110.0,65500.0
17000826,16867.0,109473.0,65500.0
17000827,16867.0,109835.0,65500.0
17000828,27067.0,113798.0,65700.0
17000829,27067.0,114148.0,65700.0
17000830,27067.0,114498.0,65700.0
17000831,20667.0,107541.0,65700.0
17000832,20667.0,107960.0,65700.0
17000833,20667.0,108379.0,65700.0
17000834,28567.0,110448.0,65700.0
17000835,29067.0,110448.0,65700.0
17000836,29567.0,110448.0,65700.0
17000837,16867.0,107548.0,65500.0
17000838,16867.0,107948.0,65500.0
17000839,16867.0,108348.0,65500.0
17000840,23267.0,107560.0,65700.0
17000841,23267.0,107973.0,65700.0
17000842,23267.0,108385.0,65700.0
17000843,18167.0,107139.0,65600.0
17000844,18567.0,107131.0,65600.0
17000845,18967.0,107123.0,65600.0
17000846,19367.0,107114.0,65600.0
17000847,19767.0,107106.0,65600.0
17000848,18942.0,98548.0,65500.0
17000849,28867.0,113448.0,65700.0
17000850,29267.0,113448.0,65700.0
17000851,29667.0,113448.0,65700.0
17000852,20067.0,98548.0,65500.0
17000853,56347.0,113798.0,65600.0
17000854,56347.0,114148.0,65600.0
17000855,56347.0,114498.0,65600.0
17000856,54372.0,107123.0,65600.0
17000857,54897.0,107098.0,65600.0
17000858,55422.0,107073.0,65600.0
17000859,54959.0,98548.0,65500.0
17000860,55422.0,98548.0,65500.0
17000861,55884.0,98548.0,65500.0
17000862,108067.0,98548.0,65500.0
17000863,98467.0,113448.0,65700.0
17000864,98867.0,113448.0,65700.0
17000865,99267.0,113448.0,65700.0
17000866,108367.0,107106.0,65600.0
17000867,108767.0,107114.0,65600.0
17000868,109167.0,107123.0,65600.0
17000869,109567.0,107131.0,65600.0
17000870,109967.0,107139.0,65600.0
17000871,104867.0,107560.0,65700.0
17000872,104867.0,107973.0,65700.0
17000873,104867.0,108385.0,65700.0
17000874,111267.0,107548.0,65500.0
17000875,111267.0,107948.0,65500.0
17000876,111267.0,108348.0,65500.0
17000877,107467.0,107541.0,65700.0
17000878,107467.0,107960.0,65700.0
17000879,107467.0,108379.0,65700.0
17000880,101067.0,113798.0,65700.0
17000881,101067.0,114148.0,65700.0
17000882,101067.0,114498.0,65700.0
17000883,111267.0,109110.0,65500.0
17000884,111267.0,109473.0,65500.0
17000885,111267.0,109835.0,65500.0
17000886,98567.0,110448.0,65700.0
17000887,99067.0,110448.0,65700.0
17000888,99567.0,110448.0,65700.0
17000889,109192.0,98548.0,65500.0
17000890,27067.0,114848.0,64500.0
17000891,27067.0,114848.0,63599.0
17000892,27067.0,113448.0,64500.0
17000893,27067.0,113448.0,63599.0
17000894,28467.0,113448.0,64500.0
17000895,28467.0,113448.0,63599.0
17000896,20667.0,108798.0,64500.0
17000897,20667.0,108798.0,63599.0
17000898,16867.0,110198.0,64366.0
17000899,16867.0,110198.0,63533.0
17000900,28067.0,110448.0,64500.0
17000901,28067.0,110448.0,63599.0
17000902,23267.0,108798.0,64500.0
17000903,23267.0,108798.0,63599.0
17000904,16867.0,107148.0,64500.0
17000905,16867.0,107148.0,63599.0
17000906,20167.0,107098.0,64500.0
17000907,20167.0,107098.0,63599.0
17000908,20667.0,107123.0,64500.0
17000909,20667.0,107123.0,63599.0
17000910,23267.0,107148.0,64500.0
17000911,23267.0,107148.0,63599.0
17000912,20667.0,98548.0,64500.0
17000913,20667.0,98548.0,63599.0
17000914,18417.0,98548.0,64500.0
17000915,18417.0,98548.0,63599.0
17000916,17767.0,107148.0,64500.0
17000917,17767.0,107148.0,63599.0
17000918,30067.0,113448.0,64500.0
17000919,30067.0,113448.0,63599.0
17000920,30067.0,110448.0,64500.0
17000921,30067.0,110448.0,63599.0
17000922,54497.0,98548.0,64500.0
17000923,54497.0,98548.0,63599.0
17000924,53847.0,107148.0,64500.0
17000925,53847.0,107148.0,63599.0
17000926,55947.0,107048.0,64500.0
17000927,55947.0,107048.0,63599.0
17000928,56347.0,113448.0,64500.0
17000929,56347.0,113448.0,63599.0
17000930,56347.0,114848.0,64366.0
17000931,56347.0,114848.0,63533.0
17000932,56347.0,98548.0,64500.0
17000933,56347.0,98548.0,63599.0
17000934,109717.0,98548.0,64500.0
17000935,109717.0,98548.0,63599.0
17000936,107467.0,98548.0,64500.0
17000937,107467.0,98548.0,63599.0
17000938,107467.0,107123.0,64500.0
17000939,107467.0,107123.0,63599.0
17000940,107967.0,107098.0,64500.0
17000941,107967.0,107098.0,63599.0
17000942,104867.0,107148.0,64500.0
17000943,104867.0,107148.0,63599.0
17000944,110367.0,107148.0,64500.0
17000945,110367.0,107148.0,63599.0
17000946,111267.0,107148.0,64500.0
17000947,111267.0,107148.0,63599.0
17000948,104867.0,108798.0,64500.0
17000949,104867.0,108798.0,63599.0
17000950,107467.0,108798.0,64500.0
17000951,107467.0,108798.0,63599.0
17000952,98067.0,110448.0,64500.0
17000953,98067.0,110448.0,63599.0
17000954,98067.0,113448.0,64500.0
17000955,98067.0,113448.0,63599.0
17000956,100067.0,110448.0,64500.0
17000957,100067.0,110448.0,63599.0
17000958,99667.0,113448.0,64500.0
17000959,99667.0,113448.0,63599.0
17000960,101067.0,113448.0,64500.0
17000961,101067.0,113448.0,63599.0
17000962,111267.0,110198.0,64500.0
17000963,111267.0,110198.0,63599.0
17000964,101067.0,114848.0,64500.0
17000965,101067.0,114848.0,63599.0
17000966,24217.0,107148.0,66300.0
17000967,25167.0,107148.0,66300.0
17000968,26117.0,107148.0,66300.0
17000969,27067.0,108248.0,66300.0
17000970,27067.0,109348.0,66300.0
17000971,26250.0,114848.0,66300.0
17000972,24350.0,114848.0,66300.0
17000973,23267.0,112748.0,66300.0
17000974,23267.0,110870.0,66300.0
17000975,28467.0,114148.0,66300.0
17000976,17817.0,108760.0,66300.0
17000977,18767.0,108773.0,66300.0
17000978,19717.0,108785.0,66300.0
17000979,20667.0,110870.0,66300.0
17000980,20667.0,112748.0,66300.0
17000981,18892.0,113648.0,66300.0
17000982,24217.0,104348.0,66300.0
17000983,25167.0,104348.0,66300.0
17000984,26117.0,104348.0,66300.0
17000985,27067.0,105323.0,66300.0
17000986,23267.0,105323.0,66300.0
17000987,19467.0,99381.0,66300.0
17000988,19467.0,100214.0,66300.0
17000989,24217.0,101548.0,66300.0
17000990,25167.0,101548.0,66300.0
17000991,26117.0,101548.0,66300.0
17000992,27067.0,102481.0,66300.0
17000993,27067.0,103414.0,66300.0
17000994,23267.0,102481.0,66300.0
17000995,23267.0,103414.0,66300.0
17000996,24350.0,98548.0,66300.0
17000997,26250.0,98548.0,66300.0
17000998,27067.0,100570.0,66300.0
17000999,23267.0,100570.0,66300.0
17001000,56347.0,107898.0,66300.0
17001001,53797.0,108748.0,66300.0
17001002,54647.0,108748.0,66300.0
17001003,55497.0,108748.0,66300.0
17001004,52947.0,107948.0,66300.0
17001005,108667.0,99381.0,66300.0
17001006,108667.0,100214.0,66300.0
17001007,99667.0,114148.0,66300.0
17001008,109242.0,113648.0,66300.0
17001009,108417.0,108785.0,66300.0
17001010,109367.0,108773.0,66300.0
17001011,110317.0,108760.0,66300.0
17001012,107467.0,112748.0,66300.0
17001013,107467.0,110870.0,66300.0
17001014,101883.0,98548.0,66300.0
17001015,103783.0,98548.0,66300.0
17001016,104867.0,100570.0,66300.0
17001017,102017.0,101548.0,66300.0
17001018,102967.0,101548.0,66300.0
17001019,103917.0,101548.0,66300.0
17001020,101067.0,100570.0,66300.0
17001021,102017.0,104348.0,66300.0
17001022,102967.0,104348.0,66300.0
17001023,103917.0,104348.0,66300.0
17001024,104867.0,105323.0,66300.0
17001025,102017.0,107148.0,66300.0
17001026,102967.0,107148.0,66300.0
17001027,103917.0,107148.0,66300.0
17001028,101067.0,105323.0,66300.0
17001029,104867.0,110870.0,66300.0
17001030,104867.0,112748.0,66300.0
17001031,103783.0,114848.0,66300.0
17001032,101883.0,114848.0,66300.0
17001033,101067.0,108248.0,66300.0
17001034,101067.0,109348.0,66300.0
17001035,104867.0,102481.0,66300.0
17001036,104867.0,103414.0,66300.0
17001037,101067.0,102481.0,66300.0
17001038,101067.0,103414.0,66300.0
17001041,64265.0,106677.0,66299.0
17001042,108667.0,98548.0,65900.0
17001043,109192.0,98548.0,65900.0
17001044,109717.0,98548.0,65900.0
17001045,98067.0,110448.0,66000.0
17001046,98567.0,110448.0,66000.0
17001047,99067.0,110448.0,66000.0
17001048,99567.0,110448.0,66000.0
17001049,100067.0,110448.0,66000.0
17001050,111267.0,108748.0,65900.0
17001051,111267.0,109110.0,65900.0
17001052,111267.0,109473.0,65900.0
17001053,111267.0,109835.0,65900.0
17001054,111267.0,110198.0,65900.0
17001055,101067.0,113448.0,66000.0
17001056,101067.0,113798.0,66000.0
17001057,101067.0,114148.0,66000.0
17001058,101067.0,114498.0,66000.0
17001059,101067.0,114848.0,66000.0
17001060,107467.0,107123.0,66000.0
17001061,107467.0,107541.0,66000.0
17001062,107467.0,107960.0,66000.0
17001063,107467.0,108379.0,66000.0
17001064,107467.0,108798.0,66000.0
17001065,111267.0,107148.0,65900.0
17001066,111267.0,107548.0,65900.0
17001067,111267.0,107948.0,65900.0
17001068,111267.0,108348.0,65900.0
17001069,104867.0,107148.0,66000.0
17001070,104867.0,107560.0,66000.0
17001071,104867.0,107973.0,66000.0
17001072,104867.0,108385.0,66000.0
17001073,104867.0,108798.0,66000.0
17001074,107967.0,107098.0,65950.0
17001075,108367.0,107106.0,65950.0
17001076,108767.0,107114.0,65950.0
17001077,109167.0,107123.0,65950.0
17001078,109567.0,107131.0,65950.0
17001079,109967.0,107139.0,65950.0
17001080,110367.0,107148.0,65950.0
17001081,98067.0,113448.0,66000.0
17001082,98467.0,113448.0,66000.0
17001083,98867.0,113448.0,66000.0
17001084,99267.0,113448.0,66000.0
17001085,99667.0,113448.0,66000.0
17001086,107467.0,98548.0,65900.0
17001087,108067.0,98548.0,65900.0
17001088,54497.0,98548.0,65900.0
17001089,54959.0,98548.0,65900.0
17001090,55422.0,98548.0,65900.0
17001091,55884.0,98548.0,65900.0
17001092,56347.0,98548.0,65900.0
17001093,53847.0,107148.0,65950.0
17001094,54372.0,107123.0,65950.0
17001095,54897.0,107098.0,65950.0
17001096,55422.0,107073.0,65950.0
17001097,55947.0,107048.0,65950.0
17001098,56347.0,113448.0,65950.0
17001099,56347.0,113798.0,65950.0
17001100,56347.0,114148.0,65950.0
17001101,56347.0,114498.0,65950.0
17001102,56347.0,114848.0,65950.0
17001103,19467.0,98548.0,65900.0
17001104,20067.0,98548.0,65900.0
17001105,20667.0,98548.0,65900.0
17001106,28467.0,113448.0,66000.0
17001107,28867.0,113448.0,66000.0
17001108,29267.0,113448.0,66000.0
17001109,29667.0,113448.0,66000.0
17001110,30067.0,113448.0,66000.0
17001111,18417.0,98548.0,65900.0
17001112,18942.0,98548.0,65900.0
17001113,17767.0,107148.0,65950.0
17001114,18167.0,107139.0,65950.0
17001115,18567.0,107131.0,65950.0
17001116,18967.0,107123.0,65950.0
17001117,19367.0,107114.0,65950.0
17001118,19767.0,107106.0,65950.0
17001119,20167.0,107098.0,65950.0
17001120,23267.0,107148.0,66000.0
17001121,23267.0,107560.0,66000.0
17001122,23267.0,107973.0,66000.0
17001123,23267.0,108385.0,66000.0
17001124,23267.0,108798.0,66000.0
17001125,16867.0,107148.0,65900.0
17001126,16867.0,107548.0,65900.0
17001127,16867.0,107948.0,65900.0
17001128,16867.0,108348.0,65900.0
17001129,16867.0,108748.0,65900.0
17001130,28067.0,110448.0,66000.0
17001131,28567.0,110448.0,66000.0
17001132,29067.0,110448.0,66000.0
17001133,29567.0,110448.0,66000.0
17001134,30067.0,110448.0,66000.0
17001135,20667.0,107123.0,66000.0
17001136,20667.0,107541.0,66000.0
17001137,20667.0,107960.0,66000.0
17001138,20667.0,108379.0,66000.0
17001139,20667.0,108798.0,66000.0
17001140,27067.0,113448.0,66000.0
17001141,27067.0,113798.0,66000.0
17001142,27067.0,114148.0,66000.0
17001143,27067.0,114498.0,66000.0
17001144,27067.0,114848.0,66000.0
17001145,16867.0,109110.0,65900.0
17001146,16867.0,109473.0,65900.0
17001147,16867.0,109835.0,65900.0
17001148,16867.0,110198.0,65900.0
17001149,17367.0,114848.0,65199.0
17001150,17367.0,114848.0,63533.0
17001151,17367.0,114848.0,64366.0
17001152,21533.0,114848.0,65300.0
17001153,22400.0,114848.0,65300.0
17001154,21533.0,114848.0,63566.0
17001155,22400.0,114848.0,63566.0
17001156,21533.0,114848.0,64433.0
17001157,22400.0,114848.0,64433.0
17001158,27767.0,114848.0,65400.0
17001159,27767.0,114848.0,63599.0
17001160,27767.0,114848.0,64500.0
17001161,16867.0,111060.0,65500.0
17001162,16867.0,111923.0,65500.0
17001163,16867.0,112785.0,65500.0
17001164,16867.0,111060.0,63533.0
17001165,16867.0,111923.0,63533.0
17001166,16867.0,112785.0,63533.0
17001167,16867.0,111060.0,64366.0
17001168,16867.0,112785.0,64366.0
17001169,16867.0,111923.0,64366.0
17001170,30067.0,114148.0,65400.0
17001171,30067.0,114148.0,63599.0
17001172,30067.0,114148.0,64500.0
17001173,27067.0,111448.0,65400.0
17001174,27067.0,112448.0,65400.0
17001175,27067.0,111448.0,63599.0
17001176,27067.0,112448.0,63599.0
17001177,27067.0,111448.0,64500.0
17001178,27067.0,112448.0,64500.0
17001179,27767.0,113448.0,65700.0
17001180,27767.0,113448.0,63599.0
17001181,27767.0,113448.0,64500.0
17001182,27567.0,110448.0,65400.0
17001183,27567.0,110448.0,63599.0
17001184,27567.0,110448.0,64500.0
17001185,30067.0,111448.0,65700.0
17001186,30067.0,112448.0,65700.0
17001187,30067.0,111448.0,63599.0
17001188,30067.0,112448.0,63599.0
17001189,30067.0,111448.0,64500.0
17001190,30067.0,112448.0,64500.0
17001191,20667.0,109345.0,65400.0
17001192,20667.0,109345.0,63599.0
17001193,20667.0,109345.0,64500.0
17001194,21533.0,108798.0,65700.0
17001195,22400.0,108798.0,65700.0
17001196,21533.0,108798.0,63599.0
17001197,22400.0,108798.0,63599.0
17001198,21533.0,108798.0,64500.0
17001199,22400.0,108798.0,64500.0
17001200,23267.0,109345.0,65400.0
17001201,23267.0,109345.0,63599.0
17001202,23267.0,109345.0,64500.0
17001203,17317.0,107148.0,65500.0
17001204,17317.0,107148.0,63599.0
17001205,17317.0,107148.0,64500.0
17001206,21533.0,107131.0,65700.0
17001207,22400.0,107139.0,65700.0
17001208,21533.0,107131.0,63599.0
17001209,22400.0,107139.0,63599.0
17001210,21533.0,107131.0,64500.0
17001211,22400.0,107139.0,64500.0
17001212,23267.0,106723.0,65400.0
17001213,23267.0,106723.0,63599.0
17001214,23267.0,106723.0,64500.0
17001215,27067.0,106723.0,65400.0
17001216,27067.0,106723.0,63599.0
17001217,27067.0,106723.0,64500.0
17001218,28067.0,107148.0,65400.0
17001219,29067.0,107148.0,65400.0
17001220,28067.0,107148.0,63599.0
17001221,29067.0,107148.0,63599.0
17001222,28067.0,107148.0,64500.0
17001223,29067.0,107148.0,64500.0
17001224,16867.0,101931.0,65400.0
17001225,16867.0,102814.0,65400.0
17001226,16867.0,101931.0,63599.0
17001227,16867.0,102814.0,63599.0
17001228,16867.0,101931.0,64500.0
17001229,16867.0,102814.0,64500.0
17001230,16867.0,99381.0,65400.0
17001231,16867.0,100214.0,65400.0
17001232,16867.0,99381.0,63599.0
17001233,16867.0,100214.0,63599.0
17001234,16867.0,99381.0,64500.0
17001235,16867.0,100214.0,64500.0
17001236,17317.0,101048.0,65400.0
17001237,17317.0,101048.0,63599.0
17001238,17317.0,101048.0,64500.0
17001239,18617.0,101048.0,65400.0
17001240,18617.0,101048.0,63599.0
17001241,18617.0,101048.0,64500.0
17001242,20667.0,99381.0,65400.0
17001243,20667.0,100214.0,65400.0
17001244,20667.0,99381.0,63599.0
17001245,20667.0,100214.0,63599.0
17001246,20667.0,99381.0,64500.0
17001247,20667.0,100214.0,64500.0
17001248,17642.0,98548.0,65400.0
17001249,17642.0,98548.0,63599.0
17001250,17642.0,98548.0,64500.0
17001251,21533.0,98548.0,65400.0
17001252,22400.0,98548.0,65400.0
17001253,21533.0,98548.0,63599.0
17001254,22400.0,98548.0,63599.0
17001255,21533.0,98548.0,64500.0
17001256,22400.0,98548.0,64500.0
17001257,23267.0,99070.0,65400.0
17001258,23267.0,99070.0,63599.0
17001259,23267.0,99070.0,64500.0
17001260,27067.0,99070.0,65400.0
17001261,27067.0,99070.0,63599.0
17001262,27067.0,99070.0,64500.0
17001263,28067.0,98548.0,65400.0
17001264,29067.0,98548.0,65400.0
17001265,28067.0,98548.0,63599.0
17001266,29067.0,98548.0,63599.0
17001267,28067.0,98548.0,64500.0
17001268,29067.0,98548.0,64500.0
17001269,16867.0,114248.0,65199.0
17001270,16867.0,114248.0,63533.0
17001271,16867.0,114248.0,64366.0
17001272,20667.0,114248.0,65199.0
17001273,20667.0,114248.0,63533.0
17001274,20667.0,114248.0,64366.0
17001275,20292.0,114848.0,65199.0
17001276,20292.0,114848.0,63533.0
17001277,20292.0,114848.0,64366.0
17001278,18142.0,114848.0,65199.0
17001279,18145.0,114848.0,65750.0
17001280,18642.0,114848.0,65750.0
17001281,19142.0,114848.0,65750.0
17001282,19639.0,114848.0,65750.0
17001283,19642.0,114848.0,65199.0
17001284,18142.0,114848.0,63533.0
17001285,19642.0,114848.0,63533.0
17001286,18142.0,114848.0,64366.0
17001287,19642.0,114848.0,64366.0
17001288,18642.0,114848.0,65199.0
17001289,19142.0,114848.0,65199.0
17001290,29267.0,114848.0,65400.0
17001291,29267.0,114848.0,63599.0
17001292,29267.0,114848.0,64500.0
17001293,20067.0,101048.0,65400.0
17001294,20067.0,101048.0,63599.0
17001295,20067.0,101048.0,64500.0
17001296,16867.0,104698.0,65400.0
17001297,16867.0,105698.0,65400.0
17001298,16867.0,104698.0,63599.0
17001299,16867.0,105698.0,63599.0
17001300,16867.0,104698.0,64500.0
17001301,16867.0,105698.0,64500.0
17001302,20667.0,106710.0,65400.0
17001303,20667.0,106710.0,63599.0
17001304,20667.0,106710.0,64500.0
17001305,23267.0,114248.0,65400.0
17001306,23267.0,114248.0,63599.0
17001307,23267.0,114248.0,64500.0
17001308,30067.0,99381.0,65400.0
17001309,30067.0,100214.0,65400.0
17001310,30067.0,99381.0,63599.0
17001311,30067.0,100214.0,63599.0
17001312,30067.0,99381.0,64500.0
17001313,30067.0,100214.0,64500.0
17001314,30067.0,105281.0,65400.0
17001315,30067.0,106214.0,65400.0
17001316,30067.0,105281.0,63599.0
17001317,30067.0,106214.0,63599.0
17001318,30067.0,105281.0,64500.0
17001319,30067.0,106214.0,64500.0
17001320,30067.0,102481.0,65400.0
17001321,30067.0,103414.0,65400.0
17001322,30067.0,102481.0,63599.0
17001323,30067.0,103414.0,63599.0
17001324,30067.0,102481.0,64500.0
17001325,30067.0,103414.0,64500.0
17001326,60347.0,101873.0,65199.0
17001327,60347.0,102698.0,65199.0
17001328,60347.0,103523.0,65199.0
17001329,60347.0,101873.0,63533.0
17001330,60347.0,102698.0,63533.0
17001331,60347.0,103523.0,63533.0
17001332,60347.0,101873.0,64366.0
17001333,60347.0,103523.0,64366.0
17001334,60347.0,102698.0,64366.0
17001335,63747.0,111328.0,65199.0
17001336,63747.0,112208.0,65199.0
17001337,63747.0,113088.0,65199.0
17001338,63747.0,113968.0,65199.0
17001339,63747.0,111328.0,63533.0
17001340,63747.0,112208.0,63533.0
17001341,63747.0,113088.0,63533.0
17001342,63747.0,113968.0,63533.0
17001343,63747.0,111328.0,64366.0
17001344,63747.0,113968.0,64366.0
17001345,63747.0,112208.0,64366.0
17001346,63747.0,113088.0,64366.0
17001347,61022.0,114848.0,65199.0
17001348,61697.0,114848.0,65199.0
17001349,61700.0,114848.0,65750.0
17001350,62197.0,114848.0,65750.0
17001351,62697.0,114848.0,65750.0
17001352,63194.0,114848.0,65750.0
17001353,63197.0,114848.0,65199.0
17001354,61022.0,114848.0,63533.0
17001355,61697.0,114848.0,63533.0
17001356,63197.0,114848.0,63533.0
17001357,61022.0,114848.0,64366.0
17001358,63197.0,114848.0,64366.0
17001359,62197.0,114848.0,65199.0
17001360,61697.0,114848.0,64366.0
17001361,62697.0,114848.0,65199.0
17001362,52947.0,104560.0,65400.0
17001363,52947.0,105423.0,65400.0
17001364,52947.0,106285.0,65400.0
17001365,52947.0,104560.0,63599.0
17001366,52947.0,105423.0,63599.0
17001367,52947.0,106285.0,63599.0
17001368,52947.0,104560.0,64500.0
17001369,52947.0,106285.0,64500.0
17001370,52947.0,105423.0,64500.0
17001371,53722.0,98548.0,65400.0
17001372,53722.0,98548.0,63599.0
17001373,53722.0,98548.0,64500.0
17001374,52947.0,99381.0,65400.0
17001375,52947.0,100214.0,65400.0
17001376,52947.0,99381.0,63599.0
17001377,52947.0,100214.0,63599.0
17001378,52947.0,99381.0,64500.0
17001379,52947.0,100214.0,64500.0
17001380,52947.0,101931.0,65400.0
17001381,52947.0,102814.0,65400.0
17001382,52947.0,101931.0,63599.0
17001383,52947.0,102814.0,63599.0
17001384,52947.0,101931.0,64500.0
17001385,52947.0,102814.0,64500.0
17001386,53397.0,101048.0,65400.0
17001387,53397.0,101048.0,63599.0
17001388,53397.0,101048.0,64500.0
17001389,53397.0,107148.0,65400.0
17001390,53397.0,107148.0,63599.0
17001391,53397.0,107148.0,64500.0
17001392,56347.0,111328.0,65400.0
17001393,56347.0,112208.0,65400.0
17001394,56347.0,113088.0,65400.0
17001395,56347.0,111328.0,63599.0
17001396,56347.0,112208.0,63599.0
17001397,56347.0,113088.0,63599.0
17001398,56347.0,111328.0,64500.0
17001399,56347.0,113088.0,64500.0
17001400,56347.0,112208.0,64500.0
17001401,52947.0,111128.0,65199.0
17001402,52947.0,112058.0,65199.0
17001403,52947.0,112988.0,65199.0
17001404,52947.0,113918.0,65199.0
17001405,52947.0,111128.0,63533.0
17001406,52947.0,112058.0,63533.0
17001407,52947.0,112988.0,63533.0
17001408,52947.0,113918.0,63533.0
17001409,52947.0,111128.0,64366.0
17001410,52947.0,113918.0,64366.0
17001411,52947.0,112058.0,64366.0
17001412,52947.0,112988.0,64366.0
17001413,53622.0,114848.0,65199.0
17001414,54297.0,114848.0,65199.0
17001415,54300.0,114848.0,65750.0
17001416,54797.0,114848.0,65750.0
17001417,55297.0,114848.0,65750.0
17001418,55794.0,114848.0,65750.0
17001419,55797.0,114848.0,65199.0
17001420,53622.0,114848.0,63533.0
17001421,54297.0,114848.0,63533.0
17001422,55797.0,114848.0,63533.0
17001423,53622.0,114848.0,64366.0
17001424,55797.0,114848.0,64366.0
17001425,54797.0,114848.0,65199.0
17001426,54297.0,114848.0,64366.0
17001427,55297.0,114848.0,65199.0
17001428,56347.0,106673.0,65400.0
17001429,56347.0,106673.0,63599.0
17001430,56347.0,106673.0,64500.0
17001431,56347.0,99381.0,65400.0
17001432,56347.0,100214.0,65400.0
17001433,56347.0,99381.0,63599.0
17001434,56347.0,100214.0,63599.0
17001435,56347.0,99381.0,64500.0
17001436,56347.0,100214.0,64500.0
17001437,63747.0,102064.0,65300.0
17001438,63747.0,103081.0,65300.0
17001439,63747.0,104098.0,65300.0
17001440,63747.0,105114.0,65300.0
17001441,63747.0,106131.0,65300.0
17001442,63747.0,102064.0,63566.0
17001443,63747.0,103081.0,63566.0
17001444,63747.0,104098.0,63566.0
17001445,63747.0,105114.0,63566.0
17001446,63747.0,106131.0,63566.0
17001447,63747.0,102064.0,64433.0
17001448,63747.0,106131.0,64433.0
17001449,63747.0,103081.0,64433.0
17001450,63747.0,104098.0,64433.0
17001451,63747.0,105114.0,64433.0
17001452,63747.0,99381.0,65199.0
17001453,63747.0,100214.0,65199.0
17001454,63747.0,99381.0,63533.0
17001455,63747.0,100214.0,63533.0
17001456,63747.0,99381.0,64366.0
17001457,63747.0,100214.0,64366.0
17001458,54680.0,101048.0,65400.0
17001459,55513.0,101048.0,65400.0
17001460,54680.0,101048.0,63599.0
17001461,55513.0,101048.0,63599.0
17001462,54680.0,101048.0,64500.0
17001463,55513.0,101048.0,64500.0
17001464,60822.0,98548.0,65199.0
17001465,61297.0,98548.0,65199.0
17001466,61300.0,98548.0,65750.0
17001467,61797.0,98548.0,65750.0
17001468,62297.0,98548.0,65750.0
17001469,62794.0,98548.0,65750.0
17001470,62797.0,98548.0,65199.0
17001471,63272.0,98548.0,65199.0
17001472,60822.0,98548.0,63533.0
17001473,61297.0,98548.0,63533.0
17001474,63272.0,98548.0,63533.0
17001475,62797.0,98548.0,63533.0
17001476,60822.0,98548.0,64366.0
17001477,63272.0,98548.0,64366.0
17001478,61797.0,98548.0,65199.0
17001479,61297.0,98548.0,64366.0
17001480,62297.0,98548.0,65199.0
17001481,62797.0,98548.0,64366.0
17001482,61197.0,101048.0,65199.0
17001483,62047.0,101048.0,65199.0
17001484,62897.0,101048.0,65199.0
17001485,61197.0,101048.0,63533.0
17001486,62047.0,101048.0,63533.0
17001487,62897.0,101048.0,63533.0
17001488,61197.0,101048.0,64366.0
17001489,62897.0,101048.0,64366.0
17001490,62047.0,101048.0,64366.0
17001491,111267.0,104698.0,65400.0
17001492,111267.0,105698.0,65400.0
17001493,111267.0,104698.0,63599.0
17001494,111267.0,105698.0,63599.0
17001495,111267.0,104698.0,64500.0
17001496,111267.0,105698.0,64500.0
17001497,108067.0,101048.0,65400.0
17001498,108067.0,101048.0,63599.0
17001499,108067.0,101048.0,64500.0
17001500,98867.0,114848.0,65400.0
17001501,98867.0,114848.0,63599.0
17001502,98867.0,114848.0,64500.0
17001503,108492.0,114848.0,65199.0
17001504,108495.0,114848.0,65750.0
17001505,108992.0,114848.0,65750.0
17001506,109492.0,114848.0,65750.0
17001507,109989.0,114848.0,65750.0
17001508,109992.0,114848.0,65199.0
17001509,108492.0,114848.0,63533.0
17001510,109992.0,114848.0,63533.0
17001511,108492.0,114848.0,64366.0
17001512,109992.0,114848.0,64366.0
17001513,108992.0,114848.0,65199.0
17001514,109492.0,114848.0,65199.0
17001515,107842.0,114848.0,65300.0
17001516,107842.0,114848.0,63566.0
17001517,107842.0,114848.0,64433.0
17001518,107467.0,114248.0,65300.0
17001519,107467.0,114248.0,63566.0
17001520,107467.0,114248.0,64433.0
17001521,111267.0,114248.0,65400.0
17001522,111267.0,114248.0,63599.0
17001523,111267.0,114248.0,64500.0
17001524,110767.0,114848.0,65300.0
17001525,110767.0,114848.0,63566.0
17001526,110767.0,114848.0,64433.0
17001527,110492.0,98548.0,65400.0
17001528,110492.0,98548.0,63599.0
17001529,110492.0,98548.0,64500.0
17001530,99067.0,98548.0,65400.0
17001531,100067.0,98548.0,65400.0
17001532,99067.0,98548.0,63599.0
17001533,100067.0,98548.0,63599.0
17001534,99067.0,98548.0,64500.0
17001535,100067.0,98548.0,64500.0
17001536,105733.0,98548.0,65400.0
17001537,106600.0,98548.0,65400.0
17001538,105733.0,98548.0,63599.0
17001539,106600.0,98548.0,63599.0
17001540,105733.0,98548.0,64500.0
17001541,106600.0,98548.0,64500.0
17001542,101067.0,99070.0,65400.0
17001543,101067.0,99070.0,63599.0
17001544,101067.0,99070.0,64500.0
17001545,104867.0,99070.0,65400.0
17001546,104867.0,99070.0,63599.0
17001547,104867.0,99070.0,64500.0
17001548,107467.0,99381.0,65400.0
17001549,107467.0,100214.0,65400.0
17001550,107467.0,99381.0,63599.0
17001551,107467.0,100214.0,63599.0
17001552,107467.0,99381.0,64500.0
17001553,107467.0,100214.0,64500.0
17001554,109517.0,101048.0,65400.0
17001555,109517.0,101048.0,63599.0
17001556,109517.0,101048.0,64500.0
17001557,110817.0,101048.0,65400.0
17001558,110817.0,101048.0,63599.0
17001559,110817.0,101048.0,64500.0
17001560,111267.0,99381.0,65400.0
17001561,111267.0,100214.0,65400.0
17001562,111267.0,99381.0,63599.0
17001563,111267.0,100214.0,63599.0
17001564,111267.0,99381.0,64500.0
17001565,111267.0,100214.0,64500.0
17001566,111267.0,101931.0,65400.0
17001567,111267.0,102814.0,65400.0
17001568,111267.0,101931.0,63599.0
17001569,111267.0,102814.0,63599.0
17001570,111267.0,101931.0,64500.0
17001571,111267.0,102814.0,64500.0
17001572,99067.0,107148.0,65400.0
17001573,100067.0,107148.0,65400.0
17001574,99067.0,107148.0,63599.0
17001575,100067.0,107148.0,63599.0
17001576,99067.0,107148.0,64500.0
17001577,100067.0,107148.0,64500.0
17001578,101067.0,106723.0,65400.0
17001579,101067.0,106723.0,63599.0
17001580,101067.0,106723.0,64500.0
17001581,104867.0,106723.0,65400.0
17001582,104867.0,106723.0,63599.0
17001583,104867.0,106723.0,64500.0
17001584,105733.0,107139.0,65700.0
17001585,106600.0,107131.0,65700.0
17001586,105733.0,107139.0,63599.0
17001587,106600.0,107131.0,63599.0
17001588,105733.0,107139.0,64500.0
17001589,106600.0,107131.0,64500.0
17001590,110817.0,107148.0,65500.0
17001591,110817.0,107148.0,63599.0
17001592,110817.0,107148.0,64500.0
17001593,104867.0,109345.0,65400.0
17001594,104867.0,109345.0,63599.0
17001595,104867.0,109345.0,64500.0
17001596,105733.0,108798.0,65700.0
17001597,106600.0,108798.0,65700.0
17001598,105733.0,108798.0,63599.0
17001599,106600.0,108798.0,63599.0
17001600,105733.0,108798.0,64500.0
17001601,106600.0,108798.0,64500.0
17001602,107467.0,109345.0,65400.0
17001603,107467.0,109345.0,63599.0
17001604,107467.0,109345.0,64500.0
17001605,98067.0,111448.0,65700.0
17001606,98067.0,112448.0,65700.0
17001607,98067.0,111448.0,63599.0
17001608,98067.0,112448.0,63599.0
17001609,98067.0,111448.0,64500.0
17001610,98067.0,112448.0,64500.0
17001611,100567.0,110448.0,65400.0
17001612,100567.0,110448.0,63599.0
17001613,100567.0,110448.0,64500.0
17001614,100367.0,113448.0,65700.0
17001615,100367.0,113448.0,63599.0
17001616,100367.0,113448.0,64500.0
17001617,101067.0,111448.0,65400.0
17001618,101067.0,112448.0,65400.0
17001619,101067.0,111448.0,63599.0
17001620,101067.0,112448.0,63599.0
17001621,101067.0,111448.0,64500.0
17001622,101067.0,112448.0,64500.0
17001623,98067.0,114148.0,65400.0
17001624,98067.0,114148.0,63599.0
17001625,98067.0,114148.0,64500.0
17001626,111267.0,111060.0,65400.0
17001627,111267.0,111923.0,65400.0
17001628,111267.0,112785.0,65400.0
17001629,111267.0,111060.0,63599.0
17001630,111267.0,111923.0,63599.0
17001631,111267.0,112785.0,63599.0
17001632,111267.0,111060.0,64500.0
17001633,111267.0,112785.0,64500.0
17001634,111267.0,111923.0,64500.0
17001635,100367.0,114848.0,65400.0
17001636,100367.0,114848.0,63599.0
17001637,100367.0,114848.0,64500.0
17001638,105733.0,114848.0,65400.0
17001639,106600.0,114848.0,65400.0
17001640,105733.0,114848.0,63599.0
17001641,106600.0,114848.0,63599.0
17001642,105733.0,114848.0,64500.0
17001643,106600.0,114848.0,64500.0
17001644,107467.0,106710.0,65400.0
17001645,107467.0,106710.0,63599.0
17001646,107467.0,106710.0,64500.0
17001647,98067.0,102481.0,65400.0
17001648,98067.0,103414.0,65400.0
17001649,98067.0,102481.0,63599.0
17001650,98067.0,103414.0,63599.0
17001651,98067.0,102481.0,64500.0
17001652,98067.0,103414.0,64500.0
17001653,98067.0,105281.0,65400.0
17001654,98067.0,106214.0,65400.0
17001655,98067.0,105281.0,63599.0
17001656,98067.0,106214.0,63599.0
17001657,98067.0,105281.0,64500.0
17001658,98067.0,106214.0,64500.0
17001659,104867.0,114248.0,65400.0
17001660,104867.0,114248.0,63599.0
17001661,104867.0,114248.0,64500.0
17001662,98067.0,99381.0,65400.0
17001663,98067.0,100214.0,65400.0
17001664,98067.0,99381.0,63599.0
17001665,98067.0,100214.0,63599.0
17001666,98067.0,99381.0,64500.0
17001667,98067.0,100214.0,64500.0
17001668,61197.0,110448.0,65199.0
17001669,62047.0,110448.0,65199.0
17001670,62897.0,110448.0,65199.0
17001671,61197.0,110448.0,63533.0
17001672,62047.0,110448.0,63533.0
17001673,62897.0,110448.0,63533.0
17001674,61197.0,110448.0,64366.0
17001675,62897.0,110448.0,64366.0
17001676,62047.0,110448.0,64366.0
17001677,24276.0,113839.0,66300.0
17001678,24243.0,112886.0,66300.0
17001679,24231.0,111941.0,66300.0
17001680,24227.0,110977.0,66300.0
17001681,24224.0,110000.0,66300.0
17001682,24222.0,109011.0,66300.0
17001683,24219.0,108072.0,66300.0
17001684,25257.0,113924.0,66300.0
17001685,25204.0,113003.0,66300.0
17001686,25187.0,112064.0,66300.0
17001687,25181.0,111102.0,66300.0
17001688,25177.0,110120.0,66300.0
17001689,25173.0,109127.0,66300.0
17001690,25170.0,108135.0,66300.0
17001691,26173.0,114011.0,66300.0
17001692,26142.0,113153.0,66300.0
17001693,26131.0,112222.0,66300.0
17001694,26127.0,111252.0,66300.0
17001695,26124.0,110256.0,66300.0
17001696,26121.0,109228.0,66300.0
17001697,26119.0,108190.0,66300.0
17001698,27767.0,114148.0,66300.0
17001699,29267.0,114148.0,66300.0
17001700,17833.0,112807.0,66300.0
17001701,17803.0,111978.0,66300.0
17001702,17814.0,109560.0,66300.0
17001703,17803.0,110360.0,66300.0
17001704,17797.0,111175.0,66300.0
17001705,18747.0,110499.0,66300.0
17001706,18711.0,111308.0,66300.0
17001707,18758.0,109644.0,66300.0
17001708,18725.0,111989.0,66300.0
17001709,18796.0,112799.0,66300.0
17001710,19605.0,111720.0,66300.0
17001711,19687.0,110724.0,66300.0
17001712,19711.0,109759.0,66300.0
17001713,19736.0,112715.0,66300.0
17001714,17727.0,107952.0,66300.0
17001715,18522.0,107951.0,66300.0
17001716,19173.0,107945.0,66300.0
17001717,19928.0,107945.0,66300.0
17001718,21533.0,107964.0,66300.0
17001719,22400.0,107968.0,66300.0
17001720,24217.0,106235.0,66300.0
17001721,24217.0,105296.0,66300.0
17001722,25167.0,106224.0,66300.0
17001723,25167.0,105289.0,66300.0
17001724,26117.0,106235.0,66300.0
17001725,26117.0,105296.0,66300.0
17001726,17733.0,100214.0,66300.0
17001727,17704.0,99381.0,66300.0
17001728,18596.0,100214.0,66300.0
17001729,18559.0,99381.0,66300.0
17001730,24217.0,103414.0,66300.0
17001731,24217.0,102481.0,66300.0
17001732,25167.0,103414.0,66300.0
17001733,25167.0,102481.0,66300.0
17001734,26117.0,103414.0,66300.0
17001735,26117.0,102481.0,66300.0
17001736,24235.0,100556.0,66300.0
17001737,24271.0,99559.0,66300.0
17001738,25193.0,100552.0,66300.0
17001739,25253.0,99553.0,66300.0
17001740,26135.0,100556.0,66300.0
17001741,26171.0,99558.0,66300.0
17001742,53835.0,107943.0,66300.0
17001743,54736.0,107923.0,66300.0
17001744,55602.0,107903.0,66300.0
17001745,109538.0,100214.0,66300.0
17001746,109574.0,99381.0,66300.0
17001747,110401.0,100214.0,66300.0
17001748,110429.0,99381.0,66300.0
17001749,98867.0,114148.0,66300.0
17001750,100367.0,114148.0,66300.0
17001751,108372.0,112745.0,66300.0
17001752,108436.0,111814.0,66300.0
17001753,108445.0,109786.0,66300.0
17001754,108536.0,110807.0,66300.0
17001755,109424.0,111113.0,66300.0
17001756,109371.0,111930.0,66300.0
17001757,109425.0,110435.0,66300.0
17001758,109388.0,109627.0,66300.0
17001759,109326.0,112783.0,66300.0
17001760,110341.0,110329.0,66300.0
17001761,110337.0,111124.0,66300.0
17001762,110328.0,109547.0,66300.0
17001763,110293.0,112795.0,66300.0
17001764,110320.0,111948.0,66300.0
17001765,101998.0,100556.0,66300.0
17001766,101962.0,99558.0,66300.0
17001767,102940.0,100552.0,66300.0
17001768,102881.0,99553.0,66300.0
17001769,103898.0,100556.0,66300.0
17001770,103862.0,99559.0,66300.0
17001771,108205.0,107945.0,66300.0
17001772,108960.0,107945.0,66300.0
17001773,109611.0,107951.0,66300.0
17001774,110406.0,107952.0,66300.0
17001775,102017.0,106235.0,66300.0
17001776,102017.0,105296.0,66300.0
17001777,102967.0,106224.0,66300.0
17001778,102967.0,105289.0,66300.0
17001779,103917.0,106235.0,66300.0
17001780,103917.0,105296.0,66300.0
17001781,101960.0,114011.0,66300.0
17001782,101992.0,113153.0,66300.0
17001783,102002.0,112222.0,66300.0
17001784,102007.0,111252.0,66300.0
17001785,102010.0,110256.0,66300.0
17001786,102012.0,109228.0,66300.0
17001787,102014.0,108190.0,66300.0
17001788,102877.0,113924.0,66300.0
17001789,102929.0,113003.0,66300.0
17001790,102946.0,112064.0,66300.0
17001791,102953.0,111102.0,66300.0
17001792,102957.0,110120.0,66300.0
17001793,102960.0,109127.0,66300.0
17001794,102963.0,108135.0,66300.0
17001795,103858.0,113839.0,66300.0
17001796,103890.0,112886.0,66300.0
17001797,103902.0,111941.0,66300.0
17001798,103907.0,110977.0,66300.0
17001799,103910.0,110000.0,66300.0
17001800,103912.0,109011.0,66300.0
17001801,103914.0,108072.0,66300.0
17001802,102017.0,103414.0,66300.0
17001803,102017.0,102481.0,66300.0
17001804,102967.0,103414.0,66300.0
17001805,102967.0,102481.0,66300.0
17001806,103917.0,103414.0,66300.0
17001807,103917.0,102481.0,66300.0
17001808,105733.0,107968.0,66300.0
17001809,106600.0,107964.0,66300.0
18000001,23267.0,114848.0,69900.0
18000002,27067.0,114848.0,69900.0
18000003,20667.0,114848.0,69900.0
18000004,30067.0,114848.0,69900.0
18000005,27067.0,113448.0,69900.0
18000006,27067.0,110448.0,69900.0
18000007,30067.0,113448.0,69900.0
18000008,20667.0,111848.0,69900.0
18000009,20667.0,108798.0,69900.0
18000010,23267.0,111848.0,69900.0
18000011,16867.0,108748.0,69900.0
18000012,23267.0,108798.0,69900.0
18000013,16867.0,107148.0,69900.0
18000014,30067.0,107148.0,69900.0
18000015,23267.0,107148.0,69900.0
18000016,20667.0,107123.0,69900.0
18000017,27067.0,107148.0,69900.0
18000018,16867.0,101048.0,69900.0
18000019,17767.0,107148.0,69900.0
18000020,17767.0,101048.0,69900.0
18000021,20667.0,104348.0,69900.0
18000022,23267.0,104348.0,69900.0
18000023,27067.0,104348.0,69900.0
18000024,20667.0,101548.0,69900.0
18000025,20667.0,101048.0,69900.0
18000026,23267.0,101548.0,69900.0
18000027,27067.0,101548.0,69900.0
18000028,20667.0,98548.0,69900.0
18000029,23267.0,98548.0,69900.0
18000030,27067.0,98548.0,69900.0
18000031,16867.0,110198.0,69900.0
18000032,30067.0,110448.0,69900.0
18000033,23267.0,109893.0,69900.0
18000034,28067.0,110448.0,69900.0
18000035,23267.0,106298.0,69900.0
18000036,27067.0,106298.0,69900.0
18000037,20167.0,107098.0,69900.0
18000038,23267.0,99593.0,69900.0
18000039,27067.0,99593.0,69900.0
18000040,18417.0,98548.0,69900.0
18000041,20667.0,113648.0,69900.0
18000042,16867.0,113648.0,69900.0
18000043,19917.0,113648.0,69900.0
18000044,19917.0,114848.0,69900.0
18000045,17867.0,113648.0,69900.0
18000046,17867.0,114848.0,69900.0
18000047,28467.0,113448.0,69900.0
18000048,28467.0,114848.0,69900.0
18000049,19467.0,98548.0,69900.0
18000050,19467.0,101048.0,69900.0
18000051,17767.0,103698.0,69900.0
18000052,16867.0,103698.0,69900.0
18000053,20667.0,106298.0,69900.0
18000054,23267.0,113648.0,69900.0
18000055,20667.0,109893.0,69900.0
18000056,4867.0,114848.0,69900.0
18000057,4867.0,106698.0,69900.0
18000058,4867.0,98548.0,69900.0
18000059,4867.0,87098.0,69900.0
18000060,4867.0,126298.0,69900.0
18000061,9467.0,126348.0,69900.0
18000062,13067.0,126348.0,69900.0
18000063,124067.0,114848.0,69900.0
18000064,124067.0,106698.0,69900.0
18000065,124067.0,98548.0,69900.0
18000066,124067.0,87098.0,69900.0
18000067,124067.0,126298.0,69900.0
18000068,30067.0,98548.0,69900.0
18000069,30067.0,101048.0,69900.0
18000070,30067.0,104348.0,69900.0
18000071,30067.0,101548.0,69900.0
18000072,13067.0,87048.0,69900.0
18000073,9467.0,87048.0,69900.0
18000074,63747.0,110448.0,69900.0
18000075,60347.0,101048.0,69900.0
18000076,60347.0,107048.0,69900.0
18000077,63747.0,107148.0,69900.0
18000078,52947.0,114848.0,69900.0
18000079,56347.0,108748.0,69900.0
18000080,52947.0,103698.0,69900.0
18000081,53847.0,103698.0,69900.0
18000082,54497.0,98548.0,69900.0
18000083,56347.0,110448.0,69900.0
18000084,52947.0,110198.0,69900.0
18000085,56347.0,113448.0,69900.0
18000086,52947.0,101048.0,69900.0
18000087,53847.0,101048.0,69900.0
18000088,53847.0,107148.0,69900.0
18000089,52947.0,107148.0,69900.0
18000090,56347.0,107048.0,69900.0
18000091,52947.0,108748.0,69900.0
18000092,56347.0,101548.0,69900.0
18000093,55947.0,107048.0,69900.0
18000094,56347.0,106298.0,69900.0
18000095,60347.0,110448.0,69900.0
18000096,56347.0,104348.0,69900.0
18000097,56347.0,101048.0,69900.0
18000098,63747.0,101048.0,69900.0
18000099,52947.0,98548.0,69900.0
18000100,60347.0,104348.0,69900.0
18000101,119800.0,87048.0,69900.0
18000102,115533.0,87048.0,69900.0
18000103,111267.0,103698.0,69900.0
18000104,110367.0,103698.0,69900.0
18000105,108667.0,101048.0,69900.0
18000106,108667.0,98548.0,69900.0
18000107,99667.0,114848.0,69900.0
18000108,99667.0,113448.0,69900.0
18000109,110267.0,114848.0,69900.0
18000110,110267.0,113648.0,69900.0
18000111,108217.0,114848.0,69900.0
18000112,108217.0,113648.0,69900.0
18000113,111267.0,113648.0,69900.0
18000114,107467.0,113648.0,69900.0
18000115,109717.0,98548.0,69900.0
18000116,101067.0,99593.0,69900.0
18000117,104867.0,99593.0,69900.0
18000118,107967.0,107098.0,69900.0
18000119,101067.0,106298.0,69900.0
18000120,104867.0,106298.0,69900.0
18000121,100067.0,110448.0,69900.0
18000122,104867.0,109893.0,69900.0
18000123,98067.0,110448.0,69900.0
18000124,111267.0,110198.0,69900.0
18000125,101067.0,98548.0,69900.0
18000126,104867.0,98548.0,69900.0
18000127,107467.0,98548.0,69900.0
18000128,101067.0,101548.0,69900.0
18000129,104867.0,101548.0,69900.0
18000130,107467.0,101048.0,69900.0
18000131,107467.0,101548.0,69900.0
18000132,101067.0,104348.0,69900.0
18000133,104867.0,104348.0,69900.0
18000134,107467.0,104348.0,69900.0
18000135,110367.0,101048.0,69900.0
18000136,110367.0,107148.0,69900.0
18000137,111267.0,101048.0,69900.0
18000138,101067.0,107148.0,69900.0
18000139,107467.0,107123.0,69900.0
18000140,104867.0,107148.0,69900.0
18000141,98067.0,107148.0,69900.0
18000142,111267.0,107148.0,69900.0
18000143,104867.0,108798.0,69900.0
18000144,111267.0,108748.0,69900.0
18000145,104867.0,111848.0,69900.0
18000146,107467.0,108798.0,69900.0
18000147,107467.0,111848.0,69900.0
18000148,98067.0,113448.0,69900.0
18000149,101067.0,110448.0,69900.0
18000150,101067.0,113448.0,69900.0
18000151,98067.0,114848.0,69900.0
18000152,107467.0,114848.0,69900.0
18000153,101067.0,114848.0,69900.0
18000154,104867.0,114848.0,69900.0
18000155,107467.0,106298.0,69900.0
18000156,98067.0,101548.0,69900.0
18000157,98067.0,104348.0,69900.0
18000158,107467.0,109893.0,69900.0
18000159,104867.0,113648.0,69900.0
18000160,98067.0,101048.0,69900.0
18000161,98067.0,98548.0,69900.0
18000162,63747.0,98548.0,69900.0
18000163,56347.0,98548.0,69900.0
18000164,56347.0,114848.0,69900.0
18000165,63747.0,114848.0,69900.0
18000166,60347.0,114848.0,69900.0
18000167,60347.0,98548.0,69900.0
18000168,30067.0,87098.0,69900.0
18000169,30067.0,126298.0,69900.0
18000170,16867.0,98548.0,69900.0
18000171,16867.0,114848.0,69900.0
18000172,16867.0,106698.0,69900.0
18000173,16867.0,87098.0,69900.0
18000174,16867.0,126298.0,69900.0
18000175,111267.0,126298.0,69900.0
18000176,111267.0,87098.0,69900.0
18000177,98067.0,87098.0,69900.0
18000178,98067.0,126298.0,69900.0
18000179,111267.0,106698.0,69900.0
18000180,111267.0,114848.0,69900.0
18000181,111267.0,98548.0,69900.0
18000182,41507.0,126298.0,69900.0
18000183,41507.0,87098.0,69900.0
18000184,52947.0,87098.0,69900.0
18000185,52947.0,126298.0,69900.0
18000186,75187.0,87098.0,69900.0
18000187,75187.0,126298.0,69900.0
18000188,86627.0,126298.0,69900.0
18000189,86627.0,87098.0,69900.0
18000190,102700.0,87048.0,69900.0
18000191,47227.0,126348.0,69900.0
18000192,47227.0,87048.0,69900.0
18000193,35787.0,126348.0,69900.0
18000194,35787.0,87048.0,69900.0
18000195,25433.0,126348.0,69900.0
18000196,25433.0,114848.0,69900.0
18000197,25433.0,87048.0,69900.0
18000198,25433.0,98548.0,69900.0
18000199,20667.0,87048.0,69900.0
18000200,20667.0,126348.0,69900.0
18000201,102700.0,126348.0,69900.0
18000202,102700.0,114848.0,69900.0
18000203,107467.0,126348.0,69900.0
18000204,107467.0,87048.0,69900.0
18000205,58322.0,87048.0,69900.0
18000206,58322.0,126348.0,69900.0
18000207,58322.0,114848.0,69900.0
18000208,69467.0,126348.0,69900.0
18000209,69467.0,87048.0,69900.0
18000210,80907.0,126348.0,69900.0
18000211,80907.0,87048.0,69900.0
18000212,92347.0,126348.0,69900.0
18000213,92347.0,87048.0,69900.0
18000214,119800.0,126348.0,69900.0
18000215,115533.0,126348.0,69900.0
18000216,30067.0,106698.0,69900.0
18000217,52947.0,106698.0,69900.0
18000218,63747.0,106698.0,69900.0
18000219,58322.0,98548.0,69900.0
18000220,98067.0,106698.0,69900.0
18000221,102700.0,98548.0,69900.0
18000222,47227.0,106698.0,69900.0
18000223,47227.0,98548.0,69900.0
18000224,47227.0,114848.0,69900.0
18000225,35787.0,106698.0,69900.0
18000226,35787.0,98548.0,69900.0
18000227,35787.0,114848.0,69900.0
18000228,69467.0,106698.0,69900.0
18000229,69467.0,98548.0,69900.0
18000230,69467.0,114848.0,69900.0
18000231,80907.0,106698.0,69900.0
18000232,80907.0,98548.0,69900.0
18000233,80907.0,114848.0,69900.0
18000234,92347.0,106698.0,69900.0
18000235,92347.0,98548.0,69900.0
18000236,92347.0,114848.0,69900.0
18000237,119800.0,106698.0,69900.0
18000238,119800.0,98548.0,69900.0
18000239,119800.0,114848.0,69900.0
18000240,115533.0,106698.0,69900.0
18000241,115533.0,98548.0,69900.0
18000242,115533.0,114848.0,69900.0
18000243,86627.0,106698.0,69900.0
18000244,86627.0,98548.0,69900.0
18000245,86627.0,114848.0,69900.0
18000246,75187.0,106698.0,69900.0
18000247,75187.0,98548.0,69900.0
18000248,75187.0,114848.0,69900.0
18000249,41507.0,106698.0,69900.0
18000250,41507.0,98548.0,69900.0
18000251,41507.0,114848.0,69900.0
18000252,13067.0,106698.0,69900.0
18000253,13067.0,98548.0,69900.0
18000254,13067.0,114848.0,69900.0
18000255,9467.0,106698.0,69900.0
18000256,9467.0,98548.0,69900.0
18000257,9467.0,114848.0,69900.0
18000258,63747.0,87098.0,69900.0
18000259,63747.0,126298.0,69900.0
18000260,16867.0,108748.0,69100.0
18000261,16867.0,110198.0,69100.0
18000262,27067.0,113448.0,69300.0
18000263,27067.0,114848.0,69300.0
18000264,20667.0,107123.0,69300.0
18000265,20667.0,108798.0,69300.0
18000266,28067.0,110448.0,69300.0
18000267,30067.0,110448.0,69300.0
18000268,16867.0,107148.0,69100.0
18000269,23267.0,107148.0,69300.0
18000270,23267.0,108798.0,69300.0
18000271,17767.0,107148.0,69200.0
18000272,20167.0,107098.0,69200.0
18000273,18417.0,98548.0,69100.0
18000274,19467.0,98548.0,69100.0
18000275,28467.0,113448.0,69300.0
18000276,30067.0,113448.0,69300.0
18000277,20667.0,98548.0,69100.0
18000278,56347.0,113448.0,69200.0
18000279,56347.0,114848.0,69200.0
18000280,53847.0,107148.0,69200.0
18000281,55947.0,107048.0,69200.0
18000282,54497.0,98548.0,69100.0
18000283,56347.0,98548.0,69100.0
18000284,107467.0,98548.0,69100.0
18000285,108667.0,98548.0,69100.0
18000286,98067.0,113448.0,69300.0
18000287,99667.0,113448.0,69300.0
18000288,107967.0,107098.0,69200.0
18000289,110367.0,107148.0,69200.0
18000290,104867.0,107148.0,69300.0
18000291,104867.0,108798.0,69300.0
18000292,111267.0,107148.0,69100.0
18000293,111267.0,108748.0,69100.0
18000294,107467.0,107123.0,69300.0
18000295,107467.0,108798.0,69300.0
18000296,101067.0,113448.0,69300.0
18000297,101067.0,114848.0,69300.0
18000298,111267.0,110198.0,69100.0
18000299,98067.0,110448.0,69300.0
18000300,100067.0,110448.0,69300.0
18000301,109717.0,98548.0,69100.0
18000302,17367.0,114848.0,69900.0
18000303,21533.0,114848.0,69900.0
18000304,22400.0,114848.0,69900.0
18000305,27767.0,114848.0,69900.0
18000306,16867.0,111060.0,69900.0
18000307,16867.0,111923.0,69900.0
18000308,16867.0,112785.0,69900.0
18000309,16867.0,109110.0,69900.0
18000310,16867.0,109473.0,69900.0
18000311,16867.0,109835.0,69900.0
18000312,27067.0,113798.0,69900.0
18000313,27067.0,114148.0,69900.0
18000314,27067.0,114498.0,69900.0
18000315,30067.0,114148.0,69900.0
18000316,27067.0,111448.0,69900.0
18000317,27067.0,112448.0,69900.0
18000318,27767.0,113448.0,69900.0
18000319,27567.0,110448.0,69900.0
18000320,30067.0,111448.0,69900.0
18000321,30067.0,112448.0,69900.0
18000322,20667.0,109345.0,69900.0
18000323,20667.0,107541.0,69900.0
18000324,20667.0,107960.0,69900.0
18000325,20667.0,108379.0,69900.0
18000326,21533.0,108798.0,69900.0
18000327,22400.0,108798.0,69900.0
18000328,23267.0,109345.0,69900.0
18000329,28567.0,110448.0,69900.0
18000330,29067.0,110448.0,69900.0
18000331,29567.0,110448.0,69900.0
18000332,16867.0,107548.0,69900.0
18000333,16867.0,107948.0,69900.0
18000334,16867.0,108348.0,69900.0
18000335,23267.0,107560.0,69900.0
18000336,23267.0,107973.0,69900.0
18000337,23267.0,108385.0,69900.0
18000338,17317.0,107148.0,69900.0
18000339,21533.0,107131.0,69900.0
18000340,22400.0,107139.0,69900.0
18000341,23267.0,106723.0,69900.0
18000342,27067.0,106723.0,69900.0
18000343,28067.0,107148.0,69900.0
18000344,29067.0,107148.0,69900.0
18000345,16867.0,101931.0,69900.0
18000346,16867.0,102814.0,69900.0
18000347,16867.0,99381.0,69900.0
18000348,16867.0,100214.0,69900.0
18000349,17317.0,101048.0,69900.0
18000350,18167.0,107139.0,69900.0
18000351,18567.0,107131.0,69900.0
18000352,18967.0,107123.0,69900.0
18000353,19367.0,107114.0,69900.0
18000354,19767.0,107106.0,69900.0
18000355,18617.0,101048.0,69900.0
18000356,20667.0,99381.0,69900.0
18000357,20667.0,100214.0,69900.0
18000358,17642.0,98548.0,69900.0
18000359,18942.0,98548.0,69900.0
18000360,21533.0,98548.0,69900.0
18000361,22400.0,98548.0,69900.0
18000362,23267.0,99070.0,69900.0
18000363,27067.0,99070.0,69900.0
18000364,28067.0,98548.0,69900.0
18000365,29067.0,98548.0,69900.0
18000366,16867.0,114248.0,69900.0
18000367,20667.0,114248.0,69900.0
18000368,20292.0,114848.0,69900.0
18000369,18142.0,114848.0,69900.0
18000370,18642.0,114848.0,69900.0
18000371,19142.0,114848.0,69900.0
18000372,19642.0,114848.0,69900.0
18000373,29267.0,114848.0,69900.0
18000374,28867.0,113448.0,69900.0
18000375,29267.0,113448.0,69900.0
18000376,29667.0,113448.0,69900.0
18000377,20067.0,101048.0,69900.0
18000378,20067.0,98548.0,69900.0
18000379,16867.0,104698.0,69900.0
18000380,16867.0,105698.0,69900.0
18000381,20667.0,106710.0,69900.0
18000382,23267.0,114248.0,69900.0
18000383,30067.0,99381.0,69900.0
18000384,30067.0,100214.0,69900.0
18000385,30067.0,105281.0,69900.0
18000386,30067.0,106214.0,69900.0
18000387,30067.0,102481.0,69900.0
18000388,30067.0,103414.0,69900.0
18000389,60347.0,101873.0,69900.0
18000390,60347.0,102698.0,69900.0
18000391,60347.0,103523.0,69900.0
18000392,63747.0,111328.0,69900.0
18000393,63747.0,112208.0,69900.0
18000394,63747.0,113088.0,69900.0
18000395,63747.0,113968.0,69900.0
18000396,61022.0,114848.0,69900.0
18000397,61697.0,114848.0,69900.0
18000398,62197.0,114848.0,69900.0
18000399,62697.0,114848.0,69900.0
18000400,63197.0,114848.0,69900.0
18000401,52947.0,104560.0,69900.0
18000402,52947.0,105423.0,69900.0
18000403,52947.0,106285.0,69900.0
18000404,53722.0,98548.0,69900.0
18000405,52947.0,99381.0,69900.0
18000406,52947.0,100214.0,69900.0
18000407,52947.0,101931.0,69900.0
18000408,52947.0,102814.0,69900.0
18000409,53397.0,101048.0,69900.0
18000410,53397.0,107148.0,69900.0
18000411,56347.0,111328.0,69900.0
18000412,56347.0,112208.0,69900.0
18000413,56347.0,113088.0,69900.0
18000414,56347.0,113798.0,69900.0
18000415,56347.0,114148.0,69900.0
18000416,56347.0,114498.0,69900.0
18000417,52947.0,111128.0,69900.0
18000418,52947.0,112058.0,69900.0
18000419,52947.0,112988.0,69900.0
18000420,52947.0,113918.0,69900.0
18000421,53622.0,114848.0,69900.0
18000422,54297.0,114848.0,69900.0
18000423,54797.0,114848.0,69900.0
18000424,55297.0,114848.0,69900.0
18000425,55797.0,114848.0,69900.0
18000426,54372.0,107123.0,69900.0
18000427,54897.0,107098.0,69900.0
18000428,55422.0,107073.0,69900.0
18000429,56347.0,106673.0,69900.0
18000430,56347.0,99381.0,69900.0
18000431,56347.0,100214.0,69900.0
18000432,54959.0,98548.0,69900.0
18000433,55422.0,98548.0,69900.0
18000434,55884.0,98548.0,69900.0
18000435,63747.0,102064.0,69900.0
18000436,63747.0,103081.0,69900.0
18000437,63747.0,104098.0,69900.0
18000438,63747.0,105114.0,69900.0
18000439,63747.0,106131.0,69900.0
18000440,63747.0,99381.0,69900.0
18000441,63747.0,100214.0,69900.0
18000442,54680.0,101048.0,69900.0
18000443,55513.0,101048.0,69900.0
18000444,60822.0,98548.0,69900.0
18000445,61297.0,98548.0,69900.0
18000446,61797.0,98548.0,69900.0
18000447,62297.0,98548.0,69900.0
18000448,62797.0,98548.0,69900.0
18000449,63272.0,98548.0,69900.0
18000450,61197.0,101048.0,69900.0
18000451,62047.0,101048.0,69900.0
18000452,62897.0,101048.0,69900.0
18000453,111267.0,104698.0,69900.0
18000454,111267.0,105698.0,69900.0
18000455,108067.0,98548.0,69900.0
18000456,108067.0,101048.0,69900.0
18000457,98467.0,113448.0,69900.0
18000458,98867.0,113448.0,69900.0
18000459,99267.0,113448.0,69900.0
18000460,98867.0,114848.0,69900.0
18000461,108492.0,114848.0,69900.0
18000462,108992.0,114848.0,69900.0
18000463,109492.0,114848.0,69900.0
18000464,109992.0,114848.0,69900.0
18000465,107842.0,114848.0,69900.0
18000466,107467.0,114248.0,69900.0
18000467,111267.0,114248.0,69900.0
18000468,110767.0,114848.0,69900.0
18000469,110492.0,98548.0,69900.0
18000470,99067.0,98548.0,69900.0
18000471,100067.0,98548.0,69900.0
18000472,105733.0,98548.0,69900.0
18000473,106600.0,98548.0,69900.0
18000474,101067.0,99070.0,69900.0
18000475,104867.0,99070.0,69900.0
18000476,107467.0,99381.0,69900.0
18000477,107467.0,100214.0,69900.0
18000478,109517.0,101048.0,69900.0
18000479,108367.0,107106.0,69900.0
18000480,108767.0,107114.0,69900.0
18000481,109167.0,107123.0,69900.0
18000482,109567.0,107131.0,69900.0
18000483,109967.0,107139.0,69900.0
18000484,110817.0,101048.0,69900.0
18000485,111267.0,99381.0,69900.0
18000486,111267.0,100214.0,69900.0
18000487,111267.0,101931.0,69900.0
18000488,111267.0,102814.0,69900.0
18000489,99067.0,107148.0,69900.0
18000490,100067.0,107148.0,69900.0
18000491,101067.0,106723.0,69900.0
18000492,104867.0,106723.0,69900.0
18000493,105733.0,107139.0,69900.0
18000494,106600.0,107131.0,69900.0
18000495,110817.0,107148.0,69900.0
18000496,104867.0,107560.0,69900.0
18000497,104867.0,107973.0,69900.0
18000498,104867.0,108385.0,69900.0
18000499,111267.0,107548.0,69900.0
18000500,111267.0,107948.0,69900.0
18000501,111267.0,108348.0,69900.0
18000502,104867.0,109345.0,69900.0
18000503,105733.0,108798.0,69900.0
18000504,106600.0,108798.0,69900.0
18000505,107467.0,107541.0,69900.0
18000506,107467.0,107960.0,69900.0
18000507,107467.0,108379.0,69900.0
18000508,107467.0,109345.0,69900.0
18000509,98067.0,111448.0,69900.0
18000510,98067.0,112448.0,69900.0
18000511,100567.0,110448.0,69900.0
18000512,100367.0,113448.0,69900.0
18000513,101067.0,111448.0,69900.0
18000514,101067.0,112448.0,69900.0
18000515,98067.0,114148.0,69900.0
18000516,101067.0,113798.0,69900.0
18000517,101067.0,114148.0,69900.0
18000518,101067.0,114498.0,69900.0
18000519,111267.0,109110.0,69900.0
18000520,111267.0,109473.0,69900.0
18000521,111267.0,109835.0,69900.0
18000522,111267.0,111060.0,69900.0
18000523,111267.0,111923.0,69900.0
18000524,111267.0,112785.0,69900.0
18000525,100367.0,114848.0,69900.0
18000526,105733.0,114848.0,69900.0
18000527,106600.0,114848.0,69900.0
18000528,107467.0,106710.0,69900.0
18000529,98067.0,102481.0,69900.0
18000530,98067.0,103414.0,69900.0
18000531,98067.0,105281.0,69900.0
18000532,98067.0,106214.0,69900.0
18000533,104867.0,114248.0,69900.0
18000534,98067.0,99381.0,69900.0
18000535,98067.0,100214.0,69900.0
18000536,98567.0,110448.0,69900.0
18000537,99067.0,110448.0,69900.0
18000538,99567.0,110448.0,69900.0
18000539,109192.0,98548.0,69900.0
18000540,61197.0,110448.0,69900.0
18000541,62047.0,110448.0,69900.0
18000542,62897.0,110448.0,69900.0
18000543,16867.0,114848.0,68800.0
18000544,16867.0,114848.0,67966.0
18000545,16867.0,114848.0,67133.0
18000546,17867.0,114848.0,68800.0
18000547,17867.0,114848.0,67966.0
18000548,17867.0,114848.0,67133.0
18000549,20667.0,114848.0,68800.0
18000550,20667.0,114848.0,67966.0
18000551,20667.0,114848.0,67133.0
18000552,23267.0,114848.0,68900.0
18000553,23267.0,114848.0,68033.0
18000554,23267.0,114848.0,67166.0
18000555,28467.0,114848.0,69000.0
18000556,28467.0,114848.0,68100.0
18000557,28467.0,114848.0,67200.0
18000558,27067.0,110448.0,69000.0
18000559,27067.0,110448.0,68100.0
18000560,27067.0,110448.0,67200.0
18000561,20667.0,109893.0,69000.0
18000562,20667.0,109893.0,68100.0
18000563,20667.0,109893.0,67200.0
18000564,16867.0,113648.0,68800.0
18000565,16867.0,113648.0,67966.0
18000566,16867.0,113648.0,67133.0
18000567,23267.0,109893.0,69000.0
18000568,23267.0,109893.0,68100.0
18000569,23267.0,109893.0,67200.0
18000570,16867.0,106698.0,69000.0
18000571,16867.0,106698.0,68100.0
18000572,16867.0,106698.0,67200.0
18000573,23267.0,106298.0,69000.0
18000574,23267.0,106298.0,68100.0
18000575,23267.0,106298.0,67200.0
18000576,27067.0,106298.0,69000.0
18000577,27067.0,106298.0,68100.0
18000578,27067.0,106298.0,67200.0
18000579,27067.0,107148.0,69000.0
18000580,27067.0,107148.0,68100.0
18000581,27067.0,107148.0,67200.0
18000582,16867.0,101048.0,69000.0
18000583,16867.0,101048.0,68100.0
18000584,16867.0,101048.0,67200.0
18000585,16867.0,103698.0,69000.0
18000586,16867.0,103698.0,68100.0
18000587,16867.0,103698.0,67200.0
18000588,16867.0,98548.0,69000.0
18000589,16867.0,98548.0,68100.0
18000590,16867.0,98548.0,67200.0
18000591,17767.0,101048.0,69000.0
18000592,17767.0,101048.0,68100.0
18000593,17767.0,101048.0,67200.0
18000594,19467.0,101048.0,69000.0
18000595,19467.0,101048.0,68100.0
18000596,19467.0,101048.0,67200.0
18000597,20667.0,101048.0,69000.0
18000598,20667.0,101048.0,68100.0
18000599,20667.0,101048.0,67200.0
18000600,23267.0,98548.0,69000.0
18000601,23267.0,98548.0,68100.0
18000602,23267.0,98548.0,67200.0
18000603,23267.0,99593.0,69000.0
18000604,23267.0,99593.0,68100.0
18000605,23267.0,99593.0,67200.0
18000606,27067.0,98548.0,69000.0
18000607,27067.0,98548.0,68100.0
18000608,27067.0,98548.0,67200.0
18000609,27067.0,99593.0,69000.0
18000610,27067.0,99593.0,68100.0
18000611,27067.0,99593.0,67200.0
18000612,30067.0,98548.0,69000.0
18000613,30067.0,98548.0,68100.0
18000614,30067.0,98548.0,67200.0
18000615,19917.0,114848.0,68800.0
18000616,19917.0,114848.0,67966.0
18000617,19917.0,114848.0,67133.0
18000618,30067.0,114848.0,69000.0
18000619,30067.0,114848.0,68100.0
18000620,30067.0,114848.0,67200.0
18000621,20667.0,106298.0,69000.0
18000622,20667.0,106298.0,68100.0
18000623,20667.0,106298.0,67200.0
18000624,20667.0,113648.0,68800.0
18000625,20667.0,113648.0,67966.0
18000626,20667.0,113648.0,67133.0
18000627,23267.0,113648.0,69000.0
18000628,23267.0,113648.0,68100.0
18000629,23267.0,113648.0,67200.0
18000630,20667.0,101548.0,69000.0
18000631,20667.0,101548.0,68100.0
18000632,20667.0,101548.0,67200.0
18000633,30067.0,101048.0,69000.0
18000634,30067.0,101048.0,68100.0
18000635,30067.0,101048.0,67200.0
18000636,30067.0,101548.0,69000.0
18000637,30067.0,101548.0,68100.0
18000638,30067.0,101548.0,67200.0
18000639,30067.0,107148.0,69000.0
18000640,30067.0,107148.0,68100.0
18000641,30067.0,107148.0,67200.0
18000642,30067.0,104348.0,69000.0
18000643,30067.0,104348.0,68100.0
18000644,30067.0,104348.0,67200.0
18000645,30067.0,106698.0,69000.0
18000646,30067.0,106698.0,68100.0
18000647,30067.0,106698.0,67200.0
18000648,60347.0,101048.0,68800.0
18000649,60347.0,101048.0,67966.0
18000650,60347.0,101048.0,67133.0
18000651,60347.0,104348.0,68800.0
18000652,60347.0,104348.0,67966.0
18000653,60347.0,104348.0,67133.0
18000654,63747.0,110448.0,68800.0
18000655,63747.0,110448.0,67966.0
18000656,63747.0,110448.0,67133.0
18000657,63747.0,114848.0,68800.0
18000658,63747.0,114848.0,67966.0
18000659,63747.0,114848.0,67133.0
18000660,60347.0,114848.0,68800.0
18000661,60347.0,114848.0,67966.0
18000662,60347.0,114848.0,67133.0
18000663,52947.0,103698.0,69000.0
18000664,52947.0,103698.0,68100.0
18000665,52947.0,103698.0,67200.0
18000666,52947.0,106698.0,69000.0
18000667,52947.0,106698.0,68100.0
18000668,52947.0,106698.0,67200.0
18000669,52947.0,98548.0,69000.0
18000670,52947.0,98548.0,68100.0
18000671,52947.0,98548.0,67200.0
18000672,52947.0,101048.0,69000.0
18000673,52947.0,101048.0,68100.0
18000674,52947.0,101048.0,67200.0
18000675,53847.0,101048.0,69000.0
18000676,53847.0,101048.0,68100.0
18000677,53847.0,101048.0,67200.0
18000678,52947.0,107148.0,69000.0
18000679,52947.0,107148.0,68100.0
18000680,52947.0,107148.0,67200.0
18000681,56347.0,107048.0,69000.0
18000682,56347.0,107048.0,68100.0
18000683,56347.0,107048.0,67200.0
18000684,56347.0,110448.0,69000.0
18000685,56347.0,110448.0,68100.0
18000686,56347.0,110448.0,67200.0
18000687,52947.0,110198.0,68800.0
18000688,52947.0,110198.0,67966.0
18000689,52947.0,110198.0,67133.0
18000690,52947.0,114848.0,68800.0
18000691,52947.0,114848.0,67966.0
18000692,52947.0,114848.0,67133.0
18000693,56347.0,106298.0,69000.0
18000694,56347.0,106298.0,68100.0
18000695,56347.0,106298.0,67200.0
18000696,56347.0,101048.0,69000.0
18000697,56347.0,101048.0,68100.0
18000698,56347.0,101048.0,67200.0
18000699,56347.0,101548.0,69000.0
18000700,56347.0,101548.0,68100.0
18000701,56347.0,101548.0,67200.0
18000702,63747.0,101048.0,68800.0
18000703,63747.0,101048.0,67966.0
18000704,63747.0,101048.0,67133.0
18000705,63747.0,106698.0,68900.0
18000706,63747.0,106698.0,68033.0
18000707,63747.0,106698.0,67166.0
18000708,63747.0,98548.0,68800.0
18000709,63747.0,98548.0,67966.0
18000710,63747.0,98548.0,67133.0
18000711,60347.0,98548.0,68800.0
18000712,60347.0,98548.0,67966.0
18000713,60347.0,98548.0,67133.0
18000714,111267.0,103698.0,69000.0
18000715,111267.0,103698.0,68100.0
18000716,111267.0,103698.0,67200.0
18000717,111267.0,106698.0,69000.0
18000718,111267.0,106698.0,68100.0
18000719,111267.0,106698.0,67200.0
18000720,107467.0,101048.0,69000.0
18000721,107467.0,101048.0,68100.0
18000722,107467.0,101048.0,67200.0
18000723,108667.0,101048.0,69000.0
18000724,108667.0,101048.0,68100.0
18000725,108667.0,101048.0,67200.0
18000726,98067.0,114848.0,69000.0
18000727,98067.0,114848.0,68100.0
18000728,98067.0,114848.0,67200.0
18000729,99667.0,114848.0,69000.0
18000730,99667.0,114848.0,68100.0
18000731,99667.0,114848.0,67200.0
18000732,108217.0,114848.0,68800.0
18000733,108217.0,114848.0,67966.0
18000734,108217.0,114848.0,67133.0
18000735,110267.0,114848.0,68800.0
18000736,110267.0,114848.0,67966.0
18000737,110267.0,114848.0,67133.0
18000738,107467.0,114848.0,68900.0
18000739,107467.0,114848.0,68033.0
18000740,107467.0,114848.0,67166.0
18000741,107467.0,113648.0,68800.0
18000742,107467.0,113648.0,67966.0
18000743,107467.0,113648.0,67133.0
18000744,111267.0,113648.0,69000.0
18000745,111267.0,113648.0,68100.0
18000746,111267.0,113648.0,67200.0
18000747,111267.0,114848.0,68900.0
18000748,111267.0,114848.0,68033.0
18000749,111267.0,114848.0,67166.0
18000750,111267.0,98548.0,69000.0
18000751,111267.0,98548.0,68100.0
18000752,111267.0,98548.0,67200.0
18000753,98067.0,98548.0,69000.0
18000754,98067.0,98548.0,68100.0
18000755,98067.0,98548.0,67200.0
18000756,101067.0,98548.0,69000.0
18000757,101067.0,98548.0,68100.0
18000758,101067.0,98548.0,67200.0
18000759,104867.0,98548.0,69000.0
18000760,104867.0,98548.0,68100.0
18000761,104867.0,98548.0,67200.0
18000762,101067.0,99593.0,69000.0
18000763,101067.0,99593.0,68100.0
18000764,101067.0,99593.0,67200.0
18000765,104867.0,99593.0,69000.0
18000766,104867.0,99593.0,68100.0
18000767,104867.0,99593.0,67200.0
18000768,107467.0,101548.0,69000.0
18000769,107467.0,101548.0,68100.0
18000770,107467.0,101548.0,67200.0
18000771,110367.0,101048.0,69000.0
18000772,110367.0,101048.0,68100.0
18000773,110367.0,101048.0,67200.0
18000774,111267.0,101048.0,69000.0
18000775,111267.0,101048.0,68100.0
18000776,111267.0,101048.0,67200.0
18000777,98067.0,107148.0,69000.0
18000778,98067.0,107148.0,68100.0
18000779,98067.0,107148.0,67200.0
18000780,101067.0,107148.0,69000.0
18000781,101067.0,107148.0,68100.0
18000782,101067.0,107148.0,67200.0
18000783,101067.0,106298.0,69000.0
18000784,101067.0,106298.0,68100.0
18000785,101067.0,106298.0,67200.0
18000786,104867.0,106298.0,69000.0
18000787,104867.0,106298.0,68100.0
18000788,104867.0,106298.0,67200.0
18000789,104867.0,109893.0,69000.0
18000790,104867.0,109893.0,68100.0
18000791,104867.0,109893.0,67200.0
18000792,107467.0,109893.0,69000.0
18000793,107467.0,109893.0,68100.0
18000794,107467.0,109893.0,67200.0
18000795,101067.0,110448.0,69000.0
18000796,101067.0,110448.0,68100.0
18000797,101067.0,110448.0,67200.0
18000798,104867.0,114848.0,69000.0
18000799,104867.0,114848.0,68100.0
18000800,104867.0,114848.0,67200.0
18000801,107467.0,106298.0,69000.0
18000802,107467.0,106298.0,68100.0
18000803,107467.0,106298.0,67200.0
18000804,98067.0,101548.0,69000.0
18000805,98067.0,101548.0,68100.0
18000806,98067.0,101548.0,67200.0
18000807,98067.0,104348.0,69000.0
18000808,98067.0,104348.0,68100.0
18000809,98067.0,104348.0,67200.0
18000810,98067.0,106698.0,69000.0
18000811,98067.0,106698.0,68100.0
18000812,98067.0,106698.0,67200.0
18000813,104867.0,113648.0,69000.0
18000814,104867.0,113648.0,68100.0
18000815,104867.0,113648.0,67200.0
18000816,98067.0,101048.0,69000.0
18000817,98067.0,101048.0,68100.0
18000818,98067.0,101048.0,67200.0
18000819,63747.0,107148.0,69000.0
18000820,63747.0,107148.0,68100.0
18000821,63747.0,107148.0,67200.0
18000822,60347.0,110448.0,68800.0
18000823,60347.0,110448.0,67966.0
18000824,60347.0,110448.0,67133.0
18000825,16867.0,109110.0,69100.0
18000826,16867.0,109473.0,69100.0
18000827,16867.0,109835.0,69100.0
18000828,27067.0,113798.0,69300.0
18000829,27067.0,114148.0,69300.0
18000830,27067.0,114498.0,69300.0
18000831,20667.0,107541.0,69300.0
18000832,20667.0,107960.0,69300.0
18000833,20667.0,108379.0,69300.0
18000834,28567.0,110448.0,69300.0
18000835,29067.0,110448.0,69300.0
18000836,29567.0,110448.0,69300.0
18000837,16867.0,107548.0,69100.0
18000838,16867.0,107948.0,69100.0
18000839,16867.0,108348.0,69100.0
18000840,23267.0,107560.0,69300.0
18000841,23267.0,107973.0,69300.0
18000842,23267.0,108385.0,69300.0
18000843,18167.0,107139.0,69200.0
18000844,18567.0,107131.0,69200.0
18000845,18967.0,107123.0,69200.0
18000846,19367.0,107114.0,69200.0
18000847,19767.0,107106.0,69200.0
18000848,18942.0,98548.0,69100.0
18000849,28867.0,113448.0,69300.0
18000850,29267.0,113448.0,69300.0
18000851,29667.0,113448.0,69300.0
18000852,20067.0,98548.0,69100.0
18000853,56347.0,113798.0,69200.0
18000854,56347.0,114148.0,69200.0
18000855,56347.0,114498.0,69200.0
18000856,54372.0,107123.0,69200.0
18000857,54897.0,107098.0,69200.0
18000858,55422.0,107073.0,69200.0
18000859,54959.0,98548.0,69100.0
18000860,55422.0,98548.0,69100.0
18000861,55884.0,98548.0,69100.0
18000862,108067.0,98548.0,69100.0
18000863,98467.0,113448.0,69300.0
18000864,98867.0,113448.0,69300.0
18000865,99267.0,113448.0,69300.0
18000866,108367.0,107106.0,69200.0
18000867,108767.0,107114.0,69200.0
18000868,109167.0,107123.0,69200.0
18000869,109567.0,107131.0,69200.0
18000870,109967.0,107139.0,69200.0
18000871,104867.0,107560.0,69300.0
18000872,104867.0,107973.0,69300.0
18000873,104867.0,108385.0,69300.0
18000874,111267.0,107548.0,69100.0
18000875,111267.0,107948.0,69100.0
18000876,111267.0,108348.0,69100.0
18000877,107467.0,107541.0,69300.0
18000878,107467.0,107960.0,69300.0
18000879,107467.0,108379.0,69300.0
18000880,101067.0,113798.0,69300.0
18000881,101067.0,114148.0,69300.0
18000882,101067.0,114498.0,69300.0
18000883,111267.0,109110.0,69100.0
18000884,111267.0,109473.0,69100.0
18000885,111267.0,109835.0,69100.0
18000886,98567.0,110448.0,69300.0
18000887,99067.0,110448.0,69300.0
18000888,99567.0,110448.0,69300.0
18000889,109192.0,98548.0,69100.0
18000890,27067.0,114848.0,68100.0
18000891,27067.0,114848.0,67200.0
18000892,27067.0,113448.0,68100.0
18000893,27067.0,113448.0,67200.0
18000894,28467.0,113448.0,68100.0
18000895,28467.0,113448.0,67200.0
18000896,20667.0,108798.0,68100.0
18000897,20667.0,108798.0,67200.0
18000898,16867.0,110198.0,67966.0
18000899,16867.0,110198.0,67133.0
18000900,28067.0,110448.0,68100.0
18000901,28067.0,110448.0,67200.0
18000902,23267.0,108798.0,68100.0
18000903,23267.0,108798.0,67200.0
18000904,16867.0,107148.0,68100.0
18000905,16867.0,107148.0,67200.0
18000906,20167.0,107098.0,68100.0
18000907,20167.0,107098.0,67200.0
18000908,20667.0,107123.0,68100.0
18000909,20667.0,107123.0,67200.0
18000910,23267.0,107148.0,68100.0
18000911,23267.0,107148.0,67200.0
18000912,20667.0,98548.0,68100.0
18000913,20667.0,98548.0,67200.0
18000914,18417.0,98548.0,68100.0
18000915,18417.0,98548.0,67200.0
18000916,17767.0,107148.0,68100.0
18000917,17767.0,107148.0,67200.0
18000918,30067.0,113448.0,68100.0
18000919,30067.0,113448.0,67200.0
18000920,30067.0,110448.0,68100.0
18000921,30067.0,110448.0,67200.0
18000922,54497.0,98548.0,68100.0
18000923,54497.0,98548.0,67200.0
18000924,53847.0,107148.0,68100.0
18000925,53847.0,107148.0,67200.0
18000926,55947.0,107048.0,68100.0
18000927,55947.0,107048.0,67200.0
18000928,56347.0,113448.0,68100.0
18000929,56347.0,113448.0,67200.0
18000930,56347.0,114848.0,67966.0
18000931,56347.0,114848.0,67133.0
18000932,56347.0,98548.0,68100.0
18000933,56347.0,98548.0,67200.0
18000934,109717.0,98548.0,68100.0
18000935,109717.0,98548.0,67200.0
18000936,107467.0,98548.0,68100.0
18000937,107467.0,98548.0,67200.0
18000938,107467.0,107123.0,68100.0
18000939,107467.0,107123.0,67200.0
18000940,107967.0,107098.0,68100.0
18000941,107967.0,107098.0,67200.0
18000942,104867.0,107148.0,68100.0
18000943,104867.0,107148.0,67200.0
18000944,110367.0,107148.0,68100.0
18000945,110367.0,107148.0,67200.0
18000946,111267.0,107148.0,68100.0
18000947,111267.0,107148.0,67200.0
18000948,104867.0,108798.0,68100.0
18000949,104867.0,108798.0,67200.0
18000950,107467.0,108798.0,68100.0
18000951,107467.0,108798.0,67200.0
18000952,98067.0,110448.0,68100.0
18000953,98067.0,110448.0,67200.0
18000954,98067.0,113448.0,68100.0
18000955,98067.0,113448.0,67200.0
18000956,100067.0,110448.0,68100.0
18000957,100067.0,110448.0,67200.0
18000958,99667.0,113448.0,68100.0
18000959,99667.0,113448.0,67200.0
18000960,101067.0,113448.0,68100.0
18000961,101067.0,113448.0,67200.0
18000962,111267.0,110198.0,68100.0
18000963,111267.0,110198.0,67200.0
18000964,101067.0,114848.0,68100.0
18000965,101067.0,114848.0,67200.0
18000966,24217.0,107148.0,69900.0
18000967,25167.0,107148.0,69900.0
18000968,26117.0,107148.0,69900.0
18000969,27067.0,108248.0,69900.0
18000970,27067.0,109348.0,69900.0
18000971,26250.0,114848.0,69900.0
18000972,24350.0,114848.0,69900.0
18000973,23267.0,112748.0,69900.0
18000974,23267.0,110870.0,69900.0
18000975,28467.0,114148.0,69900.0
18000976,17817.0,108760.0,69900.0
18000977,18767.0,108773.0,69900.0
18000978,19717.0,108785.0,69900.0
18000979,20667.0,110870.0,69900.0
18000980,20667.0,112748.0,69900.0
18000981,18892.0,113648.0,69900.0
18000982,24217.0,104348.0,69900.0
18000983,25167.0,104348.0,69900.0
18000984,26117.0,104348.0,69900.0
18000985,27067.0,105323.0,69900.0
18000986,23267.0,105323.0,69900.0
18000987,19467.0,99381.0,69900.0
18000988,19467.0,100214.0,69900.0
18000989,24217.0,101548.0,69900.0
18000990,25167.0,101548.0,69900.0
18000991,26117.0,101548.0,69900.0
18000992,27067.0,102481.0,69900.0
18000993,27067.0,103414.0,69900.0
18000994,23267.0,102481.0,69900.0
18000995,23267.0,103414.0,69900.0
18000996,24350.0,98548.0,69900.0
18000997,26250.0,98548.0,69900.0
18000998,27067.0,100570.0,69900.0
18000999,23267.0,100570.0,69900.0
18001000,56347.0,107898.0,69900.0
18001001,53797.0,108748.0,69900.0
18001002,54647.0,108748.0,69900.0
18001003,55497.0,108748.0,69900.0
18001004,52947.0,107948.0,69900.0
18001005,108667.0,99381.0,69900.0
18001006,108667.0,100214.0,69900.0
18001007,99667.0,114148.0,69900.0
18001008,109242.0,113648.0,69900.0
18001009,108417.0,108785.0,69900.0
18001010,109367.0,108773.0,69900.0
18001011,110317.0,108760.0,69900.0
18001012,107467.0,112748.0,69900.0
18001013,107467.0,110870.0,69900.0
18001014,101883.0,98548.0,69900.0
18001015,103783.0,98548.0,69900.0
18001016,104867.0,100570.0,69900.0
18001017,102017.0,101548.0,69900.0
18001018,102967.0,101548.0,69900.0
18001019,103917.0,101548.0,69900.0
18001020,101067.0,100570.0,69900.0
18001021,102017.0,104348.0,69900.0
18001022,102967.0,104348.0,69900.0
18001023,103917.0,104348.0,69900.0
18001024,104867.0,105323.0,69900.0
18001025,102017.0,107148.0,69900.0
18001026,102967.0,107148.0,69900.0
18001027,103917.0,107148.0,69900.0
18001028,101067.0,105323.0,69900.0
18001029,104867.0,110870.0,69900.0
18001030,104867.0,112748.0,69900.0
18001031,103783.0,114848.0,69900.0
18001032,101883.0,114848.0,69900.0
18001033,101067.0,108248.0,69900.0
18001034,101067.0,109348.0,69900.0
18001035,104867.0,102481.0,69900.0
18001036,104867.0,103414.0,69900.0
18001037,101067.0,102481.0,69900.0
18001038,101067.0,103414.0,69900.0
18001041,64265.0,106677.0,69899.0
18001042,108667.0,98548.0,69500.0
18001043,109192.0,98548.0,69500.0
18001044,109717.0,98548.0,69500.0
18001045,98067.0,110448.0,69600.0
18001046,98567.0,110448.0,69600.0
18001047,99067.0,110448.0,69600.0
18001048,99567.0,110448.0,69600.0
18001049,100067.0,110448.0,69600.0
18001050,111267.0,108748.0,69500.0
18001051,111267.0,109110.0,69500.0
18001052,111267.0,109473.0,69500.0
18001053,111267.0,109835.0,69500.0
18001054,111267.0,110198.0,69500.0
18001055,101067.0,113448.0,69600.0
18001056,101067.0,113798.0,69600.0
18001057,101067.0,114148.0,69600.0
18001058,101067.0,114498.0,69600.0
18001059,101067.0,114848.0,69600.0
18001060,107467.0,107123.0,69600.0
18001061,107467.0,107541.0,69600.0
18001062,107467.0,107960.0,69600.0
18001063,107467.0,108379.0,69600.0
18001064,107467.0,108798.0,69600.0
18001065,111267.0,107148.0,69500.0
18001066,111267.0,107548.0,69500.0
18001067,111267.0,107948.0,69500.0
18001068,111267.0,108348.0,69500.0
18001069,104867.0,107148.0,69600.0
18001070,104867.0,107560.0,69600.0
18001071,104867.0,107973.0,69600.0
18001072,104867.0,108385.0,69600.0
18001073,104867.0,108798.0,69600.0
18001074,107967.0,107098.0,69550.0
18001075,108367.0,107106.0,69550.0
18001076,108767.0,107114.0,69550.0
18001077,109167.0,107123.0,69550.0
18001078,109567.0,107131.0,69550.0
18001079,109967.0,107139.0,69550.0
18001080,110367.0,107148.0,69550.0
18001081,98067.0,113448.0,69600.0
18001082,98467.0,113448.0,69600.0
18001083,98867.0,113448.0,69600.0
18001084,99267.0,113448.0,69600.0
18001085,99667.0,113448.0,69600.0
18001086,107467.0,98548.0,69500.0
18001087,108067.0,98548.0,69500.0
18001088,54497.0,98548.0,69500.0
18001089,54959.0,98548.0,69500.0
18001090,55422.0,98548.0,69500.0
18001091,55884.0,98548.0,69500.0
18001092,56347.0,98548.0,69500.0
18001093,53847.0,107148.0,69550.0
18001094,54372.0,107123.0,69550.0
18001095,54897.0,107098.0,69550.0
18001096,55422.0,107073.0,69550.0
18001097,55947.0,107048.0,69550.0
18001098,56347.0,113448.0,69550.0
18001099,56347.0,113798.0,69550.0
18001100,56347.0,114148.0,69550.0
18001101,56347.0,114498.0,69550.0
18001102,56347.0,114848.0,69550.0
18001103,19467.0,98548.0,69500.0
18001104,20067.0,98548.0,69500.0
18001105,20667.0,98548.0,69500.0
18001106,28467.0,113448.0,69600.0
18001107,28867.0,113448.0,69600.0
18001108,29267.0,113448.0,69600.0
18001109,29667.0,113448.0,69600.0
18001110,30067.0,113448.0,69600.0
18001111,18417.0,98548.0,69500.0
18001112,18942.0,98548.0,69500.0
18001113,17767.0,107148.0,69550.0
18001114,18167.0,107139.0,69550.0
18001115,18567.0,107131.0,69550.0
18001116,18967.0,107123.0,69550.0
18001117,19367.0,107114.0,69550.0
18001118,19767.0,107106.0,69550.0
18001119,20167.0,107098.0,69550.0
18001120,23267.0,107148.0,69600.0
18001121,23267.0,107560.0,69600.0
18001122,23267.0,107973.0,69600.0
18001123,23267.0,108385.0,69600.0
18001124,23267.0,108798.0,69600.0
18001125,16867.0,107148.0,69500.0
18001126,16867.0,107548.0,69500.0
18001127,16867.0,107948.0,69500.0
18001128,16867.0,108348.0,69500.0
18001129,16867.0,108748.0,69500.0
18001130,28067.0,110448.0,69600.0
18001131,28567.0,110448.0,69600.0
18001132,29067.0,110448.0,69600.0
18001133,29567.0,110448.0,69600.0
18001134,30067.0,110448.0,69600.0
18001135,20667.0,107123.0,69600.0
18001136,20667.0,107541.0,69600.0
18001137,20667.0,107960.0,69600.0
18001138,20667.0,108379.0,69600.0
18001139,20667.0,108798.0,69600.0
18001140,27067.0,113448.0,69600.0
18001141,27067.0,113798.0,69600.0
18001142,27067.0,114148.0,69600.0
18001143,27067.0,114498.0,69600.0
18001144,27067.0,114848.0,69600.0
18001145,16867.0,109110.0,69500.0
18001146,16867.0,109473.0,69500.0
18001147,16867.0,109835.0,69500.0
18001148,16867.0,110198.0,69500.0
18001149,17367.0,114848.0,68800.0
18001150,17367.0,114848.0,67133.0
18001151,17367.0,114848.0,67966.0
18001152,21533.0,114848.0,68900.0
18001153,22400.0,114848.0,68900.0
18001154,21533.0,114848.0,67166.0
18001155,22400.0,114848.0,67166.0
18001156,21533.0,114848.0,68033.0
18001157,22400.0,114848.0,68033.0
18001158,27767.0,114848.0,69000.0
18001159,27767.0,114848.0,67200.0
18001160,27767.0,114848.0,68100.0
18001161,16867.0,111060.0,69100.0
18001162,16867.0,111923.0,69100.0
18001163,16867.0,112785.0,69100.0
18001164,16867.0,111060.0,67133.0
18001165,16867.0,111923.0,67133.0
18001166,16867.0,112785.0,67133.0
18001167,16867.0,111060.0,67966.0
18001168,16867.0,112785.0,67966.0
18001169,16867.0,111923.0,67966.0
18001170,30067.0,114148.0,69000.0
18001171,30067.0,114148.0,67200.0
18001172,30067.0,114148.0,68100.0
18001173,27067.0,111448.0,69000.0
18001174,27067.0,112448.0,69000.0
18001175,27067.0,111448.0,67200.0
18001176,27067.0,112448.0,67200.0
18001177,27067.0,111448.0,68100.0
18001178,27067.0,112448.0,68100.0
18001179,27767.0,113448.0,69300.0
18001180,27767.0,113448.0,67200.0
18001181,27767.0,113448.0,68100.0
18001182,27567.0,110448.0,69000.0
18001183,27567.0,110448.0,67200.0
18001184,27567.0,110448.0,68100.0
18001185,30067.0,111448.0,69300.0
18001186,30067.0,112448.0,69300.0
18001187,30067.0,111448.0,67200.0
18001188,30067.0,112448.0,67200.0
18001189,30067.0,111448.0,68100.0
18001190,30067.0,112448.0,68100.0
18001191,20667.0,109345.0,69000.0
18001192,20667.0,109345.0,67200.0
18001193,20667.0,109345.0,68100.0
18001194,21533.0,108798.0,69300.0
18001195,22400.0,108798.0,69300.0
18001196,21533.0,108798.0,67200.0
18001197,22400.0,108798.0,67200.0
18001198,21533.0,108798.0,68100.0
18001199,22400.0,108798.0,68100.0
18001200,23267.0,109345.0,69000.0
18001201,23267.0,109345.0,67200.0
18001202,23267.0,109345.0,68100.0
18001203,17317.0,107148.0,69100.0
18001204,17317.0,107148.0,67200.0
18001205,17317.0,107148.0,68100.0
18001206,21533.0,107131.0,69300.0
18001207,22400.0,107139.0,69300.0
18001208,21533.0,107131.0,67200.0
18001209,22400.0,107139.0,67200.0
18001210,21533.0,107131.0,68100.0
18001211,22400.0,107139.0,68100.0
18001212,23267.0,106723.0,69000.0
18001213,23267.0,106723.0,67200.0
18001214,23267.0,106723.0,68100.0
18001215,27067.0,106723.0,69000.0
18001216,27067.0,106723.0,67200.0
18001217,27067.0,106723.0,68100.0
18001218,28067.0,107148.0,69000.0
18001219,29067.0,107148.0,69000.0
18001220,28067.0,107148.0,67200.0
18001221,29067.0,107148.0,67200.0
18001222,28067.0,107148.0,68100.0
18001223,29067.0,107148.0,68100.0
18001224,16867.0,101931.0,69000.0
18001225,16867.0,102814.0,69000.0
18001226,16867.0,101931.0,67200.0
18001227,16867.0,102814.0,67200.0
18001228,16867.0,101931.0,68100.0
18001229,16867.0,102814.0,68100.0
18001230,16867.0,99381.0,69000.0
18001231,16867.0,100214.0,69000.0
18001232,16867.0,99381.0,67200.0
18001233,16867.0,100214.0,67200.0
18001234,16867.0,99381.0,68100.0
18001235,16867.0,100214.0,68100.0
18001236,17317.0,101048.0,69000.0
18001237,17317.0,101048.0,67200.0
18001238,17317.0,101048.0,68100.0
18001239,18617.0,101048.0,69000.0
18001240,18617.0,101048.0,67200.0
18001241,18617.0,101048.0,68100.0
18001242,20667.0,99381.0,69000.0
18001243,20667.0,100214.0,69000.0
18001244,20667.0,99381.0,67200.0
18001245,20667.0,100214.0,67200.0
18001246,20667.0,99381.0,68100.0
18001247,20667.0,100214.0,68100.0
18001248,17642.0,98548.0,69000.0
18001249,17642.0,98548.0,67200.0
18001250,17642.0,98548.0,68100.0
18001251,21533.0,98548.0,69000.0
18001252,22400.0,98548.0,69000.0
18001253,21533.0,98548.0,67200.0
18001254,22400.0,98548.0,67200.0
18001255,21533.0,98548.0,68100.0
18001256,22400.0,98548.0,68100.0
18001257,23267.0,99070.0,69000.0
18001258,23267.0,99070.0,67200.0
18001259,23267.0,99070.0,68100.0
18001260,27067.0,99070.0,69000.0
18001261,27067.0,99070.0,67200.0
18001262,27067.0,99070.0,68100.0
18001263,28067.0,98548.0,69000.0
18001264,29067.0,98548.0,69000.0
18001265,28067.0,98548.0,67200.0
18001266,29067.0,98548.0,67200.0
18001267,28067.0,98548.0,68100.0
18001268,29067.0,98548.0,68100.0
18001269,16867.0,114248.0,68800.0
18001270,16867.0,114248.0,67133.0
18001271,16867.0,114248.0,67966.0
18001272,20667.0,114248.0,68800.0
18001273,20667.0,114248.0,67133.0
18001274,20667.0,114248.0,67966.0
18001275,20292.0,114848.0,68800.0
18001276,20292.0,114848.0,67133.0
18001277,20292.0,114848.0,67966.0
18001278,18142.0,114848.0,68800.0
18001279,18145.0,114848.0,69350.0
18001280,18642.0,114848.0,69350.0
18001281,19142.0,114848.0,69350.0
18001282,19639.0,114848.0,69350.0
18001283,19642.0,114848.0,68800.0
18001284,18142.0,114848.0,67133.0
18001285,19642.0,114848.0,67133.0
18001286,18142.0,114848.0,67966.0
18001287,19642.0,114848.0,67966.0
18001288,18642.0,114848.0,68800.0
18001289,19142.0,114848.0,68800.0
18001290,29267.0,114848.0,69000.0
18001291,29267.0,114848.0,67200.0
18001292,29267.0,114848.0,68100.0
18001293,20067.0,101048.0,69000.0
18001294,20067.0,101048.0,67200.0
18001295,20067.0,101048.0,68100.0
18001296,16867.0,104698.0,69000.0
18001297,16867.0,105698.0,69000.0
18001298,16867.0,104698.0,67200.0
18001299,16867.0,105698.0,67200.0
18001300,16867.0,104698.0,68100.0
18001301,16867.0,105698.0,68100.0
18001302,20667.0,106710.0,69000.0
18001303,20667.0,106710.0,67200.0
18001304,20667.0,106710.0,68100.0
18001305,23267.0,114248.0,69000.0
18001306,23267.0,114248.0,67200.0
18001307,23267.0,114248.0,68100.0
18001308,30067.0,99381.0,69000.0
18001309,30067.0,100214.0,69000.0
18001310,30067.0,99381.0,67200.0
18001311,30067.0,100214.0,67200.0
18001312,30067.0,99381.0,68100.0
18001313,30067.0,100214.0,68100.0
18001314,30067.0,105281.0,69000.0
18001315,30067.0,106214.0,69000.0
18001316,30067.0,105281.0,67200.0
18001317,30067.0,106214.0,67200.0
18001318,30067.0,105281.0,68100.0
18001319,30067.0,106214.0,68100.0
18001320,30067.0,102481.0,69000.0
18001321,30067.0,103414.0,69000.0
18001322,30067.0,102481.0,67200.0
18001323,30067.0,103414.0,67200.0
18001324,30067.0,102481.0,68100.0
18001325,30067.0,103414.0,68100.0
18001326,60347.0,101873.0,68800.0
18001327,60347.0,102698.0,68800.0
18001328,60347.0,103523.0,68800.0
18001329,60347.0,101873.0,67133.0
18001330,60347.0,102698.0,67133.0
18001331,60347.0,103523.0,67133.0
18001332,60347.0,101873.0,67966.0
18001333,60347.0,103523.0,67966.0
18001334,60347.0,102698.0,67966.0
18001335,63747.0,111328.0,68800.0
18001336,63747.0,112208.0,68800.0
18001337,63747.0,113088.0,68800.0
18001338,63747.0,113968.0,68800.0
18001339,63747.0,111328.0,67133.0
18001340,63747.0,112208.0,67133.0
18001341,63747.0,113088.0,67133.0
18001342,63747.0,113968.0,67133.0
18001343,63747.0,111328.0,67966.0
18001344,63747.0,113968.0,67966.0
18001345,63747.0,112208.0,67966.0
18001346,63747.0,113088.0,67966.0
18001347,61022.0,114848.0,68800.0
18001348,61697.0,114848.0,68800.0
18001349,61700.0,114848.0,69350.0
18001350,62197.0,114848.0,69350.0
18001351,62697.0,114848.0,69350.0
18001352,63194.0,114848.0,69350.0
18001353,63197.0,114848.0,68800.0
18001354,61022.0,114848.0,67133.0
18001355,61697.0,114848.0,67133.0
18001356,63197.0,114848.0,67133.0
18001357,61022.0,114848.0,67966.0
18001358,63197.0,114848.0,67966.0
18001359,62197.0,114848.0,68800.0
18001360,61697.0,114848.0,67966.0
18001361,62697.0,114848.0,68800.0
18001362,52947.0,104560.0,69000.0
18001363,52947.0,105423.0,69000.0
18001364,52947.0,106285.0,69000.0
18001365,52947.0,104560.0,67200.0
18001366,52947.0,105423.0,67200.0
18001367,52947.0,106285.0,67200.0
18001368,52947.0,104560.0,68100.0
18001369,52947.0,106285.0,68100.0
18001370,52947.0,105423.0,68100.0
18001371,53722.0,98548.0,69000.0
18001372,53722.0,98548.0,67200.0
18001373,53722.0,98548.0,68100.0
18001374,52947.0,99381.0,69000.0
18001375,52947.0,100214.0,69000.0
18001376,52947.0,99381.0,67200.0
18001377,52947.0,100214.0,67200.0
18001378,52947.0,99381.0,68100.0
18001379,52947.0,100214.0,68100.0
18001380,52947.0,101931.0,69000.0
18001381,52947.0,102814.0,69000.0
18001382,52947.0,101931.0,67200.0
18001383,52947.0,102814.0,67200.0
18001384,52947.0,101931.0,68100.0
18001385,52947.0,102814.0,68100.0
18001386,53397.0,101048.0,69000.0
18001387,53397.0,101048.0,67200.0
18001388,53397.0,101048.0,68100.0
18001389,53397.0,107148.0,69000.0
18001390,53397.0,107148.0,67200.0
18001391,53397.0,107148.0,68100.0
18001392,56347.0,111328.0,69000.0
18001393,56347.0,112208.0,69000.0
18001394,56347.0,113088.0,69000.0
18001395,56347.0,111328.0,67200.0
18001396,56347.0,112208.0,67200.0
18001397,56347.0,113088.0,67200.0
18001398,56347.0,111328.0,68100.0
18001399,56347.0,113088.0,68100.0
18001400,56347.0,112208.0,68100.0
18001401,52947.0,111128.0,68800.0
18001402,52947.0,112058.0,68800.0
18001403,52947.0,112988.0,68800.0
18001404,52947.0,113918.0,68800.0
18001405,52947.0,111128.0,67133.0
18001406,52947.0,112058.0,67133.0
18001407,52947.0,112988.0,67133.0
18001408,52947.0,113918.0,67133.0
18001409,52947.0,111128.0,67966.0
18001410,52947.0,113918.0,67966.0
18001411,52947.0,112058.0,67966.0
18001412,52947.0,112988.0,67966.0
18001413,53622.0,114848.0,68800.0
18001414,54297.0,114848.0,68800.0
18001415,54300.0,114848.0,69350.0
18001416,54797.0,114848.0,69350.0
18001417,55297.0,114848.0,69350.0
18001418,55794.0,114848.0,69350.0
18001419,55797.0,114848.0,68800.0
18001420,53622.0,114848.0,67133.0
18001421,54297.0,114848.0,67133.0
18001422,55797.0,114848.0,67133.0
18001423,53622.0,114848.0,67966.0
18001424,55797.0,114848.0,67966.0
18001425,54797.0,114848.0,68800.0
18001426,54297.0,114848.0,67966.0
18001427,55297.0,114848.0,68800.0
18001428,56347.0,106673.0,69000.0
18001429,56347.0,106673.0,67200.0
18001430,56347.0,106673.0,68100.0
18001431,56347.0,99381.0,69000.0
18001432,56347.0,100214.0,69000.0
18001433,56347.0,99381.0,67200.0
18001434,56347.0,100214.0,67200.0
18001435,56347.0,99381.0,68100.0
18001436,56347.0,100214.0,68100.0
18001437,63747.0,102064.0,68900.0
18001438,63747.0,103081.0,68900.0
18001439,63747.0,104098.0,68900.0
18001440,63747.0,105114.0,68900.0
18001441,63747.0,106131.0,68900.0
18001442,63747.0,102064.0,67166.0
18001443,63747.0,103081.0,67166.0
18001444,63747.0,104098.0,67166.0
18001445,63747.0,105114.0,67166.0
18001446,63747.0,106131.0,67166.0
18001447,63747.0,102064.0,68033.0
18001448,63747.0,106131.0,68033.0
18001449,63747.0,103081.0,68033.0
18001450,63747.0,104098.0,68033.0
18001451,63747.0,105114.0,68033.0
18001452,63747.0,99381.0,68800.0
18001453,63747.0,100214.0,68800.0
18001454,63747.0,99381.0,67133.0
18001455,63747.0,100214.0,67133.0
18001456,63747.0,99381.0,67966.0
18001457,63747.0,100214.0,67966.0
18001458,54680.0,101048.0,69000.0
18001459,55513.0,101048.0,69000.0
18001460,54680.0,101048.0,67200.0
18001461,55513.0,101048.0,67200.0
18001462,54680.0,101048.0,68100.0
18001463,55513.0,101048.0,68100.0
18001464,60822.0,98548.0,68800.0
18001465,61297.0,98548.0,68800.0
18001466,61300.0,98548.0,69350.0
18001467,61797.0,98548.0,69350.0
18001468,62297.0,98548.0,69350.0
18001469,62794.0,98548.0,69350.0
18001470,62797.0,98548.0,68800.0
18001471,63272.0,98548.0,68800.0
18001472,60822.0,98548.0,67133.0
18001473,61297.0,98548.0,67133.0
18001474,63272.0,98548.0,67133.0
18001475,62797.0,98548.0,67133.0
18001476,60822.0,98548.0,67966.0
18001477,63272.0,98548.0,67966.0
18001478,61797.0,98548.0,68800.0
18001479,61297.0,98548.0,67966.0
18001480,62297.0,98548.0,68800.0
18001481,62797.0,98548.0,67966.0
18001482,61197.0,101048.0,68800.0
18001483,62047.0,101048.0,68800.0
18001484,62897.0,101048.0,68800.0
18001485,61197.0,101048.0,67133.0
18001486,62047.0,101048.0,67133.0
18001487,62897.0,101048.0,67133.0
18001488,61197.0,101048.0,67966.0
18001489,62897.0,101048.0,67966.0
18001490,62047.0,101048.0,67966.0
18001491,111267.0,104698.0,69000.0
18001492,111267.0,105698.0,69000.0
18001493,111267.0,104698.0,67200.0
18001494,111267.0,105698.0,67200.0
18001495,111267.0,104698.0,68100.0
18001496,111267.0,105698.0,68100.0
18001497,108067.0,101048.0,69000.0
18001498,108067.0,101048.0,67200.0
18001499,108067.0,101048.0,68100.0
18001500,98867.0,114848.0,69000.0
18001501,98867.0,114848.0,67200.0
18001502,98867.0,114848.0,68100.0
18001503,108492.0,114848.0,68800.0
18001504,108495.0,114848.0,69350.0
18001505,108992.0,114848.0,69350.0
18001506,109492.0,114848.0,69350.0
18001507,109989.0,114848.0,69350.0
18001508,109992.0,114848.0,68800.0
18001509,108492.0,114848.0,67133.0
18001510,109992.0,114848.0,67133.0
18001511,108492.0,114848.0,67966.0
18001512,109992.0,114848.0,67966.0
18001513,108992.0,114848.0,68800.0
18001514,109492.0,114848.0,68800.0
18001515,107842.0,114848.0,68900.0
18001516,107842.0,114848.0,67166.0
18001517,107842.0,114848.0,68033.0
18001518,107467.0,114248.0,68900.0
18001519,107467.0,114248.0,67166.0
18001520,107467.0,114248.0,68033.0
18001521,111267.0,114248.0,69000.0
18001522,111267.0,114248.0,67200.0
18001523,111267.0,114248.0,68100.0
18001524,110767.0,114848.0,68900.0
18001525,110767.0,114848.0,67166.0
18001526,110767.0,114848.0,68033.0
18001527,110492.0,98548.0,69000.0
18001528,110492.0,98548.0,67200.0
18001529,110492.0,98548.0,68100.0
18001530,99067.0,98548.0,69000.0
18001531,100067.0,98548.0,69000.0
18001532,99067.0,98548.0,67200.0
18001533,100067.0,98548.0,67200.0
18001534,99067.0,98548.0,68100.0
18001535,100067.0,98548.0,68100.0
18001536,105733.0,98548.0,69000.0
18001537,106600.0,98548.0,69000.0
18001538,105733.0,98548.0,67200.0
18001539,106600.0,98548.0,67200.0
18001540,105733.0,98548.0,68100.0
18001541,106600.0,98548.0,68100.0
18001542,101067.0,99070.0,69000.0
18001543,101067.0,99070.0,67200.0
18001544,101067.0,99070.0,68100.0
18001545,104867.0,99070.0,69000.0
18001546,104867.0,99070.0,67200.0
18001547,104867.0,99070.0,68100.0
18001548,107467.0,99381.0,69000.0
18001549,107467.0,100214.0,69000.0
18001550,107467.0,99381.0,67200.0
18001551,107467.0,100214.0,67200.0
18001552,107467.0,99381.0,68100.0
18001553,107467.0,100214.0,68100.0
18001554,109517.0,101048.0,69000.0
18001555,109517.0,101048.0,67200.0
18001556,109517.0,101048.0,68100.0
18001557,110817.0,101048.0,69000.0
18001558,110817.0,101048.0,67200.0
18001559,110817.0,101048.0,68100.0
18001560,111267.0,99381.0,69000.0
18001561,111267.0,100214.0,69000.0
18001562,111267.0,99381.0,67200.0
18001563,111267.0,100214.0,67200.0
18001564,111267.0,99381.0,68100.0
18001565,111267.0,100214.0,68100.0
18001566,111267.0,101931.0,69000.0
18001567,111267.0,102814.0,69000.0
18001568,111267.0,101931.0,67200.0
18001569,111267.0,102814.0,67200.0
18001570,111267.0,101931.0,68100.0
18001571,111267.0,102814.0,68100.0
18001572,99067.0,107148.0,69000.0
18001573,100067.0,107148.0,69000.0
18001574,99067.0,107148.0,67200.0
18001575,100067.0,107148.0,67200.0
18001576,99067.0,107148.0,68100.0
18001577,100067.0,107148.0,68100.0
18001578,101067.0,106723.0,69000.0
18001579,101067.0,106723.0,67200.0
18001580,101067.0,106723.0,68100.0
18001581,104867.0,106723.0,69000.0
18001582,104867.0,106723.0,67200.0
18001583,104867.0,106723.0,68100.0
18001584,105733.0,107139.0,69300.0
18001585,106600.0,107131.0,69300.0
18001586,105733.0,107139.0,67200.0
18001587,106600.0,107131.0,67200.0
18001588,105733.0,107139.0,68100.0
18001589,106600.0,107131.0,68100.0
18001590,110817.0,107148.0,69100.0
18001591,110817.0,107148.0,67200.0
18001592,110817.0,107148.0,68100.0
18001593,104867.0,109345.0,69000.0
18001594,104867.0,109345.0,67200.0
18001595,104867.0,109345.0,68100.0
18001596,105733.0,108798.0,69300.0
18001597,106600.0,108798.0,69300.0
18001598,105733.0,108798.0,67200.0
18001599,106600.0,108798.0,67200.0
18001600,105733.0,108798.0,68100.0
18001601,106600.0,108798.0,68100.0
18001602,107467.0,109345.0,69000.0
18001603,107467.0,109345.0,67200.0
18001604,107467.0,109345.0,68100.0
18001605,98067.0,111448.0,69300.0
18001606,98067.0,112448.0,69300.0
18001607,98067.0,111448.0,67200.0
18001608,98067.0,112448.0,67200.0
18001609,98067.0,111448.0,68100.0
18001610,98067.0,112448.0,68100.0
18001611,100567.0,110448.0,69000.0
18001612,100567.0,110448.0,67200.0
18001613,100567.0,110448.0,68100.0
18001614,100367.0,113448.0,69300.0
18001615,100367.0,113448.0,67200.0
18001616,100367.0,113448.0,68100.0
18001617,101067.0,111448.0,69000.0
18001618,101067.0,112448.0,69000.0
18001619,101067.0,111448.0,67200.0
18001620,101067.0,112448.0,67200.0
18001621,101067.0,111448.0,68100.0
18001622,101067.0,112448.0,68100.0
18001623,98067.0,114148.0,69000.0
18001624,98067.0,114148.0,67200.0
18001625,98067.0,114148.0,68100.0
18001626,111267.0,111060.0,69000.0
18001627,111267.0,111923.0,69000.0
18001628,111267.0,112785.0,69000.0
18001629,111267.0,111060.0,67200.0
18001630,111267.0,111923.0,67200.0
18001631,111267.0,112785.0,67200.0
18001632,111267.0,111060.0,68100.0
18001633,111267.0,112785.0,68100.0
18001634,111267.0,111923.0,68100.0
18001635,100367.0,114848.0,69000.0
18001636,100367.0,114848.0,67200.0
18001637,100367.0,114848.0,68100.0
18001638,105733.0,114848.0,69000.0
18001639,106600.0,114848.0,69000.0
18001640,105733.0,114848.0,67200.0
18001641,106600.0,114848.0,67200.0
18001642,105733.0,114848.0,68100.0
18001643,106600.0,114848.0,68100.0
18001644,107467.0,106710.0,69000.0
18001645,107467.0,106710.0,67200.0
18001646,107467.0,106710.0,68100.0
18001647,98067.0,102481.0,69000.0
18001648,98067.0,103414.0,69000.0
18001649,98067.0,102481.0,67200.0
18001650,98067.0,103414.0,67200.0
18001651,98067.0,102481.0,68100.0
18001652,98067.0,103414.0,68100.0
18001653,98067.0,105281.0,69000.0
18001654,98067.0,106214.0,69000.0
18001655,98067.0,105281.0,67200.0
18001656,98067.0,106214.0,67200.0
18001657,98067.0,105281.0,68100.0
18001658,98067.0,106214.0,68100.0
18001659,104867.0,114248.0,69000.0
18001660,104867.0,114248.0,67200.0
18001661,104867.0,114248.0,68100.0
18001662,98067.0,99381.0,69000.0
18001663,98067.0,100214.0,69000.0
18001664,98067.0,99381.0,67200.0
18001665,98067.0,100214.0,67200.0
18001666,98067.0,99381.0,68100.0
18001667,98067.0,100214.0,68100.0
18001668,61197.0,110448.0,68800.0
18001669,62047.0,110448.0,68800.0
18001670,62897.0,110448.0,68800.0
18001671,61197.0,110448.0,67133.0
18001672,62047.0,110448.0,67133.0
18001673,62897.0,110448.0,67133.0
18001674,61197.0,110448.0,67966.0
18001675,62897.0,110448.0,67966.0
18001676,62047.0,110448.0,67966.0
18001677,24276.0,113839.0,69900.0
18001678,24243.0,112886.0,69900.0
18001679,24231.0,111941.0,69900.0
18001680,24227.0,110977.0,69900.0
18001681,24224.0,110000.0,69900.0
18001682,24222.0,109011.0,69900.0
18001683,24219.0,108072.0,69900.0
18001684,25257.0,113924.0,69900.0
18001685,25204.0,113003.0,69900.0
18001686,25187.0,112064.0,69900.0
18001687,25181.0,111102.0,69900.0
18001688,25177.0,110120.0,69900.0
18001689,25173.0,109127.0,69900.0
18001690,25170.0,108135.0,69900.0
18001691,26173.0,114011.0,69900.0
18001692,26142.0,113153.0,69900.0
18001693,26131.0,112222.0,69900.0
18001694,26127.0,111252.0,69900.0
18001695,26124.0,110256.0,69900.0
18001696,26121.0,109228.0,69900.0
18001697,26119.0,108190.0,69900.0
18001698,27767.0,114148.0,69900.0
18001699,29267.0,114148.0,69900.0
18001700,17833.0,112807.0,69900.0
18001701,17803.0,111978.0,69900.0
18001702,17814.0,109560.0,69900.0
18001703,17803.0,110360.0,69900.0
18001704,17797.0,111175.0,69900.0
18001705,18747.0,110499.0,69900.0
18001706,18711.0,111308.0,69900.0
18001707,18758.0,109644.0,69900.0
18001708,18725.0,111989.0,69900.0
18001709,18796.0,112799.0,69900.0
18001710,19605.0,111720.0,69900.0
18001711,19687.0,110724.0,69900.0
18001712,19711.0,109759.0,69900.0
18001713,19736.0,112715.0,69900.0
18001714,17727.0,107952.0,69900.0
18001715,18522.0,107951.0,69900.0
18001716,19173.0,107945.0,69900.0
18001717,19928.0,107945.0,69900.0
18001718,21533.0,107964.0,69900.0
18001719,22400.0,107968.0,69900.0
18001720,24217.0,106235.0,69900.0
18001721,24217.0,105296.0,69900.0
18001722,25167.0,106224.0,69900.0
18001723,25167.0,105289.0,69900.0
18001724,26117.0,106235.0,69900.0
18001725,26117.0,105296.0,69900.0
18001726,17733.0,100214.0,69900.0
18001727,17704.0,99381.0,69900.0
18001728,18596.0,100214.0,69900.0
18001729,18559.0,99381.0,69900.0
18001730,24217.0,103414.0,69900.0
18001731,24217.0,102481.0,69900.0
18001732,25167.0,103414.0,69900.0
18001733,25167.0,102481.0,69900.0
18001734,26117.0,103414.0,69900.0
18001735,26117.0,102481.0,69900.0
18001736,24235.0,100556.0,69900.0
18001737,24271.0,99559.0,69900.0
18001738,25193.0,100552.0,69900.0
18001739,25253.0,99553.0,69900.0
18001740,26135.0,100556.0,69900.0
18001741,26171.0,99558.0,69900.0
18001742,53835.0,107943.0,69900.0
18001743,54736.0,107923.0,69900.0
18001744,55602.0,107903.0,69900.0
18001745,109538.0,100214.0,69900.0
18001746,109574.0,99381.0,69900.0
18001747,110401.0,100214.0,69900.0
18001748,110429.0,99381.0,69900.0
18001749,98867.0,114148.0,69900.0
18001750,100367.0,114148.0,69900.0
18001751,108372.0,112745.0,69900.0
18001752,108436.0,111814.0,69900.0
18001753,108445.0,109786.0,69900.0
18001754,108536.0,110807.0,69900.0
18001755,109424.0,111113.0,69900.0
18001756,109371.0,111930.0,69900.0
18001757,109425.0,110435.0,69900.0
18001758,109388.0,109627.0,69900.0
18001759,109326.0,112783.0,69900.0
18001760,110341.0,110329.0,69900.0
18001761,110337.0,111124.0,69900.0
18001762,110328.0,109547.0,69900.0
18001763,110293.0,112795.0,69900.0
18001764,110320.0,111948.0,69900.0
18001765,101998.0,100556.0,69900.0
18001766,101962.0,99558.0,69900.0
18001767,102940.0,100552.0,69900.0
18001768,102881.0,99553.0,69900.0
18001769,103898.0,100556.0,69900.0
18001770,103862.0,99559.0,69900.0
18001771,108205.0,107945.0,69900.0
18001772,108960.0,107945.0,69900.0
18001773,109611.0,107951.0,69900.0
18001774,110406.0,107952.0,69900.0
18001775,102017.0,106235.0,69900.0
18001776,102017.0,105296.0,69900.0
18001777,102967.0,106224.0,69900.0
18001778,102967.0,105289.0,69900.0
18001779,103917.0,106235.0,69900.0
18001780,103917.0,105296.0,69900.0
18001781,101960.0,114011.0,69900.0
18001782,101992.0,113153.0,69900.0
18001783,102002.0,112222.0,69900.0
18001784,102007.0,111252.0,69900.0
18001785,102010.0,110256.0,69900.0
18001786,102012.0,109228.0,69900.0
18001787,102014.0,108190.0,69900.0
18001788,102877.0,113924.0,69900.0
18001789,102929.0,113003.0,69900.0
18001790,102946.0,112064.0,69900.0
18001791,102953.0,111102.0,69900.0
18001792,102957.0,110120.0,69900.0
18001793,102960.0,109127.0,69900.0
18001794,102963.0,108135.0,69900.0
18001795,103858.0,113839.0,69900.0
18001796,103890.0,112886.0,69900.0
18001797,103902.0,111941.0,69900.0
18001798,103907.0,110977.0,69900.0
18001799,103910.0,110000.0,69900.0
18001800,103912.0,109011.0,69900.0
18001801,103914.0,108072.0,69900.0
18001802,102017.0,103414.0,69900.0
18001803,102017.0,102481.0,69900.0
18001804,102967.0,103414.0,69900.0
18001805,102967.0,102481.0,69900.0
18001806,103917.0,103414.0,69900.0
18001807,103917.0,102481.0,69900.0
18001808,105733.0,107968.0,69900.0
18001809,106600.0,107964.0,69900.0
19000001,23267.0,114848.0,73500.0
19000002,27067.0,114848.0,73500.0
19000003,20667.0,114848.0,73500.0
19000004,30067.0,114848.0,73500.0
19000005,27067.0,113448.0,73500.0
19000006,27067.0,110448.0,73500.0
19000007,30067.0,113448.0,73500.0
19000008,20667.0,111848.0,73500.0
19000009,20667.0,108798.0,73500.0
19000010,23267.0,111848.0,73500.0
19000011,16867.0,108748.0,73500.0
19000012,23267.0,108798.0,73500.0
19000013,16867.0,107148.0,73500.0
19000014,30067.0,107148.0,73500.0
19000015,23267.0,107148.0,73500.0
19000016,20667.0,107123.0,73500.0
19000017,27067.0,107148.0,73500.0
19000018,16867.0,101048.0,73500.0
19000019,17767.0,107148.0,73500.0
19000020,17767.0,101048.0,73500.0
19000021,20667.0,104348.0,73500.0
19000022,23267.0,104348.0,73500.0
19000023,27067.0,104348.0,73500.0
19000024,20667.0,101548.0,73500.0
19000025,20667.0,101048.0,73500.0
19000026,23267.0,101548.0,73500.0
19000027,27067.0,101548.0,73500.0
19000028,20667.0,98548.0,73500.0
19000029,23267.0,98548.0,73500.0
19000030,27067.0,98548.0,73500.0
19000031,16867.0,110198.0,73500.0
19000032,30067.0,110448.0,73500.0
19000033,23267.0,109893.0,73500.0
19000034,28067.0,110448.0,73500.0
19000035,23267.0,106298.0,73500.0
19000036,27067.0,106298.0,73500.0
19000037,20167.0,107098.0,73500.0
19000038,23267.0,99593.0,73500.0
19000039,27067.0,99593.0,73500.0
19000040,18417.0,98548.0,73500.0
19000041,20667.0,113648.0,73500.0
19000042,16867.0,113648.0,73500.0
19000043,19917.0,113648.0,73500.0
19000044,19917.0,114848.0,73500.0
19000045,17867.0,113648.0,73500.0
19000046,17867.0,114848.0,73500.0
19000047,28467.0,113448.0,73500.0
19000048,28467.0,114848.0,73500.0
19000049,19467.0,98548.0,73500.0
19000050,19467.0,101048.0,73500.0
19000051,17767.0,103698.0,73500.0
19000052,16867.0,103698.0,73500.0
19000053,20667.0,106298.0,73500.0
19000054,23267.0,113648.0,73500.0
19000055,20667.0,109893.0,73500.0
19000056,4867.0,114848.0,73500.0
19000057,4867.0,106698.0,73500.0
19000058,4867.0,98548.0,73500.0
19000059,4867.0,87098.0,73500.0
19000060,4867.0,126298.0,73500.0
19000061,9467.0,126348.0,73500.0
19000062,13067.0,126348.0,73500.0
19000063,124067.0,114848.0,73500.0
19000064,124067.0,106698.0,73500.0
19000065,124067.0,98548.0,73500.0
19000066,124067.0,87098.0,73500.0
19000067,124067.0,126298.0,73500.0
19000068,30067.0,98548.0,73500.0
19000069,30067.0,101048.0,73500.0
19000070,30067.0,104348.0,73500.0
19000071,30067.0,101548.0,73500.0
19000072,13067.0,87048.0,73500.0
19000073,9467.0,87048.0,73500.0
19000074,63747.0,110448.0,73500.0
19000075,60347.0,101048.0,73500.0
19000076,60347.0,107048.0,73500.0
19000077,63747.0,107148.0,73500.0
19000078,52947.0,114848.0,73500.0
19000079,56347.0,108748.0,73500.0
19000080,52947.0,103698.0,73500.0
19000081,53847.0,103698.0,73500.0
19000082,54497.0,98548.0,73500.0
19000083,56347.0,110448.0,73500.0
19000084,52947.0,110198.0,73500.0
19000085,56347.0,113448.0,73500.0
19000086,52947.0,101048.0,73500.0
19000087,53847.0,101048.0,73500.0
19000088,53847.0,107148.0,73500.0
19000089,52947.0,107148.0,73500.0
19000090,56347.0,107048.0,73500.0
19000091,52947.0,108748.0,73500.0
19000092,56347.0,101548.0,73500.0
19000093,55947.0,107048.0,73500.0
19000094,56347.0,106298.0,73500.0
19000095,60347.0,110448.0,73500.0
19000096,56347.0,104348.0,73500.0
19000097,56347.0,101048.0,73500.0
19000098,63747.0,101048.0,73500.0
19000099,52947.0,98548.0,73500.0
19000100,60347.0,104348.0,73500.0
19000101,119800.0,87048.0,73500.0
19000102,115533.0,87048.0,73500.0
19000103,111267.0,103698.0,73500.0
19000104,110367.0,103698.0,73500.0
19000105,108667.0,101048.0,73500.0
19000106,108667.0,98548.0,73500.0
19000107,99667.0,114848.0,73500.0
19000108,99667.0,113448.0,73500.0
19000109,110267.0,114848.0,73500.0
19000110,110267.0,113648.0,73500.0
19000111,108217.0,114848.0,73500.0
19000112,108217.0,113648.0,73500.0
19000113,111267.0,113648.0,73500.0
19000114,107467.0,113648.0,73500.0
19000115,109717.0,98548.0,73500.0
19000116,101067.0,99593.0,73500.0
19000117,104867.0,99593.0,73500.0
19000118,107967.0,107098.0,73500.0
19000119,101067.0,106298.0,73500.0
19000120,104867.0,106298.0,73500.0
19000121,100067.0,110448.0,73500.0
19000122,104867.0,109893.0,73500.0
19000123,98067.0,110448.0,73500.0
19000124,111267.0,110198.0,73500.0
19000125,101067.0,98548.0,73500.0
19000126,104867.0,98548.0,73500.0
19000127,107467.0,98548.0,73500.0
19000128,101067.0,101548.0,73500.0
19000129,104867.0,101548.0,73500.0
19000130,107467.0,101048.0,73500.0
19000131,107467.0,101548.0,73500.0
19000132,101067.0,104348.0,73500.0
19000133,104867.0,104348.0,73500.0
19000134,107467.0,104348.0,73500.0
19000135,110367.0,101048.0,73500.0
19000136,110367.0,107148.0,73500.0
19000137,111267.0,101048.0,73500.0
19000138,101067.0,107148.0,73500.0
19000139,107467.0,107123.0,73500.0
19000140,104867.0,107148.0,73500.0
19000141,98067.0,107148.0,73500.0
19000142,111267.0,107148.0,73500.0
19000143,104867.0,108798.0,73500.0
19000144,111267.0,108748.0,73500.0
19000145,104867.0,111848.0,73500.0
19000146,107467.0,108798.0,73500.0
19000147,107467.0,111848.0,73500.0
19000148,98067.0,113448.0,73500.0
19000149,101067.0,110448.0,73500.0
19000150,101067.0,113448.0,73500.0
19000151,98067.0,114848.0,73500.0
19000152,107467.0,114848.0,73500.0
19000153,101067.0,114848.0,73500.0
19000154,104867.0,114848.0,73500.0
19000155,107467.0,106298.0,73500.0
19000156,98067.0,101548.0,73500.0
19000157,98067.0,104348.0,73500.0
19000158,107467.0,109893.0,73500.0
19000159,104867.0,113648.0,73500.0
19000160,98067.0,101048.0,73500.0
19000161,98067.0,98548.0,73500.0
19000162,63747.0,98548.0,73500.0
19000163,56347.0,98548.0,73500.0
19000164,56347.0,114848.0,73500.0
19000165,63747.0,114848.0,73500.0
19000166,60347.0,114848.0,73500.0
19000167,60347.0,98548.0,73500.0
19000168,30067.0,87098.0,73500.0
19000169,30067.0,126298.0,73500.0
19000170,16867.0,98548.0,73500.0
19000171,16867.0,114848.0,73500.0
19000172,16867.0,106698.0,73500.0
19000173,16867.0,87098.0,73500.0
19000174,16867.0,126298.0,73500.0
19000175,111267.0,126298.0,73500.0
19000176,111267.0,87098.0,73500.0
19000177,98067.0,87098.0,73500.0
19000178,98067.0,126298.0,73500.0
19000179,111267.0,106698.0,73500.0
19000180,111267.0,114848.0,73500.0
19000181,111267.0,98548.0,73500.0
19000182,41507.0,126298.0,73500.0
19000183,41507.0,87098.0,73500.0
19000184,52947.0,87098.0,73500.0
19000185,52947.0,126298.0,73500.0
19000186,75187.0,87098.0,73500.0
19000187,75187.0,126298.0,73500.0
19000188,86627.0,126298.0,73500.0
19000189,86627.0,87098.0,73500.0
19000190,102700.0,87048.0,73500.0
19000191,47227.0,126348.0,73500.0
19000192,47227.0,87048.0,73500.0
19000193,35787.0,126348.0,73500.0
19000194,35787.0,87048.0,73500.0
19000195,25433.0,126348.0,73500.0
19000196,25433.0,114848.0,73500.0
19000197,25433.0,87048.0,73500.0
19000198,25433.0,98548.0,73500.0
19000199,20667.0,87048.0,73500.0
19000200,20667.0,126348.0,73500.0
19000201,102700.0,126348.0,73500.0
19000202,102700.0,114848.0,73500.0
19000203,107467.0,126348.0,73500.0
19000204,107467.0,87048.0,73500.0
19000205,58322.0,87048.0,73500.0
19000206,58322.0,126348.0,73500.0
19000207,58322.0,114848.0,73500.0
19000208,69467.0,126348.0,73500.0
19000209,69467.0,87048.0,73500.0
19000210,80907.0,126348.0,73500.0
19000211,80907.0,87048.0,73500.0
19000212,92347.0,126348.0,73500.0
19000213,92347.0,87048.0,73500.0
19000214,119800.0,126348.0,73500.0
19000215,115533.0,126348.0,73500.0
19000216,30067.0,106698.0,73500.0
19000217,52947.0,106698.0,73500.0
19000218,63747.0,106698.0,73500.0
19000219,58322.0,98548.0,73500.0
19000220,98067.0,106698.0,73500.0
19000221,102700.0,98548.0,73500.0
19000222,47227.0,106698.0,73500.0
19000223,47227.0,98548.0,73500.0
19000224,47227.0,114848.0,73500.0
19000225,35787.0,106698.0,73500.0
19000226,35787.0,98548.0,73500.0
19000227,35787.0,114848.0,73500.0
19000228,69467.0,106698.0,73500.0
19000229,69467.0,98548.0,73500.0
19000230,69467.0,114848.0,73500.0
19000231,80907.0,106698.0,73500.0
19000232,80907.0,98548.0,73500.0
19000233,80907.0,114848.0,73500.0
19000234,92347.0,106698.0,73500.0
19000235,92347.0,98548.0,73500.0
19000236,92347.0,114848.0,73500.0
19000237,119800.0,106698.0,73500.0
19000238,119800.0,98548.0,73500.0
19000239,119800.0,114848.0,73500.0
19000240,115533.0,106698.0,73500.0
19000241,115533.0,98548.0,73500.0
19000242,115533.0,114848.0,73500.0
19000243,86627.0,106698.0,73500.0
19000244,86627.0,98548.0,73500.0
19000245,86627.0,114848.0,73500.0
19000246,75187.0,106698.0,73500.0
19000247,75187.0,98548.0,73500.0
19000248,75187.0,114848.0,73500.0
19000249,41507.0,106698.0,73500.0
19000250,41507.0,98548.0,73500.0
19000251,41507.0,114848.0,73500.0
19000252,13067.0,106698.0,73500.0
19000253,13067.0,98548.0,73500.0
19000254,13067.0,114848.0,73500.0
19000255,9467.0,106698.0,73500.0
19000256,9467.0,98548.0,73500.0
19000257,9467.0,114848.0,73500.0
19000258,63747.0,87098.0,73500.0
19000259,63747.0,126298.0,73500.0
19000260,16867.0,108748.0,72700.0
19000261,16867.0,110198.0,72700.0
19000262,27067.0,113448.0,72900.0
19000263,27067.0,114848.0,72900.0
19000264,20667.0,107123.0,72900.0
19000265,20667.0,108798.0,72900.0
19000266,28067.0,110448.0,72900.0
19000267,30067.0,110448.0,72900.0
19000268,16867.0,107148.0,72700.0
19000269,23267.0,107148.0,72900.0
19000270,23267.0,108798.0,72900.0
19000271,17767.0,107148.0,72800.0
19000272,20167.0,107098.0,72800.0
19000273,18417.0,98548.0,72700.0
19000274,19467.0,98548.0,72700.0
19000275,28467.0,113448.0,72900.0
19000276,30067.0,113448.0,72900.0
19000277,20667.0,98548.0,72700.0
19000278,56347.0,113448.0,72800.0
19000279,56347.0,114848.0,72800.0
19000280,53847.0,107148.0,72800.0
19000281,55947.0,107048.0,72800.0
19000282,54497.0,98548.0,72700.0
19000283,56347.0,98548.0,72700.0
19000284,107467.0,98548.0,72700.0
19000285,108667.0,98548.0,72700.0
19000286,98067.0,113448.0,72900.0
19000287,99667.0,113448.0,72900.0
19000288,107967.0,107098.0,72800.0
19000289,110367.0,107148.0,72800.0
19000290,104867.0,107148.0,72900.0
19000291,104867.0,108798.0,72900.0
19000292,111267.0,107148.0,72700.0
19000293,111267.0,108748.0,72700.0
19000294,107467.0,107123.0,72900.0
19000295,107467.0,108798.0,72900.0
19000296,101067.0,113448.0,72900.0
19000297,101067.0,114848.0,72900.0
19000298,111267.0,110198.0,72700.0
19000299,98067.0,110448.0,72900.0
19000300,100067.0,110448.0,72900.0
19000301,109717.0,98548.0,72700.0
19000302,17367.0,114848.0,73500.0
19000303,21533.0,114848.0,73500.0
19000304,22400.0,114848.0,73500.0
19000305,27767.0,114848.0,73500.0
19000306,16867.0,111060.0,73500.0
19000307,16867.0,111923.0,73500.0
19000308,16867.0,112785.0,73500.0
19000309,16867.0,109110.0,73500.0
19000310,16867.0,109473.0,73500.0
19000311,16867.0,109835.0,73500.0
19000312,27067.0,113798.0,73500.0
19000313,27067.0,114148.0,73500.0
19000314,27067.0,114498.0,73500.0
19000315,30067.0,114148.0,73500.0
19000316,27067.0,111448.0,73500.0
19000317,27067.0,112448.0,73500.0
19000318,27767.0,113448.0,73500.0
19000319,27567.0,110448.0,73500.0
19000320,30067.0,111448.0,73500.0
19000321,30067.0,112448.0,73500.0
19000322,20667.0,109345.0,73500.0
19000323,20667.0,107541.0,73500.0
19000324,20667.0,107960.0,73500.0
19000325,20667.0,108379.0,73500.0
19000326,21533.0,108798.0,73500.0
19000327,22400.0,108798.0,73500.0
19000328,23267.0,109345.0,73500.0
19000329,28567.0,110448.0,73500.0
19000330,29067.0,110448.0,73500.0
19000331,29567.0,110448.0,73500.0
19000332,16867.0,107548.0,73500.0
19000333,16867.0,107948.0,73500.0
19000334,16867.0,108348.0,73500.0
19000335,23267.0,107560.0,73500.0
19000336,23267.0,107973.0,73500.0
19000337,23267.0,108385.0,73500.0
19000338,17317.0,107148.0,73500.0
19000339,21533.0,107131.0,73500.0
19000340,22400.0,107139.0,73500.0
19000341,23267.0,106723.0,73500.0
19000342,27067.0,106723.0,73500.0
19000343,28067.0,107148.0,73500.0
19000344,29067.0,107148.0,73500.0
19000345,16867.0,101931.0,73500.0
19000346,16867.0,102814.0,73500.0
19000347,16867.0,99381.0,73500.0
19000348,16867.0,100214.0,73500.0
19000349,17317.0,101048.0,73500.0
19000350,18167.0,107139.0,73500.0
19000351,18567.0,107131.0,73500.0
19000352,18967.0,107123.0,73500.0
19000353,19367.0,107114.0,73500.0
19000354,19767.0,107106.0,73500.0
19000355,18617.0,101048.0,73500.0
19000356,20667.0,99381.0,73500.0
19000357,20667.0,100214.0,73500.0
19000358,17642.0,98548.0,73500.0
19000359,18942.0,98548.0,73500.0
19000360,21533.0,98548.0,73500.0
19000361,22400.0,98548.0,73500.0
19000362,23267.0,99070.0,73500.0
19000363,27067.0,99070.0,73500.0
19000364,28067.0,98548.0,73500.0
19000365,29067.0,98548.0,73500.0
19000366,16867.0,114248.0,73500.0
19000367,20667.0,114248.0,73500.0
19000368,20292.0,114848.0,73500.0
19000369,18142.0,114848.0,73500.0
19000370,18642.0,114848.0,73500.0
19000371,19142.0,114848.0,73500.0
19000372,19642.0,114848.0,73500.0
19000373,29267.0,114848.0,73500.0
19000374,28867.0,113448.0,73500.0
19000375,29267.0,113448.0,73500.0
19000376,29667.0,113448.0,73500.0
19000377,20067.0,101048.0,73500.0
19000378,20067.0,98548.0,73500.0
19000379,16867.0,104698.0,73500.0
19000380,16867.0,105698.0,73500.0
19000381,20667.0,106710.0,73500.0
19000382,23267.0,114248.0,73500.0
19000383,30067.0,99381.0,73500.0
19000384,30067.0,100214.0,73500.0
19000385,30067.0,105281.0,73500.0
19000386,30067.0,106214.0,73500.0
19000387,30067.0,102481.0,73500.0
19000388,30067.0,103414.0,73500.0
19000389,60347.0,101873.0,73500.0
19000390,60347.0,102698.0,73500.0
19000391,60347.0,103523.0,73500.0
19000392,63747.0,111328.0,73500.0
19000393,63747.0,112208.0,73500.0
19000394,63747.0,113088.0,73500.0
19000395,63747.0,113968.0,73500.0
19000396,61022.0,114848.0,73500.0
19000397,61697.0,114848.0,73500.0
19000398,62197.0,114848.0,73500.0
19000399,62697.0,114848.0,73500.0
19000400,63197.0,114848.0,73500.0
19000401,52947.0,104560.0,73500.0
19000402,52947.0,105423.0,73500.0
19000403,52947.0,106285.0,73500.0
19000404,53722.0,98548.0,73500.0
19000405,52947.0,99381.0,73500.0
19000406,52947.0,100214.0,73500.0
19000407,52947.0,101931.0,73500.0
19000408,52947.0,102814.0,73500.0
19000409,53397.0,101048.0,73500.0
19000410,53397.0,107148.0,73500.0
19000411,56347.0,111328.0,73500.0
19000412,56347.0,112208.0,73500.0
19000413,56347.0,113088.0,73500.0
19000414,56347.0,113798.0,73500.0
19000415,56347.0,114148.0,73500.0
19000416,56347.0,114498.0,73500.0
19000417,52947.0,111128.0,73500.0
19000418,52947.0,112058.0,73500.0
19000419,52947.0,112988.0,73500.0
19000420,52947.0,113918.0,73500.0
19000421,53622.0,114848.0,73500.0
19000422,54297.0,114848.0,73500.0
19000423,54797.0,114848.0,73500.0
19000424,55297.0,114848.0,73500.0
19000425,55797.0,114848.0,73500.0
19000426,54372.0,107123.0,73500.0
19000427,54897.0,107098.0,73500.0
19000428,55422.0,107073.0,73500.0
19000429,56347.0,106673.0,73500.0
19000430,56347.0,99381.0,73500.0
19000431,56347.0,100214.0,73500.0
19000432,54959.0,98548.0,73500.0
19000433,55422.0,98548.0,73500.0
19000434,55884.0,98548.0,73500.0
19000435,63747.0,102064.0,73500.0
19000436,63747.0,103081.0,73500.0
19000437,63747.0,104098.0,73500.0
19000438,63747.0,105114.0,73500.0
19000439,63747.0,106131.0,73500.0
19000440,63747.0,99381.0,73500.0
19000441,63747.0,100214.0,73500.0
19000442,54680.0,101048.0,73500.0
19000443,55513.0,101048.0,73500.0
19000444,60822.0,98548.0,73500.0
19000445,61297.0,98548.0,73500.0
19000446,61797.0,98548.0,73500.0
19000447,62297.0,98548.0,73500.0
19000448,62797.0,98548.0,73500.0
19000449,63272.0,98548.0,73500.0
19000450,61197.0,101048.0,73500.0
19000451,62047.0,101048.0,73500.0
19000452,62897.0,101048.0,73500.0
19000453,111267.0,104698.0,73500.0
19000454,111267.0,105698.0,73500.0
19000455,108067.0,98548.0,73500.0
19000456,108067.0,101048.0,73500.0
19000457,98467.0,113448.0,73500.0
19000458,98867.0,113448.0,73500.0
19000459,99267.0,113448.0,73500.0
19000460,98867.0,114848.0,73500.0
19000461,108492.0,114848.0,73500.0
19000462,108992.0,114848.0,73500.0
19000463,109492.0,114848.0,73500.0
19000464,109992.0,114848.0,73500.0
19000465,107842.0,114848.0,73500.0
19000466,107467.0,114248.0,73500.0
19000467,111267.0,114248.0,73500.0
19000468,110767.0,114848.0,73500.0
19000469,110492.0,98548.0,73500.0
19000470,99067.0,98548.0,73500.0
19000471,100067.0,98548.0,73500.0
19000472,105733.0,98548.0,73500.0
19000473,106600.0,98548.0,73500.0
19000474,101067.0,99070.0,73500.0
19000475,104867.0,99070.0,73500.0
19000476,107467.0,99381.0,73500.0
19000477,107467.0,100214.0,73500.0
19000478,109517.0,101048.0,73500.0
19000479,108367.0,107106.0,73500.0
19000480,108767.0,107114.0,73500.0
19000481,109167.0,107123.0,73500.0
19000482,109567.0,107131.0,73500.0
19000483,109967.0,107139.0,73500.0
19000484,110817.0,101048.0,73500.0
19000485,111267.0,99381.0,73500.0
19000486,111267.0,100214.0,73500.0
19000487,111267.0,101931.0,73500.0
19000488,111267.0,102814.0,73500.0
19000489,99067.0,107148.0,73500.0
19000490,100067.0,107148.0,73500.0
19000491,101067.0,106723.0,73500.0
19000492,104867.0,106723.0,73500.0
19000493,105733.0,107139.0,73500.0
19000494,106600.0,107131.0,73500.0
19000495,110817.0,107148.0,73500.0
19000496,104867.0,107560.0,73500.0
19000497,104867.0,107973.0,73500.0
19000498,104867.0,108385.0,73500.0
19000499,111267.0,107548.0,73500.0
19000500,111267.0,107948.0,73500.0
19000501,111267.0,108348.0,73500.0
19000502,104867.0,109345.0,73500.0
19000503,105733.0,108798.0,73500.0
19000504,106600.0,108798.0,73500.0
19000505,107467.0,107541.0,73500.0
19000506,107467.0,107960.0,73500.0
19000507,107467.0,108379.0,73500.0
19000508,107467.0,109345.0,73500.0
19000509,98067.0,111448.0,73500.0
19000510,98067.0,112448.0,73500.0
19000511,100567.0,110448.0,73500.0
19000512,100367.0,113448.0,73500.0
19000513,101067.0,111448.0,73500.0
19000514,101067.0,112448.0,73500.0
19000515,98067.0,114148.0,73500.0
19000516,101067.0,113798.0,73500.0
19000517,101067.0,114148.0,73500.0
19000518,101067.0,114498.0,73500.0
19000519,111267.0,109110.0,73500.0
19000520,111267.0,109473.0,73500.0
19000521,111267.0,109835.0,73500.0
19000522,111267.0,111060.0,73500.0
19000523,111267.0,111923.0,73500.0
19000524,111267.0,112785.0,73500.0
19000525,100367.0,114848.0,73500.0
19000526,105733.0,114848.0,73500.0
19000527,106600.0,114848.0,73500.0
19000528,107467.0,106710.0,73500.0
19000529,98067.0,102481.0,73500.0
19000530,98067.0,103414.0,73500.0
19000531,98067.0,105281.0,73500.0
19000532,98067.0,106214.0,73500.0
19000533,104867.0,114248.0,73500.0
19000534,98067.0,99381.0,73500.0
19000535,98067.0,100214.0,73500.0
19000536,98567.0,110448.0,73500.0
19000537,99067.0,110448.0,73500.0
19000538,99567.0,110448.0,73500.0
19000539,109192.0,98548.0,73500.0
19000540,61197.0,110448.0,73500.0
19000541,62047.0,110448.0,73500.0
19000542,62897.0,110448.0,73500.0
19000543,16867.0,114848.0,72400.0
19000544,16867.0,114848.0,71566.0
19000545,16867.0,114848.0,70733.0
19000546,17867.0,114848.0,72400.0
19000547,17867.0,114848.0,71566.0
19000548,17867.0,114848.0,70733.0
19000549,20667.0,114848.0,72400.0
19000550,20667.0,114848.0,71566.0
19000551,20667.0,114848.0,70733.0
19000552,23267.0,114848.0,72500.0
19000553,23267.0,114848.0,71633.0
19000554,23267.0,114848.0,70766.0
19000555,28467.0,114848.0,72600.0
19000556,28467.0,114848.0,71700.0
19000557,28467.0,114848.0,70800.0
19000558,27067.0,110448.0,72600.0
19000559,27067.0,110448.0,71700.0
19000560,27067.0,110448.0,70800.0
19000561,20667.0,109893.0,72600.0
19000562,20667.0,109893.0,71700.0
19000563,20667.0,109893.0,70800.0
19000564,16867.0,113648.0,72400.0
19000565,16867.0,113648.0,71566.0
19000566,16867.0,113648.0,70733.0
19000567,23267.0,109893.0,72600.0
19000568,23267.0,109893.0,71700.0
19000569,23267.0,109893.0,70800.0
19000570,16867.0,106698.0,72600.0
19000571,16867.0,106698.0,71700.0
19000572,16867.0,106698.0,70800.0
19000573,23267.0,106298.0,72600.0
19000574,23267.0,106298.0,71700.0
19000575,23267.0,106298.0,70800.0
19000576,27067.0,106298.0,72600.0
19000577,27067.0,106298.0,71700.0
19000578,27067.0,106298.0,70800.0
19000579,27067.0,107148.0,72600.0
19000580,27067.0,107148.0,71700.0
19000581,27067.0,107148.0,70800.0
19000582,16867.0,101048.0,72600.0
19000583,16867.0,101048.0,71700.0
19000584,16867.0,101048.0,70800.0
19000585,16867.0,103698.0,72600.0
19000586,16867.0,103698.0,71700.0
19000587,16867.0,103698.0,70800.0
19000588,16867.0,98548.0,72600.0
19000589,16867.0,98548.0,71700.0
19000590,16867.0,98548.0,70800.0
19000591,17767.0,101048.0,72600.0
19000592,17767.0,101048.0,71700.0
19000593,17767.0,101048.0,70800.0
19000594,19467.0,101048.0,72600.0
19000595,19467.0,101048.0,71700.0
19000596,19467.0,101048.0,70800.0
19000597,20667.0,101048.0,72600.0
19000598,20667.0,101048.0,71700.0
19000599,20667.0,101048.0,70800.0
19000600,23267.0,98548.0,72600.0
19000601,23267.0,98548.0,71700.0
19000602,23267.0,98548.0,70800.0
19000603,23267.0,99593.0,72600.0
19000604,23267.0,99593.0,71700.0
19000605,23267.0,99593.0,70800.0
19000606,27067.0,98548.0,72600.0
19000607,27067.0,98548.0,71700.0
19000608,27067.0,98548.0,70800.0
19000609,27067.0,99593.0,72600.0
19000610,27067.0,99593.0,71700.0
19000611,27067.0,99593.0,70800.0
19000612,30067.0,98548.0,72600.0
19000613,30067.0,98548.0,71700.0
19000614,30067.0,98548.0,70800.0
19000615,19917.0,114848.0,72400.0
19000616,19917.0,114848.0,71566.0
19000617,19917.0,114848.0,70733.0
19000618,30067.0,114848.0,72600.0
19000619,30067.0,114848.0,71700.0
19000620,30067.0,114848.0,70800.0
19000621,20667.0,106298.0,72600.0
19000622,20667.0,106298.0,71700.0
19000623,20667.0,106298.0,70800.0
19000624,20667.0,113648.0,72400.0
19000625,20667.0,113648.0,71566.0
19000626,20667.0,113648.0,70733.0
19000627,23267.0,113648.0,72600.0
19000628,23267.0,113648.0,71700.0
19000629,23267.0,113648.0,70800.0
19000630,20667.0,101548.0,72600.0
19000631,20667.0,101548.0,71700.0
19000632,20667.0,101548.0,70800.0
19000633,30067.0,101048.0,72600.0
19000634,30067.0,101048.0,71700.0
19000635,30067.0,101048.0,70800.0
19000636,30067.0,101548.0,72600.0
19000637,30067.0,101548.0,71700.0
19000638,30067.0,101548.0,70800.0
19000639,30067.0,107148.0,72600.0
19000640,30067.0,107148.0,71700.0
19000641,30067.0,107148.0,70800.0
19000642,30067.0,104348.0,72600.0
19000643,30067.0,104348.0,71700.0
19000644,30067.0,104348.0,70800.0
19000645,30067.0,106698.0,72600.0
19000646,30067.0,106698.0,71700.0
19000647,30067.0,106698.0,70800.0
19000648,60347.0,101048.0,72400.0
19000649,60347.0,101048.0,71566.0
19000650,60347.0,101048.0,70733.0
19000651,60347.0,104348.0,72400.0
19000652,60347.0,104348.0,71566.0
19000653,60347.0,104348.0,70733.0
19000654,63747.0,110448.0,72400.0
19000655,63747.0,110448.0,71566.0
19000656,63747.0,110448.0,70733.0
19000657,63747.0,114848.0,72400.0
19000658,63747.0,114848.0,71566.0
19000659,63747.0,114848.0,70733.0
19000660,60347.0,114848.0,72400.0
19000661,60347.0,114848.0,71566.0
19000662,60347.0,114848.0,70733.0
19000663,52947.0,103698.0,72600.0
19000664,52947.0,103698.0,71700.0
19000665,52947.0,103698.0,70800.0
19000666,52947.0,106698.0,72600.0
19000667,52947.0,106698.0,71700.0
19000668,52947.0,106698.0,70800.0
19000669,52947.0,98548.0,72600.0
19000670,52947.0,98548.0,71700.0
19000671,52947.0,98548.0,70800.0
19000672,52947.0,101048.0,72600.0
19000673,52947.0,101048.0,71700.0
19000674,52947.0,101048.0,70800.0
19000675,53847.0,101048.0,72600.0
19000676,53847.0,101048.0,71700.0
19000677,53847.0,101048.0,70800.0
19000678,52947.0,107148.0,72600.0
19000679,52947.0,107148.0,71700.0
19000680,52947.0,107148.0,70800.0
19000681,56347.0,107048.0,72600.0
19000682,56347.0,107048.0,71700.0
19000683,56347.0,107048.0,70800.0
19000684,56347.0,110448.0,72600.0
19000685,56347.0,110448.0,71700.0
19000686,56347.0,110448.0,70800.0
19000687,52947.0,110198.0,72400.0
19000688,52947.0,110198.0,71566.0
19000689,52947.0,110198.0,70733.0
19000690,52947.0,114848.0,72400.0
19000691,52947.0,114848.0,71566.0
19000692,52947.0,114848.0,70733.0
19000693,56347.0,106298.0,72600.0
19000694,56347.0,106298.0,71700.0
19000695,56347.0,106298.0,70800.0
19000696,56347.0,101048.0,72600.0
19000697,56347.0,101048.0,71700.0
19000698,56347.0,101048.0,70800.0
19000699,56347.0,101548.0,72600.0
19000700,56347.0,101548.0,71700.0
19000701,56347.0,101548.0,70800.0
19000702,63747.0,101048.0,72400.0
19000703,63747.0,101048.0,71566.0
19000704,63747.0,101048.0,70733.0
19000705,63747.0,106698.0,72500.0
19000706,63747.0,106698.0,71633.0
19000707,63747.0,106698.0,70766.0
19000708,63747.0,98548.0,72400.0
19000709,63747.0,98548.0,71566.0
19000710,63747.0,98548.0,70733.0
19000711,60347.0,98548.0,72400.0
19000712,60347.0,98548.0,71566.0
19000713,60347.0,98548.0,70733.0
19000714,111267.0,103698.0,72600.0
19000715,111267.0,103698.0,71700.0
19000716,111267.0,103698.0,70800.0
19000717,111267.0,106698.0,72600.0
19000718,111267.0,106698.0,71700.0
19000719,111267.0,106698.0,70800.0
19000720,107467.0,101048.0,72600.0
19000721,107467.0,101048.0,71700.0
19000722,107467.0,101048.0,70800.0
19000723,108667.0,101048.0,72600.0
19000724,108667.0,101048.0,71700.0
19000725,108667.0,101048.0,70800.0
19000726,98067.0,114848.0,72600.0
19000727,98067.0,114848.0,71700.0
19000728,98067.0,114848.0,70800.0
19000729,99667.0,114848.0,72600.0
19000730,99667.0,114848.0,71700.0
19000731,99667.0,114848.0,70800.0
19000732,108217.0,114848.0,72400.0
19000733,108217.0,114848.0,71566.0
19000734,108217.0,114848.0,70733.0
19000735,110267.0,114848.0,72400.0
19000736,110267.0,114848.0,71566.0
19000737,110267.0,114848.0,70733.0
19000738,107467.0,114848.0,72500.0
19000739,107467.0,114848.0,71633.0
19000740,107467.0,114848.0,70766.0
19000741,107467.0,113648.0,72400.0
19000742,107467.0,113648.0,71566.0
19000743,107467.0,113648.0,70733.0
19000744,111267.0,113648.0,72600.0
19000745,111267.0,113648.0,71700.0
19000746,111267.0,113648.0,70800.0
19000747,111267.0,114848.0,72500.0
19000748,111267.0,114848.0,71633.0
19000749,111267.0,114848.0,70766.0
19000750,111267.0,98548.0,72600.0
19000751,111267.0,98548.0,71700.0
19000752,111267.0,98548.0,70800.0
19000753,98067.0,98548.0,72600.0
19000754,98067.0,98548.0,71700.0
19000755,98067.0,98548.0,70800.0
19000756,101067.0,98548.0,72600.0
19000757,101067.0,98548.0,71700.0
19000758,101067.0,98548.0,70800.0
19000759,104867.0,98548.0,72600.0
19000760,104867.0,98548.0,71700.0
19000761,104867.0,98548.0,70800.0
19000762,101067.0,99593.0,72600.0
19000763,101067.0,99593.0,71700.0
19000764,101067.0,99593.0,70800.0
19000765,104867.0,99593.0,72600.0
19000766,104867.0,99593.0,71700.0
19000767,104867.0,99593.0,70800.0
19000768,107467.0,101548.0,72600.0
19000769,107467.0,101548.0,71700.0
19000770,107467.0,101548.0,70800.0
19000771,110367.0,101048.0,72600.0
19000772,110367.0,101048.0,71700.0
19000773,110367.0,101048.0,70800.0
19000774,111267.0,101048.0,72600.0
19000775,111267.0,101048.0,71700.0
19000776,111267.0,101048.0,70800.0
19000777,98067.0,107148.0,72600.0
19000778,98067.0,107148.0,71700.0
19000779,98067.0,107148.0,70800.0
19000780,101067.0,107148.0,72600.0
19000781,101067.0,107148.0,71700.0
19000782,101067.0,107148.0,70800.0
19000783,101067.0,106298.0,72600.0
19000784,101067.0,106298.0,71700.0
19000785,101067.0,106298.0,70800.0
19000786,104867.0,106298.0,72600.0
19000787,104867.0,106298.0,71700.0
19000788,104867.0,106298.0,70800.0
19000789,104867.0,109893.0,72600.0
19000790,104867.0,109893.0,71700.0
19000791,104867.0,109893.0,70800.0
19000792,107467.0,109893.0,72600.0
19000793,107467.0,109893.0,71700.0
19000794,107467.0,109893.0,70800.0
19000795,101067.0,110448.0,72600.0
19000796,101067.0,110448.0,71700.0
19000797,101067.0,110448.0,70800.0
19000798,104867.0,114848.0,72600.0
19000799,104867.0,114848.0,71700.0
19000800,104867.0,114848.0,70800.0
19000801,107467.0,106298.0,72600.0
19000802,107467.0,106298.0,71700.0
19000803,107467.0,106298.0,70800.0
19000804,98067.0,101548.0,72600.0
19000805,98067.0,101548.0,71700.0
19000806,98067.0,101548.0,70800.0
19000807,98067.0,104348.0,72600.0
19000808,98067.0,104348.0,71700.0
19000809,98067.0,104348.0,70800.0
19000810,98067.0,106698.0,72600.0
19000811,98067.0,106698.0,71700.0
19000812,98067.0,106698.0,70800.0
19000813,104867.0,113648.0,72600.0
19000814,104867.0,113648.0,71700.0
19000815,104867.0,113648.0,70800.0
19000816,98067.0,101048.0,72600.0
19000817,98067.0,101048.0,71700.0
19000818,98067.0,101048.0,70800.0
19000819,63747.0,107148.0,72600.0
19000820,63747.0,107148.0,71700.0
19000821,63747.0,107148.0,70800.0
19000822,60347.0,110448.0,72400.0
19000823,60347.0,110448.0,71566.0
19000824,60347.0,110448.0,70733.0
19000825,16867.0,109110.0,72700.0
19000826,16867.0,109473.0,72700.0
19000827,16867.0,109835.0,72700.0
19000828,27067.0,113798.0,72900.0
19000829,27067.0,114148.0,72900.0
19000830,27067.0,114498.0,72900.0
19000831,20667.0,107541.0,72900.0
19000832,20667.0,107960.0,72900.0
19000833,20667.0,108379.0,72900.0
19000834,28567.0,110448.0,72900.0
19000835,29067.0,110448.0,72900.0
19000836,29567.0,110448.0,72900.0
19000837,16867.0,107548.0,72700.0
19000838,16867.0,107948.0,72700.0
19000839,16867.0,108348.0,72700.0
19000840,23267.0,107560.0,72900.0
19000841,23267.0,107973.0,72900.0
19000842,23267.0,108385.0,72900.0
19000843,18167.0,107139.0,72800.0
19000844,18567.0,107131.0,72800.0
19000845,18967.0,107123.0,72800.0
19000846,19367.0,107114.0,72800.0
19000847,19767.0,107106.0,72800.0
19000848,18942.0,98548.0,72700.0
19000849,28867.0,113448.0,72900.0
19000850,29267.0,113448.0,72900.0
19000851,29667.0,113448.0,72900.0
19000852,20067.0,98548.0,72700.0
19000853,56347.0,113798.0,72800.0
19000854,56347.0,114148.0,72800.0
19000855,56347.0,114498.0,72800.0
19000856,54372.0,107123.0,72800.0
19000857,54897.0,107098.0,72800.0
19000858,55422.0,107073.0,72800.0
19000859,54959.0,98548.0,72700.0
19000860,55422.0,98548.0,72700.0
19000861,55884.0,98548.0,72700.0
19000862,108067.0,98548.0,72700.0
19000863,98467.0,113448.0,72900.0
19000864,98867.0,113448.0,72900.0
19000865,99267.0,113448.0,72900.0
19000866,108367.0,107106.0,72800.0
19000867,108767.0,107114.0,72800.0
19000868,109167.0,107123.0,72800.0
19000869,109567.0,107131.0,72800.0
19000870,109967.0,107139.0,72800.0
19000871,104867.0,107560.0,72900.0
19000872,104867.0,107973.0,72900.0
19000873,104867.0,108385.0,72900.0
19000874,111267.0,107548.0,72700.0
19000875,111267.0,107948.0,72700.0
19000876,111267.0,108348.0,72700.0
19000877,107467.0,107541.0,72900.0
19000878,107467.0,107960.0,72900.0
19000879,107467.0,108379.0,72900.0
19000880,101067.0,113798.0,72900.0
19000881,101067.0,114148.0,72900.0
19000882,101067.0,114498.0,72900.0
19000883,111267.0,109110.0,72700.0
19000884,111267.0,109473.0,72700.0
19000885,111267.0,109835.0,72700.0
19000886,98567.0,110448.0,72900.0
19000887,99067.0,110448.0,72900.0
19000888,99567.0,110448.0,72900.0
19000889,109192.0,98548.0,72700.0
19000890,27067.0,114848.0,71700.0
19000891,27067.0,114848.0,70800.0
19000892,27067.0,113448.0,71700.0
19000893,27067.0,113448.0,70800.0
19000894,28467.0,113448.0,71700.0
19000895,28467.0,113448.0,70800.0
19000896,20667.0,108798.0,71700.0
19000897,20667.0,108798.0,70800.0
19000898,16867.0,110198.0,71566.0
19000899,16867.0,110198.0,70733.0
19000900,28067.0,110448.0,71700.0
19000901,28067.0,110448.0,70800.0
19000902,23267.0,108798.0,71700.0
19000903,23267.0,108798.0,70800.0
19000904,16867.0,107148.0,71700.0
19000905,16867.0,107148.0,70800.0
19000906,20167.0,107098.0,71700.0
19000907,20167.0,107098.0,70800.0
19000908,20667.0,107123.0,71700.0
19000909,20667.0,107123.0,70800.0
19000910,23267.0,107148.0,71700.0
19000911,23267.0,107148.0,70800.0
19000912,20667.0,98548.0,71700.0
19000913,20667.0,98548.0,70800.0
19000914,18417.0,98548.0,71700.0
19000915,18417.0,98548.0,70800.0
19000916,17767.0,107148.0,71700.0
19000917,17767.0,107148.0,70800.0
19000918,30067.0,113448.0,71700.0
19000919,30067.0,113448.0,70800.0
19000920,30067.0,110448.0,71700.0
19000921,30067.0,110448.0,70800.0
19000922,54497.0,98548.0,71700.0
19000923,54497.0,98548.0,70800.0
19000924,53847.0,107148.0,71700.0
19000925,53847.0,107148.0,70800.0
19000926,55947.0,107048.0,71700.0
19000927,55947.0,107048.0,70800.0
19000928,56347.0,113448.0,71700.0
19000929,56347.0,113448.0,70800.0
19000930,56347.0,114848.0,71566.0
19000931,56347.0,114848.0,70733.0
19000932,56347.0,98548.0,71700.0
19000933,56347.0,98548.0,70800.0
19000934,109717.0,98548.0,71700.0
19000935,109717.0,98548.0,70800.0
19000936,107467.0,98548.0,71700.0
19000937,107467.0,98548.0,70800.0
19000938,107467.0,107123.0,71700.0
19000939,107467.0,107123.0,70800.0
19000940,107967.0,107098.0,71700.0
19000941,107967.0,107098.0,70800.0
19000942,104867.0,107148.0,71700.0
19000943,104867.0,107148.0,70800.0
19000944,110367.0,107148.0,71700.0
19000945,110367.0,107148.0,70800.0
19000946,111267.0,107148.0,71700.0
19000947,111267.0,107148.0,70800.0
19000948,104867.0,108798.0,71700.0
19000949,104867.0,108798.0,70800.0
19000950,107467.0,108798.0,71700.0
19000951,107467.0,108798.0,70800.0
19000952,98067.0,110448.0,71700.0
19000953,98067.0,110448.0,70800.0
19000954,98067.0,113448.0,71700.0
19000955,98067.0,113448.0,70800.0
19000956,100067.0,110448.0,71700.0
19000957,100067.0,110448.0,70800.0
19000958,99667.0,113448.0,71700.0
19000959,99667.0,113448.0,70800.0
19000960,101067.0,113448.0,71700.0
19000961,101067.0,113448.0,70800.0
19000962,111267.0,110198.0,71700.0
19000963,111267.0,110198.0,70800.0
19000964,101067.0,114848.0,71700.0
19000965,101067.0,114848.0,70800.0
19000966,24217.0,107148.0,73500.0
19000967,25167.0,107148.0,73500.0
19000968,26117.0,107148.0,73500.0
19000969,27067.0,108248.0,73500.0
19000970,27067.0,109348.0,73500.0
19000971,26250.0,114848.0,73500.0
19000972,24350.0,114848.0,73500.0
19000973,23267.0,112748.0,73500.0
19000974,23267.0,110870.0,73500.0
19000975,28467.0,114148.0,73500.0
19000976,17817.0,108760.0,73500.0
19000977,18767.0,108773.0,73500.0
19000978,19717.0,108785.0,73500.0
19000979,20667.0,110870.0,73500.0
19000980,20667.0,112748.0,73500.0
19000981,18892.0,113648.0,73500.0
19000982,24217.0,104348.0,73500.0
19000983,25167.0,104348.0,73500.0
19000984,26117.0,104348.0,73500.0
19000985,27067.0,105323.0,73500.0
19000986,23267.0,105323.0,73500.0
19000987,19467.0,99381.0,73500.0
19000988,19467.0,100214.0,73500.0
19000989,24217.0,101548.0,73500.0
19000990,25167.0,101548.0,73500.0
19000991,26117.0,101548.0,73500.0
19000992,27067.0,102481.0,73500.0
19000993,27067.0,103414.0,73500.0
19000994,23267.0,102481.0,73500.0
19000995,23267.0,103414.0,73500.0
19000996,24350.0,98548.0,73500.0
19000997,26250.0,98548.0,73500.0
19000998,27067.0,100570.0,73500.0
19000999,23267.0,100570.0,73500.0
19001000,56347.0,107898.0,73500.0
19001001,53797.0,108748.0,73500.0
19001002,54647.0,108748.0,73500.0
19001003,55497.0,108748.0,73500.0
19001004,52947.0,107948.0,73500.0
19001005,108667.0,99381.0,73500.0
19001006,108667.0,100214.0,73500.0
19001007,99667.0,114148.0,73500.0
19001008,109242.0,113648.0,73500.0
19001009,108417.0,108785.0,73500.0
19001010,109367.0,108773.0,73500.0
19001011,110317.0,108760.0,73500.0
19001012,107467.0,112748.0,73500.0
19001013,107467.0,110870.0,73500.0
19001014,101883.0,98548.0,73500.0
19001015,103783.0,98548.0,73500.0
19001016,104867.0,100570.0,73500.0
19001017,102017.0,101548.0,73500.0
19001018,102967.0,101548.0,73500.0
19001019,103917.0,101548.0,73500.0
19001020,101067.0,100570.0,73500.0
19001021,102017.0,104348.0,73500.0
19001022,102967.0,104348.0,73500.0
19001023,103917.0,104348.0,73500.0
19001024,104867.0,105323.0,73500.0
19001025,102017.0,107148.0,73500.0
19001026,102967.0,107148.0,73500.0
19001027,103917.0,107148.0,73500.0
19001028,101067.0,105323.0,73500.0
19001029,104867.0,110870.0,73500.0
19001030,104867.0,112748.0,73500.0
19001031,103783.0,114848.0,73500.0
19001032,101883.0,114848.0,73500.0
19001033,101067.0,108248.0,73500.0
19001034,101067.0,109348.0,73500.0
19001035,104867.0,102481.0,73500.0
19001036,104867.0,103414.0,73500.0
19001037,101067.0,102481.0,73500.0
19001038,101067.0,103414.0,73500.0
19001041,64265.0,106677.0,73499.0
19001042,108667.0,98548.0,73100.0
19001043,109192.0,98548.0,73100.0
19001044,109717.0,98548.0,73100.0
19001045,98067.0,110448.0,73200.0
19001046,98567.0,110448.0,73200.0
19001047,99067.0,110448.0,73200.0
19001048,99567.0,110448.0,73200.0
19001049,100067.0,110448.0,73200.0
19001050,111267.0,108748.0,73100.0
19001051,111267.0,109110.0,73100.0
19001052,111267.0,109473.0,73100.0
19001053,111267.0,109835.0,73100.0
19001054,111267.0,110198.0,73100.0
19001055,101067.0,113448.0,73200.0
19001056,101067.0,113798.0,73200.0
19001057,101067.0,114148.0,73200.0
19001058,101067.0,114498.0,73200.0
19001059,101067.0,114848.0,73200.0
19001060,107467.0,107123.0,73200.0
19001061,107467.0,107541.0,73200.0
19001062,107467.0,107960.0,73200.0
19001063,107467.0,108379.0,73200.0
19001064,107467.0,108798.0,73200.0
19001065,111267.0,107148.0,73100.0
19001066,111267.0,107548.0,73100.0
19001067,111267.0,107948.0,73100.0
19001068,111267.0,108348.0,73100.0
19001069,104867.0,107148.0,73200.0
19001070,104867.0,107560.0,73200.0
19001071,104867.0,107973.0,73200.0
19001072,104867.0,108385.0,73200.0
19001073,104867.0,108798.0,73200.0
19001074,107967.0,107098.0,73150.0
19001075,108367.0,107106.0,73150.0
19001076,108767.0,107114.0,73150.0
19001077,109167.0,107123.0,73150.0
19001078,109567.0,107131.0,73150.0
19001079,109967.0,107139.0,73150.0
19001080,110367.0,107148.0,73150.0
19001081,98067.0,113448.0,73200.0
19001082,98467.0,113448.0,73200.0
19001083,98867.0,113448.0,73200.0
19001084,99267.0,113448.0,73200.0
19001085,99667.0,113448.0,73200.0
19001086,107467.0,98548.0,73100.0
19001087,108067.0,98548.0,73100.0
19001088,54497.0,98548.0,73100.0
19001089,54959.0,98548.0,73100.0
19001090,55422.0,98548.0,73100.0
19001091,55884.0,98548.0,73100.0
19001092,56347.0,98548.0,73100.0
19001093,53847.0,107148.0,73150.0
19001094,54372.0,107123.0,73150.0
19001095,54897.0,107098.0,73150.0
19001096,55422.0,107073.0,73150.0
19001097,55947.0,107048.0,73150.0
19001098,56347.0,113448.0,73150.0
19001099,56347.0,113798.0,73150.0
19001100,56347.0,114148.0,73150.0
19001101,56347.0,114498.0,73150.0
19001102,56347.0,114848.0,73150.0
19001103,19467.0,98548.0,73100.0
19001104,20067.0,98548.0,73100.0
19001105,20667.0,98548.0,73100.0
19001106,28467.0,113448.0,73200.0
19001107,28867.0,113448.0,73200.0
19001108,29267.0,113448.0,73200.0
19001109,29667.0,113448.0,73200.0
19001110,30067.0,113448.0,73200.0
19001111,18417.0,98548.0,73100.0
19001112,18942.0,98548.0,73100.0
19001113,17767.0,107148.0,73150.0
19001114,18167.0,107139.0,73150.0
19001115,18567.0,107131.0,73150.0
19001116,18967.0,107123.0,73150.0
19001117,19367.0,107114.0,73150.0
19001118,19767.0,107106.0,73150.0
19001119,20167.0,107098.0,73150.0
19001120,23267.0,107148.0,73200.0
19001121,23267.0,107560.0,73200.0
19001122,23267.0,107973.0,73200.0
19001123,23267.0,108385.0,73200.0
19001124,23267.0,108798.0,73200.0
19001125,16867.0,107148.0,73100.0
19001126,16867.0,107548.0,73100.0
19001127,16867.0,107948.0,73100.0
19001128,16867.0,108348.0,73100.0
19001129,16867.0,108748.0,73100.0
19001130,28067.0,110448.0,73200.0
19001131,28567.0,110448.0,73200.0
19001132,29067.0,110448.0,73200.0
19001133,29567.0,110448.0,73200.0
19001134,30067.0,110448.0,73200.0
19001135,20667.0,107123.0,73200.0
19001136,20667.0,107541.0,73200.0
19001137,20667.0,107960.0,73200.0
19001138,20667.0,108379.0,73200.0
19001139,20667.0,108798.0,73200.0
19001140,27067.0,113448.0,73200.0
19001141,27067.0,113798.0,73200.0
19001142,27067.0,114148.0,73200.0
19001143,27067.0,114498.0,73200.0
19001144,27067.0,114848.0,73200.0
19001145,16867.0,109110.0,73100.0
19001146,16867.0,109473.0,73100.0
19001147,16867.0,109835.0,73100.0
19001148,16867.0,110198.0,73100.0
19001149,17367.0,114848.0,72400.0
19001150,17367.0,114848.0,70733.0
19001151,17367.0,114848.0,71566.0
19001152,21533.0,114848.0,72500.0
19001153,22400.0,114848.0,72500.0
19001154,21533.0,114848.0,70766.0
19001155,22400.0,114848.0,70766.0
19001156,21533.0,114848.0,71633.0
19001157,22400.0,114848.0,71633.0
19001158,27767.0,114848.0,72600.0
19001159,27767.0,114848.0,70800.0
19001160,27767.0,114848.0,71700.0
19001161,16867.0,111060.0,72700.0
19001162,16867.0,111923.0,72700.0
19001163,16867.0,112785.0,72700.0
19001164,16867.0,111060.0,70733.0
19001165,16867.0,111923.0,70733.0
19001166,16867.0,112785.0,70733.0
19001167,16867.0,111060.0,71566.0
19001168,16867.0,112785.0,71566.0
19001169,16867.0,111923.0,71566.0
19001170,30067.0,114148.0,72600.0
19001171,30067.0,114148.0,70800.0
19001172,30067.0,114148.0,71700.0
19001173,27067.0,111448.0,72600.0
19001174,27067.0,112448.0,72600.0
19001175,27067.0,111448.0,70800.0
19001176,27067.0,112448.0,70800.0
19001177,27067.0,111448.0,71700.0
19001178,27067.0,112448.0,71700.0
19001179,27767.0,113448.0,72900.0
19001180,27767.0,113448.0,70800.0
19001181,27767.0,113448.0,71700.0
19001182,27567.0,110448.0,72600.0
19001183,27567.0,110448.0,70800.0
19001184,27567.0,110448.0,71700.0
19001185,30067.0,111448.0,72900.0
19001186,30067.0,112448.0,72900.0
19001187,30067.0,111448.0,70800.0
19001188,30067.0,112448.0,70800.0
19001189,30067.0,111448.0,71700.0
19001190,30067.0,112448.0,71700.0
19001191,20667.0,109345.0,72600.0
19001192,20667.0,109345.0,70800.0
19001193,20667.0,109345.0,71700.0
19001194,21533.0,108798.0,72900.0
19001195,22400.0,108798.0,72900.0
19001196,21533.0,108798.0,70800.0
19001197,22400.0,108798.0,70800.0
19001198,21533.0,108798.0,71700.0
19001199,22400.0,108798.0,71700.0
19001200,23267.0,109345.0,72600.0
19001201,23267.0,109345.0,70800.0
19001202,23267.0,109345.0,71700.0
19001203,17317.0,107148.0,72700.0
19001204,17317.0,107148.0,70800.0
19001205,17317.0,107148.0,71700.0
19001206,21533.0,107131.0,72900.0
19001207,22400.0,107139.0,72900.0
19001208,21533.0,107131.0,70800.0
19001209,22400.0,107139.0,70800.0
19001210,21533.0,107131.0,71700.0
19001211,22400.0,107139.0,71700.0
19001212,23267.0,106723.0,72600.0
19001213,23267.0,106723.0,70800.0
19001214,23267.0,106723.0,71700.0
19001215,27067.0,106723.0,72600.0
19001216,27067.0,106723.0,70800.0
19001217,27067.0,106723.0,71700.0
19001218,28067.0,107148.0,72600.0
19001219,29067.0,107148.0,72600.0
19001220,28067.0,107148.0,70800.0
19001221,29067.0,107148.0,70800.0
19001222,28067.0,107148.0,71700.0
19001223,29067.0,107148.0,71700.0
19001224,16867.0,101931.0,72600.0
19001225,16867.0,102814.0,72600.0
19001226,16867.0,101931.0,70800.0
19001227,16867.0,102814.0,70800.0
19001228,16867.0,101931.0,71700.0
19001229,16867.0,102814.0,71700.0
19001230,16867.0,99381.0,72600.0
19001231,16867.0,100214.0,72600.0
19001232,16867.0,99381.0,70800.0
19001233,16867.0,100214.0,70800.0
19001234,16867.0,99381.0,71700.0
19001235,16867.0,100214.0,71700.0
19001236,17317.0,101048.0,72600.0
19001237,17317.0,101048.0,70800.0
19001238,17317.0,101048.0,71700.0
19001239,18617.0,101048.0,72600.0
19001240,18617.0,101048.0,70800.0
19001241,18617.0,101048.0,71700.0
19001242,20667.0,99381.0,72600.0
19001243,20667.0,100214.0,72600.0
19001244,20667.0,99381.0,70800.0
19001245,20667.0,100214.0,70800.0
19001246,20667.0,99381.0,71700.0
19001247,20667.0,100214.0,71700.0
19001248,17642.0,98548.0,72600.0
19001249,17642.0,98548.0,70800.0
19001250,17642.0,98548.0,71700.0
19001251,21533.0,98548.0,72600.0
19001252,22400.0,98548.0,72600.0
19001253,21533.0,98548.0,70800.0
19001254,22400.0,98548.0,70800.0
19001255,21533.0,98548.0,71700.0
19001256,22400.0,98548.0,71700.0
19001257,23267.0,99070.0,72600.0
19001258,23267.0,99070.0,70800.0
19001259,23267.0,99070.0,71700.0
19001260,27067.0,99070.0,72600.0
19001261,27067.0,99070.0,70800.0
19001262,27067.0,99070.0,71700.0
19001263,28067.0,98548.0,72600.0
19001264,29067.0,98548.0,72600.0
19001265,28067.0,98548.0,70800.0
19001266,29067.0,98548.0,70800.0
19001267,28067.0,98548.0,71700.0
19001268,29067.0,98548.0,71700.0
19001269,16867.0,114248.0,72400.0
19001270,16867.0,114248.0,70733.0
19001271,16867.0,114248.0,71566.0
19001272,20667.0,114248.0,72400.0
19001273,20667.0,114248.0,70733.0
19001274,20667.0,114248.0,71566.0
19001275,20292.0,114848.0,72400.0
19001276,20292.0,114848.0,70733.0
19001277,20292.0,114848.0,71566.0
19001278,18142.0,114848.0,72400.0
19001279,18145.0,114848.0,72950.0
19001280,18642.0,114848.0,72950.0
19001281,19142.0,114848.0,72950.0
19001282,19639.0,114848.0,72950.0
19001283,19642.0,114848.0,72400.0
19001284,18142.0,114848.0,70733.0
19001285,19642.0,114848.0,70733.0
19001286,18142.0,114848.0,71566.0
19001287,19642.0,114848.0,71566.0
19001288,18642.0,114848.0,72400.0
19001289,19142.0,114848.0,72400.0
19001290,29267.0,114848.0,72600.0
19001291,29267.0,114848.0,70800.0
19001292,29267.0,114848.0,71700.0
19001293,20067.0,101048.0,72600.0
19001294,20067.0,101048.0,70800.0
19001295,20067.0,101048.0,71700.0
19001296,16867.0,104698.0,72600.0
19001297,16867.0,105698.0,72600.0
19001298,16867.0,104698.0,70800.0
19001299,16867.0,105698.0,70800.0
19001300,16867.0,104698.0,71700.0
19001301,16867.0,105698.0,71700.0
19001302,20667.0,106710.0,72600.0
19001303,20667.0,106710.0,70800.0
19001304,20667.0,106710.0,71700.0
19001305,23267.0,114248.0,72600.0
19001306,23267.0,114248.0,70800.0
19001307,23267.0,114248.0,71700.0
19001308,30067.0,99381.0,72600.0
19001309,30067.0,100214.0,72600.0
19001310,30067.0,99381.0,70800.0
19001311,30067.0,100214.0,70800.0
19001312,30067.0,99381.0,71700.0
19001313,30067.0,100214.0,71700.0
19001314,30067.0,105281.0,72600.0
19001315,30067.0,106214.0,72600.0
19001316,30067.0,105281.0,70800.0
19001317,30067.0,106214.0,70800.0
19001318,30067.0,105281.0,71700.0
19001319,30067.0,106214.0,71700.0
19001320,30067.0,102481.0,72600.0
19001321,30067.0,103414.0,72600.0
19001322,30067.0,102481.0,70800.0
19001323,30067.0,103414.0,70800.0
19001324,30067.0,102481.0,71700.0
19001325,30067.0,103414.0,71700.0
19001326,60347.0,101873.0,72400.0
19001327,60347.0,102698.0,72400.0
19001328,60347.0,103523.0,72400.0
19001329,60347.0,101873.0,70733.0
19001330,60347.0,102698.0,70733.0
19001331,60347.0,103523.0,70733.0
19001332,60347.0,101873.0,71566.0
19001333,60347.0,103523.0,71566.0
19001334,60347.0,102698.0,71566.0
19001335,63747.0,111328.0,72400.0
19001336,63747.0,112208.0,72400.0
19001337,63747.0,113088.0,72400.0
19001338,63747.0,113968.0,72400.0
19001339,63747.0,111328.0,70733.0
19001340,63747.0,112208.0,70733.0
19001341,63747.0,113088.0,70733.0
19001342,63747.0,113968.0,70733.0
19001343,63747.0,111328.0,71566.0
19001344,63747.0,113968.0,71566.0
19001345,63747.0,112208.0,71566.0
19001346,63747.0,113088.0,71566.0
19001347,61022.0,114848.0,72400.0
19001348,61697.0,114848.0,72400.0
19001349,61700.0,114848.0,72950.0
19001350,62197.0,114848.0,72950.0
19001351,62697.0,114848.0,72950.0
19001352,63194.0,114848.0,72950.0
19001353,63197.0,114848.0,72400.0
19001354,61022.0,114848.0,70733.0
19001355,61697.0,114848.0,70733.0
19001356,63197.0,114848.0,70733.0
19001357,61022.0,114848.0,71566.0
19001358,63197.0,114848.0,71566.0
19001359,62197.0,114848.0,72400.0
19001360,61697.0,114848.0,71566.0
19001361,62697.0,114848.0,72400.0
19001362,52947.0,104560.0,72600.0
19001363,52947.0,105423.0,72600.0
19001364,52947.0,106285.0,72600.0
19001365,52947.0,104560.0,70800.0
19001366,52947.0,105423.0,70800.0
19001367,52947.0,106285.0,70800.0
19001368,52947.0,104560.0,71700.0
19001369,52947.0,106285.0,71700.0
19001370,52947.0,105423.0,71700.0
19001371,53722.0,98548.0,72600.0
19001372,53722.0,98548.0,70800.0
19001373,53722.0,98548.0,71700.0
19001374,52947.0,99381.0,72600.0
19001375,52947.0,100214.0,72600.0
19001376,52947.0,99381.0,70800.0
19001377,52947.0,100214.0,70800.0
19001378,52947.0,99381.0,71700.0
19001379,52947.0,100214.0,71700.0
19001380,52947.0,101931.0,72600.0
19001381,52947.0,102814.0,72600.0
19001382,52947.0,101931.0,70800.0
19001383,52947.0,102814.0,70800.0
19001384,52947.0,101931.0,71700.0
19001385,52947.0,102814.0,71700.0
19001386,53397.0,101048.0,72600.0
19001387,53397.0,101048.0,70800.0
19001388,53397.0,101048.0,71700.0
19001389,53397.0,107148.0,72600.0
19001390,53397.0,107148.0,70800.0
19001391,53397.0,107148.0,71700.0
19001392,56347.0,111328.0,72600.0
19001393,56347.0,112208.0,72600.0
19001394,56347.0,113088.0,72600.0
19001395,56347.0,111328.0,70800.0
19001396,56347.0,112208.0,70800.0
19001397,56347.0,113088.0,70800.0
19001398,56347.0,111328.0,71700.0
19001399,56347.0,113088.0,71700.0
19001400,56347.0,112208.0,71700.0
19001401,52947.0,111128.0,72400.0
19001402,52947.0,112058.0,72400.0
19001403,52947.0,112988.0,72400.0
19001404,52947.0,113918.0,72400.0
19001405,52947.0,111128.0,70733.0
19001406,52947.0,112058.0,70733.0
19001407,52947.0,112988.0,70733.0
19001408,52947.0,113918.0,70733.0
19001409,52947.0,111128.0,71566.0
19001410,52947.0,113918.0,71566.0
19001411,52947.0,112058.0,71566.0
19001412,52947.0,112988.0,71566.0
19001413,53622.0,114848.0,72400.0
19001414,54297.0,114848.0,72400.0
19001415,54300.0,114848.0,72950.0
19001416,54797.0,114848.0,72950.0
19001417,55297.0,114848.0,72950.0
19001418,55794.0,114848.0,72950.0
19001419,55797.0,114848.0,72400.0
19001420,53622.0,114848.0,70733.0
19001421,54297.0,114848.0,70733.0
19001422,55797.0,114848.0,70733.0
19001423,53622.0,114848.0,71566.0
19001424,55797.0,114848.0,71566.0
19001425,54797.0,114848.0,72400.0
19001426,54297.0,114848.0,71566.0
19001427,55297.0,114848.0,72400.0
19001428,56347.0,106673.0,72600.0
19001429,56347.0,106673.0,70800.0
19001430,56347.0,106673.0,71700.0
19001431,56347.0,99381.0,72600.0
19001432,56347.0,100214.0,72600.0
19001433,56347.0,99381.0,70800.0
19001434,56347.0,100214.0,70800.0
19001435,56347.0,99381.0,71700.0
19001436,56347.0,100214.0,71700.0
19001437,63747.0,102064.0,72500.0
19001438,63747.0,103081.0,72500.0
19001439,63747.0,104098.0,72500.0
19001440,63747.0,105114.0,72500.0
19001441,63747.0,106131.0,72500.0
19001442,63747.0,102064.0,70766.0
19001443,63747.0,103081.0,70766.0
19001444,63747.0,104098.0,70766.0
19001445,63747.0,105114.0,70766.0
19001446,63747.0,106131.0,70766.0
19001447,63747.0,102064.0,71633.0
19001448,63747.0,106131.0,71633.0
19001449,63747.0,103081.0,71633.0
19001450,63747.0,104098.0,71633.0
19001451,63747.0,105114.0,71633.0
19001452,63747.0,99381.0,72400.0
19001453,63747.0,100214.0,72400.0
19001454,63747.0,99381.0,70733.0
19001455,63747.0,100214.0,70733.0
19001456,63747.0,99381.0,71566.0
19001457,63747.0,100214.0,71566.0
19001458,54680.0,101048.0,72600.0
19001459,55513.0,101048.0,72600.0
19001460,54680.0,101048.0,70800.0
19001461,55513.0,101048.0,70800.0
19001462,54680.0,101048.0,71700.0
19001463,55513.0,101048.0,71700.0
19001464,60822.0,98548.0,72400.0
19001465,61297.0,98548.0,72400.0
19001466,61300.0,98548.0,72950.0
19001467,61797.0,98548.0,72950.0
19001468,62297.0,98548.0,72950.0
19001469,62794.0,98548.0,72950.0
19001470,62797.0,98548.0,72400.0
19001471,63272.0,98548.0,72400.0
19001472,60822.0,98548.0,70733.0
19001473,61297.0,98548.0,70733.0
19001474,63272.0,98548.0,70733.0
19001475,62797.0,98548.0,70733.0
19001476,60822.0,98548.0,71566.0
19001477,63272.0,98548.0,71566.0
19001478,61797.0,98548.0,72400.0
19001479,61297.0,98548.0,71566.0
19001480,62297.0,98548.0,72400.0
19001481,62797.0,98548.0,71566.0
19001482,61197.0,101048.0,72400.0
19001483,62047.0,101048.0,72400.0
19001484,62897.0,101048.0,72400.0
19001485,61197.0,101048.0,70733.0
19001486,62047.0,101048.0,70733.0
19001487,62897.0,101048.0,70733.0
19001488,61197.0,101048.0,71566.0
19001489,62897.0,101048.0,71566.0
19001490,62047.0,101048.0,71566.0
19001491,111267.0,104698.0,72600.0
19001492,111267.0,105698.0,72600.0
19001493,111267.0,104698.0,70800.0
19001494,111267.0,105698.0,70800.0
19001495,111267.0,104698.0,71700.0
19001496,111267.0,105698.0,71700.0
19001497,108067.0,101048.0,72600.0
19001498,108067.0,101048.0,70800.0
19001499,108067.0,101048.0,71700.0
19001500,98867.0,114848.0,72600.0
19001501,98867.0,114848.0,70800.0
19001502,98867.0,114848.0,71700.0
19001503,108492.0,114848.0,72400.0
19001504,108495.0,114848.0,72950.0
19001505,108992.0,114848.0,72950.0
19001506,109492.0,114848.0,72950.0
19001507,109989.0,114848.0,72950.0
19001508,109992.0,114848.0,72400.0
19001509,108492.0,114848.0,70733.0
19001510,109992.0,114848.0,70733.0
19001511,108492.0,114848.0,71566.0
19001512,109992.0,114848.0,71566.0
19001513,108992.0,114848.0,72400.0
19001514,109492.0,114848.0,72400.0
19001515,107842.0,114848.0,72500.0
19001516,107842.0,114848.0,70766.0
19001517,107842.0,114848.0,71633.0
19001518,107467.0,114248.0,72500.0
19001519,107467.0,114248.0,70766.0
19001520,107467.0,114248.0,71633.0
19001521,111267.0,114248.0,72600.0
19001522,111267.0,114248.0,70800.0
19001523,111267.0,114248.0,71700.0
19001524,110767.0,114848.0,72500.0
19001525,110767.0,114848.0,70766.0
19001526,110767.0,114848.0,71633.0
19001527,110492.0,98548.0,72600.0
19001528,110492.0,98548.0,70800.0
19001529,110492.0,98548.0,71700.0
19001530,99067.0,98548.0,72600.0
19001531,100067.0,98548.0,72600.0
19001532,99067.0,98548.0,70800.0
19001533,100067.0,98548.0,70800.0
19001534,99067.0,98548.0,71700.0
19001535,100067.0,98548.0,71700.0
19001536,105733.0,98548.0,72600.0
19001537,106600.0,98548.0,72600.0
19001538,105733.0,98548.0,70800.0
19001539,106600.0,98548.0,70800.0
19001540,105733.0,98548.0,71700.0
19001541,106600.0,98548.0,71700.0
19001542,101067.0,99070.0,72600.0
19001543,101067.0,99070.0,70800.0
19001544,101067.0,99070.0,71700.0
19001545,104867.0,99070.0,72600.0
19001546,104867.0,99070.0,70800.0
19001547,104867.0,99070.0,71700.0
19001548,107467.0,99381.0,72600.0
19001549,107467.0,100214.0,72600.0
19001550,107467.0,99381.0,70800.0
19001551,107467.0,100214.0,70800.0
19001552,107467.0,99381.0,71700.0
19001553,107467.0,100214.0,71700.0
19001554,109517.0,101048.0,72600.0
19001555,109517.0,101048.0,70800.0
19001556,109517.0,101048.0,71700.0
19001557,110817.0,101048.0,72600.0
19001558,110817.0,101048.0,70800.0
19001559,110817.0,101048.0,71700.0
19001560,111267.0,99381.0,72600.0
19001561,111267.0,100214.0,72600.0
19001562,111267.0,99381.0,70800.0
19001563,111267.0,100214.0,70800.0
19001564,111267.0,99381.0,71700.0
19001565,111267.0,100214.0,71700.0
19001566,111267.0,101931.0,72600.0
19001567,111267.0,102814.0,72600.0
19001568,111267.0,101931.0,70800.0
19001569,111267.0,102814.0,70800.0
19001570,111267.0,101931.0,71700.0
19001571,111267.0,102814.0,71700.0
19001572,99067.0,107148.0,72600.0
19001573,100067.0,107148.0,72600.0
19001574,99067.0,107148.0,70800.0
19001575,100067.0,107148.0,70800.0
19001576,99067.0,107148.0,71700.0
19001577,100067.0,107148.0,71700.0
19001578,101067.0,106723.0,72600.0
19001579,101067.0,106723.0,70800.0
19001580,101067.0,106723.0,71700.0
19001581,104867.0,106723.0,72600.0
19001582,104867.0,106723.0,70800.0
19001583,104867.0,106723.0,71700.0
19001584,105733.0,107139.0,72900.0
19001585,106600.0,107131.0,72900.0
19001586,105733.0,107139.0,70800.0
19001587,106600.0,107131.0,70800.0
19001588,105733.0,107139.0,71700.0
19001589,106600.0,107131.0,71700.0
19001590,110817.0,107148.0,72700.0
19001591,110817.0,107148.0,70800.0
19001592,110817.0,107148.0,71700.0
19001593,104867.0,109345.0,72600.0
19001594,104867.0,109345.0,70800.0
19001595,104867.0,109345.0,71700.0
19001596,105733.0,108798.0,72900.0
19001597,106600.0,108798.0,72900.0
19001598,105733.0,108798.0,70800.0
19001599,106600.0,108798.0,70800.0
19001600,105733.0,108798.0,71700.0
19001601,106600.0,108798.0,71700.0
19001602,107467.0,109345.0,72600.0
19001603,107467.0,109345.0,70800.0
19001604,107467.0,109345.0,71700.0
19001605,98067.0,111448.0,72900.0
19001606,98067.0,112448.0,72900.0
19001607,98067.0,111448.0,70800.0
19001608,98067.0,112448.0,70800.0
19001609,98067.0,111448.0,71700.0
19001610,98067.0,112448.0,71700.0
19001611,100567.0,110448.0,72600.0
19001612,100567.0,110448.0,70800.0
19001613,100567.0,110448.0,71700.0
19001614,100367.0,113448.0,72900.0
19001615,100367.0,113448.0,70800.0
19001616,100367.0,113448.0,71700.0
19001617,101067.0,111448.0,72600.0
19001618,101067.0,112448.0,72600.0
19001619,101067.0,111448.0,70800.0
19001620,101067.0,112448.0,70800.0
19001621,101067.0,111448.0,71700.0
19001622,101067.0,112448.0,71700.0
19001623,98067.0,114148.0,72600.0
19001624,98067.0,114148.0,70800.0
19001625,98067.0,114148.0,71700.0
19001626,111267.0,111060.0,72600.0
19001627,111267.0,111923.0,72600.0
19001628,111267.0,112785.0,72600.0
19001629,111267.0,111060.0,70800.0
19001630,111267.0,111923.0,70800.0
19001631,111267.0,112785.0,70800.0
19001632,111267.0,111060.0,71700.0
19001633,111267.0,112785.0,71700.0
19001634,111267.0,111923.0,71700.0
19001635,100367.0,114848.0,72600.0
19001636,100367.0,114848.0,70800.0
19001637,100367.0,114848.0,71700.0
19001638,105733.0,114848.0,72600.0
19001639,106600.0,114848.0,72600.0
19001640,105733.0,114848.0,70800.0
19001641,106600.0,114848.0,70800.0
19001642,105733.0,114848.0,71700.0
19001643,106600.0,114848.0,71700.0
19001644,107467.0,106710.0,72600.0
19001645,107467.0,106710.0,70800.0
19001646,107467.0,106710.0,71700.0
19001647,98067.0,102481.0,72600.0
19001648,98067.0,103414.0,72600.0
19001649,98067.0,102481.0,70800.0
19001650,98067.0,103414.0,70800.0
19001651,98067.0,102481.0,71700.0
19001652,98067.0,103414.0,71700.0
19001653,98067.0,105281.0,72600.0
19001654,98067.0,106214.0,72600.0
19001655,98067.0,105281.0,70800.0
19001656,98067.0,106214.0,70800.0
19001657,98067.0,105281.0,71700.0
19001658,98067.0,106214.0,71700.0
19001659,104867.0,114248.0,72600.0
19001660,104867.0,114248.0,70800.0
19001661,104867.0,114248.0,71700.0
19001662,98067.0,99381.0,72600.0
19001663,98067.0,100214.0,72600.0
19001664,98067.0,99381.0,70800.0
19001665,98067.0,100214.0,70800.0
19001666,98067.0,99381.0,71700.0
19001667,98067.0,100214.0,71700.0
19001668,61197.0,110448.0,72400.0
19001669,62047.0,110448.0,72400.0
19001670,62897.0,110448.0,72400.0
19001671,61197.0,110448.0,70733.0
19001672,62047.0,110448.0,70733.0
19001673,62897.0,110448.0,70733.0
19001674,61197.0,110448.0,71566.0
19001675,62897.0,110448.0,71566.0
19001676,62047.0,110448.0,71566.0
19001677,24276.0,113839.0,73500.0
19001678,24243.0,112886.0,73500.0
19001679,24231.0,111941.0,73500.0
19001680,24227.0,110977.0,73500.0
19001681,24224.0,110000.0,73500.0
19001682,24222.0,109011.0,73500.0
19001683,24219.0,108072.0,73500.0
19001684,25257.0,113924.0,73500.0
19001685,25204.0,113003.0,73500.0
19001686,25187.0,112064.0,73500.0
19001687,25181.0,111102.0,73500.0
19001688,25177.0,110120.0,73500.0
19001689,25173.0,109127.0,73500.0
19001690,25170.0,108135.0,73500.0
19001691,26173.0,114011.0,73500.0
19001692,26142.0,113153.0,73500.0
19001693,26131.0,112222.0,73500.0
19001694,26127.0,111252.0,73500.0
19001695,26124.0,110256.0,73500.0
19001696,26121.0,109228.0,73500.0
19001697,26119.0,108190.0,73500.0
19001698,27767.0,114148.0,73500.0
19001699,29267.0,114148.0,73500.0
19001700,17833.0,112807.0,73500.0
19001701,17803.0,111978.0,73500.0
19001702,17814.0,109560.0,73500.0
19001703,17803.0,110360.0,73500.0
19001704,17797.0,111175.0,73500.0
19001705,18747.0,110499.0,73500.0
19001706,18711.0,111308.0,73500.0
19001707,18758.0,109644.0,73500.0
19001708,18725.0,111989.0,73500.0
19001709,18796.0,112799.0,73500.0
19001710,19605.0,111720.0,73500.0
19001711,19687.0,110724.0,73500.0
19001712,19711.0,109759.0,73500.0
19001713,19736.0,112715.0,73500.0
19001714,17727.0,107952.0,73500.0
19001715,18522.0,107951.0,73500.0
19001716,19173.0,107945.0,73500.0
19001717,19928.0,107945.0,73500.0
19001718,21533.0,107964.0,73500.0
19001719,22400.0,107968.0,73500.0
19001720,24217.0,106235.0,73500.0
19001721,24217.0,105296.0,73500.0
19001722,25167.0,106224.0,73500.0
19001723,25167.0,105289.0,73500.0
19001724,26117.0,106235.0,73500.0
19001725,26117.0,105296.0,73500.0
19001726,17733.0,100214.0,73500.0
19001727,17704.0,99381.0,73500.0
19001728,18596.0,100214.0,73500.0
19001729,18559.0,99381.0,73500.0
19001730,24217.0,103414.0,73500.0
19001731,24217.0,102481.0,73500.0
19001732,25167.0,103414.0,73500.0
19001733,25167.0,102481.0,73500.0
19001734,26117.0,103414.0,73500.0
19001735,26117.0,102481.0,73500.0
19001736,24235.0,100556.0,73500.0
19001737,24271.0,99559.0,73500.0
19001738,25193.0,100552.0,73500.0
19001739,25253.0,99553.0,73500.0
19001740,26135.0,100556.0,73500.0
19001741,26171.0,99558.0,73500.0
19001742,53835.0,107943.0,73500.0
19001743,54736.0,107923.0,73500.0
19001744,55602.0,107903.0,73500.0
19001745,109538.0,100214.0,73500.0
19001746,109574.0,99381.0,73500.0
19001747,110401.0,100214.0,73500.0
19001748,110429.0,99381.0,73500.0
19001749,98867.0,114148.0,73500.0
19001750,100367.0,114148.0,73500.0
19001751,108372.0,112745.0,73500.0
19001752,108436.0,111814.0,73500.0
19001753,108445.0,109786.0,73500.0
19001754,108536.0,110807.0,73500.0
19001755,109424.0,111113.0,73500.0
19001756,109371.0,111930.0,73500.0
19001757,109425.0,110435.0,73500.0
19001758,109388.0,109627.0,73500.0
19001759,109326.0,112783.0,73500.0
19001760,110341.0,110329.0,73500.0
19001761,110337.0,111124.0,73500.0
19001762,110328.0,109547.0,73500.0
19001763,110293.0,112795.0,73500.0
19001764,110320.0,111948.0,73500.0
19001765,101998.0,100556.0,73500.0
19001766,101962.0,99558.0,73500.0
19001767,102940.0,100552.0,73500.0
19001768,102881.0,99553.0,73500.0
19001769,103898.0,100556.0,73500.0
19001770,103862.0,99559.0,73500.0
19001771,108205.0,107945.0,73500.0
19001772,108960.0,107945.0,73500.0
19001773,109611.0,107951.0,73500.0
19001774,110406.0,107952.0,73500.0
19001775,102017.0,106235.0,73500.0
19001776,102017.0,105296.0,73500.0
19001777,102967.0,106224.0,73500.0
19001778,102967.0,105289.0,73500.0
19001779,103917.0,106235.0,73500.0
19001780,103917.0,105296.0,73500.0
19001781,101960.0,114011.0,73500.0
19001782,101992.0,113153.0,73500.0
19001783,102002.0,112222.0,73500.0
19001784,102007.0,111252.0,73500.0
19001785,102010.0,110256.0,73500.0
19001786,102012.0,109228.0,73500.0
19001787,102014.0,108190.0,73500.0
19001788,102877.0,113924.0,73500.0
19001789,102929.0,113003.0,73500.0
19001790,102946.0,112064.0,73500.0
19001791,102953.0,111102.0,73500.0
19001792,102957.0,110120.0,73500.0
19001793,102960.0,109127.0,73500.0
19001794,102963.0,108135.0,73500.0
19001795,103858.0,113839.0,73500.0
19001796,103890.0,112886.0,73500.0
19001797,103902.0,111941.0,73500.0
19001798,103907.0,110977.0,73500.0
19001799,103910.0,110000.0,73500.0
19001800,103912.0,109011.0,73500.0
19001801,103914.0,108072.0,73500.0
19001802,102017.0,103414.0,73500.0
19001803,102017.0,102481.0,73500.0
19001804,102967.0,103414.0,73500.0
19001805,102967.0,102481.0,73500.0
19001806,103917.0,103414.0,73500.0
19001807,103917.0,102481.0,73500.0
19001808,105733.0,107968.0,73500.0
19001809,106600.0,107964.0,73500.0
20000001,23267.0,114848.0,77100.0
20000002,27067.0,114848.0,77100.0
20000003,20667.0,114848.0,77100.0
20000004,30067.0,114848.0,77100.0
20000005,27067.0,113448.0,77100.0
20000006,27067.0,110448.0,77100.0
20000007,30067.0,113448.0,77100.0
20000008,20667.0,111848.0,77100.0
20000009,20667.0,108798.0,77100.0
20000010,23267.0,111848.0,77100.0
20000011,16867.0,108748.0,77100.0
20000012,23267.0,108798.0,77100.0
20000013,16867.0,107148.0,77100.0
20000014,30067.0,107148.0,77100.0
20000015,23267.0,107148.0,77100.0
20000016,20667.0,107123.0,77100.0
20000017,27067.0,107148.0,77100.0
20000018,16867.0,101048.0,77100.0
20000019,17767.0,107148.0,77100.0
20000020,17767.0,101048.0,77100.0
20000021,20667.0,104348.0,77100.0
20000022,23267.0,104348.0,77100.0
20000023,27067.0,104348.0,77100.0
20000024,20667.0,101548.0,77100.0
20000025,20667.0,101048.0,77100.0
20000026,23267.0,101548.0,77100.0
20000027,27067.0,101548.0,77100.0
20000028,20667.0,98548.0,77100.0
20000029,23267.0,98548.0,77100.0
20000030,27067.0,98548.0,77100.0
20000031,16867.0,110198.0,77100.0
20000032,30067.0,110448.0,77100.0
20000033,23267.0,109893.0,77100.0
20000034,28067.0,110448.0,77100.0
20000035,23267.0,106298.0,77100.0
20000036,27067.0,106298.0,77100.0
20000037,20167.0,107098.0,77100.0
20000038,23267.0,99593.0,77100.0
20000039,27067.0,99593.0,77100.0
20000040,18417.0,98548.0,77100.0
20000041,20667.0,113648.0,77100.0
20000042,16867.0,113648.0,77100.0
20000043,19917.0,113648.0,77100.0
20000044,19917.0,114848.0,77100.0
20000045,17867.0,113648.0,77100.0
20000046,17867.0,114848.0,77100.0
20000047,28467.0,113448.0,77100.0
20000048,28467.0,114848.0,77100.0
20000049,19467.0,98548.0,77100.0
20000050,19467.0,101048.0,77100.0
20000051,17767.0,103698.0,77100.0
20000052,16867.0,103698.0,77100.0
20000053,20667.0,106298.0,77100.0
20000054,23267.0,113648.0,77100.0
20000055,20667.0,109893.0,77100.0
20000056,4867.0,114848.0,77100.0
20000057,4867.0,106698.0,77100.0
20000058,4867.0,98548.0,77100.0
20000059,4867.0,87098.0,77100.0
20000060,4867.0,126298.0,77100.0
20000061,9467.0,126348.0,77100.0
20000062,13067.0,126348.0,77100.0
20000063,124067.0,114848.0,77100.0
20000064,124067.0,106698.0,77100.0
20000065,124067.0,98548.0,77100.0
20000066,124067.0,87098.0,77100.0
20000067,124067.0,126298.0,77100.0
20000068,30067.0,98548.0,77100.0
20000069,30067.0,101048.0,77100.0
20000070,30067.0,104348.0,77100.0
20000071,30067.0,101548.0,77100.0
20000072,13067.0,87048.0,77100.0
20000073,9467.0,87048.0,77100.0
20000074,63747.0,110448.0,77100.0
20000075,60347.0,101048.0,77100.0
20000076,60347.0,107048.0,77100.0
20000077,63747.0,107148.0,77100.0
20000078,52947.0,114848.0,77100.0
20000079,56347.0,108748.0,77100.0
20000080,52947.0,103698.0,77100.0
20000081,53847.0,103698.0,77100.0
20000082,54497.0,98548.0,77100.0
20000083,56347.0,110448.0,77100.0
20000084,52947.0,110198.0,77100.0
20000085,56347.0,113448.0,77100.0
20000086,52947.0,101048.0,77100.0
20000087,53847.0,101048.0,77100.0
20000088,53847.0,107148.0,77100.0
20000089,52947.0,107148.0,77100.0
20000090,56347.0,107048.0,77100.0
20000091,52947.0,108748.0,77100.0
20000092,56347.0,101548.0,77100.0
20000093,55947.0,107048.0,77100.0
20000094,56347.0,106298.0,77100.0
20000095,60347.0,110448.0,77100.0
20000096,56347.0,104348.0,77100.0
20000097,56347.0,101048.0,77100.0
20000098,63747.0,101048.0,77100.0
20000099,52947.0,98548.0,77100.0
20000100,60347.0,104348.0,77100.0
20000101,119800.0,87048.0,77100.0
20000102,115533.0,87048.0,77100.0
20000103,111267.0,103698.0,77100.0
20000104,110367.0,103698.0,77100.0
20000105,108667.0,101048.0,77100.0
20000106,108667.0,98548.0,77100.0
20000107,99667.0,114848.0,77100.0
20000108,99667.0,113448.0,77100.0
20000109,110267.0,114848.0,77100.0
20000110,110267.0,113648.0,77100.0
20000111,108217.0,114848.0,77100.0
20000112,108217.0,113648.0,77100.0
20000113,111267.0,113648.0,77100.0
20000114,107467.0,113648.0,77100.0
20000115,109717.0,98548.0,77100.0
20000116,101067.0,99593.0,77100.0
20000117,104867.0,99593.0,77100.0
20000118,107967.0,107098.0,77100.0
20000119,101067.0,106298.0,77100.0
20000120,104867.0,106298.0,77100.0
20000121,100067.0,110448.0,77100.0
20000122,104867.0,109893.0,77100.0
20000123,98067.0,110448.0,77100.0
20000124,111267.0,110198.0,77100.0
20000125,101067.0,98548.0,77100.0
20000126,104867.0,98548.0,77100.0
20000127,107467.0,98548.0,77100.0
20000128,101067.0,101548.0,77100.0
20000129,104867.0,101548.0,77100.0
20000130,107467.0,101048.0,77100.0
20000131,107467.0,101548.0,77100.0
20000132,101067.0,104348.0,77100.0
20000133,104867.0,104348.0,77100.0
20000134,107467.0,104348.0,77100.0
20000135,110367.0,101048.0,77100.0
20000136,110367.0,107148.0,77100.0
20000137,111267.0,101048.0,77100.0
20000138,101067.0,107148.0,77100.0
20000139,107467.0,107123.0,77100.0
20000140,104867.0,107148.0,77100.0
20000141,98067.0,107148.0,77100.0
20000142,111267.0,107148.0,77100.0
20000143,104867.0,108798.0,77100.0
20000144,111267.0,108748.0,77100.0
20000145,104867.0,111848.0,77100.0
20000146,107467.0,108798.0,77100.0
20000147,107467.0,111848.0,77100.0
20000148,98067.0,113448.0,77100.0
20000149,101067.0,110448.0,77100.0
20000150,101067.0,113448.0,77100.0
20000151,98067.0,114848.0,77100.0
20000152,107467.0,114848.0,77100.0
20000153,101067.0,114848.0,77100.0
20000154,104867.0,114848.0,77100.0
20000155,107467.0,106298.0,77100.0
20000156,98067.0,101548.0,77100.0
20000157,98067.0,104348.0,77100.0
20000158,107467.0,109893.0,77100.0
20000159,104867.0,113648.0,77100.0
20000160,98067.0,101048.0,77100.0
20000161,98067.0,98548.0,77100.0
20000162,63747.0,98548.0,77100.0
20000163,56347.0,98548.0,77100.0
20000164,56347.0,114848.0,77100.0
20000165,63747.0,114848.0,77100.0
20000166,60347.0,114848.0,77100.0
20000167,60347.0,98548.0,77100.0
20000168,30067.0,87098.0,77100.0
20000169,30067.0,126298.0,77100.0
20000170,16867.0,98548.0,77100.0
20000171,16867.0,114848.0,77100.0
20000172,16867.0,106698.0,77100.0
20000173,16867.0,87098.0,77100.0
20000174,16867.0,126298.0,77100.0
20000175,111267.0,126298.0,77100.0
20000176,111267.0,87098.0,77100.0
20000177,98067.0,87098.0,77100.0
20000178,98067.0,126298.0,77100.0
20000179,111267.0,106698.0,77100.0
20000180,111267.0,114848.0,77100.0
20000181,111267.0,98548.0,77100.0
20000182,41507.0,126298.0,77100.0
20000183,41507.0,87098.0,77100.0
20000184,52947.0,87098.0,77100.0
20000185,52947.0,126298.0,77100.0
20000186,75187.0,87098.0,77100.0
20000187,75187.0,126298.0,77100.0
20000188,86627.0,126298.0,77100.0
20000189,86627.0,87098.0,77100.0
20000190,102700.0,87048.0,77100.0
20000191,47227.0,126348.0,77100.0
20000192,47227.0,87048.0,77100.0
20000193,35787.0,126348.0,77100.0
20000194,35787.0,87048.0,77100.0
20000195,25433.0,126348.0,77100.0
20000196,25433.0,114848.0,77100.0
20000197,25433.0,87048.0,77100.0
20000198,25433.0,98548.0,77100.0
20000199,20667.0,87048.0,77100.0
20000200,20667.0,126348.0,77100.0
20000201,102700.0,126348.0,77100.0
20000202,102700.0,114848.0,77100.0
20000203,107467.0,126348.0,77100.0
20000204,107467.0,87048.0,77100.0
20000205,58322.0,87048.0,77100.0
20000206,58322.0,126348.0,77100.0
20000207,58322.0,114848.0,77100.0
20000208,69467.0,126348.0,77100.0
20000209,69467.0,87048.0,77100.0
20000210,80907.0,126348.0,77100.0
20000211,80907.0,87048.0,77100.0
20000212,92347.0,126348.0,77100.0
20000213,92347.0,87048.0,77100.0
20000214,119800.0,126348.0,77100.0
20000215,115533.0,126348.0,77100.0
20000216,30067.0,106698.0,77100.0
20000217,52947.0,106698.0,77100.0
20000218,63747.0,106698.0,77100.0
20000219,58322.0,98548.0,77100.0
20000220,98067.0,106698.0,77100.0
20000221,102700.0,98548.0,77100.0
20000222,47227.0,106698.0,77100.0
20000223,47227.0,98548.0,77100.0
20000224,47227.0,114848.0,77100.0
20000225,35787.0,106698.0,77100.0
20000226,35787.0,98548.0,77100.0
20000227,35787.0,114848.0,77100.0
20000228,69467.0,106698.0,77100.0
20000229,69467.0,98548.0,77100.0
20000230,69467.0,114848.0,77100.0
20000231,80907.0,106698.0,77100.0
20000232,80907.0,98548.0,77100.0
20000233,80907.0,114848.0,77100.0
20000234,92347.0,106698.0,77100.0
20000235,92347.0,98548.0,77100.0
20000236,92347.0,114848.0,77100.0
20000237,119800.0,106698.0,77100.0
20000238,119800.0,98548.0,77100.0
20000239,119800.0,114848.0,77100.0
20000240,115533.0,106698.0,77100.0
20000241,115533.0,98548.0,77100.0
20000242,115533.0,114848.0,77100.0
20000243,86627.0,106698.0,77100.0
20000244,86627.0,98548.0,77100.0
20000245,86627.0,114848.0,77100.0
20000246,75187.0,106698.0,77100.0
20000247,75187.0,98548.0,77100.0
20000248,75187.0,114848.0,77100.0
20000249,41507.0,106698.0,77100.0
20000250,41507.0,98548.0,77100.0
20000251,41507.0,114848.0,77100.0
20000252,13067.0,106698.0,77100.0
20000253,13067.0,98548.0,77100.0
20000254,13067.0,114848.0,77100.0
20000255,9467.0,106698.0,77100.0
20000256,9467.0,98548.0,77100.0
20000257,9467.0,114848.0,77100.0
20000258,63747.0,87098.0,77100.0
20000259,63747.0,126298.0,77100.0
20000260,16867.0,108748.0,76300.0
20000261,16867.0,110198.0,76300.0
20000262,27067.0,113448.0,76500.0
20000263,27067.0,114848.0,76500.0
20000264,20667.0,107123.0,76500.0
20000265,20667.0,108798.0,76500.0
20000266,28067.0,110448.0,76500.0
20000267,30067.0,110448.0,76500.0
20000268,16867.0,107148.0,76300.0
20000269,23267.0,107148.0,76500.0
20000270,23267.0,108798.0,76500.0
20000271,17767.0,107148.0,76400.0
20000272,20167.0,107098.0,76400.0
20000273,18417.0,98548.0,76300.0
20000274,19467.0,98548.0,76300.0
20000275,28467.0,113448.0,76500.0
20000276,30067.0,113448.0,76500.0
20000277,20667.0,98548.0,76300.0
20000278,56347.0,113448.0,76400.0
20000279,56347.0,114848.0,76400.0
20000280,53847.0,107148.0,76400.0
20000281,55947.0,107048.0,76400.0
20000282,54497.0,98548.0,76300.0
20000283,56347.0,98548.0,76300.0
20000284,107467.0,98548.0,76300.0
20000285,108667.0,98548.0,76300.0
20000286,98067.0,113448.0,76500.0
20000287,99667.0,113448.0,76500.0
20000288,107967.0,107098.0,76400.0
20000289,110367.0,107148.0,76400.0
20000290,104867.0,107148.0,76500.0
20000291,104867.0,108798.0,76500.0
20000292,111267.0,107148.0,76300.0
20000293,111267.0,108748.0,76300.0
20000294,107467.0,107123.0,76500.0
20000295,107467.0,108798.0,76500.0
20000296,101067.0,113448.0,76500.0
20000297,101067.0,114848.0,76500.0
20000298,111267.0,110198.0,76300.0
20000299,98067.0,110448.0,76500.0
20000300,100067.0,110448.0,76500.0
20000301,109717.0,98548.0,76300.0
20000302,17367.0,114848.0,77100.0
20000303,21533.0,114848.0,77100.0
20000304,22400.0,114848.0,77100.0
20000305,27767.0,114848.0,77100.0
20000306,16867.0,111060.0,77100.0
20000307,16867.0,111923.0,77100.0
20000308,16867.0,112785.0,77100.0
20000309,16867.0,109110.0,77100.0
20000310,16867.0,109473.0,77100.0
20000311,16867.0,109835.0,77100.0
20000312,27067.0,113798.0,77100.0
20000313,27067.0,114148.0,77100.0
20000314,27067.0,114498.0,77100.0
20000315,30067.0,114148.0,77100.0
20000316,27067.0,111448.0,77100.0
20000317,27067.0,112448.0,77100.0
20000318,27767.0,113448.0,77100.0
20000319,27567.0,110448.0,77100.0
20000320,30067.0,111448.0,77100.0
20000321,30067.0,112448.0,77100.0
20000322,20667.0,109345.0,77100.0
20000323,20667.0,107541.0,77100.0
20000324,20667.0,107960.0,77100.0
20000325,20667.0,108379.0,77100.0
20000326,21533.0,108798.0,77100.0
20000327,22400.0,108798.0,77100.0
20000328,23267.0,109345.0,77100.0
20000329,28567.0,110448.0,77100.0
20000330,29067.0,110448.0,77100.0
20000331,29567.0,110448.0,77100.0
20000332,16867.0,107548.0,77100.0
20000333,16867.0,107948.0,77100.0
20000334,16867.0,108348.0,77100.0
20000335,23267.0,107560.0,77100.0
20000336,23267.0,107973.0,77100.0
20000337,23267.0,108385.0,77100.0
20000338,17317.0,107148.0,77100.0
20000339,21533.0,107131.0,77100.0
20000340,22400.0,107139.0,77100.0
20000341,23267.0,106723.0,77100.0
20000342,27067.0,106723.0,77100.0
20000343,28067.0,107148.0,77100.0
20000344,29067.0,107148.0,77100.0
20000345,16867.0,101931.0,77100.0
20000346,16867.0,102814.0,77100.0
20000347,16867.0,99381.0,77100.0
20000348,16867.0,100214.0,77100.0
20000349,17317.0,101048.0,77100.0
20000350,18167.0,107139.0,77100.0
20000351,18567.0,107131.0,77100.0
20000352,18967.0,107123.0,77100.0
20000353,19367.0,107114.0,77100.0
20000354,19767.0,107106.0,77100.0
20000355,18617.0,101048.0,77100.0
20000356,20667.0,99381.0,77100.0
20000357,20667.0,100214.0,77100.0
20000358,17642.0,98548.0,77100.0
20000359,18942.0,98548.0,77100.0
20000360,21533.0,98548.0,77100.0
20000361,22400.0,98548.0,77100.0
20000362,23267.0,99070.0,77100.0
20000363,27067.0,99070.0,77100.0
20000364,28067.0,98548.0,77100.0
20000365,29067.0,98548.0,77100.0
20000366,16867.0,114248.0,77100.0
20000367,20667.0,114248.0,77100.0
20000368,20292.0,114848.0,77100.0
20000369,18142.0,114848.0,77100.0
20000370,18642.0,114848.0,77100.0
20000371,19142.0,114848.0,77100.0
20000372,19642.0,114848.0,77100.0
20000373,29267.0,114848.0,77100.0
20000374,28867.0,113448.0,77100.0
20000375,29267.0,113448.0,77100.0
20000376,29667.0,113448.0,77100.0
20000377,20067.0,101048.0,77100.0
20000378,20067.0,98548.0,77100.0
20000379,16867.0,104698.0,77100.0
20000380,16867.0,105698.0,77100.0
20000381,20667.0,106710.0,77100.0
20000382,23267.0,114248.0,77100.0
20000383,30067.0,99381.0,77100.0
20000384,30067.0,100214.0,77100.0
20000385,30067.0,105281.0,77100.0
20000386,30067.0,106214.0,77100.0
20000387,30067.0,102481.0,77100.0
20000388,30067.0,103414.0,77100.0
20000389,60347.0,101873.0,77100.0
20000390,60347.0,102698.0,77100.0
20000391,60347.0,103523.0,77100.0
20000392,63747.0,111328.0,77100.0
20000393,63747.0,112208.0,77100.0
20000394,63747.0,113088.0,77100.0
20000395,63747.0,113968.0,77100.0
20000396,61022.0,114848.0,77100.0
20000397,61697.0,114848.0,77100.0
20000398,62197.0,114848.0,77100.0
20000399,62697.0,114848.0,77100.0
20000400,63197.0,114848.0,77100.0
20000401,52947.0,104560.0,77100.0
20000402,52947.0,105423.0,77100.0
20000403,52947.0,106285.0,77100.0
20000404,53722.0,98548.0,77100.0
20000405,52947.0,99381.0,77100.0
20000406,52947.0,100214.0,77100.0
20000407,52947.0,101931.0,77100.0
20000408,52947.0,102814.0,77100.0
20000409,53397.0,101048.0,77100.0
20000410,53397.0,107148.0,77100.0
20000411,56347.0,111328.0,77100.0
20000412,56347.0,112208.0,77100.0
20000413,56347.0,113088.0,77100.0
20000414,56347.0,113798.0,77100.0
20000415,56347.0,114148.0,77100.0
20000416,56347.0,114498.0,77100.0
20000417,52947.0,111128.0,77100.0
20000418,52947.0,112058.0,77100.0
20000419,52947.0,112988.0,77100.0
20000420,52947.0,113918.0,77100.0
20000421,53622.0,114848.0,77100.0
20000422,54297.0,114848.0,77100.0
20000423,54797.0,114848.0,77100.0
20000424,55297.0,114848.0,77100.0
20000425,55797.0,114848.0,77100.0
20000426,54372.0,107123.0,77100.0
20000427,54897.0,107098.0,77100.0
20000428,55422.0,107073.0,77100.0
20000429,56347.0,106673.0,77100.0
20000430,56347.0,99381.0,77100.0
20000431,56347.0,100214.0,77100.0
20000432,54959.0,98548.0,77100.0
20000433,55422.0,98548.0,77100.0
20000434,55884.0,98548.0,77100.0
20000435,63747.0,102064.0,77100.0
20000436,63747.0,103081.0,77100.0
20000437,63747.0,104098.0,77100.0
20000438,63747.0,105114.0,77100.0
20000439,63747.0,106131.0,77100.0
20000440,63747.0,99381.0,77100.0
20000441,63747.0,100214.0,77100.0
20000442,54680.0,101048.0,77100.0
20000443,55513.0,101048.0,77100.0
20000444,60822.0,98548.0,77100.0
20000445,61297.0,98548.0,77100.0
20000446,61797.0,98548.0,77100.0
20000447,62297.0,98548.0,77100.0
20000448,62797.0,98548.0,77100.0
20000449,63272.0,98548.0,77100.0
20000450,61197.0,101048.0,77100.0
20000451,62047.0,101048.0,77100.0
20000452,62897.0,101048.0,77100.0
20000453,111267.0,104698.0,77100.0
20000454,111267.0,105698.0,77100.0
20000455,108067.0,98548.0,77100.0
20000456,108067.0,101048.0,77100.0
20000457,98467.0,113448.0,77100.0
20000458,98867.0,113448.0,77100.0
20000459,99267.0,113448.0,77100.0
20000460,98867.0,114848.0,77100.0
20000461,108492.0,114848.0,77100.0
20000462,108992.0,114848.0,77100.0
20000463,109492.0,114848.0,77100.0
20000464,109992.0,114848.0,77100.0
20000465,107842.0,114848.0,77100.0
20000466,107467.0,114248.0,77100.0
20000467,111267.0,114248.0,77100.0
20000468,110767.0,114848.0,77100.0
20000469,110492.0,98548.0,77100.0
20000470,99067.0,98548.0,77100.0
20000471,100067.0,98548.0,77100.0
20000472,105733.0,98548.0,77100.0
20000473,106600.0,98548.0,77100.0
20000474,101067.0,99070.0,77100.0
20000475,104867.0,99070.0,77100.0
20000476,107467.0,99381.0,77100.0
20000477,107467.0,100214.0,77100.0
20000478,109517.0,101048.0,77100.0
20000479,108367.0,107106.0,77100.0
20000480,108767.0,107114.0,77100.0
20000481,109167.0,107123.0,77100.0
20000482,109567.0,107131.0,77100.0
20000483,109967.0,107139.0,77100.0
20000484,110817.0,101048.0,77100.0
20000485,111267.0,99381.0,77100.0
20000486,111267.0,100214.0,77100.0
20000487,111267.0,101931.0,77100.0
20000488,111267.0,102814.0,77100.0
20000489,99067.0,107148.0,77100.0
20000490,100067.0,107148.0,77100.0
20000491,101067.0,106723.0,77100.0
20000492,104867.0,106723.0,77100.0
20000493,105733.0,107139.0,77100.0
20000494,106600.0,107131.0,77100.0
20000495,110817.0,107148.0,77100.0
20000496,104867.0,107560.0,77100.0
20000497,104867.0,107973.0,77100.0
20000498,104867.0,108385.0,77100.0
20000499,111267.0,107548.0,77100.0
20000500,111267.0,107948.0,77100.0
20000501,111267.0,108348.0,77100.0
20000502,104867.0,109345.0,77100.0
20000503,105733.0,108798.0,77100.0
20000504,106600.0,108798.0,77100.0
20000505,107467.0,107541.0,77100.0
20000506,107467.0,107960.0,77100.0
20000507,107467.0,108379.0,77100.0
20000508,107467.0,109345.0,77100.0
20000509,98067.0,111448.0,77100.0
20000510,98067.0,112448.0,77100.0
20000511,100567.0,110448.0,77100.0
20000512,100367.0,113448.0,77100.0
20000513,101067.0,111448.0,77100.0
20000514,101067.0,112448.0,77100.0
20000515,98067.0,114148.0,77100.0
20000516,101067.0,113798.0,77100.0
20000517,101067.0,114148.0,77100.0
20000518,101067.0,114498.0,77100.0
20000519,111267.0,109110.0,77100.0
20000520,111267.0,109473.0,77100.0
20000521,111267.0,109835.0,77100.0
20000522,111267.0,111060.0,77100.0
20000523,111267.0,111923.0,77100.0
20000524,111267.0,112785.0,77100.0
20000525,100367.0,114848.0,77100.0
20000526,105733.0,114848.0,77100.0
20000527,106600.0,114848.0,77100.0
20000528,107467.0,106710.0,77100.0
20000529,98067.0,102481.0,77100.0
20000530,98067.0,103414.0,77100.0
20000531,98067.0,105281.0,77100.0
20000532,98067.0,106214.0,77100.0
20000533,104867.0,114248.0,77100.0
20000534,98067.0,99381.0,77100.0
20000535,98067.0,100214.0,77100.0
20000536,98567.0,110448.0,77100.0
20000537,99067.0,110448.0,77100.0
20000538,99567.0,110448.0,77100.0
20000539,109192.0,98548.0,77100.0
20000540,61197.0,110448.0,77100.0
20000541,62047.0,110448.0,77100.0
20000542,62897.0,110448.0,77100.0
20000543,16867.0,114848.0,76000.0
20000544,16867.0,114848.0,75166.0
20000545,16867.0,114848.0,74333.0
20000546,17867.0,114848.0,76000.0
20000547,17867.0,114848.0,75166.0
20000548,17867.0,114848.0,74333.0
20000549,20667.0,114848.0,76000.0
20000550,20667.0,114848.0,75166.0
20000551,20667.0,114848.0,74333.0
20000552,23267.0,114848.0,76100.0
20000553,23267.0,114848.0,75233.0
20000554,23267.0,114848.0,74366.0
20000555,28467.0,114848.0,76200.0
20000556,28467.0,114848.0,75300.0
20000557,28467.0,114848.0,74400.0
20000558,27067.0,110448.0,76200.0
20000559,27067.0,110448.0,75300.0
20000560,27067.0,110448.0,74400.0
20000561,20667.0,109893.0,76200.0
20000562,20667.0,109893.0,75300.0
20000563,20667.0,109893.0,74400.0
20000564,16867.0,113648.0,76000.0
20000565,16867.0,113648.0,75166.0
20000566,16867.0,113648.0,74333.0
20000567,23267.0,109893.0,76200.0
20000568,23267.0,109893.0,75300.0
20000569,23267.0,109893.0,74400.0
20000570,16867.0,106698.0,76200.0
20000571,16867.0,106698.0,75300.0
20000572,16867.0,106698.0,74400.0
20000573,23267.0,106298.0,76200.0
20000574,23267.0,106298.0,75300.0
20000575,23267.0,106298.0,74400.0
20000576,27067.0,106298.0,76200.0
20000577,27067.0,106298.0,75300.0
20000578,27067.0,106298.0,74400.0
20000579,27067.0,107148.0,76200.0
20000580,27067.0,107148.0,75300.0
20000581,27067.0,107148.0,74400.0
20000582,16867.0,101048.0,76200.0
20000583,16867.0,101048.0,75300.0
20000584,16867.0,101048.0,74400.0
20000585,16867.0,103698.0,76200.0
20000586,16867.0,103698.0,75300.0
20000587,16867.0,103698.0,74400.0
20000588,16867.0,98548.0,76200.0
20000589,16867.0,98548.0,75300.0
20000590,16867.0,98548.0,74400.0
20000591,17767.0,101048.0,76200.0
20000592,17767.0,101048.0,75300.0
20000593,17767.0,101048.0,74400.0
20000594,19467.0,101048.0,76200.0
20000595,19467.0,101048.0,75300.0
20000596,19467.0,101048.0,74400.0
20000597,20667.0,101048.0,76200.0
20000598,20667.0,101048.0,75300.0
20000599,20667.0,101048.0,74400.0
20000600,23267.0,98548.0,76200.0
20000601,23267.0,98548.0,75300.0
20000602,23267.0,98548.0,74400.0
20000603,23267.0,99593.0,76200.0
20000604,23267.0,99593.0,75300.0
20000605,23267.0,99593.0,74400.0
20000606,27067.0,98548.0,76200.0
20000607,27067.0,98548.0,75300.0
20000608,27067.0,98548.0,74400.0
20000609,27067.0,99593.0,76200.0
20000610,27067.0,99593.0,75300.0
20000611,27067.0,99593.0,74400.0
20000612,30067.0,98548.0,76200.0
20000613,30067.0,98548.0,75300.0
20000614,30067.0,98548.0,74400.0
20000615,19917.0,114848.0,76000.0
20000616,19917.0,114848.0,75166.0
20000617,19917.0,114848.0,74333.0
20000618,30067.0,114848.0,76200.0
20000619,30067.0,114848.0,75300.0
20000620,30067.0,114848.0,74400.0
20000621,20667.0,106298.0,76200.0
20000622,20667.0,106298.0,75300.0
20000623,20667.0,106298.0,74400.0
20000624,20667.0,113648.0,76000.0
20000625,20667.0,113648.0,75166.0
20000626,20667.0,113648.0,74333.0
20000627,23267.0,113648.0,76200.0
20000628,23267.0,113648.0,75300.0
20000629,23267.0,113648.0,74400.0
20000630,20667.0,101548.0,76200.0
20000631,20667.0,101548.0,75300.0
20000632,20667.0,101548.0,74400.0
20000633,30067.0,101048.0,76200.0
20000634,30067.0,101048.0,75300.0
20000635,30067.0,101048.0,74400.0
20000636,30067.0,101548.0,76200.0
20000637,30067.0,101548.0,75300.0
20000638,30067.0,101548.0,74400.0
20000639,30067.0,107148.0,76200.0
20000640,30067.0,107148.0,75300.0
20000641,30067.0,107148.0,74400.0
20000642,30067.0,104348.0,76200.0
20000643,30067.0,104348.0,75300.0
20000644,30067.0,104348.0,74400.0
20000645,30067.0,106698.0,76200.0
20000646,30067.0,106698.0,75300.0
20000647,30067.0,106698.0,74400.0
20000648,60347.0,101048.0,76000.0
20000649,60347.0,101048.0,75166.0
20000650,60347.0,101048.0,74333.0
20000651,60347.0,104348.0,76000.0
20000652,60347.0,104348.0,75166.0
20000653,60347.0,104348.0,74333.0
20000654,63747.0,110448.0,76000.0
20000655,63747.0,110448.0,75166.0
20000656,63747.0,110448.0,74333.0
20000657,63747.0,114848.0,76000.0
20000658,63747.0,114848.0,75166.0
20000659,63747.0,114848.0,74333.0
20000660,60347.0,114848.0,76000.0
20000661,60347.0,114848.0,75166.0
20000662,60347.0,114848.0,74333.0
20000663,52947.0,103698.0,76200.0
20000664,52947.0,103698.0,75300.0
20000665,52947.0,103698.0,74400.0
20000666,52947.0,106698.0,76200.0
20000667,52947.0,106698.0,75300.0
20000668,52947.0,106698.0,74400.0
20000669,52947.0,98548.0,76200.0
20000670,52947.0,98548.0,75300.0
20000671,52947.0,98548.0,74400.0
20000672,52947.0,101048.0,76200.0
20000673,52947.0,101048.0,75300.0
20000674,52947.0,101048.0,74400.0
20000675,53847.0,101048.0,76200.0
20000676,53847.0,101048.0,75300.0
20000677,53847.0,101048.0,74400.0
20000678,52947.0,107148.0,76200.0
20000679,52947.0,107148.0,75300.0
20000680,52947.0,107148.0,74400.0
20000681,56347.0,107048.0,76200.0
20000682,56347.0,107048.0,75300.0
20000683,56347.0,107048.0,74400.0
20000684,56347.0,110448.0,76200.0
20000685,56347.0,110448.0,75300.0
20000686,56347.0,110448.0,74400.0
20000687,52947.0,110198.0,76000.0
20000688,52947.0,110198.0,75166.0
20000689,52947.0,110198.0,74333.0
20000690,52947.0,114848.0,76000.0
20000691,52947.0,114848.0,75166.0
20000692,52947.0,114848.0,74333.0
20000693,56347.0,106298.0,76200.0
20000694,56347.0,106298.0,75300.0
20000695,56347.0,106298.0,74400.0
20000696,56347.0,101048.0,76200.0
20000697,56347.0,101048.0,75300.0
20000698,56347.0,101048.0,74400.0
20000699,56347.0,101548.0,76200.0
20000700,56347.0,101548.0,75300.0
20000701,56347.0,101548.0,74400.0
20000702,63747.0,101048.0,76000.0
20000703,63747.0,101048.0,75166.0
20000704,63747.0,101048.0,74333.0
20000705,63747.0,106698.0,76100.0
20000706,63747.0,106698.0,75233.0
20000707,63747.0,106698.0,74366.0
20000708,63747.0,98548.0,76000.0
20000709,63747.0,98548.0,75166.0
20000710,63747.0,98548.0,74333.0
20000711,60347.0,98548.0,76000.0
20000712,60347.0,98548.0,75166.0
20000713,60347.0,98548.0,74333.0
20000714,111267.0,103698.0,76200.0
20000715,111267.0,103698.0,75300.0
20000716,111267.0,103698.0,74400.0
20000717,111267.0,106698.0,76200.0
20000718,111267.0,106698.0,75300.0
20000719,111267.0,106698.0,74400.0
20000720,107467.0,101048.0,76200.0
20000721,107467.0,101048.0,75300.0
20000722,107467.0,101048.0,74400.0
20000723,108667.0,101048.0,76200.0
20000724,108667.0,101048.0,75300.0
20000725,108667.0,101048.0,74400.0
20000726,98067.0,114848.0,76200.0
20000727,98067.0,114848.0,75300.0
20000728,98067.0,114848.0,74400.0
20000729,99667.0,114848.0,76200.0
20000730,99667.0,114848.0,75300.0
20000731,99667.0,114848.0,74400.0
20000732,108217.0,114848.0,76000.0
20000733,108217.0,114848.0,75166.0
20000734,108217.0,114848.0,74333.0
20000735,110267.0,114848.0,76000.0
20000736,110267.0,114848.0,75166.0
20000737,110267.0,114848.0,74333.0
20000738,107467.0,114848.0,76100.0
20000739,107467.0,114848.0,75233.0
20000740,107467.0,114848.0,74366.0
20000741,107467.0,113648.0,76000.0
20000742,107467.0,113648.0,75166.0
20000743,107467.0,113648.0,74333.0
20000744,111267.0,113648.0,76200.0
20000745,111267.0,113648.0,75300.0
20000746,111267.0,113648.0,74400.0
20000747,111267.0,114848.0,76100.0
20000748,111267.0,114848.0,75233.0
20000749,111267.0,114848.0,74366.0
20000750,111267.0,98548.0,76200.0
20000751,111267.0,98548.0,75300.0
20000752,111267.0,98548.0,74400.0
20000753,98067.0,98548.0,76200.0
20000754,98067.0,98548.0,75300.0
20000755,98067.0,98548.0,74400.0
20000756,101067.0,98548.0,76200.0
20000757,101067.0,98548.0,75300.0
20000758,101067.0,98548.0,74400.0
20000759,104867.0,98548.0,76200.0
20000760,104867.0,98548.0,75300.0
20000761,104867.0,98548.0,74400.0
20000762,101067.0,99593.0,76200.0
20000763,101067.0,99593.0,75300.0
20000764,101067.0,99593.0,74400.0
20000765,104867.0,99593.0,76200.0
20000766,104867.0,99593.0,75300.0
20000767,104867.0,99593.0,74400.0
20000768,107467.0,101548.0,76200.0
20000769,107467.0,101548.0,75300.0
20000770,107467.0,101548.0,74400.0
20000771,110367.0,101048.0,76200.0
20000772,110367.0,101048.0,75300.0
20000773,110367.0,101048.0,74400.0
20000774,111267.0,101048.0,76200.0
20000775,111267.0,101048.0,75300.0
20000776,111267.0,101048.0,74400.0
20000777,98067.0,107148.0,76200.0
20000778,98067.0,107148.0,75300.0
20000779,98067.0,107148.0,74400.0
20000780,101067.0,107148.0,76200.0
20000781,101067.0,107148.0,75300.0
20000782,101067.0,107148.0,74400.0
20000783,101067.0,106298.0,76200.0
20000784,101067.0,106298.0,75300.0
20000785,101067.0,106298.0,74400.0
20000786,104867.0,106298.0,76200.0
20000787,104867.0,106298.0,75300.0
20000788,104867.0,106298.0,74400.0
20000789,104867.0,109893.0,76200.0
20000790,104867.0,109893.0,75300.0
20000791,104867.0,109893.0,74400.0
20000792,107467.0,109893.0,76200.0
20000793,107467.0,109893.0,75300.0
20000794,107467.0,109893.0,74400.0
20000795,101067.0,110448.0,76200.0
20000796,101067.0,110448.0,75300.0
20000797,101067.0,110448.0,74400.0
20000798,104867.0,114848.0,76200.0
20000799,104867.0,114848.0,75300.0
20000800,104867.0,114848.0,74400.0
20000801,107467.0,106298.0,76200.0
20000802,107467.0,106298.0,75300.0
20000803,107467.0,106298.0,74400.0
20000804,98067.0,101548.0,76200.0
20000805,98067.0,101548.0,75300.0
20000806,98067.0,101548.0,74400.0
20000807,98067.0,104348.0,76200.0
20000808,98067.0,104348.0,75300.0
20000809,98067.0,104348.0,74400.0
20000810,98067.0,106698.0,76200.0
20000811,98067.0,106698.0,75300.0
20000812,98067.0,106698.0,74400.0
20000813,104867.0,113648.0,76200.0
20000814,104867.0,113648.0,75300.0
20000815,104867.0,113648.0,74400.0
20000816,98067.0,101048.0,76200.0
20000817,98067.0,101048.0,75300.0
20000818,98067.0,101048.0,74400.0
20000819,63747.0,107148.0,76200.0
20000820,63747.0,107148.0,75300.0
20000821,63747.0,107148.0,74400.0
20000822,60347.0,110448.0,76000.0
20000823,60347.0,110448.0,75166.0
20000824,60347.0,110448.0,74333.0
20000825,16867.0,109110.0,76300.0
20000826,16867.0,109473.0,76300.0
20000827,16867.0,109835.0,76300.0
20000828,27067.0,113798.0,76500.0
20000829,27067.0,114148.0,76500.0
20000830,27067.0,114498.0,76500.0
20000831,20667.0,107541.0,76500.0
20000832,20667.0,107960.0,76500.0
20000833,20667.0,108379.0,76500.0
20000834,28567.0,110448.0,76500.0
20000835,29067.0,110448.0,76500.0
20000836,29567.0,110448.0,76500.0
20000837,16867.0,107548.0,76300.0
20000838,16867.0,107948.0,76300.0
20000839,16867.0,108348.0,76300.0
20000840,23267.0,107560.0,76500.0
20000841,23267.0,107973.0,76500.0
20000842,23267.0,108385.0,76500.0
20000843,18167.0,107139.0,76400.0
20000844,18567.0,107131.0,76400.0
20000845,18967.0,107123.0,76400.0
20000846,19367.0,107114.0,76400.0
20000847,19767.0,107106.0,76400.0
20000848,18942.0,98548.0,76300.0
20000849,28867.0,113448.0,76500.0
20000850,29267.0,113448.0,76500.0
20000851,29667.0,113448.0,76500.0
20000852,20067.0,98548.0,76300.0
20000853,56347.0,113798.0,76400.0
20000854,56347.0,114148.0,76400.0
20000855,56347.0,114498.0,76400.0
20000856,54372.0,107123.0,76400.0
20000857,54897.0,107098.0,76400.0
20000858,55422.0,107073.0,76400.0
20000859,54959.0,98548.0,76300.0
20000860,55422.0,98548.0,76300.0
20000861,55884.0,98548.0,76300.0
20000862,108067.0,98548.0,76300.0
20000863,98467.0,113448.0,76500.0
20000864,98867.0,113448.0,76500.0
20000865,99267.0,113448.0,76500.0
20000866,108367.0,107106.0,76400.0
20000867,108767.0,107114.0,76400.0
20000868,109167.0,107123.0,76400.0
20000869,109567.0,107131.0,76400.0
20000870,109967.0,107139.0,76400.0
20000871,104867.0,107560.0,76500.0
20000872,104867.0,107973.0,76500.0
20000873,104867.0,108385.0,76500.0
20000874,111267.0,107548.0,76300.0
20000875,111267.0,107948.0,76300.0
20000876,111267.0,108348.0,76300.0
20000877,107467.0,107541.0,76500.0
20000878,107467.0,107960.0,76500.0
20000879,107467.0,108379.0,76500.0
20000880,101067.0,113798.0,76500.0
20000881,101067.0,114148.0,76500.0
20000882,101067.0,114498.0,76500.0
20000883,111267.0,109110.0,76300.0
20000884,111267.0,109473.0,76300.0
20000885,111267.0,109835.0,76300.0
20000886,98567.0,110448.0,76500.0
20000887,99067.0,110448.0,76500.0
20000888,99567.0,110448.0,76500.0
20000889,109192.0,98548.0,76300.0
20000890,27067.0,114848.0,75300.0
20000891,27067.0,114848.0,74400.0
20000892,27067.0,113448.0,75300.0
20000893,27067.0,113448.0,74400.0
20000894,28467.0,113448.0,75300.0
20000895,28467.0,113448.0,74400.0
20000896,20667.0,108798.0,75300.0
20000897,20667.0,108798.0,74400.0
20000898,16867.0,110198.0,75166.0
20000899,16867.0,110198.0,74333.0
20000900,28067.0,110448.0,75300.0
20000901,28067.0,110448.0,74400.0
20000902,23267.0,108798.0,75300.0
20000903,23267.0,108798.0,74400.0
20000904,16867.0,107148.0,75300.0
20000905,16867.0,107148.0,74400.0
20000906,20167.0,107098.0,75300.0
20000907,20167.0,107098.0,74400.0
20000908,20667.0,107123.0,75300.0
20000909,20667.0,107123.0,74400.0
20000910,23267.0,107148.0,75300.0
20000911,23267.0,107148.0,74400.0
20000912,20667.0,98548.0,75300.0
20000913,20667.0,98548.0,74400.0
20000914,18417.0,98548.0,75300.0
20000915,18417.0,98548.0,74400.0
20000916,17767.0,107148.0,75300.0
20000917,17767.0,107148.0,74400.0
20000918,30067.0,113448.0,75300.0
20000919,30067.0,113448.0,74400.0
20000920,30067.0,110448.0,75300.0
20000921,30067.0,110448.0,74400.0
20000922,54497.0,98548.0,75300.0
20000923,54497.0,98548.0,74400.0
20000924,53847.0,107148.0,75300.0
20000925,53847.0,107148.0,74400.0
20000926,55947.0,107048.0,75300.0
20000927,55947.0,107048.0,74400.0
20000928,56347.0,113448.0,75300.0
20000929,56347.0,113448.0,74400.0
20000930,56347.0,114848.0,75166.0
20000931,56347.0,114848.0,74333.0
20000932,56347.0,98548.0,75300.0
20000933,56347.0,98548.0,74400.0
20000934,109717.0,98548.0,75300.0
20000935,109717.0,98548.0,74400.0
20000936,107467.0,98548.0,75300.0
20000937,107467.0,98548.0,74400.0
20000938,107467.0,107123.0,75300.0
20000939,107467.0,107123.0,74400.0
20000940,107967.0,107098.0,75300.0
20000941,107967.0,107098.0,74400.0
20000942,104867.0,107148.0,75300.0
20000943,104867.0,107148.0,74400.0
20000944,110367.0,107148.0,75300.0
20000945,110367.0,107148.0,74400.0
20000946,111267.0,107148.0,75300.0
20000947,111267.0,107148.0,74400.0
20000948,104867.0,108798.0,75300.0
20000949,104867.0,108798.0,74400.0
20000950,107467.0,108798.0,75300.0
20000951,107467.0,108798.0,74400.0
20000952,98067.0,110448.0,75300.0
20000953,98067.0,110448.0,74400.0
20000954,98067.0,113448.0,75300.0
20000955,98067.0,113448.0,74400.0
20000956,100067.0,110448.0,75300.0
20000957,100067.0,110448.0,74400.0
20000958,99667.0,113448.0,75300.0
20000959,99667.0,113448.0,74400.0
20000960,101067.0,113448.0,75300.0
20000961,101067.0,113448.0,74400.0
20000962,111267.0,110198.0,75300.0
20000963,111267.0,110198.0,74400.0
20000964,101067.0,114848.0,75300.0
20000965,101067.0,114848.0,74400.0
20000966,24217.0,107148.0,77100.0
20000967,25167.0,107148.0,77100.0
20000968,26117.0,107148.0,77100.0
20000969,27067.0,108248.0,77100.0
20000970,27067.0,109348.0,77100.0
20000971,26250.0,114848.0,77100.0
20000972,24350.0,114848.0,77100.0
20000973,23267.0,112748.0,77100.0
20000974,23267.0,110870.0,77100.0
20000975,28467.0,114148.0,77100.0
20000976,17817.0,108760.0,77100.0
20000977,18767.0,108773.0,77100.0
20000978,19717.0,108785.0,77100.0
20000979,20667.0,110870.0,77100.0
20000980,20667.0,112748.0,77100.0
20000981,18892.0,113648.0,77100.0
20000982,24217.0,104348.0,77100.0
20000983,25167.0,104348.0,77100.0
20000984,26117.0,104348.0,77100.0
20000985,27067.0,105323.0,77100.0
20000986,23267.0,105323.0,77100.0
20000987,19467.0,99381.0,77100.0
20000988,19467.0,100214.0,77100.0
20000989,24217.0,101548.0,77100.0
20000990,25167.0,101548.0,77100.0
20000991,26117.0,101548.0,77100.0
20000992,27067.0,102481.0,77100.0
20000993,27067.0,103414.0,77100.0
20000994,23267.0,102481.0,77100.0
20000995,23267.0,103414.0,77100.0
20000996,24350.0,98548.0,77100.0
20000997,26250.0,98548.0,77100.0
20000998,27067.0,100570.0,77100.0
20000999,23267.0,100570.0,77100.0
20001000,56347.0,107898.0,77100.0
20001001,53797.0,108748.0,77100.0
20001002,54647.0,108748.0,77100.0
20001003,55497.0,108748.0,77100.0
20001004,52947.0,107948.0,77100.0
20001005,108667.0,99381.0,77100.0
20001006,108667.0,100214.0,77100.0
20001007,99667.0,114148.0,77100.0
20001008,109242.0,113648.0,77100.0
20001009,108417.0,108785.0,77100.0
20001010,109367.0,108773.0,77100.0
20001011,110317.0,108760.0,77100.0
20001012,107467.0,112748.0,77100.0
20001013,107467.0,110870.0,77100.0
20001014,101883.0,98548.0,77100.0
20001015,103783.0,98548.0,77100.0
20001016,104867.0,100570.0,77100.0
20001017,102017.0,101548.0,77100.0
20001018,102967.0,101548.0,77100.0
20001019,103917.0,101548.0,77100.0
20001020,101067.0,100570.0,77100.0
20001021,102017.0,104348.0,77100.0
20001022,102967.0,104348.0,77100.0
20001023,103917.0,104348.0,77100.0
20001024,104867.0,105323.0,77100.0
20001025,102017.0,107148.0,77100.0
20001026,102967.0,107148.0,77100.0
20001027,103917.0,107148.0,77100.0
20001028,101067.0,105323.0,77100.0
20001029,104867.0,110870.0,77100.0
20001030,104867.0,112748.0,77100.0
20001031,103783.0,114848.0,77100.0
20001032,101883.0,114848.0,77100.0
20001033,101067.0,108248.0,77100.0
20001034,101067.0,109348.0,77100.0
20001035,104867.0,102481.0,77100.0
20001036,104867.0,103414.0,77100.0
20001037,101067.0,102481.0,77100.0
20001038,101067.0,103414.0,77100.0
20001041,64265.0,106677.0,77099.0
20001042,108667.0,98548.0,76700.0
20001043,109192.0,98548.0,76700.0
20001044,109717.0,98548.0,76700.0
20001045,98067.0,110448.0,76800.0
20001046,98567.0,110448.0,76800.0
20001047,99067.0,110448.0,76800.0
20001048,99567.0,110448.0,76800.0
20001049,100067.0,110448.0,76800.0
20001050,111267.0,108748.0,76700.0
20001051,111267.0,109110.0,76700.0
20001052,111267.0,109473.0,76700.0
20001053,111267.0,109835.0,76700.0
20001054,111267.0,110198.0,76700.0
20001055,101067.0,113448.0,76800.0
20001056,101067.0,113798.0,76800.0
20001057,101067.0,114148.0,76800.0
20001058,101067.0,114498.0,76800.0
20001059,101067.0,114848.0,76800.0
20001060,107467.0,107123.0,76800.0
20001061,107467.0,107541.0,76800.0
20001062,107467.0,107960.0,76800.0
20001063,107467.0,108379.0,76800.0
20001064,107467.0,108798.0,76800.0
20001065,111267.0,107148.0,76700.0
20001066,111267.0,107548.0,76700.0
20001067,111267.0,107948.0,76700.0
20001068,111267.0,108348.0,76700.0
20001069,104867.0,107148.0,76800.0
20001070,104867.0,107560.0,76800.0
20001071,104867.0,107973.0,76800.0
20001072,104867.0,108385.0,76800.0
20001073,104867.0,108798.0,76800.0
20001074,107967.0,107098.0,76750.0
20001075,108367.0,107106.0,76750.0
20001076,108767.0,107114.0,76750.0
20001077,109167.0,107123.0,76750.0
20001078,109567.0,107131.0,76750.0
20001079,109967.0,107139.0,76750.0
20001080,110367.0,107148.0,76750.0
20001081,98067.0,113448.0,76800.0
20001082,98467.0,113448.0,76800.0
20001083,98867.0,113448.0,76800.0
20001084,99267.0,113448.0,76800.0
20001085,99667.0,113448.0,76800.0
20001086,107467.0,98548.0,76700.0
20001087,108067.0,98548.0,76700.0
20001088,54497.0,98548.0,76700.0
20001089,54959.0,98548.0,76700.0
20001090,55422.0,98548.0,76700.0
20001091,55884.0,98548.0,76700.0
20001092,56347.0,98548.0,76700.0
20001093,53847.0,107148.0,76750.0
20001094,54372.0,107123.0,76750.0
20001095,54897.0,107098.0,76750.0
20001096,55422.0,107073.0,76750.0
20001097,55947.0,107048.0,76750.0
20001098,56347.0,113448.0,76750.0
20001099,56347.0,113798.0,76750.0
20001100,56347.0,114148.0,76750.0
20001101,56347.0,114498.0,76750.0
20001102,56347.0,114848.0,76750.0
20001103,19467.0,98548.0,76700.0
20001104,20067.0,98548.0,76700.0
20001105,20667.0,98548.0,76700.0
20001106,28467.0,113448.0,76800.0
20001107,28867.0,113448.0,76800.0
20001108,29267.0,113448.0,76800.0
20001109,29667.0,113448.0,76800.0
20001110,30067.0,113448.0,76800.0
20001111,18417.0,98548.0,76700.0
20001112,18942.0,98548.0,76700.0
20001113,17767.0,107148.0,76750.0
20001114,18167.0,107139.0,76750.0
20001115,18567.0,107131.0,76750.0
20001116,18967.0,107123.0,76750.0
20001117,19367.0,107114.0,76750.0
20001118,19767.0,107106.0,76750.0
20001119,20167.0,107098.0,76750.0
20001120,23267.0,107148.0,76800.0
20001121,23267.0,107560.0,76800.0
20001122,23267.0,107973.0,76800.0
20001123,23267.0,108385.0,76800.0
20001124,23267.0,108798.0,76800.0
20001125,16867.0,107148.0,76700.0
20001126,16867.0,107548.0,76700.0
20001127,16867.0,107948.0,76700.0
20001128,16867.0,108348.0,76700.0
20001129,16867.0,108748.0,76700.0
20001130,28067.0,110448.0,76800.0
20001131,28567.0,110448.0,76800.0
20001132,29067.0,110448.0,76800.0
20001133,29567.0,110448.0,76800.0
20001134,30067.0,110448.0,76800.0
20001135,20667.0,107123.0,76800.0
20001136,20667.0,107541.0,76800.0
20001137,20667.0,107960.0,76800.0
20001138,20667.0,108379.0,76800.0
20001139,20667.0,108798.0,76800.0
20001140,27067.0,113448.0,76800.0
20001141,27067.0,113798.0,76800.0
20001142,27067.0,114148.0,76800.0
20001143,27067.0,114498.0,76800.0
20001144,27067.0,114848.0,76800.0
20001145,16867.0,109110.0,76700.0
20001146,16867.0,109473.0,76700.0
20001147,16867.0,109835.0,76700.0
20001148,16867.0,110198.0,76700.0
20001149,17367.0,114848.0,76000.0
20001150,17367.0,114848.0,74333.0
20001151,17367.0,114848.0,75166.0
20001152,21533.0,114848.0,76100.0
20001153,22400.0,114848.0,76100.0
20001154,21533.0,114848.0,74366.0
20001155,22400.0,114848.0,74366.0
20001156,21533.0,114848.0,75233.0
20001157,22400.0,114848.0,75233.0
20001158,27767.0,114848.0,76200.0
20001159,27767.0,114848.0,74400.0
20001160,27767.0,114848.0,75300.0
20001161,16867.0,111060.0,76300.0
20001162,16867.0,111923.0,76300.0
20001163,16867.0,112785.0,76300.0
20001164,16867.0,111060.0,74333.0
20001165,16867.0,111923.0,74333.0
20001166,16867.0,112785.0,74333.0
20001167,16867.0,111060.0,75166.0
20001168,16867.0,112785.0,75166.0
20001169,16867.0,111923.0,75166.0
20001170,30067.0,114148.0,76200.0
20001171,30067.0,114148.0,74400.0
20001172,30067.0,114148.0,75300.0
20001173,27067.0,111448.0,76200.0
20001174,27067.0,112448.0,76200.0
20001175,27067.0,111448.0,74400.0
20001176,27067.0,112448.0,74400.0
20001177,27067.0,111448.0,75300.0
20001178,27067.0,112448.0,75300.0
20001179,27767.0,113448.0,76500.0
20001180,27767.0,113448.0,74400.0
20001181,27767.0,113448.0,75300.0
20001182,27567.0,110448.0,76200.0
20001183,27567.0,110448.0,74400.0
20001184,27567.0,110448.0,75300.0
20001185,30067.0,111448.0,76500.0
20001186,30067.0,112448.0,76500.0
20001187,30067.0,111448.0,74400.0
20001188,30067.0,112448.0,74400.0
20001189,30067.0,111448.0,75300.0
20001190,30067.0,112448.0,75300.0
20001191,20667.0,109345.0,76200.0
20001192,20667.0,109345.0,74400.0
20001193,20667.0,109345.0,75300.0
20001194,21533.0,108798.0,76500.0
20001195,22400.0,108798.0,76500.0
20001196,21533.0,108798.0,74400.0
20001197,22400.0,108798.0,74400.0
20001198,21533.0,108798.0,75300.0
20001199,22400.0,108798.0,75300.0
20001200,23267.0,109345.0,76200.0
20001201,23267.0,109345.0,74400.0
20001202,23267.0,109345.0,75300.0
20001203,17317.0,107148.0,76300.0
20001204,17317.0,107148.0,74400.0
20001205,17317.0,107148.0,75300.0
20001206,21533.0,107131.0,76500.0
20001207,22400.0,107139.0,76500.0
20001208,21533.0,107131.0,74400.0
20001209,22400.0,107139.0,74400.0
20001210,21533.0,107131.0,75300.0
20001211,22400.0,107139.0,75300.0
20001212,23267.0,106723.0,76200.0
20001213,23267.0,106723.0,74400.0
20001214,23267.0,106723.0,75300.0
20001215,27067.0,106723.0,76200.0
20001216,27067.0,106723.0,74400.0
20001217,27067.0,106723.0,75300.0
20001218,28067.0,107148.0,76200.0
20001219,29067.0,107148.0,76200.0
20001220,28067.0,107148.0,74400.0
20001221,29067.0,107148.0,74400.0
20001222,28067.0,107148.0,75300.0
20001223,29067.0,107148.0,75300.0
20001224,16867.0,101931.0,76200.0
20001225,16867.0,102814.0,76200.0
20001226,16867.0,101931.0,74400.0
20001227,16867.0,102814.0,74400.0
20001228,16867.0,101931.0,75300.0
20001229,16867.0,102814.0,75300.0
20001230,16867.0,99381.0,76200.0
20001231,16867.0,100214.0,76200.0
20001232,16867.0,99381.0,74400.0
20001233,16867.0,100214.0,74400.0
20001234,16867.0,99381.0,75300.0
20001235,16867.0,100214.0,75300.0
20001236,17317.0,101048.0,76200.0
20001237,17317.0,101048.0,74400.0
20001238,17317.0,101048.0,75300.0
20001239,18617.0,101048.0,76200.0
20001240,18617.0,101048.0,74400.0
20001241,18617.0,101048.0,75300.0
20001242,20667.0,99381.0,76200.0
20001243,20667.0,100214.0,76200.0
20001244,20667.0,99381.0,74400.0
20001245,20667.0,100214.0,74400.0
20001246,20667.0,99381.0,75300.0
20001247,20667.0,100214.0,75300.0
20001248,17642.0,98548.0,76200.0
20001249,17642.0,98548.0,74400.0
20001250,17642.0,98548.0,75300.0
20001251,21533.0,98548.0,76200.0
20001252,22400.0,98548.0,76200.0
20001253,21533.0,98548.0,74400.0
20001254,22400.0,98548.0,74400.0
20001255,21533.0,98548.0,75300.0
20001256,22400.0,98548.0,75300.0
20001257,23267.0,99070.0,76200.0
20001258,23267.0,99070.0,74400.0
20001259,23267.0,99070.0,75300.0
20001260,27067.0,99070.0,76200.0
20001261,27067.0,99070.0,74400.0
20001262,27067.0,99070.0,75300.0
20001263,28067.0,98548.0,76200.0
20001264,29067.0,98548.0,76200.0
20001265,28067.0,98548.0,74400.0
20001266,29067.0,98548.0,74400.0
20001267,28067.0,98548.0,75300.0
20001268,29067.0,98548.0,75300.0
20001269,16867.0,114248.0,76000.0
20001270,16867.0,114248.0,74333.0
20001271,16867.0,114248.0,75166.0
20001272,20667.0,114248.0,76000.0
20001273,20667.0,114248.0,74333.0
20001274,20667.0,114248.0,75166.0
20001275,20292.0,114848.0,76000.0
20001276,20292.0,114848.0,74333.0
20001277,20292.0,114848.0,75166.0
20001278,18142.0,114848.0,76000.0
20001279,18145.0,114848.0,76550.0
20001280,18642.0,114848.0,76550.0
20001281,19142.0,114848.0,76550.0
20001282,19639.0,114848.0,76550.0
20001283,19642.0,114848.0,76000.0
20001284,18142.0,114848.0,74333.0
20001285,19642.0,114848.0,74333.0
20001286,18142.0,114848.0,75166.0
20001287,19642.0,114848.0,75166.0
20001288,18642.0,114848.0,76000.0
20001289,19142.0,114848.0,76000.0
20001290,29267.0,114848.0,76200.0
20001291,29267.0,114848.0,74400.0
20001292,29267.0,114848.0,75300.0
20001293,20067.0,101048.0,76200.0
20001294,20067.0,101048.0,74400.0
20001295,20067.0,101048.0,75300.0
20001296,16867.0,104698.0,76200.0
20001297,16867.0,105698.0,76200.0
20001298,16867.0,104698.0,74400.0
20001299,16867.0,105698.0,74400.0
20001300,16867.0,104698.0,75300.0
20001301,16867.0,105698.0,75300.0
20001302,20667.0,106710.0,76200.0
20001303,20667.0,106710.0,74400.0
20001304,20667.0,106710.0,75300.0
20001305,23267.0,114248.0,76200.0
20001306,23267.0,114248.0,74400.0
20001307,23267.0,114248.0,75300.0
20001308,30067.0,99381.0,76200.0
20001309,30067.0,100214.0,76200.0
20001310,30067.0,99381.0,74400.0
20001311,30067.0,100214.0,74400.0
20001312,30067.0,99381.0,75300.0
20001313,30067.0,100214.0,75300.0
20001314,30067.0,105281.0,76200.0
20001315,30067.0,106214.0,76200.0
20001316,30067.0,105281.0,74400.0
20001317,30067.0,106214.0,74400.0
20001318,30067.0,105281.0,75300.0
20001319,30067.0,106214.0,75300.0
20001320,30067.0,102481.0,76200.0
20001321,30067.0,103414.0,76200.0
20001322,30067.0,102481.0,74400.0
20001323,30067.0,103414.0,74400.0
20001324,30067.0,102481.0,75300.0
20001325,30067.0,103414.0,75300.0
20001326,60347.0,101873.0,76000.0
20001327,60347.0,102698.0,76000.0
20001328,60347.0,103523.0,76000.0
20001329,60347.0,101873.0,74333.0
20001330,60347.0,102698.0,74333.0
20001331,60347.0,103523.0,74333.0
20001332,60347.0,101873.0,75166.0
20001333,60347.0,103523.0,75166.0
20001334,60347.0,102698.0,75166.0
20001335,63747.0,111328.0,76000.0
20001336,63747.0,112208.0,76000.0
20001337,63747.0,113088.0,76000.0
20001338,63747.0,113968.0,76000.0
20001339,63747.0,111328.0,74333.0
20001340,63747.0,112208.0,74333.0
20001341,63747.0,113088.0,74333.0
20001342,63747.0,113968.0,74333.0
20001343,63747.0,111328.0,75166.0
20001344,63747.0,113968.0,75166.0
20001345,63747.0,112208.0,75166.0
20001346,63747.0,113088.0,75166.0
20001347,61022.0,114848.0,76000.0
20001348,61697.0,114848.0,76000.0
20001349,61700.0,114848.0,76550.0
20001350,62197.0,114848.0,76550.0
20001351,62697.0,114848.0,76550.0
20001352,63194.0,114848.0,76550.0
20001353,63197.0,114848.0,76000.0
20001354,61022.0,114848.0,74333.0
20001355,61697.0,114848.0,74333.0
20001356,63197.0,114848.0,74333.0
20001357,61022.0,114848.0,75166.0
20001358,63197.0,114848.0,75166.0
20001359,62197.0,114848.0,76000.0
20001360,61697.0,114848.0,75166.0
20001361,62697.0,114848.0,76000.0
20001362,52947.0,104560.0,76200.0
20001363,52947.0,105423.0,76200.0
20001364,52947.0,106285.0,76200.0
20001365,52947.0,104560.0,74400.0
20001366,52947.0,105423.0,74400.0
20001367,52947.0,106285.0,74400.0
20001368,52947.0,104560.0,75300.0
20001369,52947.0,106285.0,75300.0
20001370,52947.0,105423.0,75300.0
20001371,53722.0,98548.0,76200.0
20001372,53722.0,98548.0,74400.0
20001373,53722.0,98548.0,75300.0
20001374,52947.0,99381.0,76200.0
20001375,52947.0,100214.0,76200.0
20001376,52947.0,99381.0,74400.0
20001377,52947.0,100214.0,74400.0
20001378,52947.0,99381.0,75300.0
20001379,52947.0,100214.0,75300.0
20001380,52947.0,101931.0,76200.0
20001381,52947.0,102814.0,76200.0
20001382,52947.0,101931.0,74400.0
20001383,52947.0,102814.0,74400.0
20001384,52947.0,101931.0,75300.0
20001385,52947.0,102814.0,75300.0
20001386,53397.0,101048.0,76200.0
20001387,53397.0,101048.0,74400.0
20001388,53397.0,101048.0,75300.0
20001389,53397.0,107148.0,76200.0
20001390,53397.0,107148.0,74400.0
20001391,53397.0,107148.0,75300.0
20001392,56347.0,111328.0,76200.0
20001393,56347.0,112208.0,76200.0
20001394,56347.0,113088.0,76200.0
20001395,56347.0,111328.0,74400.0
20001396,56347.0,112208.0,74400.0
20001397,56347.0,113088.0,74400.0
20001398,56347.0,111328.0,75300.0
20001399,56347.0,113088.0,75300.0
20001400,56347.0,112208.0,75300.0
20001401,52947.0,111128.0,76000.0
20001402,52947.0,112058.0,76000.0
20001403,52947.0,112988.0,76000.0
20001404,52947.0,113918.0,76000.0
20001405,52947.0,111128.0,74333.0
20001406,52947.0,112058.0,74333.0
20001407,52947.0,112988.0,74333.0
20001408,52947.0,113918.0,74333.0
20001409,52947.0,111128.0,75166.0
20001410,52947.0,113918.0,75166.0
20001411,52947.0,112058.0,75166.0
20001412,52947.0,112988.0,75166.0
20001413,53622.0,114848.0,76000.0
20001414,54297.0,114848.0,76000.0
20001415,54300.0,114848.0,76550.0
20001416,54797.0,114848.0,76550.0
20001417,55297.0,114848.0,76550.0
20001418,55794.0,114848.0,76550.0
20001419,55797.0,114848.0,76000.0
20001420,53622.0,114848.0,74333.0
20001421,54297.0,114848.0,74333.0
20001422,55797.0,114848.0,74333.0
20001423,53622.0,114848.0,75166.0
20001424,55797.0,114848.0,75166.0
20001425,54797.0,114848.0,76000.0
20001426,54297.0,114848.0,75166.0
20001427,55297.0,114848.0,76000.0
20001428,56347.0,106673.0,76200.0
20001429,56347.0,106673.0,74400.0
20001430,56347.0,106673.0,75300.0
20001431,56347.0,99381.0,76200.0
20001432,56347.0,100214.0,76200.0
20001433,56347.0,99381.0,74400.0
20001434,56347.0,100214.0,74400.0
20001435,56347.0,99381.0,75300.0
20001436,56347.0,100214.0,75300.0
20001437,63747.0,102064.0,76100.0
20001438,63747.0,103081.0,76100.0
20001439,63747.0,104098.0,76100.0
20001440,63747.0,105114.0,76100.0
20001441,63747.0,106131.0,76100.0
20001442,63747.0,102064.0,74366.0
20001443,63747.0,103081.0,74366.0
20001444,63747.0,104098.0,74366.0
20001445,63747.0,105114.0,74366.0
20001446,63747.0,106131.0,74366.0
20001447,63747.0,102064.0,75233.0
20001448,63747.0,106131.0,75233.0
20001449,63747.0,103081.0,75233.0
20001450,63747.0,104098.0,75233.0
20001451,63747.0,105114.0,75233.0
20001452,63747.0,99381.0,76000.0
20001453,63747.0,100214.0,76000.0
20001454,63747.0,99381.0,74333.0
20001455,63747.0,100214.0,74333.0
20001456,63747.0,99381.0,75166.0
20001457,63747.0,100214.0,75166.0
20001458,54680.0,101048.0,76200.0
20001459,55513.0,101048.0,76200.0
20001460,54680.0,101048.0,74400.0
20001461,55513.0,101048.0,74400.0
20001462,54680.0,101048.0,75300.0
20001463,55513.0,101048.0,75300.0
20001464,60822.0,98548.0,76000.0
20001465,61297.0,98548.0,76000.0
20001466,61300.0,98548.0,76550.0
20001467,61797.0,98548.0,76550.0
20001468,62297.0,98548.0,76550.0
20001469,62794.0,98548.0,76550.0
20001470,62797.0,98548.0,76000.0
20001471,63272.0,98548.0,76000.0
20001472,60822.0,98548.0,74333.0
20001473,61297.0,98548.0,74333.0
20001474,63272.0,98548.0,74333.0
20001475,62797.0,98548.0,74333.0
20001476,60822.0,98548.0,75166.0
20001477,63272.0,98548.0,75166.0
20001478,61797.0,98548.0,76000.0
20001479,61297.0,98548.0,75166.0
20001480,62297.0,98548.0,76000.0
20001481,62797.0,98548.0,75166.0
20001482,61197.0,101048.0,76000.0
20001483,62047.0,101048.0,76000.0
20001484,62897.0,101048.0,76000.0
20001485,61197.0,101048.0,74333.0
20001486,62047.0,101048.0,74333.0
20001487,62897.0,101048.0,74333.0
20001488,61197.0,101048.0,75166.0
20001489,62897.0,101048.0,75166.0
20001490,62047.0,101048.0,75166.0
20001491,111267.0,104698.0,76200.0
20001492,111267.0,105698.0,76200.0
20001493,111267.0,104698.0,74400.0
20001494,111267.0,105698.0,74400.0
20001495,111267.0,104698.0,75300.0
20001496,111267.0,105698.0,75300.0
20001497,108067.0,101048.0,76200.0
20001498,108067.0,101048.0,74400.0
20001499,108067.0,101048.0,75300.0
20001500,98867.0,114848.0,76200.0
20001501,98867.0,114848.0,74400.0
20001502,98867.0,114848.0,75300.0
20001503,108492.0,114848.0,76000.0
20001504,108495.0,114848.0,76550.0
20001505,108992.0,114848.0,76550.0
20001506,109492.0,114848.0,76550.0
20001507,109989.0,114848.0,76550.0
20001508,109992.0,114848.0,76000.0
20001509,108492.0,114848.0,74333.0
20001510,109992.0,114848.0,74333.0
20001511,108492.0,114848.0,75166.0
20001512,109992.0,114848.0,75166.0
20001513,108992.0,114848.0,76000.0
20001514,109492.0,114848.0,76000.0
20001515,107842.0,114848.0,76100.0
20001516,107842.0,114848.0,74366.0
20001517,107842.0,114848.0,75233.0
20001518,107467.0,114248.0,76100.0
20001519,107467.0,114248.0,74366.0
20001520,107467.0,114248.0,75233.0
20001521,111267.0,114248.0,76200.0
20001522,111267.0,114248.0,74400.0
20001523,111267.0,114248.0,75300.0
20001524,110767.0,114848.0,76100.0
20001525,110767.0,114848.0,74366.0
20001526,110767.0,114848.0,75233.0
20001527,110492.0,98548.0,76200.0
20001528,110492.0,98548.0,74400.0
20001529,110492.0,98548.0,75300.0
20001530,99067.0,98548.0,76200.0
20001531,100067.0,98548.0,76200.0
20001532,99067.0,98548.0,74400.0
20001533,100067.0,98548.0,74400.0
20001534,99067.0,98548.0,75300.0
20001535,100067.0,98548.0,75300.0
20001536,105733.0,98548.0,76200.0
20001537,106600.0,98548.0,76200.0
20001538,105733.0,98548.0,74400.0
20001539,106600.0,98548.0,74400.0
20001540,105733.0,98548.0,75300.0
20001541,106600.0,98548.0,75300.0
20001542,101067.0,99070.0,76200.0
20001543,101067.0,99070.0,74400.0
20001544,101067.0,99070.0,75300.0
20001545,104867.0,99070.0,76200.0
20001546,104867.0,99070.0,74400.0
20001547,104867.0,99070.0,75300.0
20001548,107467.0,99381.0,76200.0
20001549,107467.0,100214.0,76200.0
20001550,107467.0,99381.0,74400.0
20001551,107467.0,100214.0,74400.0
20001552,107467.0,99381.0,75300.0
20001553,107467.0,100214.0,75300.0
20001554,109517.0,101048.0,76200.0
20001555,109517.0,101048.0,74400.0
20001556,109517.0,101048.0,75300.0
20001557,110817.0,101048.0,76200.0
20001558,110817.0,101048.0,74400.0
20001559,110817.0,101048.0,75300.0
20001560,111267.0,99381.0,76200.0
20001561,111267.0,100214.0,76200.0
20001562,111267.0,99381.0,74400.0
20001563,111267.0,100214.0,74400.0
20001564,111267.0,99381.0,75300.0
20001565,111267.0,100214.0,75300.0
20001566,111267.0,101931.0,76200.0
20001567,111267.0,102814.0,76200.0
20001568,111267.0,101931.0,74400.0
20001569,111267.0,102814.0,74400.0
20001570,111267.0,101931.0,75300.0
20001571,111267.0,102814.0,75300.0
20001572,99067.0,107148.0,76200.0
20001573,100067.0,107148.0,76200.0
20001574,99067.0,107148.0,74400.0
20001575,100067.0,107148.0,74400.0
20001576,99067.0,107148.0,75300.0
20001577,100067.0,107148.0,75300.0
20001578,101067.0,106723.0,76200.0
20001579,101067.0,106723.0,74400.0
20001580,101067.0,106723.0,75300.0
20001581,104867.0,106723.0,76200.0
20001582,104867.0,106723.0,74400.0
20001583,104867.0,106723.0,75300.0
20001584,105733.0,107139.0,76500.0
20001585,106600.0,107131.0,76500.0
20001586,105733.0,107139.0,74400.0
20001587,106600.0,107131.0,74400.0
20001588,105733.0,107139.0,75300.0
20001589,106600.0,107131.0,75300.0
20001590,110817.0,107148.0,76300.0
20001591,110817.0,107148.0,74400.0
20001592,110817.0,107148.0,75300.0
20001593,104867.0,109345.0,76200.0
20001594,104867.0,109345.0,74400.0
20001595,104867.0,109345.0,75300.0
20001596,105733.0,108798.0,76500.0
20001597,106600.0,108798.0,76500.0
20001598,105733.0,108798.0,74400.0
20001599,106600.0,108798.0,74400.0
20001600,105733.0,108798.0,75300.0
20001601,106600.0,108798.0,75300.0
20001602,107467.0,109345.0,76200.0
20001603,107467.0,109345.0,74400.0
20001604,107467.0,109345.0,75300.0
20001605,98067.0,111448.0,76500.0
20001606,98067.0,112448.0,76500.0
20001607,98067.0,111448.0,74400.0
20001608,98067.0,112448.0,74400.0
20001609,98067.0,111448.0,75300.0
20001610,98067.0,112448.0,75300.0
20001611,100567.0,110448.0,76200.0
20001612,100567.0,110448.0,74400.0
20001613,100567.0,110448.0,75300.0
20001614,100367.0,113448.0,76500.0
20001615,100367.0,113448.0,74400.0
20001616,100367.0,113448.0,75300.0
20001617,101067.0,111448.0,76200.0
20001618,101067.0,112448.0,76200.0
20001619,101067.0,111448.0,74400.0
20001620,101067.0,112448.0,74400.0
20001621,101067.0,111448.0,75300.0
20001622,101067.0,112448.0,75300.0
20001623,98067.0,114148.0,76200.0
20001624,98067.0,114148.0,74400.0
20001625,98067.0,114148.0,75300.0
20001626,111267.0,111060.0,76200.0
20001627,111267.0,111923.0,76200.0
20001628,111267.0,112785.0,76200.0
20001629,111267.0,111060.0,74400.0
20001630,111267.0,111923.0,74400.0
20001631,111267.0,112785.0,74400.0
20001632,111267.0,111060.0,75300.0
20001633,111267.0,112785.0,75300.0
20001634,111267.0,111923.0,75300.0
20001635,100367.0,114848.0,76200.0
20001636,100367.0,114848.0,74400.0
20001637,100367.0,114848.0,75300.0
20001638,105733.0,114848.0,76200.0
20001639,106600.0,114848.0,76200.0
20001640,105733.0,114848.0,74400.0
20001641,106600.0,114848.0,74400.0
20001642,105733.0,114848.0,75300.0
20001643,106600.0,114848.0,75300.0
20001644,107467.0,106710.0,76200.0
20001645,107467.0,106710.0,74400.0
20001646,107467.0,106710.0,75300.0
20001647,98067.0,102481.0,76200.0
20001648,98067.0,103414.0,76200.0
20001649,98067.0,102481.0,74400.0
20001650,98067.0,103414.0,74400.0
20001651,98067.0,102481.0,75300.0
20001652,98067.0,103414.0,75300.0
20001653,98067.0,105281.0,76200.0
20001654,98067.0,106214.0,76200.0
20001655,98067.0,105281.0,74400.0
20001656,98067.0,106214.0,74400.0
20001657,98067.0,105281.0,75300.0
20001658,98067.0,106214.0,75300.0
20001659,104867.0,114248.0,76200.0
20001660,104867.0,114248.0,74400.0
20001661,104867.0,114248.0,75300.0
20001662,98067.0,99381.0,76200.0
20001663,98067.0,100214.0,76200.0
20001664,98067.0,99381.0,74400.0
20001665,98067.0,100214.0,74400.0
20001666,98067.0,99381.0,75300.0
20001667,98067.0,100214.0,75300.0
20001668,61197.0,110448.0,76000.0
20001669,62047.0,110448.0,76000.0
20001670,62897.0,110448.0,76000.0
20001671,61197.0,110448.0,74333.0
20001672,62047.0,110448.0,74333.0
20001673,62897.0,110448.0,74333.0
20001674,61197.0,110448.0,75166.0
20001675,62897.0,110448.0,75166.0
20001676,62047.0,110448.0,75166.0
20001677,24276.0,113839.0,77100.0
20001678,24243.0,112886.0,77100.0
20001679,24231.0,111941.0,77100.0
20001680,24227.0,110977.0,77100.0
20001681,24224.0,110000.0,77100.0
20001682,24222.0,109011.0,77100.0
20001683,24219.0,108072.0,77100.0
20001684,25257.0,113924.0,77100.0
20001685,25204.0,113003.0,77100.0
20001686,25187.0,112064.0,77100.0
20001687,25181.0,111102.0,77100.0
20001688,25177.0,110120.0,77100.0
20001689,25173.0,109127.0,77100.0
20001690,25170.0,108135.0,77100.0
20001691,26173.0,114011.0,77100.0
20001692,26142.0,113153.0,77100.0
20001693,26131.0,112222.0,77100.0
20001694,26127.0,111252.0,77100.0
20001695,26124.0,110256.0,77100.0
20001696,26121.0,109228.0,77100.0
20001697,26119.0,108190.0,77100.0
20001698,27767.0,114148.0,77100.0
20001699,29267.0,114148.0,77100.0
20001700,17833.0,112807.0,77100.0
20001701,17803.0,111978.0,77100.0
20001702,17814.0,109560.0,77100.0
20001703,17803.0,110360.0,77100.0
20001704,17797.0,111175.0,77100.0
20001705,18747.0,110499.0,77100.0
20001706,18711.0,111308.0,77100.0
20001707,18758.0,109644.0,77100.0
20001708,18725.0,111989.0,77100.0
20001709,18796.0,112799.0,77100.0
20001710,19605.0,111720.0,77100.0
20001711,19687.0,110724.0,77100.0
20001712,19711.0,109759.0,77100.0
20001713,19736.0,112715.0,77100.0
20001714,17727.0,107952.0,77100.0
20001715,18522.0,107951.0,77100.0
20001716,19173.0,107945.0,77100.0
20001717,19928.0,107945.0,77100.0
20001718,21533.0,107964.0,77100.0
20001719,22400.0,107968.0,77100.0
20001720,24217.0,106235.0,77100.0
20001721,24217.0,105296.0,77100.0
20001722,25167.0,106224.0,77100.0
20001723,25167.0,105289.0,77100.0
20001724,26117.0,106235.0,77100.0
20001725,26117.0,105296.0,77100.0
20001726,17733.0,100214.0,77100.0
20001727,17704.0,99381.0,77100.0
20001728,18596.0,100214.0,77100.0
20001729,18559.0,99381.0,77100.0
20001730,24217.0,103414.0,77100.0
20001731,24217.0,102481.0,77100.0
20001732,25167.0,103414.0,77100.0
20001733,25167.0,102481.0,77100.0
20001734,26117.0,103414.0,77100.0
20001735,26117.0,102481.0,77100.0
20001736,24235.0,100556.0,77100.0
20001737,24271.0,99559.0,77100.0
20001738,25193.0,100552.0,77100.0
20001739,25253.0,99553.0,77100.0
20001740,26135.0,100556.0,77100.0
20001741,26171.0,99558.0,77100.0
20001742,53835.0,107943.0,77100.0
20001743,54736.0,107923.0,77100.0
20001744,55602.0,107903.0,77100.0
20001745,109538.0,100214.0,77100.0
20001746,109574.0,99381.0,77100.0
20001747,110401.0,100214.0,77100.0
20001748,110429.0,99381.0,77100.0
20001749,98867.0,114148.0,77100.0
20001750,100367.0,114148.0,77100.0
20001751,108372.0,112745.0,77100.0
20001752,108436.0,111814.0,77100.0
20001753,108445.0,109786.0,77100.0
20001754,108536.0,110807.0,77100.0
20001755,109424.0,111113.0,77100.0
20001756,109371.0,111930.0,77100.0
20001757,109425.0,110435.0,77100.0
20001758,109388.0,109627.0,77100.0
20001759,109326.0,112783.0,77100.0
20001760,110341.0,110329.0,77100.0
20001761,110337.0,111124.0,77100.0
20001762,110328.0,109547.0,77100.0
20001763,110293.0,112795.0,77100.0
20001764,110320.0,111948.0,77100.0
20001765,101998.0,100556.0,77100.0
20001766,101962.0,99558.0,77100.0
20001767,102940.0,100552.0,77100.0
20001768,102881.0,99553.0,77100.0
20001769,103898.0,100556.0,77100.0
20001770,103862.0,99559.0,77100.0
20001771,108205.0,107945.0,77100.0
20001772,108960.0,107945.0,77100.0
20001773,109611.0,107951.0,77100.0
20001774,110406.0,107952.0,77100.0
20001775,102017.0,106235.0,77100.0
20001776,102017.0,105296.0,77100.0
20001777,102967.0,106224.0,77100.0
20001778,102967.0,105289.0,77100.0
20001779,103917.0,106235.0,77100.0
20001780,103917.0,105296.0,77100.0
20001781,101960.0,114011.0,77100.0
20001782,101992.0,113153.0,77100.0
20001783,102002.0,112222.0,77100.0
20001784,102007.0,111252.0,77100.0
20001785,102010.0,110256.0,77100.0
20001786,102012.0,109228.0,77100.0
20001787,102014.0,108190.0,77100.0
20001788,102877.0,113924.0,77100.0
20001789,102929.0,113003.0,77100.0
20001790,102946.0,112064.0,77100.0
20001791,102953.0,111102.0,77100.0
20001792,102957.0,110120.0,77100.0
20001793,102960.0,109127.0,77100.0
20001794,102963.0,108135.0,77100.0
20001795,103858.0,113839.0,77100.0
20001796,103890.0,112886.0,77100.0
20001797,103902.0,111941.0,77100.0
20001798,103907.0,110977.0,77100.0
20001799,103910.0,110000.0,77100.0
20001800,103912.0,109011.0,77100.0
20001801,103914.0,108072.0,77100.0
20001802,102017.0,103414.0,77100.0
20001803,102017.0,102481.0,77100.0
20001804,102967.0,103414.0,77100.0
20001805,102967.0,102481.0,77100.0
20001806,103917.0,103414.0,77100.0
20001807,103917.0,102481.0,77100.0
20001808,105733.0,107968.0,77100.0
20001809,106600.0,107964.0,77100.0
21000001,23267.0,114848.0,80700.0
21000002,27067.0,114848.0,80700.0
21000003,20667.0,114848.0,80700.0
21000004,30067.0,114848.0,80700.0
21000005,27067.0,113448.0,80700.0
21000006,27067.0,110448.0,80700.0
21000007,30067.0,113448.0,80700.0
21000008,20667.0,111848.0,80700.0
21000009,20667.0,108798.0,80700.0
21000010,23267.0,111848.0,80700.0
21000011,16867.0,108748.0,80700.0
21000012,23267.0,108798.0,80700.0
21000013,16867.0,107148.0,80700.0
21000014,30067.0,107148.0,80700.0
21000015,23267.0,107148.0,80700.0
21000016,20667.0,107123.0,80700.0
21000017,27067.0,107148.0,80700.0
21000018,16867.0,101048.0,80700.0
21000019,17767.0,107148.0,80700.0
21000020,17767.0,101048.0,80700.0
21000021,20667.0,104348.0,80700.0
21000022,23267.0,104348.0,80700.0
21000023,27067.0,104348.0,80700.0
21000024,20667.0,101548.0,80700.0
21000025,20667.0,101048.0,80700.0
21000026,23267.0,101548.0,80700.0
21000027,27067.0,101548.0,80700.0
21000028,20667.0,98548.0,80700.0
21000029,23267.0,98548.0,80700.0
21000030,27067.0,98548.0,80700.0
21000031,16867.0,110198.0,80700.0
21000032,30067.0,110448.0,80700.0
21000033,23267.0,109893.0,80700.0
21000034,28067.0,110448.0,80700.0
21000035,23267.0,106298.0,80700.0
21000036,27067.0,106298.0,80700.0
21000037,20167.0,107098.0,80700.0
21000038,23267.0,99593.0,80700.0
21000039,27067.0,99593.0,80700.0
21000040,18417.0,98548.0,80700.0
21000041,20667.0,113648.0,80700.0
21000042,16867.0,113648.0,80700.0
21000043,19917.0,113648.0,80700.0
21000044,19917.0,114848.0,80700.0
21000045,17867.0,113648.0,80700.0
21000046,17867.0,114848.0,80700.0
21000047,28467.0,113448.0,80700.0
21000048,28467.0,114848.0,80700.0
21000049,19467.0,98548.0,80700.0
21000050,19467.0,101048.0,80700.0
21000051,17767.0,103698.0,80700.0
21000052,16867.0,103698.0,80700.0
21000053,20667.0,106298.0,80700.0
21000054,23267.0,113648.0,80700.0
21000055,20667.0,109893.0,80700.0
21000056,4867.0,114848.0,80700.0
21000057,4867.0,106698.0,80700.0
21000058,4867.0,98548.0,80700.0
21000059,4867.0,87098.0,80700.0
21000060,4867.0,126298.0,80700.0
21000061,9467.0,126348.0,80700.0
21000062,13067.0,126348.0,80700.0
21000063,124067.0,114848.0,80700.0
21000064,124067.0,106698.0,80700.0
21000065,124067.0,98548.0,80700.0
21000066,124067.0,87098.0,80700.0
21000067,124067.0,126298.0,80700.0
21000068,30067.0,98548.0,80700.0
21000069,30067.0,101048.0,80700.0
21000070,30067.0,104348.0,80700.0
21000071,30067.0,101548.0,80700.0
21000072,13067.0,87048.0,80700.0
21000073,9467.0,87048.0,80700.0
21000074,63747.0,110448.0,80700.0
21000075,60347.0,101048.0,80700.0
21000076,60347.0,107048.0,80700.0
21000077,63747.0,107148.0,80700.0
21000078,52947.0,114848.0,80700.0
21000079,56347.0,108748.0,80700.0
21000080,52947.0,103698.0,80700.0
21000081,53847.0,103698.0,80700.0
21000082,54497.0,98548.0,80700.0
21000083,56347.0,110448.0,80700.0
21000084,52947.0,110198.0,80700.0
21000085,56347.0,113448.0,80700.0
21000086,52947.0,101048.0,80700.0
21000087,53847.0,101048.0,80700.0
21000088,53847.0,107148.0,80700.0
21000089,52947.0,107148.0,80700.0
21000090,56347.0,107048.0,80700.0
21000091,52947.0,108748.0,80700.0
21000092,56347.0,101548.0,80700.0
21000093,55947.0,107048.0,80700.0
21000094,56347.0,106298.0,80700.0
21000095,60347.0,110448.0,80700.0
21000096,56347.0,104348.0,80700.0
21000097,56347.0,101048.0,80700.0
21000098,63747.0,101048.0,80700.0
21000099,52947.0,98548.0,80700.0
21000100,60347.0,104348.0,80700.0
21000101,119800.0,87048.0,80700.0
21000102,115533.0,87048.0,80700.0
21000103,111267.0,103698.0,80700.0
21000104,110367.0,103698.0,80700.0
21000105,108667.0,101048.0,80700.0
21000106,108667.0,98548.0,80700.0
21000107,99667.0,114848.0,80700.0
21000108,99667.0,113448.0,80700.0
21000109,110267.0,114848.0,80700.0
21000110,110267.0,113648.0,80700.0
21000111,108217.0,114848.0,80700.0
21000112,108217.0,113648.0,80700.0
21000113,111267.0,113648.0,80700.0
21000114,107467.0,113648.0,80700.0
21000115,109717.0,98548.0,80700.0
21000116,101067.0,99593.0,80700.0
21000117,104867.0,99593.0,80700.0
21000118,107967.0,107098.0,80700.0
21000119,101067.0,106298.0,80700.0
21000120,104867.0,106298.0,80700.0
21000121,100067.0,110448.0,80700.0
21000122,104867.0,109893.0,80700.0
21000123,98067.0,110448.0,80700.0
21000124,111267.0,110198.0,80700.0
21000125,101067.0,98548.0,80700.0
21000126,104867.0,98548.0,80700.0
21000127,107467.0,98548.0,80700.0
21000128,101067.0,101548.0,80700.0
21000129,104867.0,101548.0,80700.0
21000130,107467.0,101048.0,80700.0
21000131,107467.0,101548.0,80700.0
21000132,101067.0,104348.0,80700.0
21000133,104867.0,104348.0,80700.0
21000134,107467.0,104348.0,80700.0
21000135,110367.0,101048.0,80700.0
21000136,110367.0,107148.0,80700.0
21000137,111267.0,101048.0,80700.0
21000138,101067.0,107148.0,80700.0
21000139,107467.0,107123.0,80700.0
21000140,104867.0,107148.0,80700.0
21000141,98067.0,107148.0,80700.0
21000142,111267.0,107148.0,80700.0
21000143,104867.0,108798.0,80700.0
21000144,111267.0,108748.0,80700.0
21000145,104867.0,111848.0,80700.0
21000146,107467.0,108798.0,80700.0
21000147,107467.0,111848.0,80700.0
21000148,98067.0,113448.0,80700.0
21000149,101067.0,110448.0,80700.0
21000150,101067.0,113448.0,80700.0
21000151,98067.0,114848.0,80700.0
21000152,107467.0,114848.0,80700.0
21000153,101067.0,114848.0,80700.0
21000154,104867.0,114848.0,80700.0
21000155,107467.0,106298.0,80700.0
21000156,98067.0,101548.0,80700.0
21000157,98067.0,104348.0,80700.0
21000158,107467.0,109893.0,80700.0
21000159,104867.0,113648.0,80700.0
21000160,98067.0,101048.0,80700.0
21000161,98067.0,98548.0,80700.0
21000162,63747.0,98548.0,80700.0
21000163,56347.0,98548.0,80700.0
21000164,56347.0,114848.0,80700.0
21000165,63747.0,114848.0,80700.0
21000166,60347.0,114848.0,80700.0
21000167,60347.0,98548.0,80700.0
21000168,30067.0,87098.0,80700.0
21000169,30067.0,126298.0,80700.0
21000170,16867.0,98548.0,80700.0
21000171,16867.0,114848.0,80700.0
21000172,16867.0,106698.0,80700.0
21000173,16867.0,87098.0,80700.0
21000174,16867.0,126298.0,80700.0
21000175,111267.0,126298.0,80700.0
21000176,111267.0,87098.0,80700.0
21000177,98067.0,87098.0,80700.0
21000178,98067.0,126298.0,80700.0
21000179,111267.0,106698.0,80700.0
21000180,111267.0,114848.0,80700.0
21000181,111267.0,98548.0,80700.0
21000182,41507.0,126298.0,80700.0
21000183,41507.0,87098.0,80700.0
21000184,52947.0,87098.0,80700.0
21000185,52947.0,126298.0,80700.0
21000186,75187.0,87098.0,80700.0
21000187,75187.0,126298.0,80700.0
21000188,86627.0,126298.0,80700.0
21000189,86627.0,87098.0,80700.0
21000190,102700.0,87048.0,80700.0
21000191,47227.0,126348.0,80700.0
21000192,47227.0,87048.0,80700.0
21000193,35787.0,126348.0,80700.0
21000194,35787.0,87048.0,80700.0
21000195,25433.0,126348.0,80700.0
21000196,25433.0,114848.0,80700.0
21000197,25433.0,87048.0,80700.0
21000198,25433.0,98548.0,80700.0
21000199,20667.0,87048.0,80700.0
21000200,20667.0,126348.0,80700.0
21000201,102700.0,126348.0,80700.0
21000202,102700.0,114848.0,80700.0
21000203,107467.0,126348.0,80700.0
21000204,107467.0,87048.0,80700.0
21000205,58322.0,87048.0,80700.0
21000206,58322.0,126348.0,80700.0
21000207,58322.0,114848.0,80700.0
21000208,69467.0,126348.0,80700.0
21000209,69467.0,87048.0,80700.0
21000210,80907.0,126348.0,80700.0
21000211,80907.0,87048.0,80700.0
21000212,92347.0,126348.0,80700.0
21000213,92347.0,87048.0,80700.0
21000214,119800.0,126348.0,80700.0
21000215,115533.0,126348.0,80700.0
21000216,30067.0,106698.0,80700.0
21000217,52947.0,106698.0,80700.0
21000218,63747.0,106698.0,80700.0
21000219,58322.0,98548.0,80700.0
21000220,98067.0,106698.0,80700.0
21000221,102700.0,98548.0,80700.0
21000222,47227.0,106698.0,80700.0
21000223,47227.0,98548.0,80700.0
21000224,47227.0,114848.0,80700.0
21000225,35787.0,106698.0,80700.0
21000226,35787.0,98548.0,80700.0
21000227,35787.0,114848.0,80700.0
21000228,69467.0,106698.0,80700.0
21000229,69467.0,98548.0,80700.0
21000230,69467.0,114848.0,80700.0
21000231,80907.0,106698.0,80700.0
21000232,80907.0,98548.0,80700.0
21000233,80907.0,114848.0,80700.0
21000234,92347.0,106698.0,80700.0
21000235,92347.0,98548.0,80700.0
21000236,92347.0,114848.0,80700.0
21000237,119800.0,106698.0,80700.0
21000238,119800.0,98548.0,80700.0
21000239,119800.0,114848.0,80700.0
21000240,115533.0,106698.0,80700.0
21000241,115533.0,98548.0,80700.0
21000242,115533.0,114848.0,80700.0
21000243,86627.0,106698.0,80700.0
21000244,86627.0,98548.0,80700.0
21000245,86627.0,114848.0,80700.0
21000246,75187.0,106698.0,80700.0
21000247,75187.0,98548.0,80700.0
21000248,75187.0,114848.0,80700.0
21000249,41507.0,106698.0,80700.0
21000250,41507.0,98548.0,80700.0
21000251,41507.0,114848.0,80700.0
21000252,13067.0,106698.0,80700.0
21000253,13067.0,98548.0,80700.0
21000254,13067.0,114848.0,80700.0
21000255,9467.0,106698.0,80700.0
21000256,9467.0,98548.0,80700.0
21000257,9467.0,114848.0,80700.0
21000258,63747.0,87098.0,80700.0
21000259,63747.0,126298.0,80700.0
21000260,16867.0,108748.0,79900.0
21000261,16867.0,110198.0,79900.0
21000262,27067.0,113448.0,80100.0
21000263,27067.0,114848.0,80100.0
21000264,20667.0,107123.0,80100.0
21000265,20667.0,108798.0,80100.0
21000266,28067.0,110448.0,80100.0
21000267,30067.0,110448.0,80100.0
21000268,16867.0,107148.0,79900.0
21000269,23267.0,107148.0,80100.0
21000270,23267.0,108798.0,80100.0
21000271,17767.0,107148.0,80000.0
21000272,20167.0,107098.0,80000.0
21000273,18417.0,98548.0,79900.0
21000274,19467.0,98548.0,79900.0
21000275,28467.0,113448.0,80100.0
21000276,30067.0,113448.0,80100.0
21000277,20667.0,98548.0,79900.0
21000278,56347.0,113448.0,80000.0
21000279,56347.0,114848.0,80000.0
21000280,53847.0,107148.0,80000.0
21000281,55947.0,107048.0,80000.0
21000282,54497.0,98548.0,79900.0
21000283,56347.0,98548.0,79900.0
21000284,107467.0,98548.0,79900.0
21000285,108667.0,98548.0,79900.0
21000286,98067.0,113448.0,80100.0
21000287,99667.0,113448.0,80100.0
21000288,107967.0,107098.0,80000.0
21000289,110367.0,107148.0,80000.0
21000290,104867.0,107148.0,80100.0
21000291,104867.0,108798.0,80100.0
21000292,111267.0,107148.0,79900.0
21000293,111267.0,108748.0,79900.0
21000294,107467.0,107123.0,80100.0
21000295,107467.0,108798.0,80100.0
21000296,101067.0,113448.0,80100.0
21000297,101067.0,114848.0,80100.0
21000298,111267.0,110198.0,79900.0
21000299,98067.0,110448.0,80100.0
21000300,100067.0,110448.0,80100.0
21000301,109717.0,98548.0,79900.0
21000302,17367.0,114848.0,80700.0
21000303,21533.0,114848.0,80700.0
21000304,22400.0,114848.0,80700.0
21000305,27767.0,114848.0,80700.0
21000306,16867.0,111060.0,80700.0
21000307,16867.0,111923.0,80700.0
21000308,16867.0,112785.0,80700.0
21000309,16867.0,109110.0,80700.0
21000310,16867.0,109473.0,80700.0
21000311,16867.0,109835.0,80700.0
21000312,27067.0,113798.0,80700.0
21000313,27067.0,114148.0,80700.0
21000314,27067.0,114498.0,80700.0
21000315,30067.0,114148.0,80700.0
21000316,27067.0,111448.0,80700.0
21000317,27067.0,112448.0,80700.0
21000318,27767.0,113448.0,80700.0
21000319,27567.0,110448.0,80700.0
21000320,30067.0,111448.0,80700.0
21000321,30067.0,112448.0,80700.0
21000322,20667.0,109345.0,80700.0
21000323,20667.0,107541.0,80700.0
21000324,20667.0,107960.0,80700.0
21000325,20667.0,108379.0,80700.0
21000326,21533.0,108798.0,80700.0
21000327,22400.0,108798.0,80700.0
21000328,23267.0,109345.0,80700.0
21000329,28567.0,110448.0,80700.0
21000330,29067.0,110448.0,80700.0
21000331,29567.0,110448.0,80700.0
21000332,16867.0,107548.0,80700.0
21000333,16867.0,107948.0,80700.0
21000334,16867.0,108348.0,80700.0
21000335,23267.0,107560.0,80700.0
21000336,23267.0,107973.0,80700.0
21000337,23267.0,108385.0,80700.0
21000338,17317.0,107148.0,80700.0
21000339,21533.0,107131.0,80700.0
21000340,22400.0,107139.0,80700.0
21000341,23267.0,106723.0,80700.0
21000342,27067.0,106723.0,80700.0
21000343,28067.0,107148.0,80700.0
21000344,29067.0,107148.0,80700.0
21000345,16867.0,101931.0,80700.0
21000346,16867.0,102814.0,80700.0
21000347,16867.0,99381.0,80700.0
21000348,16867.0,100214.0,80700.0
21000349,17317.0,101048.0,80700.0
21000350,18167.0,107139.0,80700.0
21000351,18567.0,107131.0,80700.0
21000352,18967.0,107123.0,80700.0
21000353,19367.0,107114.0,80700.0
21000354,19767.0,107106.0,80700.0
21000355,18617.0,101048.0,80700.0
21000356,20667.0,99381.0,80700.0
21000357,20667.0,100214.0,80700.0
21000358,17642.0,98548.0,80700.0
21000359,18942.0,98548.0,80700.0
21000360,21533.0,98548.0,80700.0
21000361,22400.0,98548.0,80700.0
21000362,23267.0,99070.0,80700.0
21000363,27067.0,99070.0,80700.0
21000364,28067.0,98548.0,80700.0
21000365,29067.0,98548.0,80700.0
21000366,16867.0,114248.0,80700.0
21000367,20667.0,114248.0,80700.0
21000368,20292.0,114848.0,80700.0
21000369,18142.0,114848.0,80700.0
21000370,18642.0,114848.0,80700.0
21000371,19142.0,114848.0,80700.0
21000372,19642.0,114848.0,80700.0
21000373,29267.0,114848.0,80700.0
21000374,28867.0,113448.0,80700.0
21000375,29267.0,113448.0,80700.0
21000376,29667.0,113448.0,80700.0
21000377,20067.0,101048.0,80700.0
21000378,20067.0,98548.0,80700.0
21000379,16867.0,104698.0,80700.0
21000380,16867.0,105698.0,80700.0
21000381,20667.0,106710.0,80700.0
21000382,23267.0,114248.0,80700.0
21000383,30067.0,99381.0,80700.0
21000384,30067.0,100214.0,80700.0
21000385,30067.0,105281.0,80700.0
21000386,30067.0,106214.0,80700.0
21000387,30067.0,102481.0,80700.0
21000388,30067.0,103414.0,80700.0
21000389,60347.0,101873.0,80700.0
21000390,60347.0,102698.0,80700.0
21000391,60347.0,103523.0,80700.0
21000392,63747.0,111328.0,80700.0
21000393,63747.0,112208.0,80700.0
21000394,63747.0,113088.0,80700.0
21000395,63747.0,113968.0,80700.0
21000396,61022.0,114848.0,80700.0
21000397,61697.0,114848.0,80700.0
21000398,62197.0,114848.0,80700.0
21000399,62697.0,114848.0,80700.0
21000400,63197.0,114848.0,80700.0
21000401,52947.0,104560.0,80700.0
21000402,52947.0,105423.0,80700.0
21000403,52947.0,106285.0,80700.0
21000404,53722.0,98548.0,80700.0
21000405,52947.0,99381.0,80700.0
21000406,52947.0,100214.0,80700.0
21000407,52947.0,101931.0,80700.0
21000408,52947.0,102814.0,80700.0
21000409,53397.0,101048.0,80700.0
21000410,53397.0,107148.0,80700.0
21000411,56347.0,111328.0,80700.0
21000412,56347.0,112208.0,80700.0
21000413,56347.0,113088.0,80700.0
21000414,56347.0,113798.0,80700.0
21000415,56347.0,114148.0,80700.0
21000416,56347.0,114498.0,80700.0
21000417,52947.0,111128.0,80700.0
21000418,52947.0,112058.0,80700.0
21000419,52947.0,112988.0,80700.0
21000420,52947.0,113918.0,80700.0
21000421,53622.0,114848.0,80700.0
21000422,54297.0,114848.0,80700.0
21000423,54797.0,114848.0,80700.0
21000424,55297.0,114848.0,80700.0
21000425,55797.0,114848.0,80700.0
21000426,54372.0,107123.0,80700.0
21000427,54897.0,107098.0,80700.0
21000428,55422.0,107073.0,80700.0
21000429,56347.0,106673.0,80700.0
21000430,56347.0,99381.0,80700.0
21000431,56347.0,100214.0,80700.0
21000432,54959.0,98548.0,80700.0
21000433,55422.0,98548.0,80700.0
21000434,55884.0,98548.0,80700.0
21000435,63747.0,102064.0,80700.0
21000436,63747.0,103081.0,80700.0
21000437,63747.0,104098.0,80700.0
21000438,63747.0,105114.0,80700.0
21000439,63747.0,106131.0,80700.0
21000440,63747.0,99381.0,80700.0
21000441,63747.0,100214.0,80700.0
21000442,54680.0,101048.0,80700.0
21000443,55513.0,101048.0,80700.0
21000444,60822.0,98548.0,80700.0
21000445,61297.0,98548.0,80700.0
21000446,61797.0,98548.0,80700.0
21000447,62297.0,98548.0,80700.0
21000448,62797.0,98548.0,80700.0
21000449,63272.0,98548.0,80700.0
21000450,61197.0,101048.0,80700.0
21000451,62047.0,101048.0,80700.0
21000452,62897.0,101048.0,80700.0
21000453,111267.0,104698.0,80700.0
21000454,111267.0,105698.0,80700.0
21000455,108067.0,98548.0,80700.0
21000456,108067.0,101048.0,80700.0
21000457,98467.0,113448.0,80700.0
21000458,98867.0,113448.0,80700.0
21000459,99267.0,113448.0,80700.0
21000460,98867.0,114848.0,80700.0
21000461,108492.0,114848.0,80700.0
21000462,108992.0,114848.0,80700.0
21000463,109492.0,114848.0,80700.0
21000464,109992.0,114848.0,80700.0
21000465,107842.0,114848.0,80700.0
21000466,107467.0,114248.0,80700.0
21000467,111267.0,114248.0,80700.0
21000468,110767.0,114848.0,80700.0
21000469,110492.0,98548.0,80700.0
21000470,99067.0,98548.0,80700.0
21000471,100067.0,98548.0,80700.0
21000472,105733.0,98548.0,80700.0
21000473,106600.0,98548.0,80700.0
21000474,101067.0,99070.0,80700.0
21000475,104867.0,99070.0,80700.0
21000476,107467.0,99381.0,80700.0
21000477,107467.0,100214.0,80700.0
21000478,109517.0,101048.0,80700.0
21000479,108367.0,107106.0,80700.0
21000480,108767.0,107114.0,80700.0
21000481,109167.0,107123.0,80700.0
21000482,109567.0,107131.0,80700.0
21000483,109967.0,107139.0,80700.0
21000484,110817.0,101048.0,80700.0
21000485,111267.0,99381.0,80700.0
21000486,111267.0,100214.0,80700.0
21000487,111267.0,101931.0,80700.0
21000488,111267.0,102814.0,80700.0
21000489,99067.0,107148.0,80700.0
21000490,100067.0,107148.0,80700.0
21000491,101067.0,106723.0,80700.0
21000492,104867.0,106723.0,80700.0
21000493,105733.0,107139.0,80700.0
21000494,106600.0,107131.0,80700.0
21000495,110817.0,107148.0,80700.0
21000496,104867.0,107560.0,80700.0
21000497,104867.0,107973.0,80700.0
21000498,104867.0,108385.0,80700.0
21000499,111267.0,107548.0,80700.0
21000500,111267.0,107948.0,80700.0
21000501,111267.0,108348.0,80700.0
21000502,104867.0,109345.0,80700.0
21000503,105733.0,108798.0,80700.0
21000504,106600.0,108798.0,80700.0
21000505,107467.0,107541.0,80700.0
21000506,107467.0,107960.0,80700.0
21000507,107467.0,108379.0,80700.0
21000508,107467.0,109345.0,80700.0
21000509,98067.0,111448.0,80700.0
21000510,98067.0,112448.0,80700.0
21000511,100567.0,110448.0,80700.0
21000512,100367.0,113448.0,80700.0
21000513,101067.0,111448.0,80700.0
21000514,101067.0,112448.0,80700.0
21000515,98067.0,114148.0,80700.0
21000516,101067.0,113798.0,80700.0
21000517,101067.0,114148.0,80700.0
21000518,101067.0,114498.0,80700.0
21000519,111267.0,109110.0,80700.0
21000520,111267.0,109473.0,80700.0
21000521,111267.0,109835.0,80700.0
21000522,111267.0,111060.0,80700.0
21000523,111267.0,111923.0,80700.0
21000524,111267.0,112785.0,80700.0
21000525,100367.0,114848.0,80700.0
21000526,105733.0,114848.0,80700.0
21000527,106600.0,114848.0,80700.0
21000528,107467.0,106710.0,80700.0
21000529,98067.0,102481.0,80700.0
21000530,98067.0,103414.0,80700.0
21000531,98067.0,105281.0,80700.0
21000532,98067.0,106214.0,80700.0
21000533,104867.0,114248.0,80700.0
21000534,98067.0,99381.0,80700.0
21000535,98067.0,100214.0,80700.0
21000536,98567.0,110448.0,80700.0
21000537,99067.0,110448.0,80700.0
21000538,99567.0,110448.0,80700.0
21000539,109192.0,98548.0,80700.0
21000540,61197.0,110448.0,80700.0
21000541,62047.0,110448.0,80700.0
21000542,62897.0,110448.0,80700.0
21000543,16867.0,114848.0,79600.0
21000544,16867.0,114848.0,78766.0
21000545,16867.0,114848.0,77933.0
21000546,17867.0,114848.0,79600.0
21000547,17867.0,114848.0,78766.0
21000548,17867.0,114848.0,77933.0
21000549,20667.0,114848.0,79600.0
21000550,20667.0,114848.0,78766.0
21000551,20667.0,114848.0,77933.0
21000552,23267.0,114848.0,79700.0
21000553,23267.0,114848.0,78833.0
21000554,23267.0,114848.0,77966.0
21000555,28467.0,114848.0,79800.0
21000556,28467.0,114848.0,78900.0
21000557,28467.0,114848.0,78000.0
21000558,27067.0,110448.0,79800.0
21000559,27067.0,110448.0,78900.0
21000560,27067.0,110448.0,78000.0
21000561,20667.0,109893.0,79800.0
21000562,20667.0,109893.0,78900.0
21000563,20667.0,109893.0,78000.0
21000564,16867.0,113648.0,79600.0
21000565,16867.0,113648.0,78766.0
21000566,16867.0,113648.0,77933.0
21000567,23267.0,109893.0,79800.0
21000568,23267.0,109893.0,78900.0
21000569,23267.0,109893.0,78000.0
21000570,16867.0,106698.0,79800.0
21000571,16867.0,106698.0,78900.0
21000572,16867.0,106698.0,78000.0
21000573,23267.0,106298.0,79800.0
21000574,23267.0,106298.0,78900.0
21000575,23267.0,106298.0,78000.0
21000576,27067.0,106298.0,79800.0
21000577,27067.0,106298.0,78900.0
21000578,27067.0,106298.0,78000.0
21000579,27067.0,107148.0,79800.0
21000580,27067.0,107148.0,78900.0
21000581,27067.0,107148.0,78000.0
21000582,16867.0,101048.0,79800.0
21000583,16867.0,101048.0,78900.0
21000584,16867.0,101048.0,78000.0
21000585,16867.0,103698.0,79800.0
21000586,16867.0,103698.0,78900.0
21000587,16867.0,103698.0,78000.0
21000588,16867.0,98548.0,79800.0
21000589,16867.0,98548.0,78900.0
21000590,16867.0,98548.0,78000.0
21000591,17767.0,101048.0,79800.0
21000592,17767.0,101048.0,78900.0
21000593,17767.0,101048.0,78000.0
21000594,19467.0,101048.0,79800.0
21000595,19467.0,101048.0,78900.0
21000596,19467.0,101048.0,78000.0
21000597,20667.0,101048.0,79800.0
21000598,20667.0,101048.0,78900.0
21000599,20667.0,101048.0,78000.0
21000600,23267.0,98548.0,79800.0
21000601,23267.0,98548.0,78900.0
21000602,23267.0,98548.0,78000.0
21000603,23267.0,99593.0,79800.0
21000604,23267.0,99593.0,78900.0
21000605,23267.0,99593.0,78000.0
21000606,27067.0,98548.0,79800.0
21000607,27067.0,98548.0,78900.0
21000608,27067.0,98548.0,78000.0
21000609,27067.0,99593.0,79800.0
21000610,27067.0,99593.0,78900.0
21000611,27067.0,99593.0,78000.0
21000612,30067.0,98548.0,79800.0
21000613,30067.0,98548.0,78900.0
21000614,30067.0,98548.0,78000.0
21000615,19917.0,114848.0,79600.0
21000616,19917.0,114848.0,78766.0
21000617,19917.0,114848.0,77933.0
21000618,30067.0,114848.0,79800.0
21000619,30067.0,114848.0,78900.0
21000620,30067.0,114848.0,78000.0
21000621,20667.0,106298.0,79800.0
21000622,20667.0,106298.0,78900.0
21000623,20667.0,106298.0,78000.0
21000624,20667.0,113648.0,79600.0
21000625,20667.0,113648.0,78766.0
21000626,20667.0,113648.0,77933.0
21000627,23267.0,113648.0,79800.0
21000628,23267.0,113648.0,78900.0
21000629,23267.0,113648.0,78000.0
21000630,20667.0,101548.0,79800.0
21000631,20667.0,101548.0,78900.0
21000632,20667.0,101548.0,78000.0
21000633,30067.0,101048.0,79800.0
21000634,30067.0,101048.0,78900.0
21000635,30067.0,101048.0,78000.0
21000636,30067.0,101548.0,79800.0
21000637,30067.0,101548.0,78900.0
21000638,30067.0,101548.0,78000.0
21000639,30067.0,107148.0,79800.0
21000640,30067.0,107148.0,78900.0
21000641,30067.0,107148.0,78000.0
21000642,30067.0,104348.0,79800.0
21000643,30067.0,104348.0,78900.0
21000644,30067.0,104348.0,78000.0
21000645,30067.0,106698.0,79800.0
21000646,30067.0,106698.0,78900.0
21000647,30067.0,106698.0,78000.0
21000648,60347.0,101048.0,79600.0
21000649,60347.0,101048.0,78766.0
21000650,60347.0,101048.0,77933.0
21000651,60347.0,104348.0,79600.0
21000652,60347.0,104348.0,78766.0
21000653,60347.0,104348.0,77933.0
21000654,63747.0,110448.0,79600.0
21000655,63747.0,110448.0,78766.0
21000656,63747.0,110448.0,77933.0
21000657,63747.0,114848.0,79600.0
21000658,63747.0,114848.0,78766.0
21000659,63747.0,114848.0,77933.0
21000660,60347.0,114848.0,79600.0
21000661,60347.0,114848.0,78766.0
21000662,60347.0,114848.0,77933.0
21000663,52947.0,103698.0,79800.0
21000664,52947.0,103698.0,78900.0
21000665,52947.0,103698.0,78000.0
21000666,52947.0,106698.0,79800.0
21000667,52947.0,106698.0,78900.0
21000668,52947.0,106698.0,78000.0
21000669,52947.0,98548.0,79800.0
21000670,52947.0,98548.0,78900.0
21000671,52947.0,98548.0,78000.0
21000672,52947.0,101048.0,79800.0
21000673,52947.0,101048.0,78900.0
21000674,52947.0,101048.0,78000.0
21000675,53847.0,101048.0,79800.0
21000676,53847.0,101048.0,78900.0
21000677,53847.0,101048.0,78000.0
21000678,52947.0,107148.0,79800.0
21000679,52947.0,107148.0,78900.0
21000680,52947.0,107148.0,78000.0
21000681,56347.0,107048.0,79800.0
21000682,56347.0,107048.0,78900.0
21000683,56347.0,107048.0,78000.0
21000684,56347.0,110448.0,79800.0
21000685,56347.0,110448.0,78900.0
21000686,56347.0,110448.0,78000.0
21000687,52947.0,110198.0,79600.0
21000688,52947.0,110198.0,78766.0
21000689,52947.0,110198.0,77933.0
21000690,52947.0,114848.0,79600.0
21000691,52947.0,114848.0,78766.0
21000692,52947.0,114848.0,77933.0
21000693,56347.0,106298.0,79800.0
21000694,56347.0,106298.0,78900.0
21000695,56347.0,106298.0,78000.0
21000696,56347.0,101048.0,79800.0
21000697,56347.0,101048.0,78900.0
21000698,56347.0,101048.0,78000.0
21000699,56347.0,101548.0,79800.0
21000700,56347.0,101548.0,78900.0
21000701,56347.0,101548.0,78000.0
21000702,63747.0,101048.0,79600.0
21000703,63747.0,101048.0,78766.0
21000704,63747.0,101048.0,77933.0
21000705,63747.0,106698.0,79700.0
21000706,63747.0,106698.0,78833.0
21000707,63747.0,106698.0,77966.0
21000708,63747.0,98548.0,79600.0
21000709,63747.0,98548.0,78766.0
21000710,63747.0,98548.0,77933.0
21000711,60347.0,98548.0,79600.0
21000712,60347.0,98548.0,78766.0
21000713,60347.0,98548.0,77933.0
21000714,111267.0,103698.0,79800.0
21000715,111267.0,103698.0,78900.0
21000716,111267.0,103698.0,78000.0
21000717,111267.0,106698.0,79800.0
21000718,111267.0,106698.0,78900.0
21000719,111267.0,106698.0,78000.0
21000720,107467.0,101048.0,79800.0
21000721,107467.0,101048.0,78900.0
21000722,107467.0,101048.0,78000.0
21000723,108667.0,101048.0,79800.0
21000724,108667.0,101048.0,78900.0
21000725,108667.0,101048.0,78000.0
21000726,98067.0,114848.0,79800.0
21000727,98067.0,114848.0,78900.0
21000728,98067.0,114848.0,78000.0
21000729,99667.0,114848.0,79800.0
21000730,99667.0,114848.0,78900.0
21000731,99667.0,114848.0,78000.0
21000732,108217.0,114848.0,79600.0
21000733,108217.0,114848.0,78766.0
21000734,108217.0,114848.0,77933.0
21000735,110267.0,114848.0,79600.0
21000736,110267.0,114848.0,78766.0
21000737,110267.0,114848.0,77933.0
21000738,107467.0,114848.0,79700.0
21000739,107467.0,114848.0,78833.0
21000740,107467.0,114848.0,77966.0
21000741,107467.0,113648.0,79600.0
21000742,107467.0,113648.0,78766.0
21000743,107467.0,113648.0,77933.0
21000744,111267.0,113648.0,79800.0
21000745,111267.0,113648.0,78900.0
21000746,111267.0,113648.0,78000.0
21000747,111267.0,114848.0,79700.0
21000748,111267.0,114848.0,78833.0
21000749,111267.0,114848.0,77966.0
21000750,111267.0,98548.0,79800.0
21000751,111267.0,98548.0,78900.0
21000752,111267.0,98548.0,78000.0
21000753,98067.0,98548.0,79800.0
21000754,98067.0,98548.0,78900.0
21000755,98067.0,98548.0,78000.0
21000756,101067.0,98548.0,79800.0
21000757,101067.0,98548.0,78900.0
21000758,101067.0,98548.0,78000.0
21000759,104867.0,98548.0,79800.0
21000760,104867.0,98548.0,78900.0
21000761,104867.0,98548.0,78000.0
21000762,101067.0,99593.0,79800.0
21000763,101067.0,99593.0,78900.0
21000764,101067.0,99593.0,78000.0
21000765,104867.0,99593.0,79800.0
21000766,104867.0,99593.0,78900.0
21000767,104867.0,99593.0,78000.0
21000768,107467.0,101548.0,79800.0
21000769,107467.0,101548.0,78900.0
21000770,107467.0,101548.0,78000.0
21000771,110367.0,101048.0,79800.0
21000772,110367.0,101048.0,78900.0
21000773,110367.0,101048.0,78000.0
21000774,111267.0,101048.0,79800.0
21000775,111267.0,101048.0,78900.0
21000776,111267.0,101048.0,78000.0
21000777,98067.0,107148.0,79800.0
21000778,98067.0,107148.0,78900.0
21000779,98067.0,107148.0,78000.0
21000780,101067.0,107148.0,79800.0
21000781,101067.0,107148.0,78900.0
21000782,101067.0,107148.0,78000.0
21000783,101067.0,106298.0,79800.0
21000784,101067.0,106298.0,78900.0
21000785,101067.0,106298.0,78000.0
21000786,104867.0,106298.0,79800.0
21000787,104867.0,106298.0,78900.0
21000788,104867.0,106298.0,78000.0
21000789,104867.0,109893.0,79800.0
21000790,104867.0,109893.0,78900.0
21000791,104867.0,109893.0,78000.0
21000792,107467.0,109893.0,79800.0
21000793,107467.0,109893.0,78900.0
21000794,107467.0,109893.0,78000.0
21000795,101067.0,110448.0,79800.0
21000796,101067.0,110448.0,78900.0
21000797,101067.0,110448.0,78000.0
21000798,104867.0,114848.0,79800.0
21000799,104867.0,114848.0,78900.0
21000800,104867.0,114848.0,78000.0
21000801,107467.0,106298.0,79800.0
21000802,107467.0,106298.0,78900.0
21000803,107467.0,106298.0,78000.0
21000804,98067.0,101548.0,79800.0
21000805,98067.0,101548.0,78900.0
21000806,98067.0,101548.0,78000.0
21000807,98067.0,104348.0,79800.0
21000808,98067.0,104348.0,78900.0
21000809,98067.0,104348.0,78000.0
21000810,98067.0,106698.0,79800.0
21000811,98067.0,106698.0,78900.0
21000812,98067.0,106698.0,78000.0
21000813,104867.0,113648.0,79800.0
21000814,104867.0,113648.0,78900.0
21000815,104867.0,113648.0,78000.0
21000816,98067.0,101048.0,79800.0
21000817,98067.0,101048.0,78900.0
21000818,98067.0,101048.0,78000.0
21000819,63747.0,107148.0,79800.0
21000820,63747.0,107148.0,78900.0
21000821,63747.0,107148.0,78000.0
21000822,60347.0,110448.0,79600.0
21000823,60347.0,110448.0,78766.0
21000824,60347.0,110448.0,77933.0
21000825,16867.0,109110.0,79900.0
21000826,16867.0,109473.0,79900.0
21000827,16867.0,109835.0,79900.0
21000828,27067.0,113798.0,80100.0
21000829,27067.0,114148.0,80100.0
21000830,27067.0,114498.0,80100.0
21000831,20667.0,107541.0,80100.0
21000832,20667.0,107960.0,80100.0
21000833,20667.0,108379.0,80100.0
21000834,28567.0,110448.0,80100.0
21000835,29067.0,110448.0,80100.0
21000836,29567.0,110448.0,80100.0
21000837,16867.0,107548.0,79900.0
21000838,16867.0,107948.0,79900.0
21000839,16867.0,108348.0,79900.0
21000840,23267.0,107560.0,80100.0
21000841,23267.0,107973.0,80100.0
21000842,23267.0,108385.0,80100.0
21000843,18167.0,107139.0,80000.0
21000844,18567.0,107131.0,80000.0
21000845,18967.0,107123.0,80000.0
21000846,19367.0,107114.0,80000.0
21000847,19767.0,107106.0,80000.0
21000848,18942.0,98548.0,79900.0
21000849,28867.0,113448.0,80100.0
21000850,29267.0,113448.0,80100.0
21000851,29667.0,113448.0,80100.0
21000852,20067.0,98548.0,79900.0
21000853,56347.0,113798.0,80000.0
21000854,56347.0,114148.0,80000.0
21000855,56347.0,114498.0,80000.0
21000856,54372.0,107123.0,80000.0
21000857,54897.0,107098.0,80000.0
21000858,55422.0,107073.0,80000.0
21000859,54959.0,98548.0,79900.0
21000860,55422.0,98548.0,79900.0
21000861,55884.0,98548.0,79900.0
21000862,108067.0,98548.0,79900.0
21000863,98467.0,113448.0,80100.0
21000864,98867.0,113448.0,80100.0
21000865,99267.0,113448.0,80100.0
21000866,108367.0,107106.0,80000.0
21000867,108767.0,107114.0,80000.0
21000868,109167.0,107123.0,80000.0
21000869,109567.0,107131.0,80000.0
21000870,109967.0,107139.0,80000.0
21000871,104867.0,107560.0,80100.0
21000872,104867.0,107973.0,80100.0
21000873,104867.0,108385.0,80100.0
21000874,111267.0,107548.0,79900.0
21000875,111267.0,107948.0,79900.0
21000876,111267.0,108348.0,79900.0
21000877,107467.0,107541.0,80100.0
21000878,107467.0,107960.0,80100.0
21000879,107467.0,108379.0,80100.0
21000880,101067.0,113798.0,80100.0
21000881,101067.0,114148.0,80100.0
21000882,101067.0,114498.0,80100.0
21000883,111267.0,109110.0,79900.0
21000884,111267.0,109473.0,79900.0
21000885,111267.0,109835.0,79900.0
21000886,98567.0,110448.0,80100.0
21000887,99067.0,110448.0,80100.0
21000888,99567.0,110448.0,80100.0
21000889,109192.0,98548.0,79900.0
21000890,27067.0,114848.0,78900.0
21000891,27067.0,114848.0,78000.0
21000892,27067.0,113448.0,78900.0
21000893,27067.0,113448.0,78000.0
21000894,28467.0,113448.0,78900.0
21000895,28467.0,113448.0,78000.0
21000896,20667.0,108798.0,78900.0
21000897,20667.0,108798.0,78000.0
21000898,16867.0,110198.0,78766.0
21000899,16867.0,110198.0,77933.0
21000900,28067.0,110448.0,78900.0
21000901,28067.0,110448.0,78000.0
21000902,23267.0,108798.0,78900.0
21000903,23267.0,108798.0,78000.0
21000904,16867.0,107148.0,78900.0
21000905,16867.0,107148.0,78000.0
21000906,20167.0,107098.0,78900.0
21000907,20167.0,107098.0,78000.0
21000908,20667.0,107123.0,78900.0
21000909,20667.0,107123.0,78000.0
21000910,23267.0,107148.0,78900.0
21000911,23267.0,107148.0,78000.0
21000912,20667.0,98548.0,78900.0
21000913,20667.0,98548.0,78000.0
21000914,18417.0,98548.0,78900.0
21000915,18417.0,98548.0,78000.0
21000916,17767.0,107148.0,78900.0
21000917,17767.0,107148.0,78000.0
21000918,30067.0,113448.0,78900.0
21000919,30067.0,113448.0,78000.0
21000920,30067.0,110448.0,78900.0
21000921,30067.0,110448.0,78000.0
21000922,54497.0,98548.0,78900.0
21000923,54497.0,98548.0,78000.0
21000924,53847.0,107148.0,78900.0
21000925,53847.0,107148.0,78000.0
21000926,55947.0,107048.0,78900.0
21000927,55947.0,107048.0,78000.0
21000928,56347.0,113448.0,78900.0
21000929,56347.0,113448.0,78000.0
21000930,56347.0,114848.0,78766.0
21000931,56347.0,114848.0,77933.0
21000932,56347.0,98548.0,78900.0
21000933,56347.0,98548.0,78000.0
21000934,109717.0,98548.0,78900.0
21000935,109717.0,98548.0,78000.0
21000936,107467.0,98548.0,78900.0
21000937,107467.0,98548.0,78000.0
21000938,107467.0,107123.0,78900.0
21000939,107467.0,107123.0,78000.0
21000940,107967.0,107098.0,78900.0
21000941,107967.0,107098.0,78000.0
21000942,104867.0,107148.0,78900.0
21000943,104867.0,107148.0,78000.0
21000944,110367.0,107148.0,78900.0
21000945,110367.0,107148.0,78000.0
21000946,111267.0,107148.0,78900.0
21000947,111267.0,107148.0,78000.0
21000948,104867.0,108798.0,78900.0
21000949,104867.0,108798.0,78000.0
21000950,107467.0,108798.0,78900.0
21000951,107467.0,108798.0,78000.0
21000952,98067.0,110448.0,78900.0
21000953,98067.0,110448.0,78000.0
21000954,98067.0,113448.0,78900.0
21000955,98067.0,113448.0,78000.0
21000956,100067.0,110448.0,78900.0
21000957,100067.0,110448.0,78000.0
21000958,99667.0,113448.0,78900.0
21000959,99667.0,113448.0,78000.0
21000960,101067.0,113448.0,78900.0
21000961,101067.0,113448.0,78000.0
21000962,111267.0,110198.0,78900.0
21000963,111267.0,110198.0,78000.0
21000964,101067.0,114848.0,78900.0
21000965,101067.0,114848.0,78000.0
21000966,24217.0,107148.0,80700.0
21000967,25167.0,107148.0,80700.0
21000968,26117.0,107148.0,80700.0
21000969,27067.0,108248.0,80700.0
21000970,27067.0,109348.0,80700.0
21000971,26250.0,114848.0,80700.0
21000972,24350.0,114848.0,80700.0
21000973,23267.0,112748.0,80700.0
21000974,23267.0,110870.0,80700.0
21000975,28467.0,114148.0,80700.0
21000976,17817.0,108760.0,80700.0
21000977,18767.0,108773.0,80700.0
21000978,19717.0,108785.0,80700.0
21000979,20667.0,110870.0,80700.0
21000980,20667.0,112748.0,80700.0
21000981,18892.0,113648.0,80700.0
21000982,24217.0,104348.0,80700.0
21000983,25167.0,104348.0,80700.0
21000984,26117.0,104348.0,80700.0
21000985,27067.0,105323.0,80700.0
21000986,23267.0,105323.0,80700.0
21000987,19467.0,99381.0,80700.0
21000988,19467.0,100214.0,80700.0
21000989,24217.0,101548.0,80700.0
21000990,25167.0,101548.0,80700.0
21000991,26117.0,101548.0,80700.0
21000992,27067.0,102481.0,80700.0
21000993,27067.0,103414.0,80700.0
21000994,23267.0,102481.0,80700.0
21000995,23267.0,103414.0,80700.0
21000996,24350.0,98548.0,80700.0
21000997,26250.0,98548.0,80700.0
21000998,27067.0,100570.0,80700.0
21000999,23267.0,100570.0,80700.0
21001000,56347.0,107898.0,80700.0
21001001,53797.0,108748.0,80700.0
21001002,54647.0,108748.0,80700.0
21001003,55497.0,108748.0,80700.0
21001004,52947.0,107948.0,80700.0
21001005,108667.0,99381.0,80700.0
21001006,108667.0,100214.0,80700.0
21001007,99667.0,114148.0,80700.0
21001008,109242.0,113648.0,80700.0
21001009,108417.0,108785.0,80700.0
21001010,109367.0,108773.0,80700.0
21001011,110317.0,108760.0,80700.0
21001012,107467.0,112748.0,80700.0
21001013,107467.0,110870.0,80700.0
21001014,101883.0,98548.0,80700.0
21001015,103783.0,98548.0,80700.0
21001016,104867.0,100570.0,80700.0
21001017,102017.0,101548.0,80700.0
21001018,102967.0,101548.0,80700.0
21001019,103917.0,101548.0,80700.0
21001020,101067.0,100570.0,80700.0
21001021,102017.0,104348.0,80700.0
21001022,102967.0,104348.0,80700.0
21001023,103917.0,104348.0,80700.0
21001024,104867.0,105323.0,80700.0
21001025,102017.0,107148.0,80700.0
21001026,102967.0,107148.0,80700.0
21001027,103917.0,107148.0,80700.0
21001028,101067.0,105323.0,80700.0
21001029,104867.0,110870.0,80700.0
21001030,104867.0,112748.0,80700.0
21001031,103783.0,114848.0,80700.0
21001032,101883.0,114848.0,80700.0
21001033,101067.0,108248.0,80700.0
21001034,101067.0,109348.0,80700.0
21001035,104867.0,102481.0,80700.0
21001036,104867.0,103414.0,80700.0
21001037,101067.0,102481.0,80700.0
21001038,101067.0,103414.0,80700.0
21001041,64265.0,106677.0,80699.0
21001042,108667.0,98548.0,80300.0
21001043,109192.0,98548.0,80300.0
21001044,109717.0,98548.0,80300.0
21001045,98067.0,110448.0,80400.0
21001046,98567.0,110448.0,80400.0
21001047,99067.0,110448.0,80400.0
21001048,99567.0,110448.0,80400.0
21001049,100067.0,110448.0,80400.0
21001050,111267.0,108748.0,80300.0
21001051,111267.0,109110.0,80300.0
21001052,111267.0,109473.0,80300.0
21001053,111267.0,109835.0,80300.0
21001054,111267.0,110198.0,80300.0
21001055,101067.0,113448.0,80400.0
21001056,101067.0,113798.0,80400.0
21001057,101067.0,114148.0,80400.0
21001058,101067.0,114498.0,80400.0
21001059,101067.0,114848.0,80400.0
21001060,107467.0,107123.0,80400.0
21001061,107467.0,107541.0,80400.0
21001062,107467.0,107960.0,80400.0
21001063,107467.0,108379.0,80400.0
21001064,107467.0,108798.0,80400.0
21001065,111267.0,107148.0,80300.0
21001066,111267.0,107548.0,80300.0
21001067,111267.0,107948.0,80300.0
21001068,111267.0,108348.0,80300.0
21001069,104867.0,107148.0,80400.0
21001070,104867.0,107560.0,80400.0
21001071,104867.0,107973.0,80400.0
21001072,104867.0,108385.0,80400.0
21001073,104867.0,108798.0,80400.0
21001074,107967.0,107098.0,80350.0
21001075,108367.0,107106.0,80350.0
21001076,108767.0,107114.0,80350.0
21001077,109167.0,107123.0,80350.0
21001078,109567.0,107131.0,80350.0
21001079,109967.0,107139.0,80350.0
21001080,110367.0,107148.0,80350.0
21001081,98067.0,113448.0,80400.0
21001082,98467.0,113448.0,80400.0
21001083,98867.0,113448.0,80400.0
21001084,99267.0,113448.0,80400.0
21001085,99667.0,113448.0,80400.0
21001086,107467.0,98548.0,80300.0
21001087,108067.0,98548.0,80300.0
21001088,54497.0,98548.0,80300.0
21001089,54959.0,98548.0,80300.0
21001090,55422.0,98548.0,80300.0
21001091,55884.0,98548.0,80300.0
21001092,56347.0,98548.0,80300.0
21001093,53847.0,107148.0,80350.0
21001094,54372.0,107123.0,80350.0
21001095,54897.0,107098.0,80350.0
21001096,55422.0,107073.0,80350.0
21001097,55947.0,107048.0,80350.0
21001098,56347.0,113448.0,80350.0
21001099,56347.0,113798.0,80350.0
21001100,56347.0,114148.0,80350.0
21001101,56347.0,114498.0,80350.0
21001102,56347.0,114848.0,80350.0
21001103,19467.0,98548.0,80300.0
21001104,20067.0,98548.0,80300.0
21001105,20667.0,98548.0,80300.0
21001106,28467.0,113448.0,80400.0
21001107,28867.0,113448.0,80400.0
21001108,29267.0,113448.0,80400.0
21001109,29667.0,113448.0,80400.0
21001110,30067.0,113448.0,80400.0
21001111,18417.0,98548.0,80300.0
21001112,18942.0,98548.0,80300.0
21001113,17767.0,107148.0,80350.0
21001114,18167.0,107139.0,80350.0
21001115,18567.0,107131.0,80350.0
21001116,18967.0,107123.0,80350.0
21001117,19367.0,107114.0,80350.0
21001118,19767.0,107106.0,80350.0
21001119,20167.0,107098.0,80350.0
21001120,23267.0,107148.0,80400.0
21001121,23267.0,107560.0,80400.0
21001122,23267.0,107973.0,80400.0
21001123,23267.0,108385.0,80400.0
21001124,23267.0,108798.0,80400.0
21001125,16867.0,107148.0,80300.0
21001126,16867.0,107548.0,80300.0
21001127,16867.0,107948.0,80300.0
21001128,16867.0,108348.0,80300.0
21001129,16867.0,108748.0,80300.0
21001130,28067.0,110448.0,80400.0
21001131,28567.0,110448.0,80400.0
21001132,29067.0,110448.0,80400.0
21001133,29567.0,110448.0,80400.0
21001134,30067.0,110448.0,80400.0
21001135,20667.0,107123.0,80400.0
21001136,20667.0,107541.0,80400.0
21001137,20667.0,107960.0,80400.0
21001138,20667.0,108379.0,80400.0
21001139,20667.0,108798.0,80400.0
21001140,27067.0,113448.0,80400.0
21001141,27067.0,113798.0,80400.0
21001142,27067.0,114148.0,80400.0
21001143,27067.0,114498.0,80400.0
21001144,27067.0,114848.0,80400.0
21001145,16867.0,109110.0,80300.0
21001146,16867.0,109473.0,80300.0
21001147,16867.0,109835.0,80300.0
21001148,16867.0,110198.0,80300.0
21001149,17367.0,114848.0,79600.0
21001150,17367.0,114848.0,77933.0
21001151,17367.0,114848.0,78766.0
21001152,21533.0,114848.0,79700.0
21001153,22400.0,114848.0,79700.0
21001154,21533.0,114848.0,77966.0
21001155,22400.0,114848.0,77966.0
21001156,21533.0,114848.0,78833.0
21001157,22400.0,114848.0,78833.0
21001158,27767.0,114848.0,79800.0
21001159,27767.0,114848.0,78000.0
21001160,27767.0,114848.0,78900.0
21001161,16867.0,111060.0,79900.0
21001162,16867.0,111923.0,79900.0
21001163,16867.0,112785.0,79900.0
21001164,16867.0,111060.0,77933.0
21001165,16867.0,111923.0,77933.0
21001166,16867.0,112785.0,77933.0
21001167,16867.0,111060.0,78766.0
21001168,16867.0,112785.0,78766.0
21001169,16867.0,111923.0,78766.0
21001170,30067.0,114148.0,79800.0
21001171,30067.0,114148.0,78000.0
21001172,30067.0,114148.0,78900.0
21001173,27067.0,111448.0,79800.0
21001174,27067.0,112448.0,79800.0
21001175,27067.0,111448.0,78000.0
21001176,27067.0,112448.0,78000.0
21001177,27067.0,111448.0,78900.0
21001178,27067.0,112448.0,78900.0
21001179,27767.0,113448.0,80100.0
21001180,27767.0,113448.0,78000.0
21001181,27767.0,113448.0,78900.0
21001182,27567.0,110448.0,79800.0
21001183,27567.0,110448.0,78000.0
21001184,27567.0,110448.0,78900.0
21001185,30067.0,111448.0,80100.0
21001186,30067.0,112448.0,80100.0
21001187,30067.0,111448.0,78000.0
21001188,30067.0,112448.0,78000.0
21001189,30067.0,111448.0,78900.0
21001190,30067.0,112448.0,78900.0
21001191,20667.0,109345.0,79800.0
21001192,20667.0,109345.0,78000.0
21001193,20667.0,109345.0,78900.0
21001194,21533.0,108798.0,80100.0
21001195,22400.0,108798.0,80100.0
21001196,21533.0,108798.0,78000.0
21001197,22400.0,108798.0,78000.0
21001198,21533.0,108798.0,78900.0
21001199,22400.0,108798.0,78900.0
21001200,23267.0,109345.0,79800.0
21001201,23267.0,109345.0,78000.0
21001202,23267.0,109345.0,78900.0
21001203,17317.0,107148.0,79900.0
21001204,17317.0,107148.0,78000.0
21001205,17317.0,107148.0,78900.0
21001206,21533.0,107131.0,80100.0
21001207,22400.0,107139.0,80100.0
21001208,21533.0,107131.0,78000.0
21001209,22400.0,107139.0,78000.0
21001210,21533.0,107131.0,78900.0
21001211,22400.0,107139.0,78900.0
21001212,23267.0,106723.0,79800.0
21001213,23267.0,106723.0,78000.0
21001214,23267.0,106723.0,78900.0
21001215,27067.0,106723.0,79800.0
21001216,27067.0,106723.0,78000.0
21001217,27067.0,106723.0,78900.0
21001218,28067.0,107148.0,79800.0
21001219,29067.0,107148.0,79800.0
21001220,28067.0,107148.0,78000.0
21001221,29067.0,107148.0,78000.0
21001222,28067.0,107148.0,78900.0
21001223,29067.0,107148.0,78900.0
21001224,16867.0,101931.0,79800.0
21001225,16867.0,102814.0,79800.0
21001226,16867.0,101931.0,78000.0
21001227,16867.0,102814.0,78000.0
21001228,16867.0,101931.0,78900.0
21001229,16867.0,102814.0,78900.0
21001230,16867.0,99381.0,79800.0
21001231,16867.0,100214.0,79800.0
21001232,16867.0,99381.0,78000.0
21001233,16867.0,100214.0,78000.0
21001234,16867.0,99381.0,78900.0
21001235,16867.0,100214.0,78900.0
21001236,17317.0,101048.0,79800.0
21001237,17317.0,101048.0,78000.0
21001238,17317.0,101048.0,78900.0
21001239,18617.0,101048.0,79800.0
21001240,18617.0,101048.0,78000.0
21001241,18617.0,101048.0,78900.0
21001242,20667.0,99381.0,79800.0
21001243,20667.0,100214.0,79800.0
21001244,20667.0,99381.0,78000.0
21001245,20667.0,100214.0,78000.0
21001246,20667.0,99381.0,78900.0
21001247,20667.0,100214.0,78900.0
21001248,17642.0,98548.0,79800.0
21001249,17642.0,98548.0,78000.0
21001250,17642.0,98548.0,78900.0
21001251,21533.0,98548.0,79800.0
21001252,22400.0,98548.0,79800.0
21001253,21533.0,98548.0,78000.0
21001254,22400.0,98548.0,78000.0
21001255,21533.0,98548.0,78900.0
21001256,22400.0,98548.0,78900.0
21001257,23267.0,99070.0,79800.0
21001258,23267.0,99070.0,78000.0
21001259,23267.0,99070.0,78900.0
21001260,27067.0,99070.0,79800.0
21001261,27067.0,99070.0,78000.0
21001262,27067.0,99070.0,78900.0
21001263,28067.0,98548.0,79800.0
21001264,29067.0,98548.0,79800.0
21001265,28067.0,98548.0,78000.0
21001266,29067.0,98548.0,78000.0
21001267,28067.0,98548.0,78900.0
21001268,29067.0,98548.0,78900.0
21001269,16867.0,114248.0,79600.0
21001270,16867.0,114248.0,77933.0
21001271,16867.0,114248.0,78766.0
21001272,20667.0,114248.0,79600.0
21001273,20667.0,114248.0,77933.0
21001274,20667.0,114248.0,78766.0
21001275,20292.0,114848.0,79600.0
21001276,20292.0,114848.0,77933.0
21001277,20292.0,114848.0,78766.0
21001278,18142.0,114848.0,79600.0
21001279,18145.0,114848.0,80150.0
21001280,18642.0,114848.0,80150.0
21001281,19142.0,114848.0,80150.0
21001282,19639.0,114848.0,80150.0
21001283,19642.0,114848.0,79600.0
21001284,18142.0,114848.0,77933.0
21001285,19642.0,114848.0,77933.0
21001286,18142.0,114848.0,78766.0
21001287,19642.0,114848.0,78766.0
21001288,18642.0,114848.0,79600.0
21001289,19142.0,114848.0,79600.0
21001290,29267.0,114848.0,79800.0
21001291,29267.0,114848.0,78000.0
21001292,29267.0,114848.0,78900.0
21001293,20067.0,101048.0,79800.0
21001294,20067.0,101048.0,78000.0
21001295,20067.0,101048.0,78900.0
21001296,16867.0,104698.0,79800.0
21001297,16867.0,105698.0,79800.0
21001298,16867.0,104698.0,78000.0
21001299,16867.0,105698.0,78000.0
21001300,16867.0,104698.0,78900.0
21001301,16867.0,105698.0,78900.0
21001302,20667.0,106710.0,79800.0
21001303,20667.0,106710.0,78000.0
21001304,20667.0,106710.0,78900.0
21001305,23267.0,114248.0,79800.0
21001306,23267.0,114248.0,78000.0
21001307,23267.0,114248.0,78900.0
21001308,30067.0,99381.0,79800.0
21001309,30067.0,100214.0,79800.0
21001310,30067.0,99381.0,78000.0
21001311,30067.0,100214.0,78000.0
21001312,30067.0,99381.0,78900.0
21001313,30067.0,100214.0,78900.0
21001314,30067.0,105281.0,79800.0
21001315,30067.0,106214.0,79800.0
21001316,30067.0,105281.0,78000.0
21001317,30067.0,106214.0,78000.0
21001318,30067.0,105281.0,78900.0
21001319,30067.0,106214.0,78900.0
21001320,30067.0,102481.0,79800.0
21001321,30067.0,103414.0,79800.0
21001322,30067.0,102481.0,78000.0
21001323,30067.0,103414.0,78000.0
21001324,30067.0,102481.0,78900.0
21001325,30067.0,103414.0,78900.0
21001326,60347.0,101873.0,79600.0
21001327,60347.0,102698.0,79600.0
21001328,60347.0,103523.0,79600.0
21001329,60347.0,101873.0,77933.0
21001330,60347.0,102698.0,77933.0
21001331,60347.0,103523.0,77933.0
21001332,60347.0,101873.0,78766.0
21001333,60347.0,103523.0,78766.0
21001334,60347.0,102698.0,78766.0
21001335,63747.0,111328.0,79600.0
21001336,63747.0,112208.0,79600.0
21001337,63747.0,113088.0,79600.0
21001338,63747.0,113968.0,79600.0
21001339,63747.0,111328.0,77933.0
21001340,63747.0,112208.0,77933.0
21001341,63747.0,113088.0,77933.0
21001342,63747.0,113968.0,77933.0
21001343,63747.0,111328.0,78766.0
21001344,63747.0,113968.0,78766.0
21001345,63747.0,112208.0,78766.0
21001346,63747.0,113088.0,78766.0
21001347,61022.0,114848.0,79600.0
21001348,61697.0,114848.0,79600.0
21001349,61700.0,114848.0,80150.0
21001350,62197.0,114848.0,80150.0
21001351,62697.0,114848.0,80150.0
21001352,63194.0,114848.0,80150.0
21001353,63197.0,114848.0,79600.0
21001354,61022.0,114848.0,77933.0
21001355,61697.0,114848.0,77933.0
21001356,63197.0,114848.0,77933.0
21001357,61022.0,114848.0,78766.0
21001358,63197.0,114848.0,78766.0
21001359,62197.0,114848.0,79600.0
21001360,61697.0,114848.0,78766.0
21001361,62697.0,114848.0,79600.0
21001362,52947.0,104560.0,79800.0
21001363,52947.0,105423.0,79800.0
21001364,52947.0,106285.0,79800.0
21001365,52947.0,104560.0,78000.0
21001366,52947.0,105423.0,78000.0
21001367,52947.0,106285.0,78000.0
21001368,52947.0,104560.0,78900.0
21001369,52947.0,106285.0,78900.0
21001370,52947.0,105423.0,78900.0
21001371,53722.0,98548.0,79800.0
21001372,53722.0,98548.0,78000.0
21001373,53722.0,98548.0,78900.0
21001374,52947.0,99381.0,79800.0
21001375,52947.0,100214.0,79800.0
21001376,52947.0,99381.0,78000.0
21001377,52947.0,100214.0,78000.0
21001378,52947.0,99381.0,78900.0
21001379,52947.0,100214.0,78900.0
21001380,52947.0,101931.0,79800.0
21001381,52947.0,102814.0,79800.0
21001382,52947.0,101931.0,78000.0
21001383,52947.0,102814.0,78000.0
21001384,52947.0,101931.0,78900.0
21001385,52947.0,102814.0,78900.0
21001386,53397.0,101048.0,79800.0
21001387,53397.0,101048.0,78000.0
21001388,53397.0,101048.0,78900.0
21001389,53397.0,107148.0,79800.0
21001390,53397.0,107148.0,78000.0
21001391,53397.0,107148.0,78900.0
21001392,56347.0,111328.0,79800.0
21001393,56347.0,112208.0,79800.0
21001394,56347.0,113088.0,79800.0
21001395,56347.0,111328.0,78000.0
21001396,56347.0,112208.0,78000.0
21001397,56347.0,113088.0,78000.0
21001398,56347.0,111328.0,78900.0
21001399,56347.0,113088.0,78900.0
21001400,56347.0,112208.0,78900.0
21001401,52947.0,111128.0,79600.0
21001402,52947.0,112058.0,79600.0
21001403,52947.0,112988.0,79600.0
21001404,52947.0,113918.0,79600.0
21001405,52947.0,111128.0,77933.0
21001406,52947.0,112058.0,77933.0
21001407,52947.0,112988.0,77933.0
21001408,52947.0,113918.0,77933.0
21001409,52947.0,111128.0,78766.0
21001410,52947.0,113918.0,78766.0
21001411,52947.0,112058.0,78766.0
21001412,52947.0,112988.0,78766.0
21001413,53622.0,114848.0,79600.0
21001414,54297.0,114848.0,79600.0
21001415,54300.0,114848.0,80150.0
21001416,54797.0,114848.0,80150.0
21001417,55297.0,114848.0,80150.0
21001418,55794.0,114848.0,80150.0
21001419,55797.0,114848.0,79600.0
21001420,53622.0,114848.0,77933.0
21001421,54297.0,114848.0,77933.0
21001422,55797.0,114848.0,77933.0
21001423,53622.0,114848.0,78766.0
21001424,55797.0,114848.0,78766.0
21001425,54797.0,114848.0,79600.0
21001426,54297.0,114848.0,78766.0
21001427,55297.0,114848.0,79600.0
21001428,56347.0,106673.0,79800.0
21001429,56347.0,106673.0,78000.0
21001430,56347.0,106673.0,78900.0
21001431,56347.0,99381.0,79800.0
21001432,56347.0,100214.0,79800.0
21001433,56347.0,99381.0,78000.0
21001434,56347.0,100214.0,78000.0
21001435,56347.0,99381.0,78900.0
21001436,56347.0,100214.0,78900.0
21001437,63747.0,102064.0,79700.0
21001438,63747.0,103081.0,79700.0
21001439,63747.0,104098.0,79700.0
21001440,63747.0,105114.0,79700.0
21001441,63747.0,106131.0,79700.0
21001442,63747.0,102064.0,77966.0
21001443,63747.0,103081.0,77966.0
21001444,63747.0,104098.0,77966.0
21001445,63747.0,105114.0,77966.0
21001446,63747.0,106131.0,77966.0
21001447,63747.0,102064.0,78833.0
21001448,63747.0,106131.0,78833.0
21001449,63747.0,103081.0,78833.0
21001450,63747.0,104098.0,78833.0
21001451,63747.0,105114.0,78833.0
21001452,63747.0,99381.0,79600.0
21001453,63747.0,100214.0,79600.0
21001454,63747.0,99381.0,77933.0
21001455,63747.0,100214.0,77933.0
21001456,63747.0,99381.0,78766.0
21001457,63747.0,100214.0,78766.0
21001458,54680.0,101048.0,79800.0
21001459,55513.0,101048.0,79800.0
21001460,54680.0,101048.0,78000.0
21001461,55513.0,101048.0,78000.0
21001462,54680.0,101048.0,78900.0
21001463,55513.0,101048.0,78900.0
21001464,60822.0,98548.0,79600.0
21001465,61297.0,98548.0,79600.0
21001466,61300.0,98548.0,80150.0
21001467,61797.0,98548.0,80150.0
21001468,62297.0,98548.0,80150.0
21001469,62794.0,98548.0,80150.0
21001470,62797.0,98548.0,79600.0
21001471,63272.0,98548.0,79600.0
21001472,60822.0,98548.0,77933.0
21001473,61297.0,98548.0,77933.0
21001474,63272.0,98548.0,77933.0
21001475,62797.0,98548.0,77933.0
21001476,60822.0,98548.0,78766.0
21001477,63272.0,98548.0,78766.0
21001478,61797.0,98548.0,79600.0
21001479,61297.0,98548.0,78766.0
21001480,62297.0,98548.0,79600.0
21001481,62797.0,98548.0,78766.0
21001482,61197.0,101048.0,79600.0
21001483,62047.0,101048.0,79600.0
21001484,62897.0,101048.0,79600.0
21001485,61197.0,101048.0,77933.0
21001486,62047.0,101048.0,77933.0
21001487,62897.0,101048.0,77933.0
21001488,61197.0,101048.0,78766.0
21001489,62897.0,101048.0,78766.0
21001490,62047.0,101048.0,78766.0
21001491,111267.0,104698.0,79800.0
21001492,111267.0,105698.0,79800.0
21001493,111267.0,104698.0,78000.0
21001494,111267.0,105698.0,78000.0
21001495,111267.0,104698.0,78900.0
21001496,111267.0,105698.0,78900.0
21001497,108067.0,101048.0,79800.0
21001498,108067.0,101048.0,78000.0
21001499,108067.0,101048.0,78900.0
21001500,98867.0,114848.0,79800.0
21001501,98867.0,114848.0,78000.0
21001502,98867.0,114848.0,78900.0
21001503,108492.0,114848.0,79600.0
21001504,108495.0,114848.0,80150.0
21001505,108992.0,114848.0,80150.0
21001506,109492.0,114848.0,80150.0
21001507,109989.0,114848.0,80150.0
21001508,109992.0,114848.0,79600.0
21001509,108492.0,114848.0,77933.0
21001510,109992.0,114848.0,77933.0
21001511,108492.0,114848.0,78766.0
21001512,109992.0,114848.0,78766.0
21001513,108992.0,114848.0,79600.0
21001514,109492.0,114848.0,79600.0
21001515,107842.0,114848.0,79700.0
21001516,107842.0,114848.0,77966.0
21001517,107842.0,114848.0,78833.0
21001518,107467.0,114248.0,79700.0
21001519,107467.0,114248.0,77966.0
21001520,107467.0,114248.0,78833.0
21001521,111267.0,114248.0,79800.0
21001522,111267.0,114248.0,78000.0
21001523,111267.0,114248.0,78900.0
21001524,110767.0,114848.0,79700.0
21001525,110767.0,114848.0,77966.0
21001526,110767.0,114848.0,78833.0
21001527,110492.0,98548.0,79800.0
21001528,110492.0,98548.0,78000.0
21001529,110492.0,98548.0,78900.0
21001530,99067.0,98548.0,79800.0
21001531,100067.0,98548.0,79800.0
21001532,99067.0,98548.0,78000.0
21001533,100067.0,98548.0,78000.0
21001534,99067.0,98548.0,78900.0
21001535,100067.0,98548.0,78900.0
21001536,105733.0,98548.0,79800.0
21001537,106600.0,98548.0,79800.0
21001538,105733.0,98548.0,78000.0
21001539,106600.0,98548.0,78000.0
21001540,105733.0,98548.0,78900.0
21001541,106600.0,98548.0,78900.0
21001542,101067.0,99070.0,79800.0
21001543,101067.0,99070.0,78000.0
21001544,101067.0,99070.0,78900.0
21001545,104867.0,99070.0,79800.0
21001546,104867.0,99070.0,78000.0
21001547,104867.0,99070.0,78900.0
21001548,107467.0,99381.0,79800.0
21001549,107467.0,100214.0,79800.0
21001550,107467.0,99381.0,78000.0
21001551,107467.0,100214.0,78000.0
21001552,107467.0,99381.0,78900.0
21001553,107467.0,100214.0,78900.0
21001554,109517.0,101048.0,79800.0
21001555,109517.0,101048.0,78000.0
21001556,109517.0,101048.0,78900.0
21001557,110817.0,101048.0,79800.0
21001558,110817.0,101048.0,78000.0
21001559,110817.0,101048.0,78900.0
21001560,111267.0,99381.0,79800.0
21001561,111267.0,100214.0,79800.0
21001562,111267.0,99381.0,78000.0
21001563,111267.0,100214.0,78000.0
21001564,111267.0,99381.0,78900.0
21001565,111267.0,100214.0,78900.0
21001566,111267.0,101931.0,79800.0
21001567,111267.0,102814.0,79800.0
21001568,111267.0,101931.0,78000.0
21001569,111267.0,102814.0,78000.0
21001570,111267.0,101931.0,78900.0
21001571,111267.0,102814.0,78900.0
21001572,99067.0,107148.0,79800.0
21001573,100067.0,107148.0,79800.0
21001574,99067.0,107148.0,78000.0
21001575,100067.0,107148.0,78000.0
21001576,99067.0,107148.0,78900.0
21001577,100067.0,107148.0,78900.0
21001578,101067.0,106723.0,79800.0
21001579,101067.0,106723.0,78000.0
21001580,101067.0,106723.0,78900.0
21001581,104867.0,106723.0,79800.0
21001582,104867.0,106723.0,78000.0
21001583,104867.0,106723.0,78900.0
21001584,105733.0,107139.0,80100.0
21001585,106600.0,107131.0,80100.0
21001586,105733.0,107139.0,78000.0
21001587,106600.0,107131.0,78000.0
21001588,105733.0,107139.0,78900.0
21001589,106600.0,107131.0,78900.0
21001590,110817.0,107148.0,79900.0
21001591,110817.0,107148.0,78000.0
21001592,110817.0,107148.0,78900.0
21001593,104867.0,109345.0,79800.0
21001594,104867.0,109345.0,78000.0
21001595,104867.0,109345.0,78900.0
21001596,105733.0,108798.0,80100.0
21001597,106600.0,108798.0,80100.0
21001598,105733.0,108798.0,78000.0
21001599,106600.0,108798.0,78000.0
21001600,105733.0,108798.0,78900.0
21001601,106600.0,108798.0,78900.0
21001602,107467.0,109345.0,79800.0
21001603,107467.0,109345.0,78000.0
21001604,107467.0,109345.0,78900.0
21001605,98067.0,111448.0,80100.0
21001606,98067.0,112448.0,80100.0
21001607,98067.0,111448.0,78000.0
21001608,98067.0,112448.0,78000.0
21001609,98067.0,111448.0,78900.0
21001610,98067.0,112448.0,78900.0
21001611,100567.0,110448.0,79800.0
21001612,100567.0,110448.0,78000.0
21001613,100567.0,110448.0,78900.0
21001614,100367.0,113448.0,80100.0
21001615,100367.0,113448.0,78000.0
21001616,100367.0,113448.0,78900.0
21001617,101067.0,111448.0,79800.0
21001618,101067.0,112448.0,79800.0
21001619,101067.0,111448.0,78000.0
21001620,101067.0,112448.0,78000.0
21001621,101067.0,111448.0,78900.0
21001622,101067.0,112448.0,78900.0
21001623,98067.0,114148.0,79800.0
21001624,98067.0,114148.0,78000.0
21001625,98067.0,114148.0,78900.0
21001626,111267.0,111060.0,79800.0
21001627,111267.0,111923.0,79800.0
21001628,111267.0,112785.0,79800.0
21001629,111267.0,111060.0,78000.0
21001630,111267.0,111923.0,78000.0
21001631,111267.0,112785.0,78000.0
21001632,111267.0,111060.0,78900.0
21001633,111267.0,112785.0,78900.0
21001634,111267.0,111923.0,78900.0
21001635,100367.0,114848.0,79800.0
21001636,100367.0,114848.0,78000.0
21001637,100367.0,114848.0,78900.0
21001638,105733.0,114848.0,79800.0
21001639,106600.0,114848.0,79800.0
21001640,105733.0,114848.0,78000.0
21001641,106600.0,114848.0,78000.0
21001642,105733.0,114848.0,78900.0
21001643,106600.0,114848.0,78900.0
21001644,107467.0,106710.0,79800.0
21001645,107467.0,106710.0,78000.0
21001646,107467.0,106710.0,78900.0
21001647,98067.0,102481.0,79800.0
21001648,98067.0,103414.0,79800.0
21001649,98067.0,102481.0,78000.0
21001650,98067.0,103414.0,78000.0
21001651,98067.0,102481.0,78900.0
21001652,98067.0,103414.0,78900.0
21001653,98067.0,105281.0,79800.0
21001654,98067.0,106214.0,79800.0
21001655,98067.0,105281.0,78000.0
21001656,98067.0,106214.0,78000.0
21001657,98067.0,105281.0,78900.0
21001658,98067.0,106214.0,78900.0
21001659,104867.0,114248.0,79800.0
21001660,104867.0,114248.0,78000.0
21001661,104867.0,114248.0,78900.0
21001662,98067.0,99381.0,79800.0
21001663,98067.0,100214.0,79800.0
21001664,98067.0,99381.0,78000.0
21001665,98067.0,100214.0,78000.0
21001666,98067.0,99381.0,78900.0
21001667,98067.0,100214.0,78900.0
21001668,61197.0,110448.0,79600.0
21001669,62047.0,110448.0,79600.0
21001670,62897.0,110448.0,79600.0
21001671,61197.0,110448.0,77933.0
21001672,62047.0,110448.0,77933.0
21001673,62897.0,110448.0,77933.0
21001674,61197.0,110448.0,78766.0
21001675,62897.0,110448.0,78766.0
21001676,62047.0,110448.0,78766.0
21001677,24276.0,113839.0,80700.0
21001678,24243.0,112886.0,80700.0
21001679,24231.0,111941.0,80700.0
21001680,24227.0,110977.0,80700.0
21001681,24224.0,110000.0,80700.0
21001682,24222.0,109011.0,80700.0
21001683,24219.0,108072.0,80700.0
21001684,25257.0,113924.0,80700.0
21001685,25204.0,113003.0,80700.0
21001686,25187.0,112064.0,80700.0
21001687,25181.0,111102.0,80700.0
21001688,25177.0,110120.0,80700.0
21001689,25173.0,109127.0,80700.0
21001690,25170.0,108135.0,80700.0
21001691,26173.0,114011.0,80700.0
21001692,26142.0,113153.0,80700.0
21001693,26131.0,112222.0,80700.0
21001694,26127.0,111252.0,80700.0
21001695,26124.0,110256.0,80700.0
21001696,26121.0,109228.0,80700.0
21001697,26119.0,108190.0,80700.0
21001698,27767.0,114148.0,80700.0
21001699,29267.0,114148.0,80700.0
21001700,17833.0,112807.0,80700.0
21001701,17803.0,111978.0,80700.0
21001702,17814.0,109560.0,80700.0
21001703,17803.0,110360.0,80700.0
21001704,17797.0,111175.0,80700.0
21001705,18747.0,110499.0,80700.0
21001706,18711.0,111308.0,80700.0
21001707,18758.0,109644.0,80700.0
21001708,18725.0,111989.0,80700.0
21001709,18796.0,112799.0,80700.0
21001710,19605.0,111720.0,80700.0
21001711,19687.0,110724.0,80700.0
21001712,19711.0,109759.0,80700.0
21001713,19736.0,112715.0,80700.0
21001714,17727.0,107952.0,80700.0
21001715,18522.0,107951.0,80700.0
21001716,19173.0,107945.0,80700.0
21001717,19928.0,107945.0,80700.0
21001718,21533.0,107964.0,80700.0
21001719,22400.0,107968.0,80700.0
21001720,24217.0,106235.0,80700.0
21001721,24217.0,105296.0,80700.0
21001722,25167.0,106224.0,80700.0
21001723,25167.0,105289.0,80700.0
21001724,26117.0,106235.0,80700.0
21001725,26117.0,105296.0,80700.0
21001726,17733.0,100214.0,80700.0
21001727,17704.0,99381.0,80700.0
21001728,18596.0,100214.0,80700.0
21001729,18559.0,99381.0,80700.0
21001730,24217.0,103414.0,80700.0
21001731,24217.0,102481.0,80700.0
21001732,25167.0,103414.0,80700.0
21001733,25167.0,102481.0,80700.0
21001734,26117.0,103414.0,80700.0
21001735,26117.0,102481.0,80700.0
21001736,24235.0,100556.0,80700.0
21001737,24271.0,99559.0,80700.0
21001738,25193.0,100552.0,80700.0
21001739,25253.0,99553.0,80700.0
21001740,26135.0,100556.0,80700.0
21001741,26171.0,99558.0,80700.0
21001742,53835.0,107943.0,80700.0
21001743,54736.0,107923.0,80700.0
21001744,55602.0,107903.0,80700.0
21001745,109538.0,100214.0,80700.0
21001746,109574.0,99381.0,80700.0
21001747,110401.0,100214.0,80700.0
21001748,110429.0,99381.0,80700.0
21001749,98867.0,114148.0,80700.0
21001750,100367.0,114148.0,80700.0
21001751,108372.0,112745.0,80700.0
21001752,108436.0,111814.0,80700.0
21001753,108445.0,109786.0,80700.0
21001754,108536.0,110807.0,80700.0
21001755,109424.0,111113.0,80700.0
21001756,109371.0,111930.0,80700.0
21001757,109425.0,110435.0,80700.0
21001758,109388.0,109627.0,80700.0
21001759,109326.0,112783.0,80700.0
21001760,110341.0,110329.0,80700.0
21001761,110337.0,111124.0,80700.0
21001762,110328.0,109547.0,80700.0
21001763,110293.0,112795.0,80700.0
21001764,110320.0,111948.0,80700.0
21001765,101998.0,100556.0,80700.0
21001766,101962.0,99558.0,80700.0
21001767,102940.0,100552.0,80700.0
21001768,102881.0,99553.0,80700.0
21001769,103898.0,100556.0,80700.0
21001770,103862.0,99559.0,80700.0
21001771,108205.0,107945.0,80700.0
21001772,108960.0,107945.0,80700.0
21001773,109611.0,107951.0,80700.0
21001774,110406.0,107952.0,80700.0
21001775,102017.0,106235.0,80700.0
21001776,102017.0,105296.0,80700.0
21001777,102967.0,106224.0,80700.0
21001778,102967.0,105289.0,80700.0
21001779,103917.0,106235.0,80700.0
21001780,103917.0,105296.0,80700.0
21001781,101960.0,114011.0,80700.0
21001782,101992.0,113153.0,80700.0
21001783,102002.0,112222.0,80700.0
21001784,102007.0,111252.0,80700.0
21001785,102010.0,110256.0,80700.0
21001786,102012.0,109228.0,80700.0
21001787,102014.0,108190.0,80700.0
21001788,102877.0,113924.0,80700.0
21001789,102929.0,113003.0,80700.0
21001790,102946.0,112064.0,80700.0
21001791,102953.0,111102.0,80700.0
21001792,102957.0,110120.0,80700.0
21001793,102960.0,109127.0,80700.0
21001794,102963.0,108135.0,80700.0
21001795,103858.0,113839.0,80700.0
21001796,103890.0,112886.0,80700.0
21001797,103902.0,111941.0,80700.0
21001798,103907.0,110977.0,80700.0
21001799,103910.0,110000.0,80700.0
21001800,103912.0,109011.0,80700.0
21001801,103914.0,108072.0,80700.0
21001802,102017.0,103414.0,80700.0
21001803,102017.0,102481.0,80700.0
21001804,102967.0,103414.0,80700.0
21001805,102967.0,102481.0,80700.0
21001806,103917.0,103414.0,80700.0
21001807,103917.0,102481.0,80700.0
21001808,105733.0,107968.0,80700.0
21001809,106600.0,107964.0,80700.0
22000001,23267.0,114848.0,84299.0
22000002,27067.0,114848.0,84299.0
22000003,20667.0,114848.0,84299.0
22000004,30067.0,114848.0,84299.0
22000005,27067.0,113448.0,84299.0
22000006,27067.0,110448.0,84299.0
22000007,30067.0,113448.0,84299.0
22000008,20667.0,111848.0,84299.0
22000009,20667.0,108798.0,84299.0
22000010,23267.0,111848.0,84299.0
22000011,16867.0,108748.0,84299.0
22000012,23267.0,108798.0,84299.0
22000013,16867.0,107148.0,84299.0
22000014,30067.0,107148.0,84299.0
22000015,23267.0,107148.0,84299.0
22000016,20667.0,107123.0,84299.0
22000017,27067.0,107148.0,84299.0
22000018,16867.0,101048.0,84299.0
22000019,17767.0,107148.0,84299.0
22000020,17767.0,101048.0,84299.0
22000021,20667.0,104348.0,84299.0
22000022,23267.0,104348.0,84299.0
22000023,27067.0,104348.0,84299.0
22000024,20667.0,101548.0,84299.0
22000025,20667.0,101048.0,84299.0
22000026,23267.0,101548.0,84299.0
22000027,27067.0,101548.0,84299.0
22000028,20667.0,98548.0,84299.0
22000029,23267.0,98548.0,84299.0
22000030,27067.0,98548.0,84299.0
22000031,16867.0,110198.0,84299.0
22000032,30067.0,110448.0,84299.0
22000033,23267.0,109893.0,84299.0
22000034,28067.0,110448.0,84299.0
22000035,23267.0,106298.0,84299.0
22000036,27067.0,106298.0,84299.0
22000037,20167.0,107098.0,84299.0
22000038,23267.0,99593.0,84299.0
22000039,27067.0,99593.0,84299.0
22000040,18417.0,98548.0,84299.0
22000041,20667.0,113648.0,84299.0
22000042,16867.0,113648.0,84299.0
22000043,19917.0,113648.0,84299.0
22000044,19917.0,114848.0,84299.0
22000045,17867.0,113648.0,84299.0
22000046,17867.0,114848.0,84299.0
22000047,28467.0,113448.0,84299.0
22000048,28467.0,114848.0,84299.0
22000049,19467.0,98548.0,84299.0
22000050,19467.0,101048.0,84299.0
22000051,17767.0,103698.0,84299.0
22000052,16867.0,103698.0,84299.0
22000053,20667.0,106298.0,84299.0
22000054,23267.0,113648.0,84299.0
22000055,20667.0,109893.0,84299.0
22000056,4867.0,114848.0,84299.0
22000057,4867.0,106698.0,84299.0
22000058,4867.0,98548.0,84299.0
22000059,4867.0,87098.0,84299.0
22000060,4867.0,126298.0,84299.0
22000061,9467.0,126348.0,84299.0
22000062,13067.0,126348.0,84299.0
22000063,124067.0,114848.0,84299.0
22000064,124067.0,106698.0,84299.0
22000065,124067.0,98548.0,84299.0
22000066,124067.0,87098.0,84299.0
22000067,124067.0,126298.0,84299.0
22000068,30067.0,98548.0,84299.0
22000069,30067.0,101048.0,84299.0
22000070,30067.0,104348.0,84299.0
22000071,30067.0,101548.0,84299.0
22000072,13067.0,87048.0,84299.0
22000073,9467.0,87048.0,84299.0
22000074,63747.0,110448.0,84299.0
22000075,60347.0,101048.0,84299.0
22000076,60347.0,107048.0,84299.0
22000077,63747.0,107148.0,84299.0
22000078,52947.0,114848.0,84299.0
22000079,56347.0,108748.0,84299.0
22000080,52947.0,103698.0,84299.0
22000081,53847.0,103698.0,84299.0
22000082,54497.0,98548.0,84299.0
22000083,56347.0,110448.0,84299.0
22000084,52947.0,110198.0,84299.0
22000085,56347.0,113448.0,84299.0
22000086,52947.0,101048.0,84299.0
22000087,53847.0,101048.0,84299.0
22000088,53847.0,107148.0,84299.0
22000089,52947.0,107148.0,84299.0
22000090,56347.0,107048.0,84299.0
22000091,52947.0,108748.0,84299.0
22000092,56347.0,101548.0,84299.0
22000093,55947.0,107048.0,84299.0
22000094,56347.0,106298.0,84299.0
22000095,60347.0,110448.0,84299.0
22000096,56347.0,104348.0,84299.0
22000097,56347.0,101048.0,84299.0
22000098,63747.0,101048.0,84299.0
22000099,52947.0,98548.0,84299.0
22000100,60347.0,104348.0,84299.0
22000101,119800.0,87048.0,84299.0
22000102,115533.0,87048.0,84299.0
22000103,111267.0,103698.0,84299.0
22000104,110367.0,103698.0,84299.0
22000105,108667.0,101048.0,84299.0
22000106,108667.0,98548.0,84299.0
22000107,99667.0,114848.0,84299.0
22000108,99667.0,113448.0,84299.0
22000109,110267.0,114848.0,84299.0
22000110,110267.0,113648.0,84299.0
22000111,108217.0,114848.0,84299.0
22000112,108217.0,113648.0,84299.0
22000113,111267.0,113648.0,84299.0
22000114,107467.0,113648.0,84299.0
22000115,109717.0,98548.0,84299.0
22000116,101067.0,99593.0,84299.0
22000117,104867.0,99593.0,84299.0
22000118,107967.0,107098.0,84299.0
22000119,101067.0,106298.0,84299.0
22000120,104867.0,106298.0,84299.0
22000121,100067.0,110448.0,84299.0
22000122,104867.0,109893.0,84299.0
22000123,98067.0,110448.0,84299.0
22000124,111267.0,110198.0,84299.0
22000125,101067.0,98548.0,84299.0
22000126,104867.0,98548.0,84299.0
22000127,107467.0,98548.0,84299.0
22000128,101067.0,101548.0,84299.0
22000129,104867.0,101548.0,84299.0
22000130,107467.0,101048.0,84299.0
22000131,107467.0,101548.0,84299.0
22000132,101067.0,104348.0,84299.0
22000133,104867.0,104348.0,84299.0
22000134,107467.0,104348.0,84299.0
22000135,110367.0,101048.0,84299.0
22000136,110367.0,107148.0,84299.0
22000137,111267.0,101048.0,84299.0
22000138,101067.0,107148.0,84299.0
22000139,107467.0,107123.0,84299.0
22000140,104867.0,107148.0,84299.0
22000141,98067.0,107148.0,84299.0
22000142,111267.0,107148.0,84299.0
22000143,104867.0,108798.0,84299.0
22000144,111267.0,108748.0,84299.0
22000145,104867.0,111848.0,84299.0
22000146,107467.0,108798.0,84299.0
22000147,107467.0,111848.0,84299.0
22000148,98067.0,113448.0,84299.0
22000149,101067.0,110448.0,84299.0
22000150,101067.0,113448.0,84299.0
22000151,98067.0,114848.0,84299.0
22000152,107467.0,114848.0,84299.0
22000153,101067.0,114848.0,84299.0
22000154,104867.0,114848.0,84299.0
22000155,107467.0,106298.0,84299.0
22000156,98067.0,101548.0,84299.0
22000157,98067.0,104348.0,84299.0
22000158,107467.0,109893.0,84299.0
22000159,104867.0,113648.0,84299.0
22000160,98067.0,101048.0,84299.0
22000161,98067.0,98548.0,84299.0
22000162,63747.0,98548.0,84299.0
22000163,56347.0,98548.0,84299.0
22000164,56347.0,114848.0,84299.0
22000165,63747.0,114848.0,84299.0
22000166,60347.0,114848.0,84299.0
22000167,60347.0,98548.0,84299.0
22000168,30067.0,87098.0,84299.0
22000169,30067.0,126298.0,84299.0
22000170,16867.0,98548.0,84299.0
22000171,16867.0,114848.0,84299.0
22000172,16867.0,106698.0,84299.0
22000173,16867.0,87098.0,84299.0
22000174,16867.0,126298.0,84299.0
22000175,111267.0,126298.0,84299.0
22000176,111267.0,87098.0,84299.0
22000177,98067.0,87098.0,84299.0
22000178,98067.0,126298.0,84299.0
22000179,111267.0,106698.0,84299.0
22000180,111267.0,114848.0,84299.0
22000181,111267.0,98548.0,84299.0
22000182,41507.0,126298.0,84299.0
22000183,41507.0,87098.0,84299.0
22000184,52947.0,87098.0,84299.0
22000185,52947.0,126298.0,84299.0
22000186,75187.0,87098.0,84299.0
22000187,75187.0,126298.0,84299.0
22000188,86627.0,126298.0,84299.0
22000189,86627.0,87098.0,84299.0
22000190,102700.0,87048.0,84299.0
22000191,47227.0,126348.0,84299.0
22000192,47227.0,87048.0,84299.0
22000193,35787.0,126348.0,84299.0
22000194,35787.0,87048.0,84299.0
22000195,25433.0,126348.0,84299.0
22000196,25433.0,114848.0,84299.0
22000197,25433.0,87048.0,84299.0
22000198,25433.0,98548.0,84299.0
22000199,20667.0,87048.0,84299.0
22000200,20667.0,126348.0,84299.0
22000201,102700.0,126348.0,84299.0
22000202,102700.0,114848.0,84299.0
22000203,107467.0,126348.0,84299.0
22000204,107467.0,87048.0,84299.0
22000205,58322.0,87048.0,84299.0
22000206,58322.0,126348.0,84299.0
22000207,58322.0,114848.0,84299.0
22000208,69467.0,126348.0,84299.0
22000209,69467.0,87048.0,84299.0
22000210,80907.0,126348.0,84299.0
22000211,80907.0,87048.0,84299.0
22000212,92347.0,126348.0,84299.0
22000213,92347.0,87048.0,84299.0
22000214,119800.0,126348.0,84299.0
22000215,115533.0,126348.0,84299.0
22000216,30067.0,106698.0,84299.0
22000217,52947.0,106698.0,84299.0
22000218,63747.0,106698.0,84299.0
22000219,58322.0,98548.0,84299.0
22000220,98067.0,106698.0,84299.0
22000221,102700.0,98548.0,84299.0
22000222,47227.0,106698.0,84299.0
22000223,47227.0,98548.0,84299.0
22000224,47227.0,114848.0,84299.0
22000225,35787.0,106698.0,84299.0
22000226,35787.0,98548.0,84299.0
22000227,35787.0,114848.0,84299.0
22000228,69467.0,106698.0,84299.0
22000229,69467.0,98548.0,84299.0
22000230,69467.0,114848.0,84299.0
22000231,80907.0,106698.0,84299.0
22000232,80907.0,98548.0,84299.0
22000233,80907.0,114848.0,84299.0
22000234,92347.0,106698.0,84299.0
22000235,92347.0,98548.0,84299.0
22000236,92347.0,114848.0,84299.0
22000237,119800.0,106698.0,84299.0
22000238,119800.0,98548.0,84299.0
22000239,119800.0,114848.0,84299.0
22000240,115533.0,106698.0,84299.0
22000241,115533.0,98548.0,84299.0
22000242,115533.0,114848.0,84299.0
22000243,86627.0,106698.0,84299.0
22000244,86627.0,98548.0,84299.0
22000245,86627.0,114848.0,84299.0
22000246,75187.0,106698.0,84299.0
22000247,75187.0,98548.0,84299.0
22000248,75187.0,114848.0,84299.0
22000249,41507.0,106698.0,84299.0
22000250,41507.0,98548.0,84299.0
22000251,41507.0,114848.0,84299.0
22000252,13067.0,106698.0,84299.0
22000253,13067.0,98548.0,84299.0
22000254,13067.0,114848.0,84299.0
22000255,9467.0,106698.0,84299.0
22000256,9467.0,98548.0,84299.0
22000257,9467.0,114848.0,84299.0
22000258,63747.0,87098.0,84299.0
22000259,63747.0,126298.0,84299.0
22000260,16867.0,108748.0,83499.0
22000261,16867.0,110198.0,83499.0
22000262,27067.0,113448.0,83699.0
22000263,27067.0,114848.0,83699.0
22000264,20667.0,107123.0,83699.0
22000265,20667.0,108798.0,83699.0
22000266,28067.0,110448.0,83699.0
22000267,30067.0,110448.0,83699.0
22000268,16867.0,107148.0,83499.0
22000269,23267.0,107148.0,83699.0
22000270,23267.0,108798.0,83699.0
22000271,17767.0,107148.0,83599.0
22000272,20167.0,107098.0,83599.0
22000273,18417.0,98548.0,83499.0
22000274,19467.0,98548.0,83499.0
22000275,28467.0,113448.0,83699.0
22000276,30067.0,113448.0,83699.0
22000277,20667.0,98548.0,83499.0
22000278,56347.0,113448.0,83599.0
22000279,56347.0,114848.0,83599.0
22000280,53847.0,107148.0,83599.0
22000281,55947.0,107048.0,83599.0
22000282,54497.0,98548.0,83499.0
22000283,56347.0,98548.0,83499.0
22000284,107467.0,98548.0,83499.0
22000285,108667.0,98548.0,83499.0
22000286,98067.0,113448.0,83699.0
22000287,99667.0,113448.0,83699.0
22000288,107967.0,107098.0,83599.0
22000289,110367.0,107148.0,83599.0
22000290,104867.0,107148.0,83699.0
22000291,104867.0,108798.0,83699.0
22000292,111267.0,107148.0,83499.0
22000293,111267.0,108748.0,83499.0
22000294,107467.0,107123.0,83699.0
22000295,107467.0,108798.0,83699.0
22000296,101067.0,113448.0,83699.0
22000297,101067.0,114848.0,83699.0
22000298,111267.0,110198.0,83499.0
22000299,98067.0,110448.0,83699.0
22000300,100067.0,110448.0,83699.0
22000301,109717.0,98548.0,83499.0
22000302,17367.0,114848.0,84299.0
22000303,21533.0,114848.0,84299.0
22000304,22400.0,114848.0,84299.0
22000305,27767.0,114848.0,84299.0
22000306,16867.0,111060.0,84299.0
22000307,16867.0,111923.0,84299.0
22000308,16867.0,112785.0,84299.0
22000309,16867.0,109110.0,84299.0
22000310,16867.0,109473.0,84299.0
22000311,16867.0,109835.0,84299.0
22000312,27067.0,113798.0,84299.0
22000313,27067.0,114148.0,84299.0
22000314,27067.0,114498.0,84299.0
22000315,30067.0,114148.0,84299.0
22000316,27067.0,111448.0,84299.0
22000317,27067.0,112448.0,84299.0
22000318,27767.0,113448.0,84299.0
22000319,27567.0,110448.0,84299.0
22000320,30067.0,111448.0,84299.0
22000321,30067.0,112448.0,84299.0
22000322,20667.0,109345.0,84299.0
22000323,20667.0,107541.0,84299.0
22000324,20667.0,107960.0,84299.0
22000325,20667.0,108379.0,84299.0
22000326,21533.0,108798.0,84299.0
22000327,22400.0,108798.0,84299.0
22000328,23267.0,109345.0,84299.0
22000329,28567.0,110448.0,84299.0
22000330,29067.0,110448.0,84299.0
22000331,29567.0,110448.0,84299.0
22000332,16867.0,107548.0,84299.0
22000333,16867.0,107948.0,84299.0
22000334,16867.0,108348.0,84299.0
22000335,23267.0,107560.0,84299.0
22000336,23267.0,107973.0,84299.0
22000337,23267.0,108385.0,84299.0
22000338,17317.0,107148.0,84299.0
22000339,21533.0,107131.0,84299.0
22000340,22400.0,107139.0,84299.0
22000341,23267.0,106723.0,84299.0
22000342,27067.0,106723.0,84299.0
22000343,28067.0,107148.0,84299.0
22000344,29067.0,107148.0,84299.0
22000345,16867.0,101931.0,84299.0
22000346,16867.0,102814.0,84299.0
22000347,16867.0,99381.0,84299.0
22000348,16867.0,100214.0,84299.0
22000349,17317.0,101048.0,84299.0
22000350,18167.0,107139.0,84299.0
22000351,18567.0,107131.0,84299.0
22000352,18967.0,107123.0,84299.0
22000353,19367.0,107114.0,84299.0
22000354,19767.0,107106.0,84299.0
22000355,18617.0,101048.0,84299.0
22000356,20667.0,99381.0,84299.0
22000357,20667.0,100214.0,84299.0
22000358,17642.0,98548.0,84299.0
22000359,18942.0,98548.0,84299.0
22000360,21533.0,98548.0,84299.0
22000361,22400.0,98548.0,84299.0
22000362,23267.0,99070.0,84299.0
22000363,27067.0,99070.0,84299.0
22000364,28067.0,98548.0,84299.0
22000365,29067.0,98548.0,84299.0
22000366,16867.0,114248.0,84299.0
22000367,20667.0,114248.0,84299.0
22000368,20292.0,114848.0,84299.0
22000369,18142.0,114848.0,84300.0
22000370,18642.0,114848.0,84300.0
22000371,19142.0,114848.0,84300.0
22000372,19642.0,114848.0,84300.0
22000373,29267.0,114848.0,84299.0
22000374,28867.0,113448.0,84299.0
22000375,29267.0,113448.0,84299.0
22000376,29667.0,113448.0,84299.0
22000377,20067.0,101048.0,84299.0
22000378,20067.0,98548.0,84299.0
22000379,16867.0,104698.0,84299.0
22000380,16867.0,105698.0,84299.0
22000381,20667.0,106710.0,84299.0
22000382,23267.0,114248.0,84299.0
22000383,30067.0,99381.0,84299.0
22000384,30067.0,100214.0,84299.0
22000385,30067.0,105281.0,84299.0
22000386,30067.0,106214.0,84299.0
22000387,30067.0,102481.0,84299.0
22000388,30067.0,103414.0,84299.0
22000389,60347.0,101873.0,84299.0
22000390,60347.0,102698.0,84299.0
22000391,60347.0,103523.0,84299.0
22000392,63747.0,111328.0,84299.0
22000393,63747.0,112208.0,84299.0
22000394,63747.0,113088.0,84299.0
22000395,63747.0,113968.0,84300.0
22000396,61022.0,114848.0,84299.0
22000397,61697.0,114848.0,84299.0
22000398,62197.0,114848.0,84299.0
22000399,62697.0,114848.0,84299.0
22000400,63197.0,114848.0,84300.0
22000401,52947.0,104560.0,84299.0
22000402,52947.0,105423.0,84299.0
22000403,52947.0,106285.0,84299.0
22000404,53722.0,98548.0,84299.0
22000405,52947.0,99381.0,84299.0
22000406,52947.0,100214.0,84299.0
22000407,52947.0,101931.0,84299.0
22000408,52947.0,102814.0,84299.0
22000409,53397.0,101048.0,84299.0
22000410,53397.0,107148.0,84299.0
22000411,56347.0,111328.0,84299.0
22000412,56347.0,112208.0,84299.0
22000413,56347.0,113088.0,84299.0
22000414,56347.0,113798.0,84299.0
22000415,56347.0,114148.0,84299.0
22000416,56347.0,114498.0,84299.0
22000417,52947.0,111128.0,84299.0
22000418,52947.0,112058.0,84299.0
22000419,52947.0,112988.0,84299.0
22000420,52947.0,113918.0,84299.0
22000421,53622.0,114848.0,84299.0
22000422,54297.0,114848.0,84299.0
22000423,54797.0,114848.0,84299.0
22000424,55297.0,114848.0,84299.0
22000425,55797.0,114848.0,84300.0
22000426,54372.0,107123.0,84299.0
22000427,54897.0,107098.0,84299.0
22000428,55422.0,107073.0,84299.0
22000429,56347.0,106673.0,84299.0
22000430,56347.0,99381.0,84299.0
22000431,56347.0,100214.0,84299.0
22000432,54959.0,98548.0,84299.0
22000433,55422.0,98548.0,84299.0
22000434,55884.0,98548.0,84299.0
22000435,63747.0,102064.0,84299.0
22000436,63747.0,103081.0,84299.0
22000437,63747.0,104098.0,84299.0
22000438,63747.0,105114.0,84299.0
22000439,63747.0,106131.0,84299.0
22000440,63747.0,99381.0,84299.0
22000441,63747.0,100214.0,84299.0
22000442,54680.0,101048.0,84299.0
22000443,55513.0,101048.0,84299.0
22000444,60822.0,98548.0,84299.0
22000445,61297.0,98548.0,84299.0
22000446,61797.0,98548.0,84299.0
22000447,62297.0,98548.0,84299.0
22000448,62797.0,98548.0,84299.0
22000449,63272.0,98548.0,84299.0
22000450,61197.0,101048.0,84299.0
22000451,62047.0,101048.0,84299.0
22000452,62897.0,101048.0,84299.0
22000453,111267.0,104698.0,84299.0
22000454,111267.0,105698.0,84299.0
22000455,108067.0,98548.0,84299.0
22000456,108067.0,101048.0,84299.0
22000457,98467.0,113448.0,84299.0
22000458,98867.0,113448.0,84299.0
22000459,99267.0,113448.0,84299.0
22000460,98867.0,114848.0,84299.0
22000461,108492.0,114848.0,84300.0
22000462,108992.0,114848.0,84300.0
22000463,109492.0,114848.0,84300.0
22000464,109992.0,114848.0,84300.0
22000465,107842.0,114848.0,84299.0
22000466,107467.0,114248.0,84299.0
22000467,111267.0,114248.0,84299.0
22000468,110767.0,114848.0,84299.0
22000469,110492.0,98548.0,84299.0
22000470,99067.0,98548.0,84299.0
22000471,100067.0,98548.0,84299.0
22000472,105733.0,98548.0,84299.0
22000473,106600.0,98548.0,84299.0
22000474,101067.0,99070.0,84299.0
22000475,104867.0,99070.0,84299.0
22000476,107467.0,99381.0,84299.0
22000477,107467.0,100214.0,84299.0
22000478,109517.0,101048.0,84299.0
22000479,108367.0,107106.0,84299.0
22000480,108767.0,107114.0,84299.0
22000481,109167.0,107123.0,84299.0
22000482,109567.0,107131.0,84299.0
22000483,109967.0,107139.0,84299.0
22000484,110817.0,101048.0,84299.0
22000485,111267.0,99381.0,84299.0
22000486,111267.0,100214.0,84299.0
22000487,111267.0,101931.0,84299.0
22000488,111267.0,102814.0,84299.0
22000489,99067.0,107148.0,84299.0
22000490,100067.0,107148.0,84299.0
22000491,101067.0,106723.0,84299.0
22000492,104867.0,106723.0,84299.0
22000493,105733.0,107139.0,84299.0
22000494,106600.0,107131.0,84299.0
22000495,110817.0,107148.0,84299.0
22000496,104867.0,107560.0,84299.0
22000497,104867.0,107973.0,84299.0
22000498,104867.0,108385.0,84299.0
22000499,111267.0,107548.0,84299.0
22000500,111267.0,107948.0,84299.0
22000501,111267.0,108348.0,84299.0
22000502,104867.0,109345.0,84299.0
22000503,105733.0,108798.0,84299.0
22000504,106600.0,108798.0,84299.0
22000505,107467.0,107541.0,84299.0
22000506,107467.0,107960.0,84299.0
22000507,107467.0,108379.0,84299.0
22000508,107467.0,109345.0,84299.0
22000509,98067.0,111448.0,84299.0
22000510,98067.0,112448.0,84299.0
22000511,100567.0,110448.0,84299.0
22000512,100367.0,113448.0,84299.0
22000513,101067.0,111448.0,84299.0
22000514,101067.0,112448.0,84299.0
22000515,98067.0,114148.0,84299.0
22000516,101067.0,113798.0,84299.0
22000517,101067.0,114148.0,84299.0
22000518,101067.0,114498.0,84299.0
22000519,111267.0,109110.0,84299.0
22000520,111267.0,109473.0,84299.0
22000521,111267.0,109835.0,84299.0
22000522,111267.0,111060.0,84299.0
22000523,111267.0,111923.0,84299.0
22000524,111267.0,112785.0,84299.0
22000525,100367.0,114848.0,84299.0
22000526,105733.0,114848.0,84299.0
22000527,106600.0,114848.0,84299.0
22000528,107467.0,106710.0,84299.0
22000529,98067.0,102481.0,84299.0
22000530,98067.0,103414.0,84299.0
22000531,98067.0,105281.0,84299.0
22000532,98067.0,106214.0,84299.0
22000533,104867.0,114248.0,84299.0
22000534,98067.0,99381.0,84299.0
22000535,98067.0,100214.0,84299.0
22000536,98567.0,110448.0,84299.0
22000537,99067.0,110448.0,84299.0
22000538,99567.0,110448.0,84299.0
22000539,109192.0,98548.0,84299.0
22000540,61197.0,110448.0,84299.0
22000541,62047.0,110448.0,84299.0
22000542,62897.0,110448.0,84299.0
22000543,16867.0,114848.0,83200.0
22000544,16867.0,114848.0,82366.0
22000545,16867.0,114848.0,81533.0
22000546,17867.0,114848.0,83200.0
22000547,17867.0,114848.0,82366.0
22000548,17867.0,114848.0,81533.0
22000549,20667.0,114848.0,83200.0
22000550,20667.0,114848.0,82366.0
22000551,20667.0,114848.0,81533.0
22000552,23267.0,114848.0,83300.0
22000553,23267.0,114848.0,82433.0
22000554,23267.0,114848.0,81566.0
22000555,28467.0,114848.0,83399.0
22000556,28467.0,114848.0,82500.0
22000557,28467.0,114848.0,81600.0
22000558,27067.0,110448.0,83399.0
22000559,27067.0,110448.0,82500.0
22000560,27067.0,110448.0,81600.0
22000561,20667.0,109893.0,83399.0
22000562,20667.0,109893.0,82500.0
22000563,20667.0,109893.0,81600.0
22000564,16867.0,113648.0,83200.0
22000565,16867.0,113648.0,82366.0
22000566,16867.0,113648.0,81533.0
22000567,23267.0,109893.0,83399.0
22000568,23267.0,109893.0,82500.0
22000569,23267.0,109893.0,81600.0
22000570,16867.0,106698.0,83399.0
22000571,16867.0,106698.0,82500.0
22000572,16867.0,106698.0,81600.0
22000573,23267.0,106298.0,83399.0
22000574,23267.0,106298.0,82500.0
22000575,23267.0,106298.0,81600.0
22000576,27067.0,106298.0,83399.0
22000577,27067.0,106298.0,82500.0
22000578,27067.0,106298.0,81600.0
22000579,27067.0,107148.0,83399.0
22000580,27067.0,107148.0,82500.0
22000581,27067.0,107148.0,81600.0
22000582,16867.0,101048.0,83399.0
22000583,16867.0,101048.0,82500.0
22000584,16867.0,101048.0,81600.0
22000585,16867.0,103698.0,83399.0
22000586,16867.0,103698.0,82500.0
22000587,16867.0,103698.0,81600.0
22000588,16867.0,98548.0,83399.0
22000589,16867.0,98548.0,82500.0
22000590,16867.0,98548.0,81600.0
22000591,17767.0,101048.0,83399.0
22000592,17767.0,101048.0,82500.0
22000593,17767.0,101048.0,81600.0
22000594,19467.0,101048.0,83399.0
22000595,19467.0,101048.0,82500.0
22000596,19467.0,101048.0,81600.0
22000597,20667.0,101048.0,83399.0
22000598,20667.0,101048.0,82500.0
22000599,20667.0,101048.0,81600.0
22000600,23267.0,98548.0,83399.0
22000601,23267.0,98548.0,82500.0
22000602,23267.0,98548.0,81600.0
22000603,23267.0,99593.0,83399.0
22000604,23267.0,99593.0,82500.0
22000605,23267.0,99593.0,81600.0
22000606,27067.0,98548.0,83399.0
22000607,27067.0,98548.0,82500.0
22000608,27067.0,98548.0,81600.0
22000609,27067.0,99593.0,83399.0
22000610,27067.0,99593.0,82500.0
22000611,27067.0,99593.0,81600.0
22000612,30067.0,98548.0,83399.0
22000613,30067.0,98548.0,82500.0
22000614,30067.0,98548.0,81600.0
22000615,19917.0,114848.0,83200.0
22000616,19917.0,114848.0,82366.0
22000617,19917.0,114848.0,81533.0
22000618,30067.0,114848.0,83399.0
22000619,30067.0,114848.0,82500.0
22000620,30067.0,114848.0,81600.0
22000621,20667.0,106298.0,83399.0
22000622,20667.0,106298.0,82500.0
22000623,20667.0,106298.0,81600.0
22000624,20667.0,113648.0,83200.0
22000625,20667.0,113648.0,82366.0
22000626,20667.0,113648.0,81533.0
22000627,23267.0,113648.0,83399.0
22000628,23267.0,113648.0,82500.0
22000629,23267.0,113648.0,81600.0
22000630,20667.0,101548.0,83399.0
22000631,20667.0,101548.0,82500.0
22000632,20667.0,101548.0,81600.0
22000633,30067.0,101048.0,83399.0
22000634,30067.0,101048.0,82500.0
22000635,30067.0,101048.0,81600.0
22000636,30067.0,101548.0,83399.0
22000637,30067.0,101548.0,82500.0
22000638,30067.0,101548.0,81600.0
22000639,30067.0,107148.0,83399.0
22000640,30067.0,107148.0,82500.0
22000641,30067.0,107148.0,81600.0
22000642,30067.0,104348.0,83399.0
22000643,30067.0,104348.0,82500.0
22000644,30067.0,104348.0,81600.0
22000645,30067.0,106698.0,83399.0
22000646,30067.0,106698.0,82500.0
22000647,30067.0,106698.0,81600.0
22000648,60347.0,101048.0,83200.0
22000649,60347.0,101048.0,82366.0
22000650,60347.0,101048.0,81533.0
22000651,60347.0,104348.0,83200.0
22000652,60347.0,104348.0,82366.0
22000653,60347.0,104348.0,81533.0
22000654,63747.0,110448.0,83200.0
22000655,63747.0,110448.0,82366.0
22000656,63747.0,110448.0,81533.0
22000657,63747.0,114848.0,83200.0
22000658,63747.0,114848.0,82366.0
22000659,63747.0,114848.0,81533.0
22000660,60347.0,114848.0,83200.0
22000661,60347.0,114848.0,82366.0
22000662,60347.0,114848.0,81533.0
22000663,52947.0,103698.0,83399.0
22000664,52947.0,103698.0,82500.0
22000665,52947.0,103698.0,81600.0
22000666,52947.0,106698.0,83399.0
22000667,52947.0,106698.0,82500.0
22000668,52947.0,106698.0,81600.0
22000669,52947.0,98548.0,83399.0
22000670,52947.0,98548.0,82500.0
22000671,52947.0,98548.0,81600.0
22000672,52947.0,101048.0,83399.0
22000673,52947.0,101048.0,82500.0
22000674,52947.0,101048.0,81600.0
22000675,53847.0,101048.0,83399.0
22000676,53847.0,101048.0,82500.0
22000677,53847.0,101048.0,81600.0
22000678,52947.0,107148.0,83399.0
22000679,52947.0,107148.0,82500.0
22000680,52947.0,107148.0,81600.0
22000681,56347.0,107048.0,83399.0
22000682,56347.0,107048.0,82500.0
22000683,56347.0,107048.0,81600.0
22000684,56347.0,110448.0,83399.0
22000685,56347.0,110448.0,82500.0
22000686,56347.0,110448.0,81600.0
22000687,52947.0,110198.0,83200.0
22000688,52947.0,110198.0,82366.0
22000689,52947.0,110198.0,81533.0
22000690,52947.0,114848.0,83200.0
22000691,52947.0,114848.0,82366.0
22000692,52947.0,114848.0,81533.0
22000693,56347.0,106298.0,83399.0
22000694,56347.0,106298.0,82500.0
22000695,56347.0,106298.0,81600.0
22000696,56347.0,101048.0,83399.0
22000697,56347.0,101048.0,82500.0
22000698,56347.0,101048.0,81600.0
22000699,56347.0,101548.0,83399.0
22000700,56347.0,101548.0,82500.0
22000701,56347.0,101548.0,81600.0
22000702,63747.0,101048.0,83200.0
22000703,63747.0,101048.0,82366.0
22000704,63747.0,101048.0,81533.0
22000705,63747.0,106698.0,83300.0
22000706,63747.0,106698.0,82433.0
22000707,63747.0,106698.0,81566.0
22000708,63747.0,98548.0,83200.0
22000709,63747.0,98548.0,82366.0
22000710,63747.0,98548.0,81533.0
22000711,60347.0,98548.0,83200.0
22000712,60347.0,98548.0,82366.0
22000713,60347.0,98548.0,81533.0
22000714,111267.0,103698.0,83399.0
22000715,111267.0,103698.0,82500.0
22000716,111267.0,103698.0,81600.0
22000717,111267.0,106698.0,83399.0
22000718,111267.0,106698.0,82500.0
22000719,111267.0,106698.0,81600.0
22000720,107467.0,101048.0,83399.0
22000721,107467.0,101048.0,82500.0
22000722,107467.0,101048.0,81600.0
22000723,108667.0,101048.0,83399.0
22000724,108667.0,101048.0,82500.0
22000725,108667.0,101048.0,81600.0
22000726,98067.0,114848.0,83399.0
22000727,98067.0,114848.0,82500.0
22000728,98067.0,114848.0,81600.0
22000729,99667.0,114848.0,83399.0
22000730,99667.0,114848.0,82500.0
22000731,99667.0,114848.0,81600.0
22000732,108217.0,114848.0,83200.0
22000733,108217.0,114848.0,82366.0
22000734,108217.0,114848.0,81533.0
22000735,110267.0,114848.0,83200.0
22000736,110267.0,114848.0,82366.0
22000737,110267.0,114848.0,81533.0
22000738,107467.0,114848.0,83300.0
22000739,107467.0,114848.0,82433.0
22000740,107467.0,114848.0,81566.0
22000741,107467.0,113648.0,83200.0
22000742,107467.0,113648.0,82366.0
22000743,107467.0,113648.0,81533.0
22000744,111267.0,113648.0,83399.0
22000745,111267.0,113648.0,82500.0
22000746,111267.0,113648.0,81600.0
22000747,111267.0,114848.0,83300.0
22000748,111267.0,114848.0,82433.0
22000749,111267.0,114848.0,81566.0
22000750,111267.0,98548.0,83399.0
22000751,111267.0,98548.0,82500.0
22000752,111267.0,98548.0,81600.0
22000753,98067.0,98548.0,83399.0
22000754,98067.0,98548.0,82500.0
22000755,98067.0,98548.0,81600.0
22000756,101067.0,98548.0,83399.0
22000757,101067.0,98548.0,82500.0
22000758,101067.0,98548.0,81600.0
22000759,104867.0,98548.0,83399.0
22000760,104867.0,98548.0,82500.0
22000761,104867.0,98548.0,81600.0
22000762,101067.0,99593.0,83399.0
22000763,101067.0,99593.0,82500.0
22000764,101067.0,99593.0,81600.0
22000765,104867.0,99593.0,83399.0
22000766,104867.0,99593.0,82500.0
22000767,104867.0,99593.0,81600.0
22000768,107467.0,101548.0,83399.0
22000769,107467.0,101548.0,82500.0
22000770,107467.0,101548.0,81600.0
22000771,110367.0,101048.0,83399.0
22000772,110367.0,101048.0,82500.0
22000773,110367.0,101048.0,81600.0
22000774,111267.0,101048.0,83399.0
22000775,111267.0,101048.0,82500.0
22000776,111267.0,101048.0,81600.0
22000777,98067.0,107148.0,83399.0
22000778,98067.0,107148.0,82500.0
22000779,98067.0,107148.0,81600.0
22000780,101067.0,107148.0,83399.0
22000781,101067.0,107148.0,82500.0
22000782,101067.0,107148.0,81600.0
22000783,101067.0,106298.0,83399.0
22000784,101067.0,106298.0,82500.0
22000785,101067.0,106298.0,81600.0
22000786,104867.0,106298.0,83399.0
22000787,104867.0,106298.0,82500.0
22000788,104867.0,106298.0,81600.0
22000789,104867.0,109893.0,83399.0
22000790,104867.0,109893.0,82500.0
22000791,104867.0,109893.0,81600.0
22000792,107467.0,109893.0,83399.0
22000793,107467.0,109893.0,82500.0
22000794,107467.0,109893.0,81600.0
22000795,101067.0,110448.0,83399.0
22000796,101067.0,110448.0,82500.0
22000797,101067.0,110448.0,81600.0
22000798,104867.0,114848.0,83399.0
22000799,104867.0,114848.0,82500.0
22000800,104867.0,114848.0,81600.0
22000801,107467.0,106298.0,83399.0
22000802,107467.0,106298.0,82500.0
22000803,107467.0,106298.0,81600.0
22000804,98067.0,101548.0,83399.0
22000805,98067.0,101548.0,82500.0
22000806,98067.0,101548.0,81600.0
22000807,98067.0,104348.0,83399.0
22000808,98067.0,104348.0,82500.0
22000809,98067.0,104348.0,81600.0
22000810,98067.0,106698.0,83399.0
22000811,98067.0,106698.0,82500.0
22000812,98067.0,106698.0,81600.0
22000813,104867.0,113648.0,83399.0
22000814,104867.0,113648.0,82500.0
22000815,104867.0,113648.0,81600.0
22000816,98067.0,101048.0,83399.0
22000817,98067.0,101048.0,82500.0
22000818,98067.0,101048.0,81600.0
22000819,63747.0,107148.0,83399.0
22000820,63747.0,107148.0,82500.0
22000821,63747.0,107148.0,81600.0
22000822,60347.0,110448.0,83200.0
22000823,60347.0,110448.0,82366.0
22000824,60347.0,110448.0,81533.0
22000825,16867.0,109110.0,83499.0
22000826,16867.0,109473.0,83499.0
22000827,16867.0,109835.0,83499.0
22000828,27067.0,113798.0,83699.0
22000829,27067.0,114148.0,83699.0
22000830,27067.0,114498.0,83699.0
22000831,20667.0,107541.0,83699.0
22000832,20667.0,107960.0,83699.0
22000833,20667.0,108379.0,83699.0
22000834,28567.0,110448.0,83699.0
22000835,29067.0,110448.0,83699.0
22000836,29567.0,110448.0,83699.0
22000837,16867.0,107548.0,83499.0
22000838,16867.0,107948.0,83499.0
22000839,16867.0,108348.0,83499.0
22000840,23267.0,107560.0,83699.0
22000841,23267.0,107973.0,83699.0
22000842,23267.0,108385.0,83699.0
22000843,18167.0,107139.0,83599.0
22000844,18567.0,107131.0,83599.0
22000845,18967.0,107123.0,83599.0
22000846,19367.0,107114.0,83599.0
22000847,19767.0,107106.0,83599.0
22000848,18942.0,98548.0,83499.0
22000849,28867.0,113448.0,83699.0
22000850,29267.0,113448.0,83699.0
22000851,29667.0,113448.0,83699.0
22000852,20067.0,98548.0,83499.0
22000853,56347.0,113798.0,83599.0
22000854,56347.0,114148.0,83599.0
22000855,56347.0,114498.0,83599.0
22000856,54372.0,107123.0,83599.0
22000857,54897.0,107098.0,83599.0
22000858,55422.0,107073.0,83599.0
22000859,54959.0,98548.0,83499.0
22000860,55422.0,98548.0,83499.0
22000861,55884.0,98548.0,83499.0
22000862,108067.0,98548.0,83499.0
22000863,98467.0,113448.0,83699.0
22000864,98867.0,113448.0,83699.0
22000865,99267.0,113448.0,83699.0
22000866,108367.0,107106.0,83599.0
22000867,108767.0,107114.0,83599.0
22000868,109167.0,107123.0,83599.0
22000869,109567.0,107131.0,83599.0
22000870,109967.0,107139.0,83599.0
22000871,104867.0,107560.0,83699.0
22000872,104867.0,107973.0,83699.0
22000873,104867.0,108385.0,83699.0
22000874,111267.0,107548.0,83499.0
22000875,111267.0,107948.0,83499.0
22000876,111267.0,108348.0,83499.0
22000877,107467.0,107541.0,83699.0
22000878,107467.0,107960.0,83699.0
22000879,107467.0,108379.0,83699.0
22000880,101067.0,113798.0,83699.0
22000881,101067.0,114148.0,83699.0
22000882,101067.0,114498.0,83699.0
22000883,111267.0,109110.0,83499.0
22000884,111267.0,109473.0,83499.0
22000885,111267.0,109835.0,83499.0
22000886,98567.0,110448.0,83699.0
22000887,99067.0,110448.0,83699.0
22000888,99567.0,110448.0,83699.0
22000889,109192.0,98548.0,83499.0
22000890,27067.0,114848.0,82500.0
22000891,27067.0,114848.0,81600.0
22000892,27067.0,113448.0,82500.0
22000893,27067.0,113448.0,81600.0
22000894,28467.0,113448.0,82500.0
22000895,28467.0,113448.0,81600.0
22000896,20667.0,108798.0,82500.0
22000897,20667.0,108798.0,81600.0
22000898,16867.0,110198.0,82366.0
22000899,16867.0,110198.0,81533.0
22000900,28067.0,110448.0,82500.0
22000901,28067.0,110448.0,81600.0
22000902,23267.0,108798.0,82500.0
22000903,23267.0,108798.0,81600.0
22000904,16867.0,107148.0,82500.0
22000905,16867.0,107148.0,81600.0
22000906,20167.0,107098.0,82500.0
22000907,20167.0,107098.0,81600.0
22000908,20667.0,107123.0,82500.0
22000909,20667.0,107123.0,81600.0
22000910,23267.0,107148.0,82500.0
22000911,23267.0,107148.0,81600.0
22000912,20667.0,98548.0,82500.0
22000913,20667.0,98548.0,81600.0
22000914,18417.0,98548.0,82500.0
22000915,18417.0,98548.0,81600.0
22000916,17767.0,107148.0,82500.0
22000917,17767.0,107148.0,81600.0
22000918,30067.0,113448.0,82500.0
22000919,30067.0,113448.0,81600.0
22000920,30067.0,110448.0,82500.0
22000921,30067.0,110448.0,81600.0
22000922,54497.0,98548.0,82500.0
22000923,54497.0,98548.0,81600.0
22000924,53847.0,107148.0,82500.0
22000925,53847.0,107148.0,81600.0
22000926,55947.0,107048.0,82500.0
22000927,55947.0,107048.0,81600.0
22000928,56347.0,113448.0,82500.0
22000929,56347.0,113448.0,81600.0
22000930,56347.0,114848.0,82366.0
22000931,56347.0,114848.0,81533.0
22000932,56347.0,98548.0,82500.0
22000933,56347.0,98548.0,81600.0
22000934,109717.0,98548.0,82500.0
22000935,109717.0,98548.0,81600.0
22000936,107467.0,98548.0,82500.0
22000937,107467.0,98548.0,81600.0
22000938,107467.0,107123.0,82500.0
22000939,107467.0,107123.0,81600.0
22000940,107967.0,107098.0,82500.0
22000941,107967.0,107098.0,81600.0
22000942,104867.0,107148.0,82500.0
22000943,104867.0,107148.0,81600.0
22000944,110367.0,107148.0,82500.0
22000945,110367.0,107148.0,81600.0
22000946,111267.0,107148.0,82500.0
22000947,111267.0,107148.0,81600.0
22000948,104867.0,108798.0,82500.0
22000949,104867.0,108798.0,81600.0
22000950,107467.0,108798.0,82500.0
22000951,107467.0,108798.0,81600.0
22000952,98067.0,110448.0,82500.0
22000953,98067.0,110448.0,81600.0
22000954,98067.0,113448.0,82500.0
22000955,98067.0,113448.0,81600.0
22000956,100067.0,110448.0,82500.0
22000957,100067.0,110448.0,81600.0
22000958,99667.0,113448.0,82500.0
22000959,99667.0,113448.0,81600.0
22000960,101067.0,113448.0,82500.0
22000961,101067.0,113448.0,81600.0
22000962,111267.0,110198.0,82500.0
22000963,111267.0,110198.0,81600.0
22000964,101067.0,114848.0,82500.0
22000965,101067.0,114848.0,81600.0
22000966,24217.0,107148.0,84299.0
22000967,25167.0,107148.0,84299.0
22000968,26117.0,107148.0,84299.0
22000969,27067.0,108248.0,84299.0
22000970,27067.0,109348.0,84299.0
22000971,26250.0,114848.0,84299.0
22000972,24350.0,114848.0,84299.0
22000973,23267.0,112748.0,84299.0
22000974,23267.0,110870.0,84299.0
22000975,28467.0,114148.0,84299.0
22000976,17817.0,108760.0,84299.0
22000977,18767.0,108773.0,84299.0
22000978,19717.0,108785.0,84299.0
22000979,20667.0,110870.0,84299.0
22000980,20667.0,112748.0,84299.0
22000981,18892.0,113648.0,84299.0
22000982,24217.0,104348.0,84299.0
22000983,25167.0,104348.0,84299.0
22000984,26117.0,104348.0,84299.0
22000985,27067.0,105323.0,84299.0
22000986,23267.0,105323.0,84299.0
22000987,19467.0,99381.0,84299.0
22000988,19467.0,100214.0,84299.0
22000989,24217.0,101548.0,84299.0
22000990,25167.0,101548.0,84299.0
22000991,26117.0,101548.0,84299.0
22000992,27067.0,102481.0,84299.0
22000993,27067.0,103414.0,84299.0
22000994,23267.0,102481.0,84299.0
22000995,23267.0,103414.0,84299.0
22000996,24350.0,98548.0,84299.0
22000997,26250.0,98548.0,84299.0
22000998,27067.0,100570.0,84299.0
22000999,23267.0,100570.0,84299.0
22001000,56347.0,107898.0,84299.0
22001001,53797.0,108748.0,84299.0
22001002,54647.0,108748.0,84299.0
22001003,55497.0,108748.0,84299.0
22001004,52947.0,107948.0,84299.0
22001005,108667.0,99381.0,84299.0
22001006,108667.0,100214.0,84299.0
22001007,99667.0,114148.0,84299.0
22001008,109242.0,113648.0,84299.0
22001009,108417.0,108785.0,84299.0
22001010,109367.0,108773.0,84299.0
22001011,110317.0,108760.0,84299.0
22001012,107467.0,112748.0,84299.0
22001013,107467.0,110870.0,84299.0
22001014,101883.0,98548.0,84299.0
22001015,103783.0,98548.0,84299.0
22001016,104867.0,100570.0,84299.0
22001017,102017.0,101548.0,84299.0
22001018,102967.0,101548.0,84299.0
22001019,103917.0,101548.0,84299.0
22001020,101067.0,100570.0,84299.0
22001021,102017.0,104348.0,84299.0
22001022,102967.0,104348.0,84299.0
22001023,103917.0,104348.0,84299.0
22001024,104867.0,105323.0,84299.0
22001025,102017.0,107148.0,84299.0
22001026,102967.0,107148.0,84299.0
22001027,103917.0,107148.0,84299.0
22001028,101067.0,105323.0,84299.0
22001029,104867.0,110870.0,84299.0
22001030,104867.0,112748.0,84299.0
22001031,103783.0,114848.0,84299.0
22001032,101883.0,114848.0,84299.0
22001033,101067.0,108248.0,84299.0
22001034,101067.0,109348.0,84299.0
22001035,104867.0,102481.0,84299.0
22001036,104867.0,103414.0,84299.0
22001037,101067.0,102481.0,84299.0
22001038,101067.0,103414.0,84299.0
22001041,64265.0,106677.0,84299.0
22001042,108667.0,98548.0,83899.0
22001043,109192.0,98548.0,83899.0
22001044,109717.0,98548.0,83899.0
22001045,98067.0,110448.0,83999.0
22001046,98567.0,110448.0,83999.0
22001047,99067.0,110448.0,83999.0
22001048,99567.0,110448.0,83999.0
22001049,100067.0,110448.0,83999.0
22001050,111267.0,108748.0,83899.0
22001051,111267.0,109110.0,83899.0
22001052,111267.0,109473.0,83899.0
22001053,111267.0,109835.0,83899.0
22001054,111267.0,110198.0,83899.0
22001055,101067.0,113448.0,83999.0
22001056,101067.0,113798.0,83999.0
22001057,101067.0,114148.0,83999.0
22001058,101067.0,114498.0,83999.0
22001059,101067.0,114848.0,83999.0
22001060,107467.0,107123.0,83999.0
22001061,107467.0,107541.0,83999.0
22001062,107467.0,107960.0,83999.0
22001063,107467.0,108379.0,83999.0
22001064,107467.0,108798.0,83999.0
22001065,111267.0,107148.0,83899.0
22001066,111267.0,107548.0,83899.0
22001067,111267.0,107948.0,83899.0
22001068,111267.0,108348.0,83899.0
22001069,104867.0,107148.0,83999.0
22001070,104867.0,107560.0,83999.0
22001071,104867.0,107973.0,83999.0
22001072,104867.0,108385.0,83999.0
22001073,104867.0,108798.0,83999.0
22001074,107967.0,107098.0,83949.0
22001075,108367.0,107106.0,83949.0
22001076,108767.0,107114.0,83949.0
22001077,109167.0,107123.0,83949.0
22001078,109567.0,107131.0,83949.0
22001079,109967.0,107139.0,83949.0
22001080,110367.0,107148.0,83949.0
22001081,98067.0,113448.0,83999.0
22001082,98467.0,113448.0,83999.0
22001083,98867.0,113448.0,83999.0
22001084,99267.0,113448.0,83999.0
22001085,99667.0,113448.0,83999.0
22001086,107467.0,98548.0,83899.0
22001087,108067.0,98548.0,83899.0
22001088,54497.0,98548.0,83899.0
22001089,54959.0,98548.0,83899.0
22001090,55422.0,98548.0,83899.0
22001091,55884.0,98548.0,83899.0
22001092,56347.0,98548.0,83899.0
22001093,53847.0,107148.0,83949.0
22001094,54372.0,107123.0,83949.0
22001095,54897.0,107098.0,83949.0
22001096,55422.0,107073.0,83949.0
22001097,55947.0,107048.0,83949.0
22001098,56347.0,113448.0,83949.0
22001099,56347.0,113798.0,83949.0
22001100,56347.0,114148.0,83949.0
22001101,56347.0,114498.0,83949.0
22001102,56347.0,114848.0,83949.0
22001103,19467.0,98548.0,83899.0
22001104,20067.0,98548.0,83899.0
22001105,20667.0,98548.0,83899.0
22001106,28467.0,113448.0,83999.0
22001107,28867.0,113448.0,83999.0
22001108,29267.0,113448.0,83999.0
22001109,29667.0,113448.0,83999.0
22001110,30067.0,113448.0,83999.0
22001111,18417.0,98548.0,83899.0
22001112,18942.0,98548.0,83899.0
22001113,17767.0,107148.0,83949.0
22001114,18167.0,107139.0,83949.0
22001115,18567.0,107131.0,83949.0
22001116,18967.0,107123.0,83949.0
22001117,19367.0,107114.0,83949.0
22001118,19767.0,107106.0,83949.0
22001119,20167.0,107098.0,83949.0
22001120,23267.0,107148.0,83999.0
22001121,23267.0,107560.0,83999.0
22001122,23267.0,107973.0,83999.0
22001123,23267.0,108385.0,83999.0
22001124,23267.0,108798.0,83999.0
22001125,16867.0,107148.0,83899.0
22001126,16867.0,107548.0,83899.0
22001127,16867.0,107948.0,83899.0
22001128,16867.0,108348.0,83899.0
22001129,16867.0,108748.0,83899.0
22001130,28067.0,110448.0,83999.0
22001131,28567.0,110448.0,83999.0
22001132,29067.0,110448.0,83999.0
22001133,29567.0,110448.0,83999.0
22001134,30067.0,110448.0,83999.0
22001135,20667.0,107123.0,83999.0
22001136,20667.0,107541.0,83999.0
22001137,20667.0,107960.0,83999.0
22001138,20667.0,108379.0,83999.0
22001139,20667.0,108798.0,83999.0
22001140,27067.0,113448.0,83999.0
22001141,27067.0,113798.0,83999.0
22001142,27067.0,114148.0,83999.0
22001143,27067.0,114498.0,83999.0
22001144,27067.0,114848.0,83999.0
22001145,16867.0,109110.0,83899.0
22001146,16867.0,109473.0,83899.0
22001147,16867.0,109835.0,83899.0
22001148,16867.0,110198.0,83899.0
22001149,17367.0,114848.0,83200.0
22001150,17367.0,114848.0,81533.0
22001151,17367.0,114848.0,82366.0
22001152,21533.0,114848.0,83300.0
22001153,22400.0,114848.0,83300.0
22001154,21533.0,114848.0,81566.0
22001155,22400.0,114848.0,81566.0
22001156,21533.0,114848.0,82433.0
22001157,22400.0,114848.0,82433.0
22001158,27767.0,114848.0,83399.0
22001159,27767.0,114848.0,81600.0
22001160,27767.0,114848.0,82500.0
22001161,16867.0,111060.0,83499.0
22001162,16867.0,111923.0,83499.0
22001163,16867.0,112785.0,83499.0
22001164,16867.0,111060.0,81533.0
22001165,16867.0,111923.0,81533.0
22001166,16867.0,112785.0,81533.0
22001167,16867.0,111060.0,82366.0
22001168,16867.0,112785.0,82366.0
22001169,16867.0,111923.0,82366.0
22001170,30067.0,114148.0,83399.0
22001171,30067.0,114148.0,81600.0
22001172,30067.0,114148.0,82500.0
22001173,27067.0,111448.0,83399.0
22001174,27067.0,112448.0,83399.0
22001175,27067.0,111448.0,81600.0
22001176,27067.0,112448.0,81600.0
22001177,27067.0,111448.0,82500.0
22001178,27067.0,112448.0,82500.0
22001179,27767.0,113448.0,83699.0
22001180,27767.0,113448.0,81600.0
22001181,27767.0,113448.0,82500.0
22001182,27567.0,110448.0,83399.0
22001183,27567.0,110448.0,81600.0
22001184,27567.0,110448.0,82500.0
22001185,30067.0,111448.0,83699.0
22001186,30067.0,112448.0,83699.0
22001187,30067.0,111448.0,81600.0
22001188,30067.0,112448.0,81600.0
22001189,30067.0,111448.0,82500.0
22001190,30067.0,112448.0,82500.0
22001191,20667.0,109345.0,83399.0
22001192,20667.0,109345.0,81600.0
22001193,20667.0,109345.0,82500.0
22001194,21533.0,108798.0,83699.0
22001195,22400.0,108798.0,83699.0
22001196,21533.0,108798.0,81600.0
22001197,22400.0,108798.0,81600.0
22001198,21533.0,108798.0,82500.0
22001199,22400.0,108798.0,82500.0
22001200,23267.0,109345.0,83399.0
22001201,23267.0,109345.0,81600.0
22001202,23267.0,109345.0,82500.0
22001203,17317.0,107148.0,83499.0
22001204,17317.0,107148.0,81600.0
22001205,17317.0,107148.0,82500.0
22001206,21533.0,107131.0,83699.0
22001207,22400.0,107139.0,83699.0
22001208,21533.0,107131.0,81600.0
22001209,22400.0,107139.0,81600.0
22001210,21533.0,107131.0,82500.0
22001211,22400.0,107139.0,82500.0
22001212,23267.0,106723.0,83399.0
22001213,23267.0,106723.0,81600.0
22001214,23267.0,106723.0,82500.0
22001215,27067.0,106723.0,83399.0
22001216,27067.0,106723.0,81600.0
22001217,27067.0,106723.0,82500.0
22001218,28067.0,107148.0,83399.0
22001219,29067.0,107148.0,83399.0
22001220,28067.0,107148.0,81600.0
22001221,29067.0,107148.0,81600.0
22001222,28067.0,107148.0,82500.0
22001223,29067.0,107148.0,82500.0
22001224,16867.0,101931.0,83399.0
22001225,16867.0,102814.0,83399.0
22001226,16867.0,101931.0,81600.0
22001227,16867.0,102814.0,81600.0
22001228,16867.0,101931.0,82500.0
22001229,16867.0,102814.0,82500.0
22001230,16867.0,99381.0,83399.0
22001231,16867.0,100214.0,83399.0
22001232,16867.0,99381.0,81600.0
22001233,16867.0,100214.0,81600.0
22001234,16867.0,99381.0,82500.0
22001235,16867.0,100214.0,82500.0
22001236,17317.0,101048.0,83399.0
22001237,17317.0,101048.0,81600.0
22001238,17317.0,101048.0,82500.0
22001239,18617.0,101048.0,83399.0
22001240,18617.0,101048.0,81600.0
22001241,18617.0,101048.0,82500.0
22001242,20667.0,99381.0,83399.0
22001243,20667.0,100214.0,83399.0
22001244,20667.0,99381.0,81600.0
22001245,20667.0,100214.0,81600.0
22001246,20667.0,99381.0,82500.0
22001247,20667.0,100214.0,82500.0
22001248,17642.0,98548.0,83399.0
22001249,17642.0,98548.0,81600.0
22001250,17642.0,98548.0,82500.0
22001251,21533.0,98548.0,83399.0
22001252,22400.0,98548.0,83399.0
22001253,21533.0,98548.0,81600.0
22001254,22400.0,98548.0,81600.0
22001255,21533.0,98548.0,82500.0
22001256,22400.0,98548.0,82500.0
22001257,23267.0,99070.0,83399.0
22001258,23267.0,99070.0,81600.0
22001259,23267.0,99070.0,82500.0
22001260,27067.0,99070.0,83399.0
22001261,27067.0,99070.0,81600.0
22001262,27067.0,99070.0,82500.0
22001263,28067.0,98548.0,83399.0
22001264,29067.0,98548.0,83399.0
22001265,28067.0,98548.0,81600.0
22001266,29067.0,98548.0,81600.0
22001267,28067.0,98548.0,82500.0
22001268,29067.0,98548.0,82500.0
22001269,16867.0,114248.0,83200.0
22001270,16867.0,114248.0,81533.0
22001271,16867.0,114248.0,82366.0
22001272,20667.0,114248.0,83200.0
22001273,20667.0,114248.0,81533.0
22001274,20667.0,114248.0,82366.0
22001275,20292.0,114848.0,83200.0
22001276,20292.0,114848.0,81533.0
22001277,20292.0,114848.0,82366.0
22001278,18142.0,114848.0,83200.0
22001279,18145.0,114848.0,83750.0
22001280,18642.0,114848.0,83750.0
22001281,19142.0,114848.0,83750.0
22001282,19639.0,114848.0,83750.0
22001283,19642.0,114848.0,83200.0
22001284,18142.0,114848.0,81533.0
22001285,19642.0,114848.0,81533.0
22001286,18142.0,114848.0,82366.0
22001287,19642.0,114848.0,82366.0
22001288,18642.0,114848.0,83200.0
22001289,19142.0,114848.0,83200.0
22001290,29267.0,114848.0,83399.0
22001291,29267.0,114848.0,81600.0
22001292,29267.0,114848.0,82500.0
22001293,20067.0,101048.0,83399.0
22001294,20067.0,101048.0,81600.0
22001295,20067.0,101048.0,82500.0
22001296,16867.0,104698.0,83399.0
22001297,16867.0,105698.0,83399.0
22001298,16867.0,104698.0,81600.0
22001299,16867.0,105698.0,81600.0
22001300,16867.0,104698.0,82500.0
22001301,16867.0,105698.0,82500.0
22001302,20667.0,106710.0,83399.0
22001303,20667.0,106710.0,81600.0
22001304,20667.0,106710.0,82500.0
22001305,23267.0,114248.0,83399.0
22001306,23267.0,114248.0,81600.0
22001307,23267.0,114248.0,82500.0
22001308,30067.0,99381.0,83399.0
22001309,30067.0,100214.0,83399.0
22001310,30067.0,99381.0,81600.0
22001311,30067.0,100214.0,81600.0
22001312,30067.0,99381.0,82500.0
22001313,30067.0,100214.0,82500.0
22001314,30067.0,105281.0,83399.0
22001315,30067.0,106214.0,83399.0
22001316,30067.0,105281.0,81600.0
22001317,30067.0,106214.0,81600.0
22001318,30067.0,105281.0,82500.0
22001319,30067.0,106214.0,82500.0
22001320,30067.0,102481.0,83399.0
22001321,30067.0,103414.0,83399.0
22001322,30067.0,102481.0,81600.0
22001323,30067.0,103414.0,81600.0
22001324,30067.0,102481.0,82500.0
22001325,30067.0,103414.0,82500.0
22001326,60347.0,101873.0,83200.0
22001327,60347.0,102698.0,83200.0
22001328,60347.0,103523.0,83200.0
22001329,60347.0,101873.0,81533.0
22001330,60347.0,102698.0,81533.0
22001331,60347.0,103523.0,81533.0
22001332,60347.0,101873.0,82366.0
22001333,60347.0,103523.0,82366.0
22001334,60347.0,102698.0,82366.0
22001335,63747.0,111328.0,83200.0
22001336,63747.0,112208.0,83200.0
22001337,63747.0,113088.0,83200.0
22001338,63747.0,113968.0,83200.0
22001339,63747.0,111328.0,81533.0
22001340,63747.0,112208.0,81533.0
22001341,63747.0,113088.0,81533.0
22001342,63747.0,113968.0,81533.0
22001343,63747.0,111328.0,82366.0
22001344,63747.0,113968.0,82366.0
22001345,63747.0,112208.0,82366.0
22001346,63747.0,113088.0,82366.0
22001347,61022.0,114848.0,83200.0
22001348,61697.0,114848.0,83200.0
22001349,61700.0,114848.0,83750.0
22001350,62197.0,114848.0,83750.0
22001351,62697.0,114848.0,83750.0
22001352,63194.0,114848.0,83750.0
22001353,63197.0,114848.0,83200.0
22001354,61022.0,114848.0,81533.0
22001355,61697.0,114848.0,81533.0
22001356,63197.0,114848.0,81533.0
22001357,61022.0,114848.0,82366.0
22001358,63197.0,114848.0,82366.0
22001359,62197.0,114848.0,83200.0
22001360,61697.0,114848.0,82366.0
22001361,62697.0,114848.0,83200.0
22001362,52947.0,104560.0,83399.0
22001363,52947.0,105423.0,83399.0
22001364,52947.0,106285.0,83399.0
22001365,52947.0,104560.0,81600.0
22001366,52947.0,105423.0,81600.0
22001367,52947.0,106285.0,81600.0
22001368,52947.0,104560.0,82500.0
22001369,52947.0,106285.0,82500.0
22001370,52947.0,105423.0,82500.0
22001371,53722.0,98548.0,83399.0
22001372,53722.0,98548.0,81600.0
22001373,53722.0,98548.0,82500.0
22001374,52947.0,99381.0,83399.0
22001375,52947.0,100214.0,83399.0
22001376,52947.0,99381.0,81600.0
22001377,52947.0,100214.0,81600.0
22001378,52947.0,99381.0,82500.0
22001379,52947.0,100214.0,82500.0
22001380,52947.0,101931.0,83399.0
22001381,52947.0,102814.0,83399.0
22001382,52947.0,101931.0,81600.0
22001383,52947.0,102814.0,81600.0
22001384,52947.0,101931.0,82500.0
22001385,52947.0,102814.0,82500.0
22001386,53397.0,101048.0,83399.0
22001387,53397.0,101048.0,81600.0
22001388,53397.0,101048.0,82500.0
22001389,53397.0,107148.0,83399.0
22001390,53397.0,107148.0,81600.0
22001391,53397.0,107148.0,82500.0
22001392,56347.0,111328.0,83399.0
22001393,56347.0,112208.0,83399.0
22001394,56347.0,113088.0,83399.0
22001395,56347.0,111328.0,81600.0
22001396,56347.0,112208.0,81600.0
22001397,56347.0,113088.0,81600.0
22001398,56347.0,111328.0,82500.0
22001399,56347.0,113088.0,82500.0
22001400,56347.0,112208.0,82500.0
22001401,52947.0,111128.0,83200.0
22001402,52947.0,112058.0,83200.0
22001403,52947.0,112988.0,83200.0
22001404,52947.0,113918.0,83200.0
22001405,52947.0,111128.0,81533.0
22001406,52947.0,112058.0,81533.0
22001407,52947.0,112988.0,81533.0
22001408,52947.0,113918.0,81533.0
22001409,52947.0,111128.0,82366.0
22001410,52947.0,113918.0,82366.0
22001411,52947.0,112058.0,82366.0
22001412,52947.0,112988.0,82366.0
22001413,53622.0,114848.0,83200.0
22001414,54297.0,114848.0,83200.0
22001415,54300.0,114848.0,83750.0
22001416,54797.0,114848.0,83750.0
22001417,55297.0,114848.0,83750.0
22001418,55794.0,114848.0,83750.0
22001419,55797.0,114848.0,83200.0
22001420,53622.0,114848.0,81533.0
22001421,54297.0,114848.0,81533.0
22001422,55797.0,114848.0,81533.0
22001423,53622.0,114848.0,82366.0
22001424,55797.0,114848.0,82366.0
22001425,54797.0,114848.0,83200.0
22001426,54297.0,114848.0,82366.0
22001427,55297.0,114848.0,83200.0
22001428,56347.0,106673.0,83399.0
22001429,56347.0,106673.0,81600.0
22001430,56347.0,106673.0,82500.0
22001431,56347.0,99381.0,83399.0
22001432,56347.0,100214.0,83399.0
22001433,56347.0,99381.0,81600.0
22001434,56347.0,100214.0,81600.0
22001435,56347.0,99381.0,82500.0
22001436,56347.0,100214.0,82500.0
22001437,63747.0,102064.0,83300.0
22001438,63747.0,103081.0,83300.0
22001439,63747.0,104098.0,83300.0
22001440,63747.0,105114.0,83300.0
22001441,63747.0,106131.0,83300.0
22001442,63747.0,102064.0,81566.0
22001443,63747.0,103081.0,81566.0
22001444,63747.0,104098.0,81566.0
22001445,63747.0,105114.0,81566.0
22001446,63747.0,106131.0,81566.0
22001447,63747.0,102064.0,82433.0
22001448,63747.0,106131.0,82433.0
22001449,63747.0,103081.0,82433.0
22001450,63747.0,104098.0,82433.0
22001451,63747.0,105114.0,82433.0
22001452,63747.0,99381.0,83200.0
22001453,63747.0,100214.0,83200.0
22001454,63747.0,99381.0,81533.0
22001455,63747.0,100214.0,81533.0
22001456,63747.0,99381.0,82366.0
22001457,63747.0,100214.0,82366.0
22001458,54680.0,101048.0,83399.0
22001459,55513.0,101048.0,83399.0
22001460,54680.0,101048.0,81600.0
22001461,55513.0,101048.0,81600.0
22001462,54680.0,101048.0,82500.0
22001463,55513.0,101048.0,82500.0
22001464,60822.0,98548.0,83200.0
22001465,61297.0,98548.0,83200.0
22001466,61300.0,98548.0,83750.0
22001467,61797.0,98548.0,83750.0
22001468,62297.0,98548.0,83750.0
22001469,62794.0,98548.0,83750.0
22001470,62797.0,98548.0,83200.0
22001471,63272.0,98548.0,83200.0
22001472,60822.0,98548.0,81533.0
22001473,61297.0,98548.0,81533.0
22001474,63272.0,98548.0,81533.0
22001475,62797.0,98548.0,81533.0
22001476,60822.0,98548.0,82366.0
22001477,63272.0,98548.0,82366.0
22001478,61797.0,98548.0,83200.0
22001479,61297.0,98548.0,82366.0
22001480,62297.0,98548.0,83200.0
22001481,62797.0,98548.0,82366.0
22001482,61197.0,101048.0,83200.0
22001483,62047.0,101048.0,83200.0
22001484,62897.0,101048.0,83200.0
22001485,61197.0,101048.0,81533.0
22001486,62047.0,101048.0,81533.0
22001487,62897.0,101048.0,81533.0
22001488,61197.0,101048.0,82366.0
22001489,62897.0,101048.0,82366.0
22001490,62047.0,101048.0,82366.0
22001491,111267.0,104698.0,83399.0
22001492,111267.0,105698.0,83399.0
22001493,111267.0,104698.0,81600.0
22001494,111267.0,105698.0,81600.0
22001495,111267.0,104698.0,82500.0
22001496,111267.0,105698.0,82500.0
22001497,108067.0,101048.0,83399.0
22001498,108067.0,101048.0,81600.0
22001499,108067.0,101048.0,82500.0
22001500,98867.0,114848.0,83399.0
22001501,98867.0,114848.0,81600.0
22001502,98867.0,114848.0,82500.0
22001503,108492.0,114848.0,83200.0
22001504,108495.0,114848.0,83750.0
22001505,108992.0,114848.0,83750.0
22001506,109492.0,114848.0,83750.0
22001507,109989.0,114848.0,83750.0
22001508,109992.0,114848.0,83200.0
22001509,108492.0,114848.0,81533.0
22001510,109992.0,114848.0,81533.0
22001511,108492.0,114848.0,82366.0
22001512,109992.0,114848.0,82366.0
22001513,108992.0,114848.0,83200.0
22001514,109492.0,114848.0,83200.0
22001515,107842.0,114848.0,83300.0
22001516,107842.0,114848.0,81566.0
22001517,107842.0,114848.0,82433.0
22001518,107467.0,114248.0,83300.0
22001519,107467.0,114248.0,81566.0
22001520,107467.0,114248.0,82433.0
22001521,111267.0,114248.0,83399.0
22001522,111267.0,114248.0,81600.0
22001523,111267.0,114248.0,82500.0
22001524,110767.0,114848.0,83300.0
22001525,110767.0,114848.0,81566.0
22001526,110767.0,114848.0,82433.0
22001527,110492.0,98548.0,83399.0
22001528,110492.0,98548.0,81600.0
22001529,110492.0,98548.0,82500.0
22001530,99067.0,98548.0,83399.0
22001531,100067.0,98548.0,83399.0
22001532,99067.0,98548.0,81600.0
22001533,100067.0,98548.0,81600.0
22001534,99067.0,98548.0,82500.0
22001535,100067.0,98548.0,82500.0
22001536,105733.0,98548.0,83399.0
22001537,106600.0,98548.0,83399.0
22001538,105733.0,98548.0,81600.0
22001539,106600.0,98548.0,81600.0
22001540,105733.0,98548.0,82500.0
22001541,106600.0,98548.0,82500.0
22001542,101067.0,99070.0,83399.0
22001543,101067.0,99070.0,81600.0
22001544,101067.0,99070.0,82500.0
22001545,104867.0,99070.0,83399.0
22001546,104867.0,99070.0,81600.0
22001547,104867.0,99070.0,82500.0
22001548,107467.0,99381.0,83399.0
22001549,107467.0,100214.0,83399.0
22001550,107467.0,99381.0,81600.0
22001551,107467.0,100214.0,81600.0
22001552,107467.0,99381.0,82500.0
22001553,107467.0,100214.0,82500.0
22001554,109517.0,101048.0,83399.0
22001555,109517.0,101048.0,81600.0
22001556,109517.0,101048.0,82500.0
22001557,110817.0,101048.0,83399.0
22001558,110817.0,101048.0,81600.0
22001559,110817.0,101048.0,82500.0
22001560,111267.0,99381.0,83399.0
22001561,111267.0,100214.0,83399.0
22001562,111267.0,99381.0,81600.0
22001563,111267.0,100214.0,81600.0
22001564,111267.0,99381.0,82500.0
22001565,111267.0,100214.0,82500.0
22001566,111267.0,101931.0,83399.0
22001567,111267.0,102814.0,83399.0
22001568,111267.0,101931.0,81600.0
22001569,111267.0,102814.0,81600.0
22001570,111267.0,101931.0,82500.0
22001571,111267.0,102814.0,82500.0
22001572,99067.0,107148.0,83399.0
22001573,100067.0,107148.0,83399.0
22001574,99067.0,107148.0,81600.0
22001575,100067.0,107148.0,81600.0
22001576,99067.0,107148.0,82500.0
22001577,100067.0,107148.0,82500.0
22001578,101067.0,106723.0,83399.0
22001579,101067.0,106723.0,81600.0
22001580,101067.0,106723.0,82500.0
22001581,104867.0,106723.0,83399.0
22001582,104867.0,106723.0,81600.0
22001583,104867.0,106723.0,82500.0
22001584,105733.0,107139.0,83699.0
22001585,106600.0,107131.0,83699.0
22001586,105733.0,107139.0,81600.0
22001587,106600.0,107131.0,81600.0
22001588,105733.0,107139.0,82500.0
22001589,106600.0,107131.0,82500.0
22001590,110817.0,107148.0,83499.0
22001591,110817.0,107148.0,81600.0
22001592,110817.0,107148.0,82500.0
22001593,104867.0,109345.0,83399.0
22001594,104867.0,109345.0,81600.0
22001595,104867.0,109345.0,82500.0
22001596,105733.0,108798.0,83699.0
22001597,106600.0,108798.0,83699.0
22001598,105733.0,108798.0,81600.0
22001599,106600.0,108798.0,81600.0
22001600,105733.0,108798.0,82500.0
22001601,106600.0,108798.0,82500.0
22001602,107467.0,109345.0,83399.0
22001603,107467.0,109345.0,81600.0
22001604,107467.0,109345.0,82500.0
22001605,98067.0,111448.0,83699.0
22001606,98067.0,112448.0,83699.0
22001607,98067.0,111448.0,81600.0
22001608,98067.0,112448.0,81600.0
22001609,98067.0,111448.0,82500.0
22001610,98067.0,112448.0,82500.0
22001611,100567.0,110448.0,83399.0
22001612,100567.0,110448.0,81600.0
22001613,100567.0,110448.0,82500.0
22001614,100367.0,113448.0,83699.0
22001615,100367.0,113448.0,81600.0
22001616,100367.0,113448.0,82500.0
22001617,101067.0,111448.0,83399.0
22001618,101067.0,112448.0,83399.0
22001619,101067.0,111448.0,81600.0
22001620,101067.0,112448.0,81600.0
22001621,101067.0,111448.0,82500.0
22001622,101067.0,112448.0,82500.0
22001623,98067.0,114148.0,83399.0
22001624,98067.0,114148.0,81600.0
22001625,98067.0,114148.0,82500.0
22001626,111267.0,111060.0,83399.0
22001627,111267.0,111923.0,83399.0
22001628,111267.0,112785.0,83399.0
22001629,111267.0,111060.0,81600.0
22001630,111267.0,111923.0,81600.0
22001631,111267.0,112785.0,81600.0
22001632,111267.0,111060.0,82500.0
22001633,111267.0,112785.0,82500.0
22001634,111267.0,111923.0,82500.0
22001635,100367.0,114848.0,83399.0
22001636,100367.0,114848.0,81600.0
22001637,100367.0,114848.0,82500.0
22001638,105733.0,114848.0,83399.0
22001639,106600.0,114848.0,83399.0
22001640,105733.0,114848.0,81600.0
22001641,106600.0,114848.0,81600.0
22001642,105733.0,114848.0,82500.0
22001643,106600.0,114848.0,82500.0
22001644,107467.0,106710.0,83399.0
22001645,107467.0,106710.0,81600.0
22001646,107467.0,106710.0,82500.0
22001647,98067.0,102481.0,83399.0
22001648,98067.0,103414.0,83399.0
22001649,98067.0,102481.0,81600.0
22001650,98067.0,103414.0,81600.0
22001651,98067.0,102481.0,82500.0
22001652,98067.0,103414.0,82500.0
22001653,98067.0,105281.0,83399.0
22001654,98067.0,106214.0,83399.0
22001655,98067.0,105281.0,81600.0
22001656,98067.0,106214.0,81600.0
22001657,98067.0,105281.0,82500.0
22001658,98067.0,106214.0,82500.0
22001659,104867.0,114248.0,83399.0
22001660,104867.0,114248.0,81600.0
22001661,104867.0,114248.0,82500.0
22001662,98067.0,99381.0,83399.0
22001663,98067.0,100214.0,83399.0
22001664,98067.0,99381.0,81600.0
22001665,98067.0,100214.0,81600.0
22001666,98067.0,99381.0,82500.0
22001667,98067.0,100214.0,82500.0
22001668,61197.0,110448.0,83200.0
22001669,62047.0,110448.0,83200.0
22001670,62897.0,110448.0,83200.0
22001671,61197.0,110448.0,81533.0
22001672,62047.0,110448.0,81533.0
22001673,62897.0,110448.0,81533.0
22001674,61197.0,110448.0,82366.0
22001675,62897.0,110448.0,82366.0
22001676,62047.0,110448.0,82366.0
22001677,24276.0,113839.0,84299.0
22001678,24243.0,112886.0,84299.0
22001679,24231.0,111941.0,84299.0
22001680,24227.0,110977.0,84299.0
22001681,24224.0,110000.0,84299.0
22001682,24222.0,109011.0,84299.0
22001683,24219.0,108072.0,84299.0
22001684,25257.0,113924.0,84299.0
22001685,25204.0,113003.0,84299.0
22001686,25187.0,112064.0,84299.0
22001687,25181.0,111102.0,84299.0
22001688,25177.0,110120.0,84299.0
22001689,25173.0,109127.0,84299.0
22001690,25170.0,108135.0,84299.0
22001691,26173.0,114011.0,84299.0
22001692,26142.0,113153.0,84299.0
22001693,26131.0,112222.0,84299.0
22001694,26127.0,111252.0,84299.0
22001695,26124.0,110256.0,84299.0
22001696,26121.0,109228.0,84299.0
22001697,26119.0,108190.0,84299.0
22001698,27767.0,114148.0,84299.0
22001699,29267.0,114148.0,84299.0
22001700,17833.0,112807.0,84299.0
22001701,17803.0,111978.0,84299.0
22001702,17814.0,109560.0,84299.0
22001703,17803.0,110360.0,84299.0
22001704,17797.0,111175.0,84299.0
22001705,18747.0,110499.0,84299.0
22001706,18711.0,111308.0,84299.0
22001707,18758.0,109644.0,84299.0
22001708,18725.0,111989.0,84299.0
22001709,18796.0,112799.0,84299.0
22001710,19605.0,111720.0,84299.0
22001711,19687.0,110724.0,84299.0
22001712,19711.0,109759.0,84299.0
22001713,19736.0,112715.0,84299.0
22001714,17727.0,107952.0,84299.0
22001715,18522.0,107951.0,84299.0
22001716,19173.0,107945.0,84299.0
22001717,19928.0,107945.0,84299.0
22001718,21533.0,107964.0,84299.0
22001719,22400.0,107968.0,84299.0
22001720,24217.0,106235.0,84299.0
22001721,24217.0,105296.0,84299.0
22001722,25167.0,106224.0,84299.0
22001723,25167.0,105289.0,84299.0
22001724,26117.0,106235.0,84299.0
22001725,26117.0,105296.0,84299.0
22001726,17733.0,100214.0,84299.0
22001727,17704.0,99381.0,84299.0
22001728,18596.0,100214.0,84299.0
22001729,18559.0,99381.0,84299.0
22001730,24217.0,103414.0,84299.0
22001731,24217.0,102481.0,84299.0
22001732,25167.0,103414.0,84299.0
22001733,25167.0,102481.0,84299.0
22001734,26117.0,103414.0,84299.0
22001735,26117.0,102481.0,84299.0
22001736,24235.0,100556.0,84299.0
22001737,24271.0,99559.0,84299.0
22001738,25193.0,100552.0,84299.0
22001739,25253.0,99553.0,84299.0
22001740,26135.0,100556.0,84299.0
22001741,26171.0,99558.0,84299.0
22001742,53835.0,107943.0,84299.0
22001743,54736.0,107923.0,84299.0
22001744,55602.0,107903.0,84299.0
22001745,109538.0,100214.0,84299.0
22001746,109574.0,99381.0,84299.0
22001747,110401.0,100214.0,84299.0
22001748,110429.0,99381.0,84299.0
22001749,98867.0,114148.0,84299.0
22001750,100367.0,114148.0,84299.0
22001751,108372.0,112745.0,84299.0
22001752,108436.0,111814.0,84299.0
22001753,108445.0,109786.0,84299.0
22001754,108536.0,110807.0,84299.0
22001755,109424.0,111113.0,84299.0
22001756,109371.0,111930.0,84299.0
22001757,109425.0,110435.0,84299.0
22001758,109388.0,109627.0,84299.0
22001759,109326.0,112783.0,84299.0
22001760,110341.0,110329.0,84299.0
22001761,110337.0,111124.0,84299.0
22001762,110328.0,109547.0,84299.0
22001763,110293.0,112795.0,84299.0
22001764,110320.0,111948.0,84299.0
22001765,101998.0,100556.0,84299.0
22001766,101962.0,99558.0,84299.0
22001767,102940.0,100552.0,84299.0
22001768,102881.0,99553.0,84299.0
22001769,103898.0,100556.0,84299.0
22001770,103862.0,99559.0,84299.0
22001771,108205.0,107945.0,84299.0
22001772,108960.0,107945.0,84299.0
22001773,109611.0,107951.0,84299.0
22001774,110406.0,107952.0,84299.0
22001775,102017.0,106235.0,84299.0
22001776,102017.0,105296.0,84299.0
22001777,102967.0,106224.0,84299.0
22001778,102967.0,105289.0,84299.0
22001779,103917.0,106235.0,84299.0
22001780,103917.0,105296.0,84299.0
22001781,101960.0,114011.0,84299.0
22001782,101992.0,113153.0,84299.0
22001783,102002.0,112222.0,84299.0
22001784,102007.0,111252.0,84299.0
22001785,102010.0,110256.0,84299.0
22001786,102012.0,109228.0,84299.0
22001787,102014.0,108190.0,84299.0
22001788,102877.0,113924.0,84299.0
22001789,102929.0,113003.0,84299.0
22001790,102946.0,112064.0,84299.0
22001791,102953.0,111102.0,84299.0
22001792,102957.0,110120.0,84299.0
22001793,102960.0,109127.0,84299.0
22001794,102963.0,108135.0,84299.0
22001795,103858.0,113839.0,84299.0
22001796,103890.0,112886.0,84299.0
22001797,103902.0,111941.0,84299.0
22001798,103907.0,110977.0,84299.0
22001799,103910.0,110000.0,84299.0
22001800,103912.0,109011.0,84299.0
22001801,103914.0,108072.0,84299.0
22001802,102017.0,103414.0,84299.0
22001803,102017.0,102481.0,84299.0
22001804,102967.0,103414.0,84299.0
22001805,102967.0,102481.0,84299.0
22001806,103917.0,103414.0,84299.0
22001807,103917.0,102481.0,84299.0
22001808,105733.0,107968.0,84299.0
22001809,106600.0,107964.0,84299.0
23000001,23267.0,114848.0,87900.0
23000002,27067.0,114848.0,87900.0
23000003,20667.0,114848.0,87900.0
23000004,30067.0,114848.0,87900.0
23000005,27067.0,113448.0,87900.0
23000006,27067.0,110448.0,87900.0
23000007,30067.0,113448.0,87900.0
23000008,20667.0,111848.0,87900.0
23000009,20667.0,108798.0,87900.0
23000010,23267.0,111848.0,87900.0
23000011,16867.0,108748.0,87900.0
23000012,23267.0,108798.0,87900.0
23000013,16867.0,107148.0,87900.0
23000014,30067.0,107148.0,87900.0
23000015,23267.0,107148.0,87900.0
23000016,20667.0,107123.0,87900.0
23000017,27067.0,107148.0,87900.0
23000018,16867.0,101048.0,87900.0
23000019,17767.0,107148.0,87900.0
23000020,17767.0,101048.0,87900.0
23000021,20667.0,104348.0,87900.0
23000022,23267.0,104348.0,87900.0
23000023,27067.0,104348.0,87900.0
23000024,20667.0,101548.0,87900.0
23000025,20667.0,101048.0,87900.0
23000026,23267.0,101548.0,87900.0
23000027,27067.0,101548.0,87900.0
23000028,20667.0,98548.0,87900.0
23000029,23267.0,98548.0,87900.0
23000030,27067.0,98548.0,87900.0
23000031,16867.0,110198.0,87900.0
23000032,30067.0,110448.0,87900.0
23000033,23267.0,109893.0,87900.0
23000034,28067.0,110448.0,87900.0
23000035,23267.0,106298.0,87900.0
23000036,27067.0,106298.0,87900.0
23000037,20167.0,107098.0,87900.0
23000038,23267.0,99593.0,87900.0
23000039,27067.0,99593.0,87900.0
23000040,18417.0,98548.0,87900.0
23000041,20667.0,113648.0,87900.0
23000042,16867.0,113648.0,87900.0
23000043,19917.0,113648.0,87900.0
23000044,19917.0,114848.0,87900.0
23000045,17867.0,113648.0,87900.0
23000046,17867.0,114848.0,87900.0
23000047,28467.0,113448.0,87900.0
23000048,28467.0,114848.0,87900.0
23000049,19467.0,98548.0,87900.0
23000050,19467.0,101048.0,87900.0
23000051,17767.0,103698.0,87900.0
23000052,16867.0,103698.0,87900.0
23000053,20667.0,106298.0,87900.0
23000054,23267.0,113648.0,87900.0
23000055,20667.0,109893.0,87900.0
23000056,4867.0,114848.0,87900.0
23000057,4867.0,106698.0,87900.0
23000058,4867.0,98548.0,87900.0
23000059,4867.0,87098.0,87900.0
23000060,4867.0,126298.0,87900.0
23000061,9467.0,126348.0,87900.0
23000062,13067.0,126348.0,87900.0
23000063,124067.0,114848.0,87900.0
23000064,124067.0,106698.0,87900.0
23000065,124067.0,98548.0,87900.0
23000066,124067.0,87098.0,87900.0
23000067,124067.0,126298.0,87900.0
23000068,30067.0,98548.0,87900.0
23000069,30067.0,101048.0,87900.0
23000070,30067.0,104348.0,87900.0
23000071,30067.0,101548.0,87900.0
23000072,13067.0,87048.0,87900.0
23000073,9467.0,87048.0,87900.0
23000074,63747.0,110448.0,87900.0
23000075,60347.0,101048.0,87900.0
23000076,60347.0,107048.0,87900.0
23000077,63747.0,107148.0,87900.0
23000078,52947.0,114848.0,87900.0
23000079,56347.0,108748.0,87900.0
23000080,52947.0,103698.0,87900.0
23000081,53847.0,103698.0,87900.0
23000082,54497.0,98548.0,87900.0
23000083,56347.0,110448.0,87900.0
23000084,52947.0,110198.0,87900.0
23000085,56347.0,113448.0,87900.0
23000086,52947.0,101048.0,87900.0
23000087,53847.0,101048.0,87900.0
23000088,53847.0,107148.0,87900.0
23000089,52947.0,107148.0,87900.0
23000090,56347.0,107048.0,87900.0
23000091,52947.0,108748.0,87900.0
23000092,56347.0,101548.0,87900.0
23000093,55947.0,107048.0,87900.0
23000094,56347.0,106298.0,87900.0
23000095,60347.0,110448.0,87900.0
23000096,56347.0,104348.0,87900.0
23000097,56347.0,101048.0,87900.0
23000098,63747.0,101048.0,87900.0
23000099,52947.0,98548.0,87900.0
23000100,60347.0,104348.0,87900.0
23000101,119800.0,87048.0,87900.0
23000102,115533.0,87048.0,87900.0
23000103,111267.0,103698.0,87900.0
23000104,110367.0,103698.0,87900.0
23000105,108667.0,101048.0,87900.0
23000106,108667.0,98548.0,87900.0
23000107,99667.0,114848.0,87900.0
23000108,99667.0,113448.0,87900.0
23000109,110267.0,114848.0,87900.0
23000110,110267.0,113648.0,87900.0
23000111,108217.0,114848.0,87900.0
23000112,108217.0,113648.0,87900.0
23000113,111267.0,113648.0,87900.0
23000114,107467.0,113648.0,87900.0
23000115,109717.0,98548.0,87900.0
23000116,101067.0,99593.0,87900.0
23000117,104867.0,99593.0,87900.0
23000118,107967.0,107098.0,87900.0
23000119,101067.0,106298.0,87900.0
23000120,104867.0,106298.0,87900.0
23000121,100067.0,110448.0,87900.0
23000122,104867.0,109893.0,87900.0
23000123,98067.0,110448.0,87900.0
23000124,111267.0,110198.0,87900.0
23000125,101067.0,98548.0,87900.0
23000126,104867.0,98548.0,87900.0
23000127,107467.0,98548.0,87900.0
23000128,101067.0,101548.0,87900.0
23000129,104867.0,101548.0,87900.0
23000130,107467.0,101048.0,87900.0
23000131,107467.0,101548.0,87900.0
23000132,101067.0,104348.0,87900.0
23000133,104867.0,104348.0,87900.0
23000134,107467.0,104348.0,87900.0
23000135,110367.0,101048.0,87900.0
23000136,110367.0,107148.0,87900.0
23000137,111267.0,101048.0,87900.0
23000138,101067.0,107148.0,87900.0
23000139,107467.0,107123.0,87900.0
23000140,104867.0,107148.0,87900.0
23000141,98067.0,107148.0,87900.0
23000142,111267.0,107148.0,87900.0
23000143,104867.0,108798.0,87900.0
23000144,111267.0,108748.0,87900.0
23000145,104867.0,111848.0,87900.0
23000146,107467.0,108798.0,87900.0
23000147,107467.0,111848.0,87900.0
23000148,98067.0,113448.0,87900.0
23000149,101067.0,110448.0,87900.0
23000150,101067.0,113448.0,87900.0
23000151,98067.0,114848.0,87900.0
23000152,107467.0,114848.0,87900.0
23000153,101067.0,114848.0,87900.0
23000154,104867.0,114848.0,87900.0
23000155,107467.0,106298.0,87900.0
23000156,98067.0,101548.0,87900.0
23000157,98067.0,104348.0,87900.0
23000158,107467.0,109893.0,87900.0
23000159,104867.0,113648.0,87900.0
23000160,98067.0,101048.0,87900.0
23000161,98067.0,98548.0,87900.0
23000162,63747.0,98548.0,87900.0
23000163,56347.0,98548.0,87900.0
23000164,56347.0,114848.0,87900.0
23000165,63747.0,114848.0,87900.0
23000166,60347.0,114848.0,87900.0
23000167,60347.0,98548.0,87900.0
23000168,30067.0,87098.0,87900.0
23000169,30067.0,126298.0,87900.0
23000170,16867.0,98548.0,87900.0
23000171,16867.0,114848.0,87900.0
23000172,16867.0,106698.0,87900.0
23000173,16867.0,87098.0,87900.0
23000174,16867.0,126298.0,87900.0
23000175,111267.0,126298.0,87900.0
23000176,111267.0,87098.0,87900.0
23000177,98067.0,87098.0,87900.0
23000178,98067.0,126298.0,87900.0
23000179,111267.0,106698.0,87900.0
23000180,111267.0,114848.0,87900.0
23000181,111267.0,98548.0,87900.0
23000182,41507.0,126298.0,87900.0
23000183,41507.0,87098.0,87900.0
23000184,52947.0,87098.0,87900.0
23000185,52947.0,126298.0,87900.0
23000186,75187.0,87098.0,87900.0
23000187,75187.0,126298.0,87900.0
23000188,86627.0,126298.0,87900.0
23000189,86627.0,87098.0,87900.0
23000190,102700.0,87048.0,87900.0
23000191,47227.0,126348.0,87900.0
23000192,47227.0,87048.0,87900.0
23000193,35787.0,126348.0,87900.0
23000194,35787.0,87048.0,87900.0
23000195,25433.0,126348.0,87900.0
23000196,25433.0,114848.0,87900.0
23000197,25433.0,87048.0,87900.0
23000198,25433.0,98548.0,87900.0
23000199,20667.0,87048.0,87900.0
23000200,20667.0,126348.0,87900.0
23000201,102700.0,126348.0,87900.0
23000202,102700.0,114848.0,87900.0
23000203,107467.0,126348.0,87900.0
23000204,107467.0,87048.0,87900.0
23000205,58322.0,87048.0,87900.0
23000206,58322.0,126348.0,87900.0
23000207,58322.0,114848.0,87900.0
23000208,69467.0,126348.0,87900.0
23000209,69467.0,87048.0,87900.0
23000210,80907.0,126348.0,87900.0
23000211,80907.0,87048.0,87900.0
23000212,92347.0,126348.0,87900.0
23000213,92347.0,87048.0,87900.0
23000214,119800.0,126348.0,87900.0
23000215,115533.0,126348.0,87900.0
23000216,30067.0,106698.0,87900.0
23000217,52947.0,106698.0,87900.0
23000218,63747.0,106698.0,87900.0
23000219,58322.0,98548.0,87900.0
23000220,98067.0,106698.0,87900.0
23000221,102700.0,98548.0,87900.0
23000222,47227.0,106698.0,87900.0
23000223,47227.0,98548.0,87900.0
23000224,47227.0,114848.0,87900.0
23000225,35787.0,106698.0,87900.0
23000226,35787.0,98548.0,87900.0
23000227,35787.0,114848.0,87900.0
23000228,69467.0,106698.0,87900.0
23000229,69467.0,98548.0,87900.0
23000230,69467.0,114848.0,87900.0
23000231,80907.0,106698.0,87900.0
23000232,80907.0,98548.0,87900.0
23000233,80907.0,114848.0,87900.0
23000234,92347.0,106698.0,87900.0
23000235,92347.0,98548.0,87900.0
23000236,92347.0,114848.0,87900.0
23000237,119800.0,106698.0,87900.0
23000238,119800.0,98548.0,87900.0
23000239,119800.0,114848.0,87900.0
23000240,115533.0,106698.0,87900.0
23000241,115533.0,98548.0,87900.0
23000242,115533.0,114848.0,87900.0
23000243,86627.0,106698.0,87900.0
23000244,86627.0,98548.0,87900.0
23000245,86627.0,114848.0,87900.0
23000246,75187.0,106698.0,87900.0
23000247,75187.0,98548.0,87900.0
23000248,75187.0,114848.0,87900.0
23000249,41507.0,106698.0,87900.0
23000250,41507.0,98548.0,87900.0
23000251,41507.0,114848.0,87900.0
23000252,13067.0,106698.0,87900.0
23000253,13067.0,98548.0,87900.0
23000254,13067.0,114848.0,87900.0
23000255,9467.0,106698.0,87900.0
23000256,9467.0,98548.0,87900.0
23000257,9467.0,114848.0,87900.0
23000258,63747.0,87098.0,87900.0
23000259,63747.0,126298.0,87900.0
23000260,16867.0,108748.0,87100.0
23000261,16867.0,110198.0,87100.0
23000262,27067.0,113448.0,87300.0
23000263,27067.0,114848.0,87300.0
23000264,20667.0,107123.0,87300.0
23000265,20667.0,108798.0,87300.0
23000266,28067.0,110448.0,87300.0
23000267,30067.0,110448.0,87300.0
23000268,16867.0,107148.0,87100.0
23000269,23267.0,107148.0,87300.0
23000270,23267.0,108798.0,87300.0
23000271,17767.0,107148.0,87200.0
23000272,20167.0,107098.0,87200.0
23000273,18417.0,98548.0,87100.0
23000274,19467.0,98548.0,87100.0
23000275,28467.0,113448.0,87300.0
23000276,30067.0,113448.0,87300.0
23000277,20667.0,98548.0,87100.0
23000278,56347.0,113448.0,87200.0
23000279,56347.0,114848.0,87200.0
23000280,53847.0,107148.0,87200.0
23000281,55947.0,107048.0,87200.0
23000282,54497.0,98548.0,87100.0
23000283,56347.0,98548.0,87100.0
23000284,107467.0,98548.0,87100.0
23000285,108667.0,98548.0,87100.0
23000286,98067.0,113448.0,87300.0
23000287,99667.0,113448.0,87300.0
23000288,107967.0,107098.0,87200.0
23000289,110367.0,107148.0,87200.0
23000290,104867.0,107148.0,87300.0
23000291,104867.0,108798.0,87300.0
23000292,111267.0,107148.0,87100.0
23000293,111267.0,108748.0,87100.0
23000294,107467.0,107123.0,87300.0
23000295,107467.0,108798.0,87300.0
23000296,101067.0,113448.0,87300.0
23000297,101067.0,114848.0,87300.0
23000298,111267.0,110198.0,87100.0
23000299,98067.0,110448.0,87300.0
23000300,100067.0,110448.0,87300.0
23000301,109717.0,98548.0,87100.0
23000302,17367.0,114848.0,87900.0
23000303,21533.0,114848.0,87900.0
23000304,22400.0,114848.0,87900.0
23000305,27767.0,114848.0,87900.0
23000306,16867.0,111060.0,87900.0
23000307,16867.0,111923.0,87900.0
23000308,16867.0,112785.0,87900.0
23000309,16867.0,109110.0,87900.0
23000310,16867.0,109473.0,87900.0
23000311,16867.0,109835.0,87900.0
23000312,27067.0,113798.0,87900.0
23000313,27067.0,114148.0,87900.0
23000314,27067.0,114498.0,87900.0
23000315,30067.0,114148.0,87900.0
23000316,27067.0,111448.0,87900.0
23000317,27067.0,112448.0,87900.0
23000318,27767.0,113448.0,87900.0
23000319,27567.0,110448.0,87900.0
23000320,30067.0,111448.0,87900.0
23000321,30067.0,112448.0,87900.0
23000322,20667.0,109345.0,87900.0
23000323,20667.0,107541.0,87900.0
23000324,20667.0,107960.0,87900.0
23000325,20667.0,108379.0,87900.0
23000326,21533.0,108798.0,87900.0
23000327,22400.0,108798.0,87900.0
23000328,23267.0,109345.0,87900.0
23000329,28567.0,110448.0,87900.0
23000330,29067.0,110448.0,87900.0
23000331,29567.0,110448.0,87900.0
23000332,16867.0,107548.0,87900.0
23000333,16867.0,107948.0,87900.0
23000334,16867.0,108348.0,87900.0
23000335,23267.0,107560.0,87900.0
23000336,23267.0,107973.0,87900.0
23000337,23267.0,108385.0,87900.0
23000338,17317.0,107148.0,87900.0
23000339,21533.0,107131.0,87900.0
23000340,22400.0,107139.0,87900.0
23000341,23267.0,106723.0,87900.0
23000342,27067.0,106723.0,87900.0
23000343,28067.0,107148.0,87900.0
23000344,29067.0,107148.0,87900.0
23000345,16867.0,101931.0,87900.0
23000346,16867.0,102814.0,87900.0
23000347,16867.0,99381.0,87900.0
23000348,16867.0,100214.0,87900.0
23000349,17317.0,101048.0,87900.0
23000350,18167.0,107139.0,87900.0
23000351,18567.0,107131.0,87900.0
23000352,18967.0,107123.0,87900.0
23000353,19367.0,107114.0,87900.0
23000354,19767.0,107106.0,87900.0
23000355,18617.0,101048.0,87900.0
23000356,20667.0,99381.0,87900.0
23000357,20667.0,100214.0,87900.0
23000358,17642.0,98548.0,87900.0
23000359,18942.0,98548.0,87900.0
23000360,21533.0,98548.0,87900.0
23000361,22400.0,98548.0,87900.0
23000362,23267.0,99070.0,87900.0
23000363,27067.0,99070.0,87900.0
23000364,28067.0,98548.0,87900.0
23000365,29067.0,98548.0,87900.0
23000366,16867.0,114248.0,87900.0
23000367,20667.0,114248.0,87900.0
23000368,20292.0,114848.0,87900.0
23000369,18142.0,114848.0,87900.0
23000370,18642.0,114848.0,87900.0
23000371,19142.0,114848.0,87900.0
23000372,19642.0,114848.0,87900.0
23000373,29267.0,114848.0,87900.0
23000374,28867.0,113448.0,87900.0
23000375,29267.0,113448.0,87900.0
23000376,29667.0,113448.0,87900.0
23000377,20067.0,101048.0,87900.0
23000378,20067.0,98548.0,87900.0
23000379,16867.0,104698.0,87900.0
23000380,16867.0,105698.0,87900.0
23000381,20667.0,106710.0,87900.0
23000382,23267.0,114248.0,87900.0
23000383,30067.0,99381.0,87900.0
23000384,30067.0,100214.0,87900.0
23000385,30067.0,105281.0,87900.0
23000386,30067.0,106214.0,87900.0
23000387,30067.0,102481.0,87900.0
23000388,30067.0,103414.0,87900.0
23000389,60347.0,101873.0,87900.0
23000390,60347.0,102698.0,87900.0
23000391,60347.0,103523.0,87900.0
23000392,63747.0,111328.0,87900.0
23000393,63747.0,112208.0,87900.0
23000394,63747.0,113088.0,87900.0
23000395,63747.0,113968.0,87900.0
23000396,61022.0,114848.0,87900.0
23000397,61697.0,114848.0,87900.0
23000398,62197.0,114848.0,87900.0
23000399,62697.0,114848.0,87900.0
23000400,63197.0,114848.0,87900.0
23000401,52947.0,104560.0,87900.0
23000402,52947.0,105423.0,87900.0
23000403,52947.0,106285.0,87900.0
23000404,53722.0,98548.0,87900.0
23000405,52947.0,99381.0,87900.0
23000406,52947.0,100214.0,87900.0
23000407,52947.0,101931.0,87900.0
23000408,52947.0,102814.0,87900.0
23000409,53397.0,101048.0,87900.0
23000410,53397.0,107148.0,87900.0
23000411,56347.0,111328.0,87900.0
23000412,56347.0,112208.0,87900.0
23000413,56347.0,113088.0,87900.0
23000414,56347.0,113798.0,87900.0
23000415,56347.0,114148.0,87900.0
23000416,56347.0,114498.0,87900.0
23000417,52947.0,111128.0,87900.0
23000418,52947.0,112058.0,87900.0
23000419,52947.0,112988.0,87900.0
23000420,52947.0,113918.0,87900.0
23000421,53622.0,114848.0,87900.0
23000422,54297.0,114848.0,87900.0
23000423,54797.0,114848.0,87900.0
23000424,55297.0,114848.0,87900.0
23000425,55797.0,114848.0,87900.0
23000426,54372.0,107123.0,87900.0
23000427,54897.0,107098.0,87900.0
23000428,55422.0,107073.0,87900.0
23000429,56347.0,106673.0,87900.0
23000430,56347.0,99381.0,87900.0
23000431,56347.0,100214.0,87900.0
23000432,54959.0,98548.0,87900.0
23000433,55422.0,98548.0,87900.0
23000434,55884.0,98548.0,87900.0
23000435,63747.0,102064.0,87900.0
23000436,63747.0,103081.0,87900.0
23000437,63747.0,104098.0,87900.0
23000438,63747.0,105114.0,87900.0
23000439,63747.0,106131.0,87900.0
23000440,63747.0,99381.0,87900.0
23000441,63747.0,100214.0,87900.0
23000442,54680.0,101048.0,87900.0
23000443,55513.0,101048.0,87900.0
23000444,60822.0,98548.0,87900.0
23000445,61297.0,98548.0,87900.0
23000446,61797.0,98548.0,87900.0
23000447,62297.0,98548.0,87900.0
23000448,62797.0,98548.0,87900.0
23000449,63272.0,98548.0,87900.0
23000450,61197.0,101048.0,87900.0
23000451,62047.0,101048.0,87900.0
23000452,62897.0,101048.0,87900.0
23000453,111267.0,104698.0,87900.0
23000454,111267.0,105698.0,87900.0
23000455,108067.0,98548.0,87900.0
23000456,108067.0,101048.0,87900.0
23000457,98467.0,113448.0,87900.0
23000458,98867.0,113448.0,87900.0
23000459,99267.0,113448.0,87900.0
23000460,98867.0,114848.0,87900.0
23000461,108492.0,114848.0,87900.0
23000462,108992.0,114848.0,87900.0
23000463,109492.0,114848.0,87900.0
23000464,109992.0,114848.0,87900.0
23000465,107842.0,114848.0,87900.0
23000466,107467.0,114248.0,87900.0
23000467,111267.0,114248.0,87900.0
23000468,110767.0,114848.0,87900.0
23000469,110492.0,98548.0,87900.0
23000470,99067.0,98548.0,87900.0
23000471,100067.0,98548.0,87900.0
23000472,105733.0,98548.0,87900.0
23000473,106600.0,98548.0,87900.0
23000474,101067.0,99070.0,87900.0
23000475,104867.0,99070.0,87900.0
23000476,107467.0,99381.0,87900.0
23000477,107467.0,100214.0,87900.0
23000478,109517.0,101048.0,87900.0
23000479,108367.0,107106.0,87900.0
23000480,108767.0,107114.0,87900.0
23000481,109167.0,107123.0,87900.0
23000482,109567.0,107131.0,87900.0
23000483,109967.0,107139.0,87900.0
23000484,110817.0,101048.0,87900.0
23000485,111267.0,99381.0,87900.0
23000486,111267.0,100214.0,87900.0
23000487,111267.0,101931.0,87900.0
23000488,111267.0,102814.0,87900.0
23000489,99067.0,107148.0,87900.0
23000490,100067.0,107148.0,87900.0
23000491,101067.0,106723.0,87900.0
23000492,104867.0,106723.0,87900.0
23000493,105733.0,107139.0,87900.0
23000494,106600.0,107131.0,87900.0
23000495,110817.0,107148.0,87900.0
23000496,104867.0,107560.0,87900.0
23000497,104867.0,107973.0,87900.0
23000498,104867.0,108385.0,87900.0
23000499,111267.0,107548.0,87900.0
23000500,111267.0,107948.0,87900.0
23000501,111267.0,108348.0,87900.0
23000502,104867.0,109345.0,87900.0
23000503,105733.0,108798.0,87900.0
23000504,106600.0,108798.0,87900.0
23000505,107467.0,107541.0,87900.0
23000506,107467.0,107960.0,87900.0
23000507,107467.0,108379.0,87900.0
23000508,107467.0,109345.0,87900.0
23000509,98067.0,111448.0,87900.0
23000510,98067.0,112448.0,87900.0
23000511,100567.0,110448.0,87900.0
23000512,100367.0,113448.0,87900.0
23000513,101067.0,111448.0,87900.0
23000514,101067.0,112448.0,87900.0
23000515,98067.0,114148.0,87900.0
23000516,101067.0,113798.0,87900.0
23000517,101067.0,114148.0,87900.0
23000518,101067.0,114498.0,87900.0
23000519,111267.0,109110.0,87900.0
23000520,111267.0,109473.0,87900.0
23000521,111267.0,109835.0,87900.0
23000522,111267.0,111060.0,87900.0
23000523,111267.0,111923.0,87900.0
23000524,111267.0,112785.0,87900.0
23000525,100367.0,114848.0,87900.0
23000526,105733.0,114848.0,87900.0
23000527,106600.0,114848.0,87900.0
23000528,107467.0,106710.0,87900.0
23000529,98067.0,102481.0,87900.0
23000530,98067.0,103414.0,87900.0
23000531,98067.0,105281.0,87900.0
23000532,98067.0,106214.0,87900.0
23000533,104867.0,114248.0,87900.0
23000534,98067.0,99381.0,87900.0
23000535,98067.0,100214.0,87900.0
23000536,98567.0,110448.0,87900.0
23000537,99067.0,110448.0,87900.0
23000538,99567.0,110448.0,87900.0
23000539,109192.0,98548.0,87900.0
23000540,61197.0,110448.0,87900.0
23000541,62047.0,110448.0,87900.0
23000542,62897.0,110448.0,87900.0
23000543,16867.0,114848.0,86799.0
23000544,16867.0,114848.0,85966.0
23000545,16867.0,114848.0,85133.0
23000546,17867.0,114848.0,86799.0
23000547,17867.0,114848.0,85966.0
23000548,17867.0,114848.0,85133.0
23000549,20667.0,114848.0,86799.0
23000550,20667.0,114848.0,85966.0
23000551,20667.0,114848.0,85133.0
23000552,23267.0,114848.0,86900.0
23000553,23267.0,114848.0,86033.0
23000554,23267.0,114848.0,85166.0
23000555,28467.0,114848.0,87000.0
23000556,28467.0,114848.0,86100.0
23000557,28467.0,114848.0,85199.0
23000558,27067.0,110448.0,87000.0
23000559,27067.0,110448.0,86100.0
23000560,27067.0,110448.0,85199.0
23000561,20667.0,109893.0,87000.0
23000562,20667.0,109893.0,86100.0
23000563,20667.0,109893.0,85199.0
23000564,16867.0,113648.0,86799.0
23000565,16867.0,113648.0,85966.0
23000566,16867.0,113648.0,85133.0
23000567,23267.0,109893.0,87000.0
23000568,23267.0,109893.0,86100.0
23000569,23267.0,109893.0,85199.0
23000570,16867.0,106698.0,87000.0
23000571,16867.0,106698.0,86100.0
23000572,16867.0,106698.0,85199.0
23000573,23267.0,106298.0,87000.0
23000574,23267.0,106298.0,86100.0
23000575,23267.0,106298.0,85199.0
23000576,27067.0,106298.0,87000.0
23000577,27067.0,106298.0,86100.0
23000578,27067.0,106298.0,85199.0
23000579,27067.0,107148.0,87000.0
23000580,27067.0,107148.0,86100.0
23000581,27067.0,107148.0,85199.0
23000582,16867.0,101048.0,87000.0
23000583,16867.0,101048.0,86100.0
23000584,16867.0,101048.0,85199.0
23000585,16867.0,103698.0,87000.0
23000586,16867.0,103698.0,86100.0
23000587,16867.0,103698.0,85199.0
23000588,16867.0,98548.0,87000.0
23000589,16867.0,98548.0,86100.0
23000590,16867.0,98548.0,85199.0
23000591,17767.0,101048.0,87000.0
23000592,17767.0,101048.0,86100.0
23000593,17767.0,101048.0,85199.0
23000594,19467.0,101048.0,87000.0
23000595,19467.0,101048.0,86100.0
23000596,19467.0,101048.0,85199.0
23000597,20667.0,101048.0,87000.0
23000598,20667.0,101048.0,86100.0
23000599,20667.0,101048.0,85199.0
23000600,23267.0,98548.0,87000.0
23000601,23267.0,98548.0,86100.0
23000602,23267.0,98548.0,85199.0
23000603,23267.0,99593.0,87000.0
23000604,23267.0,99593.0,86100.0
23000605,23267.0,99593.0,85199.0
23000606,27067.0,98548.0,87000.0
23000607,27067.0,98548.0,86100.0
23000608,27067.0,98548.0,85199.0
23000609,27067.0,99593.0,87000.0
23000610,27067.0,99593.0,86100.0
23000611,27067.0,99593.0,85199.0
23000612,30067.0,98548.0,87000.0
23000613,30067.0,98548.0,86100.0
23000614,30067.0,98548.0,85199.0
23000615,19917.0,114848.0,86799.0
23000616,19917.0,114848.0,85966.0
23000617,19917.0,114848.0,85133.0
23000618,30067.0,114848.0,87000.0
23000619,30067.0,114848.0,86100.0
23000620,30067.0,114848.0,85199.0
23000621,20667.0,106298.0,87000.0
23000622,20667.0,106298.0,86100.0
23000623,20667.0,106298.0,85199.0
23000624,20667.0,113648.0,86799.0
23000625,20667.0,113648.0,85966.0
23000626,20667.0,113648.0,85133.0
23000627,23267.0,113648.0,87000.0
23000628,23267.0,113648.0,86100.0
23000629,23267.0,113648.0,85199.0
23000630,20667.0,101548.0,87000.0
23000631,20667.0,101548.0,86100.0
23000632,20667.0,101548.0,85199.0
23000633,30067.0,101048.0,87000.0
23000634,30067.0,101048.0,86100.0
23000635,30067.0,101048.0,85199.0
23000636,30067.0,101548.0,87000.0
23000637,30067.0,101548.0,86100.0
23000638,30067.0,101548.0,85199.0
23000639,30067.0,107148.0,87000.0
23000640,30067.0,107148.0,86100.0
23000641,30067.0,107148.0,85199.0
23000642,30067.0,104348.0,87000.0
23000643,30067.0,104348.0,86100.0
23000644,30067.0,104348.0,85199.0
23000645,30067.0,106698.0,87000.0
23000646,30067.0,106698.0,86100.0
23000647,30067.0,106698.0,85199.0
23000648,60347.0,101048.0,86799.0
23000649,60347.0,101048.0,85966.0
23000650,60347.0,101048.0,85133.0
23000651,60347.0,104348.0,86799.0
23000652,60347.0,104348.0,85966.0
23000653,60347.0,104348.0,85133.0
23000654,63747.0,110448.0,86799.0
23000655,63747.0,110448.0,85966.0
23000656,63747.0,110448.0,85133.0
23000657,63747.0,114848.0,86799.0
23000658,63747.0,114848.0,85966.0
23000659,63747.0,114848.0,85133.0
23000660,60347.0,114848.0,86799.0
23000661,60347.0,114848.0,85966.0
23000662,60347.0,114848.0,85133.0
23000663,52947.0,103698.0,87000.0
23000664,52947.0,103698.0,86100.0
23000665,52947.0,103698.0,85199.0
23000666,52947.0,106698.0,87000.0
23000667,52947.0,106698.0,86100.0
23000668,52947.0,106698.0,85199.0
23000669,52947.0,98548.0,87000.0
23000670,52947.0,98548.0,86100.0
23000671,52947.0,98548.0,85199.0
23000672,52947.0,101048.0,87000.0
23000673,52947.0,101048.0,86100.0
23000674,52947.0,101048.0,85199.0
23000675,53847.0,101048.0,87000.0
23000676,53847.0,101048.0,86100.0
23000677,53847.0,101048.0,85199.0
23000678,52947.0,107148.0,87000.0
23000679,52947.0,107148.0,86100.0
23000680,52947.0,107148.0,85199.0
23000681,56347.0,107048.0,87000.0
23000682,56347.0,107048.0,86100.0
23000683,56347.0,107048.0,85199.0
23000684,56347.0,110448.0,87000.0
23000685,56347.0,110448.0,86100.0
23000686,56347.0,110448.0,85199.0
23000687,52947.0,110198.0,86799.0
23000688,52947.0,110198.0,85966.0
23000689,52947.0,110198.0,85133.0
23000690,52947.0,114848.0,86799.0
23000691,52947.0,114848.0,85966.0
23000692,52947.0,114848.0,85133.0
23000693,56347.0,106298.0,87000.0
23000694,56347.0,106298.0,86100.0
23000695,56347.0,106298.0,85199.0
23000696,56347.0,101048.0,87000.0
23000697,56347.0,101048.0,86100.0
23000698,56347.0,101048.0,85199.0
23000699,56347.0,101548.0,87000.0
23000700,56347.0,101548.0,86100.0
23000701,56347.0,101548.0,85199.0
23000702,63747.0,101048.0,86799.0
23000703,63747.0,101048.0,85966.0
23000704,63747.0,101048.0,85133.0
23000705,63747.0,106698.0,86900.0
23000706,63747.0,106698.0,86033.0
23000707,63747.0,106698.0,85166.0
23000708,63747.0,98548.0,86799.0
23000709,63747.0,98548.0,85966.0
23000710,63747.0,98548.0,85133.0
23000711,60347.0,98548.0,86799.0
23000712,60347.0,98548.0,85966.0
23000713,60347.0,98548.0,85133.0
23000714,111267.0,103698.0,87000.0
23000715,111267.0,103698.0,86100.0
23000716,111267.0,103698.0,85199.0
23000717,111267.0,106698.0,87000.0
23000718,111267.0,106698.0,86100.0
23000719,111267.0,106698.0,85199.0
23000720,107467.0,101048.0,87000.0
23000721,107467.0,101048.0,86100.0
23000722,107467.0,101048.0,85199.0
23000723,108667.0,101048.0,87000.0
23000724,108667.0,101048.0,86100.0
23000725,108667.0,101048.0,85199.0
23000726,98067.0,114848.0,87000.0
23000727,98067.0,114848.0,86100.0
23000728,98067.0,114848.0,85199.0
23000729,99667.0,114848.0,87000.0
23000730,99667.0,114848.0,86100.0
23000731,99667.0,114848.0,85199.0
23000732,108217.0,114848.0,86799.0
23000733,108217.0,114848.0,85966.0
23000734,108217.0,114848.0,85133.0
23000735,110267.0,114848.0,86799.0
23000736,110267.0,114848.0,85966.0
23000737,110267.0,114848.0,85133.0
23000738,107467.0,114848.0,86900.0
23000739,107467.0,114848.0,86033.0
23000740,107467.0,114848.0,85166.0
23000741,107467.0,113648.0,86799.0
23000742,107467.0,113648.0,85966.0
23000743,107467.0,113648.0,85133.0
23000744,111267.0,113648.0,87000.0
23000745,111267.0,113648.0,86100.0
23000746,111267.0,113648.0,85199.0
23000747,111267.0,114848.0,86900.0
23000748,111267.0,114848.0,86033.0
23000749,111267.0,114848.0,85166.0
23000750,111267.0,98548.0,87000.0
23000751,111267.0,98548.0,86100.0
23000752,111267.0,98548.0,85199.0
23000753,98067.0,98548.0,87000.0
23000754,98067.0,98548.0,86100.0
23000755,98067.0,98548.0,85199.0
23000756,101067.0,98548.0,87000.0
23000757,101067.0,98548.0,86100.0
23000758,101067.0,98548.0,85199.0
23000759,104867.0,98548.0,87000.0
23000760,104867.0,98548.0,86100.0
23000761,104867.0,98548.0,85199.0
23000762,101067.0,99593.0,87000.0
23000763,101067.0,99593.0,86100.0
23000764,101067.0,99593.0,85199.0
23000765,104867.0,99593.0,87000.0
23000766,104867.0,99593.0,86100.0
23000767,104867.0,99593.0,85199.0
23000768,107467.0,101548.0,87000.0
23000769,107467.0,101548.0,86100.0
23000770,107467.0,101548.0,85199.0
23000771,110367.0,101048.0,87000.0
23000772,110367.0,101048.0,86100.0
23000773,110367.0,101048.0,85199.0
23000774,111267.0,101048.0,87000.0
23000775,111267.0,101048.0,86100.0
23000776,111267.0,101048.0,85199.0
23000777,98067.0,107148.0,87000.0
23000778,98067.0,107148.0,86100.0
23000779,98067.0,107148.0,85199.0
23000780,101067.0,107148.0,87000.0
23000781,101067.0,107148.0,86100.0
23000782,101067.0,107148.0,85199.0
23000783,101067.0,106298.0,87000.0
23000784,101067.0,106298.0,86100.0
23000785,101067.0,106298.0,85199.0
23000786,104867.0,106298.0,87000.0
23000787,104867.0,106298.0,86100.0
23000788,104867.0,106298.0,85199.0
23000789,104867.0,109893.0,87000.0
23000790,104867.0,109893.0,86100.0
23000791,104867.0,109893.0,85199.0
23000792,107467.0,109893.0,87000.0
23000793,107467.0,109893.0,86100.0
23000794,107467.0,109893.0,85199.0
23000795,101067.0,110448.0,87000.0
23000796,101067.0,110448.0,86100.0
23000797,101067.0,110448.0,85199.0
23000798,104867.0,114848.0,87000.0
23000799,104867.0,114848.0,86100.0
23000800,104867.0,114848.0,85199.0
23000801,107467.0,106298.0,87000.0
23000802,107467.0,106298.0,86100.0
23000803,107467.0,106298.0,85199.0
23000804,98067.0,101548.0,87000.0
23000805,98067.0,101548.0,86100.0
23000806,98067.0,101548.0,85199.0
23000807,98067.0,104348.0,87000.0
23000808,98067.0,104348.0,86100.0
23000809,98067.0,104348.0,85199.0
23000810,98067.0,106698.0,87000.0
23000811,98067.0,106698.0,86100.0
23000812,98067.0,106698.0,85199.0
23000813,104867.0,113648.0,87000.0
23000814,104867.0,113648.0,86100.0
23000815,104867.0,113648.0,85199.0
23000816,98067.0,101048.0,87000.0
23000817,98067.0,101048.0,86100.0
23000818,98067.0,101048.0,85199.0
23000819,63747.0,107148.0,87000.0
23000820,63747.0,107148.0,86100.0
23000821,63747.0,107148.0,85199.0
23000822,60347.0,110448.0,86799.0
23000823,60347.0,110448.0,85966.0
23000824,60347.0,110448.0,85133.0
23000825,16867.0,109110.0,87100.0
23000826,16867.0,109473.0,87100.0
23000827,16867.0,109835.0,87100.0
23000828,27067.0,113798.0,87300.0
23000829,27067.0,114148.0,87300.0
23000830,27067.0,114498.0,87300.0
23000831,20667.0,107541.0,87300.0
23000832,20667.0,107960.0,87300.0
23000833,20667.0,108379.0,87300.0
23000834,28567.0,110448.0,87300.0
23000835,29067.0,110448.0,87300.0
23000836,29567.0,110448.0,87300.0
23000837,16867.0,107548.0,87100.0
23000838,16867.0,107948.0,87100.0
23000839,16867.0,108348.0,87100.0
23000840,23267.0,107560.0,87300.0
23000841,23267.0,107973.0,87300.0
23000842,23267.0,108385.0,87300.0
23000843,18167.0,107139.0,87200.0
23000844,18567.0,107131.0,87200.0
23000845,18967.0,107123.0,87200.0
23000846,19367.0,107114.0,87200.0
23000847,19767.0,107106.0,87200.0
23000848,18942.0,98548.0,87100.0
23000849,28867.0,113448.0,87300.0
23000850,29267.0,113448.0,87300.0
23000851,29667.0,113448.0,87300.0
23000852,20067.0,98548.0,87100.0
23000853,56347.0,113798.0,87200.0
23000854,56347.0,114148.0,87200.0
23000855,56347.0,114498.0,87200.0
23000856,54372.0,107123.0,87200.0
23000857,54897.0,107098.0,87200.0
23000858,55422.0,107073.0,87200.0
23000859,54959.0,98548.0,87100.0
23000860,55422.0,98548.0,87100.0
23000861,55884.0,98548.0,87100.0
23000862,108067.0,98548.0,87100.0
23000863,98467.0,113448.0,87300.0
23000864,98867.0,113448.0,87300.0
23000865,99267.0,113448.0,87300.0
23000866,108367.0,107106.0,87200.0
23000867,108767.0,107114.0,87200.0
23000868,109167.0,107123.0,87200.0
23000869,109567.0,107131.0,87200.0
23000870,109967.0,107139.0,87200.0
23000871,104867.0,107560.0,87300.0
23000872,104867.0,107973.0,87300.0
23000873,104867.0,108385.0,87300.0
23000874,111267.0,107548.0,87100.0
23000875,111267.0,107948.0,87100.0
23000876,111267.0,108348.0,87100.0
23000877,107467.0,107541.0,87300.0
23000878,107467.0,107960.0,87300.0
23000879,107467.0,108379.0,87300.0
23000880,101067.0,113798.0,87300.0
23000881,101067.0,114148.0,87300.0
23000882,101067.0,114498.0,87300.0
23000883,111267.0,109110.0,87100.0
23000884,111267.0,109473.0,87100.0
23000885,111267.0,109835.0,87100.0
23000886,98567.0,110448.0,87300.0
23000887,99067.0,110448.0,87300.0
23000888,99567.0,110448.0,87300.0
23000889,109192.0,98548.0,87100.0
23000890,27067.0,114848.0,86100.0
23000891,27067.0,114848.0,85199.0
23000892,27067.0,113448.0,86100.0
23000893,27067.0,113448.0,85199.0
23000894,28467.0,113448.0,86100.0
23000895,28467.0,113448.0,85199.0
23000896,20667.0,108798.0,86100.0
23000897,20667.0,108798.0,85199.0
23000898,16867.0,110198.0,85966.0
23000899,16867.0,110198.0,85133.0
23000900,28067.0,110448.0,86100.0
23000901,28067.0,110448.0,85199.0
23000902,23267.0,108798.0,86100.0
23000903,23267.0,108798.0,85199.0
23000904,16867.0,107148.0,86100.0
23000905,16867.0,107148.0,85199.0
23000906,20167.0,107098.0,86100.0
23000907,20167.0,107098.0,85199.0
23000908,20667.0,107123.0,86100.0
23000909,20667.0,107123.0,85199.0
23000910,23267.0,107148.0,86100.0
23000911,23267.0,107148.0,85199.0
23000912,20667.0,98548.0,86100.0
23000913,20667.0,98548.0,85199.0
23000914,18417.0,98548.0,86100.0
23000915,18417.0,98548.0,85199.0
23000916,17767.0,107148.0,86100.0
23000917,17767.0,107148.0,85199.0
23000918,30067.0,113448.0,86100.0
23000919,30067.0,113448.0,85199.0
23000920,30067.0,110448.0,86100.0
23000921,30067.0,110448.0,85199.0
23000922,54497.0,98548.0,86100.0
23000923,54497.0,98548.0,85199.0
23000924,53847.0,107148.0,86100.0
23000925,53847.0,107148.0,85199.0
23000926,55947.0,107048.0,86100.0
23000927,55947.0,107048.0,85199.0
23000928,56347.0,113448.0,86100.0
23000929,56347.0,113448.0,85199.0
23000930,56347.0,114848.0,85966.0
23000931,56347.0,114848.0,85133.0
23000932,56347.0,98548.0,86100.0
23000933,56347.0,98548.0,85199.0
23000934,109717.0,98548.0,86100.0
23000935,109717.0,98548.0,85199.0
23000936,107467.0,98548.0,86100.0
23000937,107467.0,98548.0,85199.0
23000938,107467.0,107123.0,86100.0
23000939,107467.0,107123.0,85199.0
23000940,107967.0,107098.0,86100.0
23000941,107967.0,107098.0,85199.0
23000942,104867.0,107148.0,86100.0
23000943,104867.0,107148.0,85199.0
23000944,110367.0,107148.0,86100.0
23000945,110367.0,107148.0,85199.0
23000946,111267.0,107148.0,86100.0
23000947,111267.0,107148.0,85199.0
23000948,104867.0,108798.0,86100.0
23000949,104867.0,108798.0,85199.0
23000950,107467.0,108798.0,86100.0
23000951,107467.0,108798.0,85199.0
23000952,98067.0,110448.0,86100.0
23000953,98067.0,110448.0,85199.0
23000954,98067.0,113448.0,86100.0
23000955,98067.0,113448.0,85199.0
23000956,100067.0,110448.0,86100.0
23000957,100067.0,110448.0,85199.0
23000958,99667.0,113448.0,86100.0
23000959,99667.0,113448.0,85199.0
23000960,101067.0,113448.0,86100.0
23000961,101067.0,113448.0,85199.0
23000962,111267.0,110198.0,86100.0
23000963,111267.0,110198.0,85199.0
23000964,101067.0,114848.0,86100.0
23000965,101067.0,114848.0,85199.0
23000966,24217.0,107148.0,87900.0
23000967,25167.0,107148.0,87900.0
23000968,26117.0,107148.0,87900.0
23000969,27067.0,108248.0,87900.0
23000970,27067.0,109348.0,87900.0
23000971,26250.0,114848.0,87900.0
23000972,24350.0,114848.0,87900.0
23000973,23267.0,112748.0,87900.0
23000974,23267.0,110870.0,87900.0
23000975,28467.0,114148.0,87900.0
23000976,17817.0,108760.0,87900.0
23000977,18767.0,108773.0,87900.0
23000978,19717.0,108785.0,87900.0
23000979,20667.0,110870.0,87900.0
23000980,20667.0,112748.0,87900.0
23000981,18892.0,113648.0,87900.0
23000982,24217.0,104348.0,87900.0
23000983,25167.0,104348.0,87900.0
23000984,26117.0,104348.0,87900.0
23000985,27067.0,105323.0,87900.0
23000986,23267.0,105323.0,87900.0
23000987,19467.0,99381.0,87900.0
23000988,19467.0,100214.0,87900.0
23000989,24217.0,101548.0,87900.0
23000990,25167.0,101548.0,87900.0
23000991,26117.0,101548.0,87900.0
23000992,27067.0,102481.0,87900.0
23000993,27067.0,103414.0,87900.0
23000994,23267.0,102481.0,87900.0
23000995,23267.0,103414.0,87900.0
23000996,24350.0,98548.0,87900.0
23000997,26250.0,98548.0,87900.0
23000998,27067.0,100570.0,87900.0
23000999,23267.0,100570.0,87900.0
23001000,56347.0,107898.0,87900.0
23001001,53797.0,108748.0,87900.0
23001002,54647.0,108748.0,87900.0
23001003,55497.0,108748.0,87900.0
23001004,52947.0,107948.0,87900.0
23001005,108667.0,99381.0,87900.0
23001006,108667.0,100214.0,87900.0
23001007,99667.0,114148.0,87900.0
23001008,109242.0,113648.0,87900.0
23001009,108417.0,108785.0,87900.0
23001010,109367.0,108773.0,87900.0
23001011,110317.0,108760.0,87900.0
23001012,107467.0,112748.0,87900.0
23001013,107467.0,110870.0,87900.0
23001014,101883.0,98548.0,87900.0
23001015,103783.0,98548.0,87900.0
23001016,104867.0,100570.0,87900.0
23001017,102017.0,101548.0,87900.0
23001018,102967.0,101548.0,87900.0
23001019,103917.0,101548.0,87900.0
23001020,101067.0,100570.0,87900.0
23001021,102017.0,104348.0,87900.0
23001022,102967.0,104348.0,87900.0
23001023,103917.0,104348.0,87900.0
23001024,104867.0,105323.0,87900.0
23001025,102017.0,107148.0,87900.0
23001026,102967.0,107148.0,87900.0
23001027,103917.0,107148.0,87900.0
23001028,101067.0,105323.0,87900.0
23001029,104867.0,110870.0,87900.0
23001030,104867.0,112748.0,87900.0
23001031,103783.0,114848.0,87900.0
23001032,101883.0,114848.0,87900.0
23001033,101067.0,108248.0,87900.0
23001034,101067.0,109348.0,87900.0
23001035,104867.0,102481.0,87900.0
23001036,104867.0,103414.0,87900.0
23001037,101067.0,102481.0,87900.0
23001038,101067.0,103414.0,87900.0
23001041,64265.0,106677.0,87899.0
23001042,108667.0,98548.0,87500.0
23001043,109192.0,98548.0,87500.0
23001044,109717.0,98548.0,87500.0
23001045,98067.0,110448.0,87600.0
23001046,98567.0,110448.0,87600.0
23001047,99067.0,110448.0,87600.0
23001048,99567.0,110448.0,87600.0
23001049,100067.0,110448.0,87600.0
23001050,111267.0,108748.0,87500.0
23001051,111267.0,109110.0,87500.0
23001052,111267.0,109473.0,87500.0
23001053,111267.0,109835.0,87500.0
23001054,111267.0,110198.0,87500.0
23001055,101067.0,113448.0,87600.0
23001056,101067.0,113798.0,87600.0
23001057,101067.0,114148.0,87600.0
23001058,101067.0,114498.0,87600.0
23001059,101067.0,114848.0,87600.0
23001060,107467.0,107123.0,87600.0
23001061,107467.0,107541.0,87600.0
23001062,107467.0,107960.0,87600.0
23001063,107467.0,108379.0,87600.0
23001064,107467.0,108798.0,87600.0
23001065,111267.0,107148.0,87500.0
23001066,111267.0,107548.0,87500.0
23001067,111267.0,107948.0,87500.0
23001068,111267.0,108348.0,87500.0
23001069,104867.0,107148.0,87600.0
23001070,104867.0,107560.0,87600.0
23001071,104867.0,107973.0,87600.0
23001072,104867.0,108385.0,87600.0
23001073,104867.0,108798.0,87600.0
23001074,107967.0,107098.0,87550.0
23001075,108367.0,107106.0,87550.0
23001076,108767.0,107114.0,87550.0
23001077,109167.0,107123.0,87550.0
23001078,109567.0,107131.0,87550.0
23001079,109967.0,107139.0,87550.0
23001080,110367.0,107148.0,87550.0
23001081,98067.0,113448.0,87600.0
23001082,98467.0,113448.0,87600.0
23001083,98867.0,113448.0,87600.0
23001084,99267.0,113448.0,87600.0
23001085,99667.0,113448.0,87600.0
23001086,107467.0,98548.0,87500.0
23001087,108067.0,98548.0,87500.0
23001088,54497.0,98548.0,87500.0
23001089,54959.0,98548.0,87500.0
23001090,55422.0,98548.0,87500.0
23001091,55884.0,98548.0,87500.0
23001092,56347.0,98548.0,87500.0
23001093,53847.0,107148.0,87550.0
23001094,54372.0,107123.0,87550.0
23001095,54897.0,107098.0,87550.0
23001096,55422.0,107073.0,87550.0
23001097,55947.0,107048.0,87550.0
23001098,56347.0,113448.0,87550.0
23001099,56347.0,113798.0,87550.0
23001100,56347.0,114148.0,87550.0
23001101,56347.0,114498.0,87550.0
23001102,56347.0,114848.0,87550.0
23001103,19467.0,98548.0,87500.0
23001104,20067.0,98548.0,87500.0
23001105,20667.0,98548.0,87500.0
23001106,28467.0,113448.0,87600.0
23001107,28867.0,113448.0,87600.0
23001108,29267.0,113448.0,87600.0
23001109,29667.0,113448.0,87600.0
23001110,30067.0,113448.0,87600.0
23001111,18417.0,98548.0,87500.0
23001112,18942.0,98548.0,87500.0
23001113,17767.0,107148.0,87550.0
23001114,18167.0,107139.0,87550.0
23001115,18567.0,107131.0,87550.0
23001116,18967.0,107123.0,87550.0
23001117,19367.0,107114.0,87550.0
23001118,19767.0,107106.0,87550.0
23001119,20167.0,107098.0,87550.0
23001120,23267.0,107148.0,87600.0
23001121,23267.0,107560.0,87600.0
23001122,23267.0,107973.0,87600.0
23001123,23267.0,108385.0,87600.0
23001124,23267.0,108798.0,87600.0
23001125,16867.0,107148.0,87500.0
23001126,16867.0,107548.0,87500.0
23001127,16867.0,107948.0,87500.0
23001128,16867.0,108348.0,87500.0
23001129,16867.0,108748.0,87500.0
23001130,28067.0,110448.0,87600.0
23001131,28567.0,110448.0,87600.0
23001132,29067.0,110448.0,87600.0
23001133,29567.0,110448.0,87600.0
23001134,30067.0,110448.0,87600.0
23001135,20667.0,107123.0,87600.0
23001136,20667.0,107541.0,87600.0
23001137,20667.0,107960.0,87600.0
23001138,20667.0,108379.0,87600.0
23001139,20667.0,108798.0,87600.0
23001140,27067.0,113448.0,87600.0
23001141,27067.0,113798.0,87600.0
23001142,27067.0,114148.0,87600.0
23001143,27067.0,114498.0,87600.0
23001144,27067.0,114848.0,87600.0
23001145,16867.0,109110.0,87500.0
23001146,16867.0,109473.0,87500.0
23001147,16867.0,109835.0,87500.0
23001148,16867.0,110198.0,87500.0
23001149,17367.0,114848.0,86799.0
23001150,17367.0,114848.0,85133.0
23001151,17367.0,114848.0,85966.0
23001152,21533.0,114848.0,86900.0
23001153,22400.0,114848.0,86900.0
23001154,21533.0,114848.0,85166.0
23001155,22400.0,114848.0,85166.0
23001156,21533.0,114848.0,86033.0
23001157,22400.0,114848.0,86033.0
23001158,27767.0,114848.0,87000.0
23001159,27767.0,114848.0,85199.0
23001160,27767.0,114848.0,86100.0
23001161,16867.0,111060.0,87100.0
23001162,16867.0,111923.0,87100.0
23001163,16867.0,112785.0,87100.0
23001164,16867.0,111060.0,85133.0
23001165,16867.0,111923.0,85133.0
23001166,16867.0,112785.0,85133.0
23001167,16867.0,111060.0,85966.0
23001168,16867.0,112785.0,85966.0
23001169,16867.0,111923.0,85966.0
23001170,30067.0,114148.0,87000.0
23001171,30067.0,114148.0,85199.0
23001172,30067.0,114148.0,86100.0
23001173,27067.0,111448.0,87000.0
23001174,27067.0,112448.0,87000.0
23001175,27067.0,111448.0,85199.0
23001176,27067.0,112448.0,85199.0
23001177,27067.0,111448.0,86100.0
23001178,27067.0,112448.0,86100.0
23001179,27767.0,113448.0,87300.0
23001180,27767.0,113448.0,85199.0
23001181,27767.0,113448.0,86100.0
23001182,27567.0,110448.0,87000.0
23001183,27567.0,110448.0,85199.0
23001184,27567.0,110448.0,86100.0
23001185,30067.0,111448.0,87300.0
23001186,30067.0,112448.0,87300.0
23001187,30067.0,111448.0,85199.0
23001188,30067.0,112448.0,85199.0
23001189,30067.0,111448.0,86100.0
23001190,30067.0,112448.0,86100.0
23001191,20667.0,109345.0,87000.0
23001192,20667.0,109345.0,85199.0
23001193,20667.0,109345.0,86100.0
23001194,21533.0,108798.0,87300.0
23001195,22400.0,108798.0,87300.0
23001196,21533.0,108798.0,85199.0
23001197,22400.0,108798.0,85199.0
23001198,21533.0,108798.0,86100.0
23001199,22400.0,108798.0,86100.0
23001200,23267.0,109345.0,87000.0
23001201,23267.0,109345.0,85199.0
23001202,23267.0,109345.0,86100.0
23001203,17317.0,107148.0,87100.0
23001204,17317.0,107148.0,85199.0
23001205,17317.0,107148.0,86100.0
23001206,21533.0,107131.0,87300.0
23001207,22400.0,107139.0,87300.0
23001208,21533.0,107131.0,85199.0
23001209,22400.0,107139.0,85199.0
23001210,21533.0,107131.0,86100.0
23001211,22400.0,107139.0,86100.0
23001212,23267.0,106723.0,87000.0
23001213,23267.0,106723.0,85199.0
23001214,23267.0,106723.0,86100.0
23001215,27067.0,106723.0,87000.0
23001216,27067.0,106723.0,85199.0
23001217,27067.0,106723.0,86100.0
23001218,28067.0,107148.0,87000.0
23001219,29067.0,107148.0,87000.0
23001220,28067.0,107148.0,85199.0
23001221,29067.0,107148.0,85199.0
23001222,28067.0,107148.0,86100.0
23001223,29067.0,107148.0,86100.0
23001224,16867.0,101931.0,87000.0
23001225,16867.0,102814.0,87000.0
23001226,16867.0,101931.0,85199.0
23001227,16867.0,102814.0,85199.0
23001228,16867.0,101931.0,86100.0
23001229,16867.0,102814.0,86100.0
23001230,16867.0,99381.0,87000.0
23001231,16867.0,100214.0,87000.0
23001232,16867.0,99381.0,85199.0
23001233,16867.0,100214.0,85199.0
23001234,16867.0,99381.0,86100.0
23001235,16867.0,100214.0,86100.0
23001236,17317.0,101048.0,87000.0
23001237,17317.0,101048.0,85199.0
23001238,17317.0,101048.0,86100.0
23001239,18617.0,101048.0,87000.0
23001240,18617.0,101048.0,85199.0
23001241,18617.0,101048.0,86100.0
23001242,20667.0,99381.0,87000.0
23001243,20667.0,100214.0,87000.0
23001244,20667.0,99381.0,85199.0
23001245,20667.0,100214.0,85199.0
23001246,20667.0,99381.0,86100.0
23001247,20667.0,100214.0,86100.0
23001248,17642.0,98548.0,87000.0
23001249,17642.0,98548.0,85199.0
23001250,17642.0,98548.0,86100.0
23001251,21533.0,98548.0,87000.0
23001252,22400.0,98548.0,87000.0
23001253,21533.0,98548.0,85199.0
23001254,22400.0,98548.0,85199.0
23001255,21533.0,98548.0,86100.0
23001256,22400.0,98548.0,86100.0
23001257,23267.0,99070.0,87000.0
23001258,23267.0,99070.0,85199.0
23001259,23267.0,99070.0,86100.0
23001260,27067.0,99070.0,87000.0
23001261,27067.0,99070.0,85199.0
23001262,27067.0,99070.0,86100.0
23001263,28067.0,98548.0,87000.0
23001264,29067.0,98548.0,87000.0
23001265,28067.0,98548.0,85199.0
23001266,29067.0,98548.0,85199.0
23001267,28067.0,98548.0,86100.0
23001268,29067.0,98548.0,86100.0
23001269,16867.0,114248.0,86799.0
23001270,16867.0,114248.0,85133.0
23001271,16867.0,114248.0,85966.0
23001272,20667.0,114248.0,86799.0
23001273,20667.0,114248.0,85133.0
23001274,20667.0,114248.0,85966.0
23001275,20292.0,114848.0,86799.0
23001276,20292.0,114848.0,85133.0
23001277,20292.0,114848.0,85966.0
23001278,18142.0,114848.0,86799.0
23001279,18145.0,114848.0,87350.0
23001280,18642.0,114848.0,87350.0
23001281,19142.0,114848.0,87350.0
23001282,19639.0,114848.0,87350.0
23001283,19642.0,114848.0,86799.0
23001284,18142.0,114848.0,85133.0
23001285,19642.0,114848.0,85133.0
23001286,18142.0,114848.0,85966.0
23001287,19642.0,114848.0,85966.0
23001288,18642.0,114848.0,86799.0
23001289,19142.0,114848.0,86799.0
23001290,29267.0,114848.0,87000.0
23001291,29267.0,114848.0,85199.0
23001292,29267.0,114848.0,86100.0
23001293,20067.0,101048.0,87000.0
23001294,20067.0,101048.0,85199.0
23001295,20067.0,101048.0,86100.0
23001296,16867.0,104698.0,87000.0
23001297,16867.0,105698.0,87000.0
23001298,16867.0,104698.0,85199.0
23001299,16867.0,105698.0,85199.0
23001300,16867.0,104698.0,86100.0
23001301,16867.0,105698.0,86100.0
23001302,20667.0,106710.0,87000.0
23001303,20667.0,106710.0,85199.0
23001304,20667.0,106710.0,86100.0
23001305,23267.0,114248.0,87000.0
23001306,23267.0,114248.0,85199.0
23001307,23267.0,114248.0,86100.0
23001308,30067.0,99381.0,87000.0
23001309,30067.0,100214.0,87000.0
23001310,30067.0,99381.0,85199.0
23001311,30067.0,100214.0,85199.0
23001312,30067.0,99381.0,86100.0
23001313,30067.0,100214.0,86100.0
23001314,30067.0,105281.0,87000.0
23001315,30067.0,106214.0,87000.0
23001316,30067.0,105281.0,85199.0
23001317,30067.0,106214.0,85199.0
23001318,30067.0,105281.0,86100.0
23001319,30067.0,106214.0,86100.0
23001320,30067.0,102481.0,87000.0
23001321,30067.0,103414.0,87000.0
23001322,30067.0,102481.0,85199.0
23001323,30067.0,103414.0,85199.0
23001324,30067.0,102481.0,86100.0
23001325,30067.0,103414.0,86100.0
23001326,60347.0,101873.0,86799.0
23001327,60347.0,102698.0,86799.0
23001328,60347.0,103523.0,86799.0
23001329,60347.0,101873.0,85133.0
23001330,60347.0,102698.0,85133.0
23001331,60347.0,103523.0,85133.0
23001332,60347.0,101873.0,85966.0
23001333,60347.0,103523.0,85966.0
23001334,60347.0,102698.0,85966.0
23001335,63747.0,111328.0,86799.0
23001336,63747.0,112208.0,86799.0
23001337,63747.0,113088.0,86799.0
23001338,63747.0,113968.0,86799.0
23001339,63747.0,111328.0,85133.0
23001340,63747.0,112208.0,85133.0
23001341,63747.0,113088.0,85133.0
23001342,63747.0,113968.0,85133.0
23001343,63747.0,111328.0,85966.0
23001344,63747.0,113968.0,85966.0
23001345,63747.0,112208.0,85966.0
23001346,63747.0,113088.0,85966.0
23001347,61022.0,114848.0,86799.0
23001348,61697.0,114848.0,86799.0
23001349,61700.0,114848.0,87350.0
23001350,62197.0,114848.0,87350.0
23001351,62697.0,114848.0,87350.0
23001352,63194.0,114848.0,87350.0
23001353,63197.0,114848.0,86799.0
23001354,61022.0,114848.0,85133.0
23001355,61697.0,114848.0,85133.0
23001356,63197.0,114848.0,85133.0
23001357,61022.0,114848.0,85966.0
23001358,63197.0,114848.0,85966.0
23001359,62197.0,114848.0,86799.0
23001360,61697.0,114848.0,85966.0
23001361,62697.0,114848.0,86799.0
23001362,52947.0,104560.0,87000.0
23001363,52947.0,105423.0,87000.0
23001364,52947.0,106285.0,87000.0
23001365,52947.0,104560.0,85199.0
23001366,52947.0,105423.0,85199.0
23001367,52947.0,106285.0,85199.0
23001368,52947.0,104560.0,86100.0
23001369,52947.0,106285.0,86100.0
23001370,52947.0,105423.0,86100.0
23001371,53722.0,98548.0,87000.0
23001372,53722.0,98548.0,85199.0
23001373,53722.0,98548.0,86100.0
23001374,52947.0,99381.0,87000.0
23001375,52947.0,100214.0,87000.0
23001376,52947.0,99381.0,85199.0
23001377,52947.0,100214.0,85199.0
23001378,52947.0,99381.0,86100.0
23001379,52947.0,100214.0,86100.0
23001380,52947.0,101931.0,87000.0
23001381,52947.0,102814.0,87000.0
23001382,52947.0,101931.0,85199.0
23001383,52947.0,102814.0,85199.0
23001384,52947.0,101931.0,86100.0
23001385,52947.0,102814.0,86100.0
23001386,53397.0,101048.0,87000.0
23001387,53397.0,101048.0,85199.0
23001388,53397.0,101048.0,86100.0
23001389,53397.0,107148.0,87000.0
23001390,53397.0,107148.0,85199.0
23001391,53397.0,107148.0,86100.0
23001392,56347.0,111328.0,87000.0
23001393,56347.0,112208.0,87000.0
23001394,56347.0,113088.0,87000.0
23001395,56347.0,111328.0,85199.0
23001396,56347.0,112208.0,85199.0
23001397,56347.0,113088.0,85199.0
23001398,56347.0,111328.0,86100.0
23001399,56347.0,113088.0,86100.0
23001400,56347.0,112208.0,86100.0
23001401,52947.0,111128.0,86799.0
23001402,52947.0,112058.0,86799.0
23001403,52947.0,112988.0,86799.0
23001404,52947.0,113918.0,86799.0
23001405,52947.0,111128.0,85133.0
23001406,52947.0,112058.0,85133.0
23001407,52947.0,112988.0,85133.0
23001408,52947.0,113918.0,85133.0
23001409,52947.0,111128.0,85966.0
23001410,52947.0,113918.0,85966.0
23001411,52947.0,112058.0,85966.0
23001412,52947.0,112988.0,85966.0
23001413,53622.0,114848.0,86799.0
23001414,54297.0,114848.0,86799.0
23001415,54300.0,114848.0,87350.0
23001416,54797.0,114848.0,87350.0
23001417,55297.0,114848.0,87350.0
23001418,55794.0,114848.0,87350.0
23001419,55797.0,114848.0,86799.0
23001420,53622.0,114848.0,85133.0
23001421,54297.0,114848.0,85133.0
23001422,55797.0,114848.0,85133.0
23001423,53622.0,114848.0,85966.0
23001424,55797.0,114848.0,85966.0
23001425,54797.0,114848.0,86799.0
23001426,54297.0,114848.0,85966.0
23001427,55297.0,114848.0,86799.0
23001428,56347.0,106673.0,87000.0
23001429,56347.0,106673.0,85199.0
23001430,56347.0,106673.0,86100.0
23001431,56347.0,99381.0,87000.0
23001432,56347.0,100214.0,87000.0
23001433,56347.0,99381.0,85199.0
23001434,56347.0,100214.0,85199.0
23001435,56347.0,99381.0,86100.0
23001436,56347.0,100214.0,86100.0
23001437,63747.0,102064.0,86900.0
23001438,63747.0,103081.0,86900.0
23001439,63747.0,104098.0,86900.0
23001440,63747.0,105114.0,86900.0
23001441,63747.0,106131.0,86900.0
23001442,63747.0,102064.0,85166.0
23001443,63747.0,103081.0,85166.0
23001444,63747.0,104098.0,85166.0
23001445,63747.0,105114.0,85166.0
23001446,63747.0,106131.0,85166.0
23001447,63747.0,102064.0,86033.0
23001448,63747.0,106131.0,86033.0
23001449,63747.0,103081.0,86033.0
23001450,63747.0,104098.0,86033.0
23001451,63747.0,105114.0,86033.0
23001452,63747.0,99381.0,86799.0
23001453,63747.0,100214.0,86799.0
23001454,63747.0,99381.0,85133.0
23001455,63747.0,100214.0,85133.0
23001456,63747.0,99381.0,85966.0
23001457,63747.0,100214.0,85966.0
23001458,54680.0,101048.0,87000.0
23001459,55513.0,101048.0,87000.0
23001460,54680.0,101048.0,85199.0
23001461,55513.0,101048.0,85199.0
23001462,54680.0,101048.0,86100.0
23001463,55513.0,101048.0,86100.0
23001464,60822.0,98548.0,86799.0
23001465,61297.0,98548.0,86799.0
23001466,61300.0,98548.0,87350.0
23001467,61797.0,98548.0,87350.0
23001468,62297.0,98548.0,87350.0
23001469,62794.0,98548.0,87350.0
23001470,62797.0,98548.0,86799.0
23001471,63272.0,98548.0,86799.0
23001472,60822.0,98548.0,85133.0
23001473,61297.0,98548.0,85133.0
23001474,63272.0,98548.0,85133.0
23001475,62797.0,98548.0,85133.0
23001476,60822.0,98548.0,85966.0
23001477,63272.0,98548.0,85966.0
23001478,61797.0,98548.0,86799.0
23001479,61297.0,98548.0,85966.0
23001480,62297.0,98548.0,86799.0
23001481,62797.0,98548.0,85966.0
23001482,61197.0,101048.0,86799.0
23001483,62047.0,101048.0,86799.0
23001484,62897.0,101048.0,86799.0
23001485,61197.0,101048.0,85133.0
23001486,62047.0,101048.0,85133.0
23001487,62897.0,101048.0,85133.0
23001488,61197.0,101048.0,85966.0
23001489,62897.0,101048.0,85966.0
23001490,62047.0,101048.0,85966.0
23001491,111267.0,104698.0,87000.0
23001492,111267.0,105698.0,87000.0
23001493,111267.0,104698.0,85199.0
23001494,111267.0,105698.0,85199.0
23001495,111267.0,104698.0,86100.0
23001496,111267.0,105698.0,86100.0
23001497,108067.0,101048.0,87000.0
23001498,108067.0,101048.0,85199.0
23001499,108067.0,101048.0,86100.0
23001500,98867.0,114848.0,87000.0
23001501,98867.0,114848.0,85199.0
23001502,98867.0,114848.0,86100.0
23001503,108492.0,114848.0,86799.0
23001504,108495.0,114848.0,87350.0
23001505,108992.0,114848.0,87350.0
23001506,109492.0,114848.0,87350.0
23001507,109989.0,114848.0,87350.0
23001508,109992.0,114848.0,86799.0
23001509,108492.0,114848.0,85133.0
23001510,109992.0,114848.0,85133.0
23001511,108492.0,114848.0,85966.0
23001512,109992.0,114848.0,85966.0
23001513,108992.0,114848.0,86799.0
23001514,109492.0,114848.0,86799.0
23001515,107842.0,114848.0,86900.0
23001516,107842.0,114848.0,85166.0
23001517,107842.0,114848.0,86033.0
23001518,107467.0,114248.0,86900.0
23001519,107467.0,114248.0,85166.0
23001520,107467.0,114248.0,86033.0
23001521,111267.0,114248.0,87000.0
23001522,111267.0,114248.0,85199.0
23001523,111267.0,114248.0,86100.0
23001524,110767.0,114848.0,86900.0
23001525,110767.0,114848.0,85166.0
23001526,110767.0,114848.0,86033.0
23001527,110492.0,98548.0,87000.0
23001528,110492.0,98548.0,85199.0
23001529,110492.0,98548.0,86100.0
23001530,99067.0,98548.0,87000.0
23001531,100067.0,98548.0,87000.0
23001532,99067.0,98548.0,85199.0
23001533,100067.0,98548.0,85199.0
23001534,99067.0,98548.0,86100.0
23001535,100067.0,98548.0,86100.0
23001536,105733.0,98548.0,87000.0
23001537,106600.0,98548.0,87000.0
23001538,105733.0,98548.0,85199.0
23001539,106600.0,98548.0,85199.0
23001540,105733.0,98548.0,86100.0
23001541,106600.0,98548.0,86100.0
23001542,101067.0,99070.0,87000.0
23001543,101067.0,99070.0,85199.0
23001544,101067.0,99070.0,86100.0
23001545,104867.0,99070.0,87000.0
23001546,104867.0,99070.0,85199.0
23001547,104867.0,99070.0,86100.0
23001548,107467.0,99381.0,87000.0
23001549,107467.0,100214.0,87000.0
23001550,107467.0,99381.0,85199.0
23001551,107467.0,100214.0,85199.0
23001552,107467.0,99381.0,86100.0
23001553,107467.0,100214.0,86100.0
23001554,109517.0,101048.0,87000.0
23001555,109517.0,101048.0,85199.0
23001556,109517.0,101048.0,86100.0
23001557,110817.0,101048.0,87000.0
23001558,110817.0,101048.0,85199.0
23001559,110817.0,101048.0,86100.0
23001560,111267.0,99381.0,87000.0
23001561,111267.0,100214.0,87000.0
23001562,111267.0,99381.0,85199.0
23001563,111267.0,100214.0,85199.0
23001564,111267.0,99381.0,86100.0
23001565,111267.0,100214.0,86100.0
23001566,111267.0,101931.0,87000.0
23001567,111267.0,102814.0,87000.0
23001568,111267.0,101931.0,85199.0
23001569,111267.0,102814.0,85199.0
23001570,111267.0,101931.0,86100.0
23001571,111267.0,102814.0,86100.0
23001572,99067.0,107148.0,87000.0
23001573,100067.0,107148.0,87000.0
23001574,99067.0,107148.0,85199.0
23001575,100067.0,107148.0,85199.0
23001576,99067.0,107148.0,86100.0
23001577,100067.0,107148.0,86100.0
23001578,101067.0,106723.0,87000.0
23001579,101067.0,106723.0,85199.0
23001580,101067.0,106723.0,86100.0
23001581,104867.0,106723.0,87000.0
23001582,104867.0,106723.0,85199.0
23001583,104867.0,106723.0,86100.0
23001584,105733.0,107139.0,87300.0
23001585,106600.0,107131.0,87300.0
23001586,105733.0,107139.0,85199.0
23001587,106600.0,107131.0,85199.0
23001588,105733.0,107139.0,86100.0
23001589,106600.0,107131.0,86100.0
23001590,110817.0,107148.0,87100.0
23001591,110817.0,107148.0,85199.0
23001592,110817.0,107148.0,86100.0
23001593,104867.0,109345.0,87000.0
23001594,104867.0,109345.0,85199.0
23001595,104867.0,109345.0,86100.0
23001596,105733.0,108798.0,87300.0
23001597,106600.0,108798.0,87300.0
23001598,105733.0,108798.0,85199.0
23001599,106600.0,108798.0,85199.0
23001600,105733.0,108798.0,86100.0
23001601,106600.0,108798.0,86100.0
23001602,107467.0,109345.0,87000.0
23001603,107467.0,109345.0,85199.0
23001604,107467.0,109345.0,86100.0
23001605,98067.0,111448.0,87300.0
23001606,98067.0,112448.0,87300.0
23001607,98067.0,111448.0,85199.0
23001608,98067.0,112448.0,85199.0
23001609,98067.0,111448.0,86100.0
23001610,98067.0,112448.0,86100.0
23001611,100567.0,110448.0,87000.0
23001612,100567.0,110448.0,85199.0
23001613,100567.0,110448.0,86100.0
23001614,100367.0,113448.0,87300.0
23001615,100367.0,113448.0,85199.0
23001616,100367.0,113448.0,86100.0
23001617,101067.0,111448.0,87000.0
23001618,101067.0,112448.0,87000.0
23001619,101067.0,111448.0,85199.0
23001620,101067.0,112448.0,85199.0
23001621,101067.0,111448.0,86100.0
23001622,101067.0,112448.0,86100.0
23001623,98067.0,114148.0,87000.0
23001624,98067.0,114148.0,85199.0
23001625,98067.0,114148.0,86100.0
23001626,111267.0,111060.0,87000.0
23001627,111267.0,111923.0,87000.0
23001628,111267.0,112785.0,87000.0
23001629,111267.0,111060.0,85199.0
23001630,111267.0,111923.0,85199.0
23001631,111267.0,112785.0,85199.0
23001632,111267.0,111060.0,86100.0
23001633,111267.0,112785.0,86100.0
23001634,111267.0,111923.0,86100.0
23001635,100367.0,114848.0,87000.0
23001636,100367.0,114848.0,85199.0
23001637,100367.0,114848.0,86100.0
23001638,105733.0,114848.0,87000.0
23001639,106600.0,114848.0,87000.0
23001640,105733.0,114848.0,85199.0
23001641,106600.0,114848.0,85199.0
23001642,105733.0,114848.0,86100.0
23001643,106600.0,114848.0,86100.0
23001644,107467.0,106710.0,87000.0
23001645,107467.0,106710.0,85199.0
23001646,107467.0,106710.0,86100.0
23001647,98067.0,102481.0,87000.0
23001648,98067.0,103414.0,87000.0
23001649,98067.0,102481.0,85199.0
23001650,98067.0,103414.0,85199.0
23001651,98067.0,102481.0,86100.0
23001652,98067.0,103414.0,86100.0
23001653,98067.0,105281.0,87000.0
23001654,98067.0,106214.0,87000.0
23001655,98067.0,105281.0,85199.0
23001656,98067.0,106214.0,85199.0
23001657,98067.0,105281.0,86100.0
23001658,98067.0,106214.0,86100.0
23001659,104867.0,114248.0,87000.0
23001660,104867.0,114248.0,85199.0
23001661,104867.0,114248.0,86100.0
23001662,98067.0,99381.0,87000.0
23001663,98067.0,100214.0,87000.0
23001664,98067.0,99381.0,85199.0
23001665,98067.0,100214.0,85199.0
23001666,98067.0,99381.0,86100.0
23001667,98067.0,100214.0,86100.0
23001668,61197.0,110448.0,86799.0
23001669,62047.0,110448.0,86799.0
23001670,62897.0,110448.0,86799.0
23001671,61197.0,110448.0,85133.0
23001672,62047.0,110448.0,85133.0
23001673,62897.0,110448.0,85133.0
23001674,61197.0,110448.0,85966.0
23001675,62897.0,110448.0,85966.0
23001676,62047.0,110448.0,85966.0
23001677,24276.0,113839.0,87900.0
23001678,24243.0,112886.0,87900.0
23001679,24231.0,111941.0,87900.0
23001680,24227.0,110977.0,87900.0
23001681,24224.0,110000.0,87900.0
23001682,24222.0,109011.0,87900.0
23001683,24219.0,108072.0,87900.0
23001684,25257.0,113924.0,87900.0
23001685,25204.0,113003.0,87900.0
23001686,25187.0,112064.0,87900.0
23001687,25181.0,111102.0,87900.0
23001688,25177.0,110120.0,87900.0
23001689,25173.0,109127.0,87900.0
23001690,25170.0,108135.0,87900.0
23001691,26173.0,114011.0,87900.0
23001692,26142.0,113153.0,87900.0
23001693,26131.0,112222.0,87900.0
23001694,26127.0,111252.0,87900.0
23001695,26124.0,110256.0,87900.0
23001696,26121.0,109228.0,87900.0
23001697,26119.0,108190.0,87900.0
23001698,27767.0,114148.0,87900.0
23001699,29267.0,114148.0,87900.0
23001700,17833.0,112807.0,87900.0
23001701,17803.0,111978.0,87900.0
23001702,17814.0,109560.0,87900.0
23001703,17803.0,110360.0,87900.0
23001704,17797.0,111175.0,87900.0
23001705,18747.0,110499.0,87900.0
23001706,18711.0,111308.0,87900.0
23001707,18758.0,109644.0,87900.0
23001708,18725.0,111989.0,87900.0
23001709,18796.0,112799.0,87900.0
23001710,19605.0,111720.0,87900.0
23001711,19687.0,110724.0,87900.0
23001712,19711.0,109759.0,87900.0
23001713,19736.0,112715.0,87900.0
23001714,17727.0,107952.0,87900.0
23001715,18522.0,107951.0,87900.0
23001716,19173.0,107945.0,87900.0
23001717,19928.0,107945.0,87900.0
23001718,21533.0,107964.0,87900.0
23001719,22400.0,107968.0,87900.0
23001720,24217.0,106235.0,87900.0
23001721,24217.0,105296.0,87900.0
23001722,25167.0,106224.0,87900.0
23001723,25167.0,105289.0,87900.0
23001724,26117.0,106235.0,87900.0
23001725,26117.0,105296.0,87900.0
23001726,17733.0,100214.0,87900.0
23001727,17704.0,99381.0,87900.0
23001728,18596.0,100214.0,87900.0
23001729,18559.0,99381.0,87900.0
23001730,24217.0,103414.0,87900.0
23001731,24217.0,102481.0,87900.0
23001732,25167.0,103414.0,87900.0
23001733,25167.0,102481.0,87900.0
23001734,26117.0,103414.0,87900.0
23001735,26117.0,102481.0,87900.0
23001736,24235.0,100556.0,87900.0
23001737,24271.0,99559.0,87900.0
23001738,25193.0,100552.0,87900.0
23001739,25253.0,99553.0,87900.0
23001740,26135.0,100556.0,87900.0
23001741,26171.0,99558.0,87900.0
23001742,53835.0,107943.0,87900.0
23001743,54736.0,107923.0,87900.0
23001744,55602.0,107903.0,87900.0
23001745,109538.0,100214.0,87900.0
23001746,109574.0,99381.0,87900.0
23001747,110401.0,100214.0,87900.0
23001748,110429.0,99381.0,87900.0
23001749,98867.0,114148.0,87900.0
23001750,100367.0,114148.0,87900.0
23001751,108372.0,112745.0,87900.0
23001752,108436.0,111814.0,87900.0
23001753,108445.0,109786.0,87900.0
23001754,108536.0,110807.0,87900.0
23001755,109424.0,111113.0,87900.0
23001756,109371.0,111930.0,87900.0
23001757,109425.0,110435.0,87900.0
23001758,109388.0,109627.0,87900.0
23001759,109326.0,112783.0,87900.0
23001760,110341.0,110329.0,87900.0
23001761,110337.0,111124.0,87900.0
23001762,110328.0,109547.0,87900.0
23001763,110293.0,112795.0,87900.0
23001764,110320.0,111948.0,87900.0
23001765,101998.0,100556.0,87900.0
23001766,101962.0,99558.0,87900.0
23001767,102940.0,100552.0,87900.0
23001768,102881.0,99553.0,87900.0
23001769,103898.0,100556.0,87900.0
23001770,103862.0,99559.0,87900.0
23001771,108205.0,107945.0,87900.0
23001772,108960.0,107945.0,87900.0
23001773,109611.0,107951.0,87900.0
23001774,110406.0,107952.0,87900.0
23001775,102017.0,106235.0,87900.0
23001776,102017.0,105296.0,87900.0
23001777,102967.0,106224.0,87900.0
23001778,102967.0,105289.0,87900.0
23001779,103917.0,106235.0,87900.0
23001780,103917.0,105296.0,87900.0
23001781,101960.0,114011.0,87900.0
23001782,101992.0,113153.0,87900.0
23001783,102002.0,112222.0,87900.0
23001784,102007.0,111252.0,87900.0
23001785,102010.0,110256.0,87900.0
23001786,102012.0,109228.0,87900.0
23001787,102014.0,108190.0,87900.0
23001788,102877.0,113924.0,87900.0
23001789,102929.0,113003.0,87900.0
23001790,102946.0,112064.0,87900.0
23001791,102953.0,111102.0,87900.0
23001792,102957.0,110120.0,87900.0
23001793,102960.0,109127.0,87900.0
23001794,102963.0,108135.0,87900.0
23001795,103858.0,113839.0,87900.0
23001796,103890.0,112886.0,87900.0
23001797,103902.0,111941.0,87900.0
23001798,103907.0,110977.0,87900.0
23001799,103910.0,110000.0,87900.0
23001800,103912.0,109011.0,87900.0
23001801,103914.0,108072.0,87900.0
23001802,102017.0,103414.0,87900.0
23001803,102017.0,102481.0,87900.0
23001804,102967.0,103414.0,87900.0
23001805,102967.0,102481.0,87900.0
23001806,103917.0,103414.0,87900.0
23001807,103917.0,102481.0,87900.0
23001808,105733.0,107968.0,87900.0
23001809,106600.0,107964.0,87900.0
24000001,23267.0,114848.0,91500.0
24000002,27067.0,114848.0,91500.0
24000003,20667.0,114848.0,91500.0
24000004,30067.0,114848.0,91500.0
24000005,27067.0,113448.0,91500.0
24000006,27067.0,110448.0,91500.0
24000007,30067.0,113448.0,91500.0
24000008,20667.0,111848.0,91500.0
24000009,20667.0,108798.0,91500.0
24000010,23267.0,111848.0,91500.0
24000011,16867.0,108748.0,91500.0
24000012,23267.0,108798.0,91500.0
24000013,16867.0,107148.0,91500.0
24000014,30067.0,107148.0,91500.0
24000015,23267.0,107148.0,91500.0
24000016,20667.0,107123.0,91500.0
24000017,27067.0,107148.0,91500.0
24000018,16867.0,101048.0,91500.0
24000019,17767.0,107148.0,91500.0
24000020,17767.0,101048.0,91500.0
24000021,20667.0,104348.0,91500.0
24000022,23267.0,104348.0,91500.0
24000023,27067.0,104348.0,91500.0
24000024,20667.0,101548.0,91500.0
24000025,20667.0,101048.0,91500.0
24000026,23267.0,101548.0,91500.0
24000027,27067.0,101548.0,91500.0
24000028,20667.0,98548.0,91500.0
24000029,23267.0,98548.0,91500.0
24000030,27067.0,98548.0,91500.0
24000031,16867.0,110198.0,91500.0
24000032,30067.0,110448.0,91500.0
24000033,23267.0,109893.0,91500.0
24000034,28067.0,110448.0,91500.0
24000035,23267.0,106298.0,91500.0
24000036,27067.0,106298.0,91500.0
24000037,20167.0,107098.0,91500.0
24000038,23267.0,99593.0,91500.0
24000039,27067.0,99593.0,91500.0
24000040,18417.0,98548.0,91500.0
24000041,20667.0,113648.0,91500.0
24000042,16867.0,113648.0,91500.0
24000043,19917.0,113648.0,91500.0
24000044,19917.0,114848.0,91500.0
24000045,17867.0,113648.0,91500.0
24000046,17867.0,114848.0,91500.0
24000047,28467.0,113448.0,91500.0
24000048,28467.0,114848.0,91500.0
24000049,19467.0,98548.0,91500.0
24000050,19467.0,101048.0,91500.0
24000051,17767.0,103698.0,91500.0
24000052,16867.0,103698.0,91500.0
24000053,20667.0,106298.0,91500.0
24000054,23267.0,113648.0,91500.0
24000055,20667.0,109893.0,91500.0
24000056,4867.0,114848.0,91500.0
24000057,4867.0,106698.0,91500.0
24000058,4867.0,98548.0,91500.0
24000059,4867.0,87098.0,91500.0
24000060,4867.0,126298.0,91500.0
24000061,9467.0,126348.0,91500.0
24000062,13067.0,126348.0,91500.0
24000063,124067.0,114848.0,91500.0
24000064,124067.0,106698.0,91500.0
24000065,124067.0,98548.0,91500.0
24000066,124067.0,87098.0,91500.0
24000067,124067.0,126298.0,91500.0
24000068,30067.0,98548.0,91500.0
24000069,30067.0,101048.0,91500.0
24000070,30067.0,104348.0,91500.0
24000071,30067.0,101548.0,91500.0
24000072,13067.0,87048.0,91500.0
24000073,9467.0,87048.0,91500.0
24000074,63747.0,110448.0,91500.0
24000075,60347.0,101048.0,91500.0
24000076,60347.0,107048.0,91500.0
24000077,63747.0,107148.0,91500.0
24000078,52947.0,114848.0,91500.0
24000079,56347.0,108748.0,91500.0
24000080,52947.0,103698.0,91500.0
24000081,53847.0,103698.0,91500.0
24000082,54497.0,98548.0,91500.0
24000083,56347.0,110448.0,91500.0
24000084,52947.0,110198.0,91500.0
24000085,56347.0,113448.0,91500.0
24000086,52947.0,101048.0,91500.0
24000087,53847.0,101048.0,91500.0
24000088,53847.0,107148.0,91500.0
24000089,52947.0,107148.0,91500.0
24000090,56347.0,107048.0,91500.0
24000091,52947.0,108748.0,91500.0
24000092,56347.0,101548.0,91500.0
24000093,55947.0,107048.0,91500.0
24000094,56347.0,106298.0,91500.0
24000095,60347.0,110448.0,91500.0
24000096,56347.0,104348.0,91500.0
24000097,56347.0,101048.0,91500.0
24000098,63747.0,101048.0,91500.0
24000099,52947.0,98548.0,91500.0
24000100,60347.0,104348.0,91500.0
24000101,119800.0,87048.0,91500.0
24000102,115533.0,87048.0,91500.0
24000103,111267.0,103698.0,91500.0
24000104,110367.0,103698.0,91500.0
24000105,108667.0,101048.0,91500.0
24000106,108667.0,98548.0,91500.0
24000107,99667.0,114848.0,91500.0
24000108,99667.0,113448.0,91500.0
24000109,110267.0,114848.0,91500.0
24000110,110267.0,113648.0,91500.0
24000111,108217.0,114848.0,91500.0
24000112,108217.0,113648.0,91500.0
24000113,111267.0,113648.0,91500.0
24000114,107467.0,113648.0,91500.0
24000115,109717.0,98548.0,91500.0
24000116,101067.0,99593.0,91500.0
24000117,104867.0,99593.0,91500.0
24000118,107967.0,107098.0,91500.0
24000119,101067.0,106298.0,91500.0
24000120,104867.0,106298.0,91500.0
24000121,100067.0,110448.0,91500.0
24000122,104867.0,109893.0,91500.0
24000123,98067.0,110448.0,91500.0
24000124,111267.0,110198.0,91500.0
24000125,101067.0,98548.0,91500.0
24000126,104867.0,98548.0,91500.0
24000127,107467.0,98548.0,91500.0
24000128,101067.0,101548.0,91500.0
24000129,104867.0,101548.0,91500.0
24000130,107467.0,101048.0,91500.0
24000131,107467.0,101548.0,91500.0
24000132,101067.0,104348.0,91500.0
24000133,104867.0,104348.0,91500.0
24000134,107467.0,104348.0,91500.0
24000135,110367.0,101048.0,91500.0
24000136,110367.0,107148.0,91500.0
24000137,111267.0,101048.0,91500.0
24000138,101067.0,107148.0,91500.0
24000139,107467.0,107123.0,91500.0
24000140,104867.0,107148.0,91500.0
24000141,98067.0,107148.0,91500.0
24000142,111267.0,107148.0,91500.0
24000143,104867.0,108798.0,91500.0
24000144,111267.0,108748.0,91500.0
24000145,104867.0,111848.0,91500.0
24000146,107467.0,108798.0,91500.0
24000147,107467.0,111848.0,91500.0
24000148,98067.0,113448.0,91500.0
24000149,101067.0,110448.0,91500.0
24000150,101067.0,113448.0,91500.0
24000151,98067.0,114848.0,91500.0
24000152,107467.0,114848.0,91500.0
24000153,101067.0,114848.0,91500.0
24000154,104867.0,114848.0,91500.0
24000155,107467.0,106298.0,91500.0
24000156,98067.0,101548.0,91500.0
24000157,98067.0,104348.0,91500.0
24000158,107467.0,109893.0,91500.0
24000159,104867.0,113648.0,91500.0
24000160,98067.0,101048.0,91500.0
24000161,98067.0,98548.0,91500.0
24000162,63747.0,98548.0,91500.0
24000163,56347.0,98548.0,91500.0
24000164,56347.0,114848.0,91500.0
24000165,63747.0,114848.0,91500.0
24000166,60347.0,114848.0,91500.0
24000167,60347.0,98548.0,91500.0
24000168,30067.0,87098.0,91500.0
24000169,30067.0,126298.0,91500.0
24000170,16867.0,98548.0,91500.0
24000171,16867.0,114848.0,91500.0
24000172,16867.0,106698.0,91500.0
24000173,16867.0,87098.0,91500.0
24000174,16867.0,126298.0,91500.0
24000175,111267.0,126298.0,91500.0
24000176,111267.0,87098.0,91500.0
24000177,98067.0,87098.0,91500.0
24000178,98067.0,126298.0,91500.0
24000179,111267.0,106698.0,91500.0
24000180,111267.0,114848.0,91500.0
24000181,111267.0,98548.0,91500.0
24000182,41507.0,126298.0,91500.0
24000183,41507.0,87098.0,91500.0
24000184,52947.0,87098.0,91500.0
24000185,52947.0,126298.0,91500.0
24000186,75187.0,87098.0,91500.0
24000187,75187.0,126298.0,91500.0
24000188,86627.0,126298.0,91500.0
24000189,86627.0,87098.0,91500.0
24000190,102700.0,87048.0,91500.0
24000191,47227.0,126348.0,91500.0
24000192,47227.0,87048.0,91500.0
24000193,35787.0,126348.0,91500.0
24000194,35787.0,87048.0,91500.0
24000195,25433.0,126348.0,91500.0
24000196,25433.0,114848.0,91500.0
24000197,25433.0,87048.0,91500.0
24000198,25433.0,98548.0,91500.0
24000199,20667.0,87048.0,91500.0
24000200,20667.0,126348.0,91500.0
24000201,102700.0,126348.0,91500.0
24000202,102700.0,114848.0,91500.0
24000203,107467.0,126348.0,91500.0
24000204,107467.0,87048.0,91500.0
24000205,58322.0,87048.0,91500.0
24000206,58322.0,126348.0,91500.0
24000207,58322.0,114848.0,91500.0
24000208,69467.0,126348.0,91500.0
24000209,69467.0,87048.0,91500.0
24000210,80907.0,126348.0,91500.0
24000211,80907.0,87048.0,91500.0
24000212,92347.0,126348.0,91500.0
24000213,92347.0,87048.0,91500.0
24000214,119800.0,126348.0,91500.0
24000215,115533.0,126348.0,91500.0
24000216,30067.0,106698.0,91500.0
24000217,52947.0,106698.0,91500.0
24000218,63747.0,106698.0,91500.0
24000219,58322.0,98548.0,91500.0
24000220,98067.0,106698.0,91500.0
24000221,102700.0,98548.0,91500.0
24000222,47227.0,106698.0,91500.0
24000223,47227.0,98548.0,91500.0
24000224,47227.0,114848.0,91500.0
24000225,35787.0,106698.0,91500.0
24000226,35787.0,98548.0,91500.0
24000227,35787.0,114848.0,91500.0
24000228,69467.0,106698.0,91500.0
24000229,69467.0,98548.0,91500.0
24000230,69467.0,114848.0,91500.0
24000231,80907.0,106698.0,91500.0
24000232,80907.0,98548.0,91500.0
24000233,80907.0,114848.0,91500.0
24000234,92347.0,106698.0,91500.0
24000235,92347.0,98548.0,91500.0
24000236,92347.0,114848.0,91500.0
24000237,119800.0,106698.0,91500.0
24000238,119800.0,98548.0,91500.0
24000239,119800.0,114848.0,91500.0
24000240,115533.0,106698.0,91500.0
24000241,115533.0,98548.0,91500.0
24000242,115533.0,114848.0,91500.0
24000243,86627.0,106698.0,91500.0
24000244,86627.0,98548.0,91500.0
24000245,86627.0,114848.0,91500.0
24000246,75187.0,106698.0,91500.0
24000247,75187.0,98548.0,91500.0
24000248,75187.0,114848.0,91500.0
24000249,41507.0,106698.0,91500.0
24000250,41507.0,98548.0,91500.0
24000251,41507.0,114848.0,91500.0
24000252,13067.0,106698.0,91500.0
24000253,13067.0,98548.0,91500.0
24000254,13067.0,114848.0,91500.0
24000255,9467.0,106698.0,91500.0
24000256,9467.0,98548.0,91500.0
24000257,9467.0,114848.0,91500.0
24000258,63747.0,87098.0,91500.0
24000259,63747.0,126298.0,91500.0
24000260,16867.0,108748.0,90700.0
24000261,16867.0,110198.0,90700.0
24000262,27067.0,113448.0,90900.0
24000263,27067.0,114848.0,90900.0
24000264,20667.0,107123.0,90900.0
24000265,20667.0,108798.0,90900.0
24000266,28067.0,110448.0,90900.0
24000267,30067.0,110448.0,90900.0
24000268,16867.0,107148.0,90700.0
24000269,23267.0,107148.0,90900.0
24000270,23267.0,108798.0,90900.0
24000271,17767.0,107148.0,90800.0
24000272,20167.0,107098.0,90800.0
24000273,18417.0,98548.0,90700.0
24000274,19467.0,98548.0,90700.0
24000275,28467.0,113448.0,90900.0
24000276,30067.0,113448.0,90900.0
24000277,20667.0,98548.0,90700.0
24000278,56347.0,113448.0,90800.0
24000279,56347.0,114848.0,90800.0
24000280,53847.0,107148.0,90800.0
24000281,55947.0,107048.0,90800.0
24000282,54497.0,98548.0,90700.0
24000283,56347.0,98548.0,90700.0
24000284,107467.0,98548.0,90700.0
24000285,108667.0,98548.0,90700.0
24000286,98067.0,113448.0,90900.0
24000287,99667.0,113448.0,90900.0
24000288,107967.0,107098.0,90800.0
24000289,110367.0,107148.0,90800.0
24000290,104867.0,107148.0,90900.0
24000291,104867.0,108798.0,90900.0
24000292,111267.0,107148.0,90700.0
24000293,111267.0,108748.0,90700.0
24000294,107467.0,107123.0,90900.0
24000295,107467.0,108798.0,90900.0
24000296,101067.0,113448.0,90900.0
24000297,101067.0,114848.0,90900.0
24000298,111267.0,110198.0,90700.0
24000299,98067.0,110448.0,90900.0
24000300,100067.0,110448.0,90900.0
24000301,109717.0,98548.0,90700.0
24000302,17367.0,114848.0,91500.0
24000303,21533.0,114848.0,91500.0
24000304,22400.0,114848.0,91500.0
24000305,27767.0,114848.0,91500.0
24000306,16867.0,111060.0,91500.0
24000307,16867.0,111923.0,91500.0
24000308,16867.0,112785.0,91500.0
24000309,16867.0,109110.0,91500.0
24000310,16867.0,109473.0,91500.0
24000311,16867.0,109835.0,91500.0
24000312,27067.0,113798.0,91500.0
24000313,27067.0,114148.0,91500.0
24000314,27067.0,114498.0,91500.0
24000315,30067.0,114148.0,91500.0
24000316,27067.0,111448.0,91500.0
24000317,27067.0,112448.0,91500.0
24000318,27767.0,113448.0,91500.0
24000319,27567.0,110448.0,91500.0
24000320,30067.0,111448.0,91500.0
24000321,30067.0,112448.0,91500.0
24000322,20667.0,109345.0,91500.0
24000323,20667.0,107541.0,91500.0
24000324,20667.0,107960.0,91500.0
24000325,20667.0,108379.0,91500.0
24000326,21533.0,108798.0,91500.0
24000327,22400.0,108798.0,91500.0
24000328,23267.0,109345.0,91500.0
24000329,28567.0,110448.0,91500.0
24000330,29067.0,110448.0,91500.0
24000331,29567.0,110448.0,91500.0
24000332,16867.0,107548.0,91500.0
24000333,16867.0,107948.0,91500.0
24000334,16867.0,108348.0,91500.0
24000335,23267.0,107560.0,91500.0
24000336,23267.0,107973.0,91500.0
24000337,23267.0,108385.0,91500.0
24000338,17317.0,107148.0,91500.0
24000339,21533.0,107131.0,91500.0
24000340,22400.0,107139.0,91500.0
24000341,23267.0,106723.0,91500.0
24000342,27067.0,106723.0,91500.0
24000343,28067.0,107148.0,91500.0
24000344,29067.0,107148.0,91500.0
24000345,16867.0,101931.0,91500.0
24000346,16867.0,102814.0,91500.0
24000347,16867.0,99381.0,91500.0
24000348,16867.0,100214.0,91500.0
24000349,17317.0,101048.0,91500.0
24000350,18167.0,107139.0,91500.0
24000351,18567.0,107131.0,91500.0
24000352,18967.0,107123.0,91500.0
24000353,19367.0,107114.0,91500.0
24000354,19767.0,107106.0,91500.0
24000355,18617.0,101048.0,91500.0
24000356,20667.0,99381.0,91500.0
24000357,20667.0,100214.0,91500.0
24000358,17642.0,98548.0,91500.0
24000359,18942.0,98548.0,91500.0
24000360,21533.0,98548.0,91500.0
24000361,22400.0,98548.0,91500.0
24000362,23267.0,99070.0,91500.0
24000363,27067.0,99070.0,91500.0
24000364,28067.0,98548.0,91500.0
24000365,29067.0,98548.0,91500.0
24000366,16867.0,114248.0,91500.0
24000367,20667.0,114248.0,91500.0
24000368,20292.0,114848.0,91500.0
24000369,18142.0,114848.0,91500.0
24000370,18642.0,114848.0,91500.0
24000371,19142.0,114848.0,91500.0
24000372,19642.0,114848.0,91500.0
24000373,29267.0,114848.0,91500.0
24000374,28867.0,113448.0,91500.0
24000375,29267.0,113448.0,91500.0
24000376,29667.0,113448.0,91500.0
24000377,20067.0,101048.0,91500.0
24000378,20067.0,98548.0,91500.0
24000379,16867.0,104698.0,91500.0
24000380,16867.0,105698.0,91500.0
24000381,20667.0,106710.0,91500.0
24000382,23267.0,114248.0,91500.0
24000383,30067.0,99381.0,91500.0
24000384,30067.0,100214.0,91500.0
24000385,30067.0,105281.0,91500.0
24000386,30067.0,106214.0,91500.0
24000387,30067.0,102481.0,91500.0
24000388,30067.0,103414.0,91500.0
24000389,60347.0,101873.0,91500.0
24000390,60347.0,102698.0,91500.0
24000391,60347.0,103523.0,91500.0
24000392,63747.0,111328.0,91500.0
24000393,63747.0,112208.0,91500.0
24000394,63747.0,113088.0,91500.0
24000395,63747.0,113968.0,91500.0
24000396,61022.0,114848.0,91500.0
24000397,61697.0,114848.0,91500.0
24000398,62197.0,114848.0,91500.0
24000399,62697.0,114848.0,91500.0
24000400,63197.0,114848.0,91500.0
24000401,52947.0,104560.0,91500.0
24000402,52947.0,105423.0,91500.0
24000403,52947.0,106285.0,91500.0
24000404,53722.0,98548.0,91500.0
24000405,52947.0,99381.0,91500.0
24000406,52947.0,100214.0,91500.0
24000407,52947.0,101931.0,91500.0
24000408,52947.0,102814.0,91500.0
24000409,53397.0,101048.0,91500.0
24000410,53397.0,107148.0,91500.0
24000411,56347.0,111328.0,91500.0
24000412,56347.0,112208.0,91500.0
24000413,56347.0,113088.0,91500.0
24000414,56347.0,113798.0,91500.0
24000415,56347.0,114148.0,91500.0
24000416,56347.0,114498.0,91500.0
24000417,52947.0,111128.0,91500.0
24000418,52947.0,112058.0,91500.0
24000419,52947.0,112988.0,91500.0
24000420,52947.0,113918.0,91500.0
24000421,53622.0,114848.0,91500.0
24000422,54297.0,114848.0,91500.0
24000423,54797.0,114848.0,91500.0
24000424,55297.0,114848.0,91500.0
24000425,55797.0,114848.0,91500.0
24000426,54372.0,107123.0,91500.0
24000427,54897.0,107098.0,91500.0
24000428,55422.0,107073.0,91500.0
24000429,56347.0,106673.0,91500.0
24000430,56347.0,99381.0,91500.0
24000431,56347.0,100214.0,91500.0
24000432,54959.0,98548.0,91500.0
24000433,55422.0,98548.0,91500.0
24000434,55884.0,98548.0,91500.0
24000435,63747.0,102064.0,91500.0
24000436,63747.0,103081.0,91500.0
24000437,63747.0,104098.0,91500.0
24000438,63747.0,105114.0,91500.0
24000439,63747.0,106131.0,91500.0
24000440,63747.0,99381.0,91500.0
24000441,63747.0,100214.0,91500.0
24000442,54680.0,101048.0,91500.0
24000443,55513.0,101048.0,91500.0
24000444,60822.0,98548.0,91500.0
24000445,61297.0,98548.0,91500.0
24000446,61797.0,98548.0,91500.0
24000447,62297.0,98548.0,91500.0
24000448,62797.0,98548.0,91500.0
24000449,63272.0,98548.0,91500.0
24000450,61197.0,101048.0,91500.0
24000451,62047.0,101048.0,91500.0
24000452,62897.0,101048.0,91500.0
24000453,111267.0,104698.0,91500.0
24000454,111267.0,105698.0,91500.0
24000455,108067.0,98548.0,91500.0
24000456,108067.0,101048.0,91500.0
24000457,98467.0,113448.0,91500.0
24000458,98867.0,113448.0,91500.0
24000459,99267.0,113448.0,91500.0
24000460,98867.0,114848.0,91500.0
24000461,108492.0,114848.0,91500.0
24000462,108992.0,114848.0,91500.0
24000463,109492.0,114848.0,91500.0
24000464,109992.0,114848.0,91500.0
24000465,107842.0,114848.0,91500.0
24000466,107467.0,114248.0,91500.0
24000467,111267.0,114248.0,91500.0
24000468,110767.0,114848.0,91500.0
24000469,110492.0,98548.0,91500.0
24000470,99067.0,98548.0,91500.0
24000471,100067.0,98548.0,91500.0
24000472,105733.0,98548.0,91500.0
24000473,106600.0,98548.0,91500.0
24000474,101067.0,99070.0,91500.0
24000475,104867.0,99070.0,91500.0
24000476,107467.0,99381.0,91500.0
24000477,107467.0,100214.0,91500.0
24000478,109517.0,101048.0,91500.0
24000479,108367.0,107106.0,91500.0
24000480,108767.0,107114.0,91500.0
24000481,109167.0,107123.0,91500.0
24000482,109567.0,107131.0,91500.0
24000483,109967.0,107139.0,91500.0
24000484,110817.0,101048.0,91500.0
24000485,111267.0,99381.0,91500.0
24000486,111267.0,100214.0,91500.0
24000487,111267.0,101931.0,91500.0
24000488,111267.0,102814.0,91500.0
24000489,99067.0,107148.0,91500.0
24000490,100067.0,107148.0,91500.0
24000491,101067.0,106723.0,91500.0
24000492,104867.0,106723.0,91500.0
24000493,105733.0,107139.0,91500.0
24000494,106600.0,107131.0,91500.0
24000495,110817.0,107148.0,91500.0
24000496,104867.0,107560.0,91500.0
24000497,104867.0,107973.0,91500.0
24000498,104867.0,108385.0,91500.0
24000499,111267.0,107548.0,91500.0
24000500,111267.0,107948.0,91500.0
24000501,111267.0,108348.0,91500.0
24000502,104867.0,109345.0,91500.0
24000503,105733.0,108798.0,91500.0
24000504,106600.0,108798.0,91500.0
24000505,107467.0,107541.0,91500.0
24000506,107467.0,107960.0,91500.0
24000507,107467.0,108379.0,91500.0
24000508,107467.0,109345.0,91500.0
24000509,98067.0,111448.0,91500.0
24000510,98067.0,112448.0,91500.0
24000511,100567.0,110448.0,91500.0
24000512,100367.0,113448.0,91500.0
24000513,101067.0,111448.0,91500.0
24000514,101067.0,112448.0,91500.0
24000515,98067.0,114148.0,91500.0
24000516,101067.0,113798.0,91500.0
24000517,101067.0,114148.0,91500.0
24000518,101067.0,114498.0,91500.0
24000519,111267.0,109110.0,91500.0
24000520,111267.0,109473.0,91500.0
24000521,111267.0,109835.0,91500.0
24000522,111267.0,111060.0,91500.0
24000523,111267.0,111923.0,91500.0
24000524,111267.0,112785.0,91500.0
24000525,100367.0,114848.0,91500.0
24000526,105733.0,114848.0,91500.0
24000527,106600.0,114848.0,91500.0
24000528,107467.0,106710.0,91500.0
24000529,98067.0,102481.0,91500.0
24000530,98067.0,103414.0,91500.0
24000531,98067.0,105281.0,91500.0
24000532,98067.0,106214.0,91500.0
24000533,104867.0,114248.0,91500.0
24000534,98067.0,99381.0,91500.0
24000535,98067.0,100214.0,91500.0
24000536,98567.0,110448.0,91500.0
24000537,99067.0,110448.0,91500.0
24000538,99567.0,110448.0,91500.0
24000539,109192.0,98548.0,91500.0
24000540,61197.0,110448.0,91500.0
24000541,62047.0,110448.0,91500.0
24000542,62897.0,110448.0,91500.0
24000543,16867.0,114848.0,90400.0
24000544,16867.0,114848.0,89566.0
24000545,16867.0,114848.0,88733.0
24000546,17867.0,114848.0,90400.0
24000547,17867.0,114848.0,89566.0
24000548,17867.0,114848.0,88733.0
24000549,20667.0,114848.0,90400.0
24000550,20667.0,114848.0,89566.0
24000551,20667.0,114848.0,88733.0
24000552,23267.0,114848.0,90500.0
24000553,23267.0,114848.0,89633.0
24000554,23267.0,114848.0,88766.0
24000555,28467.0,114848.0,90600.0
24000556,28467.0,114848.0,89700.0
24000557,28467.0,114848.0,88800.0
24000558,27067.0,110448.0,90600.0
24000559,27067.0,110448.0,89700.0
24000560,27067.0,110448.0,88800.0
24000561,20667.0,109893.0,90600.0
24000562,20667.0,109893.0,89700.0
24000563,20667.0,109893.0,88800.0
24000564,16867.0,113648.0,90400.0
24000565,16867.0,113648.0,89566.0
24000566,16867.0,113648.0,88733.0
24000567,23267.0,109893.0,90600.0
24000568,23267.0,109893.0,89700.0
24000569,23267.0,109893.0,88800.0
24000570,16867.0,106698.0,90600.0
24000571,16867.0,106698.0,89700.0
24000572,16867.0,106698.0,88800.0
24000573,23267.0,106298.0,90600.0
24000574,23267.0,106298.0,89700.0
24000575,23267.0,106298.0,88800.0
24000576,27067.0,106298.0,90600.0
24000577,27067.0,106298.0,89700.0
24000578,27067.0,106298.0,88800.0
24000579,27067.0,107148.0,90600.0
24000580,27067.0,107148.0,89700.0
24000581,27067.0,107148.0,88800.0
24000582,16867.0,101048.0,90600.0
24000583,16867.0,101048.0,89700.0
24000584,16867.0,101048.0,88800.0
24000585,16867.0,103698.0,90600.0
24000586,16867.0,103698.0,89700.0
24000587,16867.0,103698.0,88800.0
24000588,16867.0,98548.0,90600.0
24000589,16867.0,98548.0,89700.0
24000590,16867.0,98548.0,88800.0
24000591,17767.0,101048.0,90600.0
24000592,17767.0,101048.0,89700.0
24000593,17767.0,101048.0,88800.0
24000594,19467.0,101048.0,90600.0
24000595,19467.0,101048.0,89700.0
24000596,19467.0,101048.0,88800.0
24000597,20667.0,101048.0,90600.0
24000598,20667.0,101048.0,89700.0
24000599,20667.0,101048.0,88800.0
24000600,23267.0,98548.0,90600.0
24000601,23267.0,98548.0,89700.0
24000602,23267.0,98548.0,88800.0
24000603,23267.0,99593.0,90600.0
24000604,23267.0,99593.0,89700.0
24000605,23267.0,99593.0,88800.0
24000606,27067.0,98548.0,90600.0
24000607,27067.0,98548.0,89700.0
24000608,27067.0,98548.0,88800.0
24000609,27067.0,99593.0,90600.0
24000610,27067.0,99593.0,89700.0
24000611,27067.0,99593.0,88800.0
24000612,30067.0,98548.0,90600.0
24000613,30067.0,98548.0,89700.0
24000614,30067.0,98548.0,88800.0
24000615,19917.0,114848.0,90400.0
24000616,19917.0,114848.0,89566.0
24000617,19917.0,114848.0,88733.0
24000618,30067.0,114848.0,90600.0
24000619,30067.0,114848.0,89700.0
24000620,30067.0,114848.0,88800.0
24000621,20667.0,106298.0,90600.0
24000622,20667.0,106298.0,89700.0
24000623,20667.0,106298.0,88800.0
24000624,20667.0,113648.0,90400.0
24000625,20667.0,113648.0,89566.0
24000626,20667.0,113648.0,88733.0
24000627,23267.0,113648.0,90600.0
24000628,23267.0,113648.0,89700.0
24000629,23267.0,113648.0,88800.0
24000630,20667.0,101548.0,90600.0
24000631,20667.0,101548.0,89700.0
24000632,20667.0,101548.0,88800.0
24000633,30067.0,101048.0,90600.0
24000634,30067.0,101048.0,89700.0
24000635,30067.0,101048.0,88800.0
24000636,30067.0,101548.0,90600.0
24000637,30067.0,101548.0,89700.0
24000638,30067.0,101548.0,88800.0
24000639,30067.0,107148.0,90600.0
24000640,30067.0,107148.0,89700.0
24000641,30067.0,107148.0,88800.0
24000642,30067.0,104348.0,90600.0
24000643,30067.0,104348.0,89700.0
24000644,30067.0,104348.0,88800.0
24000645,30067.0,106698.0,90600.0
24000646,30067.0,106698.0,89700.0
24000647,30067.0,106698.0,88800.0
24000648,60347.0,101048.0,90400.0
24000649,60347.0,101048.0,89566.0
24000650,60347.0,101048.0,88733.0
24000651,60347.0,104348.0,90400.0
24000652,60347.0,104348.0,89566.0
24000653,60347.0,104348.0,88733.0
24000654,63747.0,110448.0,90400.0
24000655,63747.0,110448.0,89566.0
24000656,63747.0,110448.0,88733.0
24000657,63747.0,114848.0,90400.0
24000658,63747.0,114848.0,89566.0
24000659,63747.0,114848.0,88733.0
24000660,60347.0,114848.0,90400.0
24000661,60347.0,114848.0,89566.0
24000662,60347.0,114848.0,88733.0
24000663,52947.0,103698.0,90600.0
24000664,52947.0,103698.0,89700.0
24000665,52947.0,103698.0,88800.0
24000666,52947.0,106698.0,90600.0
24000667,52947.0,106698.0,89700.0
24000668,52947.0,106698.0,88800.0
24000669,52947.0,98548.0,90600.0
24000670,52947.0,98548.0,89700.0
24000671,52947.0,98548.0,88800.0
24000672,52947.0,101048.0,90600.0
24000673,52947.0,101048.0,89700.0
24000674,52947.0,101048.0,88800.0
24000675,53847.0,101048.0,90600.0
24000676,53847.0,101048.0,89700.0
24000677,53847.0,101048.0,88800.0
24000678,52947.0,107148.0,90600.0
24000679,52947.0,107148.0,89700.0
24000680,52947.0,107148.0,88800.0
24000681,56347.0,107048.0,90600.0
24000682,56347.0,107048.0,89700.0
24000683,56347.0,107048.0,88800.0
24000684,56347.0,110448.0,90600.0
24000685,56347.0,110448.0,89700.0
24000686,56347.0,110448.0,88800.0
24000687,52947.0,110198.0,90400.0
24000688,52947.0,110198.0,89566.0
24000689,52947.0,110198.0,88733.0
24000690,52947.0,114848.0,90400.0
24000691,52947.0,114848.0,89566.0
24000692,52947.0,114848.0,88733.0
24000693,56347.0,106298.0,90600.0
24000694,56347.0,106298.0,89700.0
24000695,56347.0,106298.0,88800.0
24000696,56347.0,101048.0,90600.0
24000697,56347.0,101048.0,89700.0
24000698,56347.0,101048.0,88800.0
24000699,56347.0,101548.0,90600.0
24000700,56347.0,101548.0,89700.0
24000701,56347.0,101548.0,88800.0
24000702,63747.0,101048.0,90400.0
24000703,63747.0,101048.0,89566.0
24000704,63747.0,101048.0,88733.0
24000705,63747.0,106698.0,90500.0
24000706,63747.0,106698.0,89633.0
24000707,63747.0,106698.0,88766.0
24000708,63747.0,98548.0,90400.0
24000709,63747.0,98548.0,89566.0
24000710,63747.0,98548.0,88733.0
24000711,60347.0,98548.0,90400.0
24000712,60347.0,98548.0,89566.0
24000713,60347.0,98548.0,88733.0
24000714,111267.0,103698.0,90600.0
24000715,111267.0,103698.0,89700.0
24000716,111267.0,103698.0,88800.0
24000717,111267.0,106698.0,90600.0
24000718,111267.0,106698.0,89700.0
24000719,111267.0,106698.0,88800.0
24000720,107467.0,101048.0,90600.0
24000721,107467.0,101048.0,89700.0
24000722,107467.0,101048.0,88800.0
24000723,108667.0,101048.0,90600.0
24000724,108667.0,101048.0,89700.0
24000725,108667.0,101048.0,88800.0
24000726,98067.0,114848.0,90600.0
24000727,98067.0,114848.0,89700.0
24000728,98067.0,114848.0,88800.0
24000729,99667.0,114848.0,90600.0
24000730,99667.0,114848.0,89700.0
24000731,99667.0,114848.0,88800.0
24000732,108217.0,114848.0,90400.0
24000733,108217.0,114848.0,89566.0
24000734,108217.0,114848.0,88733.0
24000735,110267.0,114848.0,90400.0
24000736,110267.0,114848.0,89566.0
24000737,110267.0,114848.0,88733.0
24000738,107467.0,114848.0,90500.0
24000739,107467.0,114848.0,89633.0
24000740,107467.0,114848.0,88766.0
24000741,107467.0,113648.0,90400.0
24000742,107467.0,113648.0,89566.0
24000743,107467.0,113648.0,88733.0
24000744,111267.0,113648.0,90600.0
24000745,111267.0,113648.0,89700.0
24000746,111267.0,113648.0,88800.0
24000747,111267.0,114848.0,90500.0
24000748,111267.0,114848.0,89633.0
24000749,111267.0,114848.0,88766.0
24000750,111267.0,98548.0,90600.0
24000751,111267.0,98548.0,89700.0
24000752,111267.0,98548.0,88800.0
24000753,98067.0,98548.0,90600.0
24000754,98067.0,98548.0,89700.0
24000755,98067.0,98548.0,88800.0
24000756,101067.0,98548.0,90600.0
24000757,101067.0,98548.0,89700.0
24000758,101067.0,98548.0,88800.0
24000759,104867.0,98548.0,90600.0
24000760,104867.0,98548.0,89700.0
24000761,104867.0,98548.0,88800.0
24000762,101067.0,99593.0,90600.0
24000763,101067.0,99593.0,89700.0
24000764,101067.0,99593.0,88800.0
24000765,104867.0,99593.0,90600.0
24000766,104867.0,99593.0,89700.0
24000767,104867.0,99593.0,88800.0
24000768,107467.0,101548.0,90600.0
24000769,107467.0,101548.0,89700.0
24000770,107467.0,101548.0,88800.0
24000771,110367.0,101048.0,90600.0
24000772,110367.0,101048.0,89700.0
24000773,110367.0,101048.0,88800.0
24000774,111267.0,101048.0,90600.0
24000775,111267.0,101048.0,89700.0
24000776,111267.0,101048.0,88800.0
24000777,98067.0,107148.0,90600.0
24000778,98067.0,107148.0,89700.0
24000779,98067.0,107148.0,88800.0
24000780,101067.0,107148.0,90600.0
24000781,101067.0,107148.0,89700.0
24000782,101067.0,107148.0,88800.0
24000783,101067.0,106298.0,90600.0
24000784,101067.0,106298.0,89700.0
24000785,101067.0,106298.0,88800.0
24000786,104867.0,106298.0,90600.0
24000787,104867.0,106298.0,89700.0
24000788,104867.0,106298.0,88800.0
24000789,104867.0,109893.0,90600.0
24000790,104867.0,109893.0,89700.0
24000791,104867.0,109893.0,88800.0
24000792,107467.0,109893.0,90600.0
24000793,107467.0,109893.0,89700.0
24000794,107467.0,109893.0,88800.0
24000795,101067.0,110448.0,90600.0
24000796,101067.0,110448.0,89700.0
24000797,101067.0,110448.0,88800.0
24000798,104867.0,114848.0,90600.0
24000799,104867.0,114848.0,89700.0
24000800,104867.0,114848.0,88800.0
24000801,107467.0,106298.0,90600.0
24000802,107467.0,106298.0,89700.0
24000803,107467.0,106298.0,88800.0
24000804,98067.0,101548.0,90600.0
24000805,98067.0,101548.0,89700.0
24000806,98067.0,101548.0,88800.0
24000807,98067.0,104348.0,90600.0
24000808,98067.0,104348.0,89700.0
24000809,98067.0,104348.0,88800.0
24000810,98067.0,106698.0,90600.0
24000811,98067.0,106698.0,89700.0
24000812,98067.0,106698.0,88800.0
24000813,104867.0,113648.0,90600.0
24000814,104867.0,113648.0,89700.0
24000815,104867.0,113648.0,88800.0
24000816,98067.0,101048.0,90600.0
24000817,98067.0,101048.0,89700.0
24000818,98067.0,101048.0,88800.0
24000819,63747.0,107148.0,90600.0
24000820,63747.0,107148.0,89700.0
24000821,63747.0,107148.0,88800.0
24000822,60347.0,110448.0,90400.0
24000823,60347.0,110448.0,89566.0
24000824,60347.0,110448.0,88733.0
24000825,16867.0,109110.0,90700.0
24000826,16867.0,109473.0,90700.0
24000827,16867.0,109835.0,90700.0
24000828,27067.0,113798.0,90900.0
24000829,27067.0,114148.0,90900.0
24000830,27067.0,114498.0,90900.0
24000831,20667.0,107541.0,90900.0
24000832,20667.0,107960.0,90900.0
24000833,20667.0,108379.0,90900.0
24000834,28567.0,110448.0,90900.0
24000835,29067.0,110448.0,90900.0
24000836,29567.0,110448.0,90900.0
24000837,16867.0,107548.0,90700.0
24000838,16867.0,107948.0,90700.0
24000839,16867.0,108348.0,90700.0
24000840,23267.0,107560.0,90900.0
24000841,23267.0,107973.0,90900.0
24000842,23267.0,108385.0,90900.0
24000843,18167.0,107139.0,90800.0
24000844,18567.0,107131.0,90800.0
24000845,18967.0,107123.0,90800.0
24000846,19367.0,107114.0,90800.0
24000847,19767.0,107106.0,90800.0
24000848,18942.0,98548.0,90700.0
24000849,28867.0,113448.0,90900.0
24000850,29267.0,113448.0,90900.0
24000851,29667.0,113448.0,90900.0
24000852,20067.0,98548.0,90700.0
24000853,56347.0,113798.0,90800.0
24000854,56347.0,114148.0,90800.0
24000855,56347.0,114498.0,90800.0
24000856,54372.0,107123.0,90800.0
24000857,54897.0,107098.0,90800.0
24000858,55422.0,107073.0,90800.0
24000859,54959.0,98548.0,90700.0
24000860,55422.0,98548.0,90700.0
24000861,55884.0,98548.0,90700.0
24000862,108067.0,98548.0,90700.0
24000863,98467.0,113448.0,90900.0
24000864,98867.0,113448.0,90900.0
24000865,99267.0,113448.0,90900.0
24000866,108367.0,107106.0,90800.0
24000867,108767.0,107114.0,90800.0
24000868,109167.0,107123.0,90800.0
24000869,109567.0,107131.0,90800.0
24000870,109967.0,107139.0,90800.0
24000871,104867.0,107560.0,90900.0
24000872,104867.0,107973.0,90900.0
24000873,104867.0,108385.0,90900.0
24000874,111267.0,107548.0,90700.0
24000875,111267.0,107948.0,90700.0
24000876,111267.0,108348.0,90700.0
24000877,107467.0,107541.0,90900.0
24000878,107467.0,107960.0,90900.0
24000879,107467.0,108379.0,90900.0
24000880,101067.0,113798.0,90900.0
24000881,101067.0,114148.0,90900.0
24000882,101067.0,114498.0,90900.0
24000883,111267.0,109110.0,90700.0
24000884,111267.0,109473.0,90700.0
24000885,111267.0,109835.0,90700.0
24000886,98567.0,110448.0,90900.0
24000887,99067.0,110448.0,90900.0
24000888,99567.0,110448.0,90900.0
24000889,109192.0,98548.0,90700.0
24000890,27067.0,114848.0,89700.0
24000891,27067.0,114848.0,88800.0
24000892,27067.0,113448.0,89700.0
24000893,27067.0,113448.0,88800.0
24000894,28467.0,113448.0,89700.0
24000895,28467.0,113448.0,88800.0
24000896,20667.0,108798.0,89700.0
24000897,20667.0,108798.0,88800.0
24000898,16867.0,110198.0,89566.0
24000899,16867.0,110198.0,88733.0
24000900,28067.0,110448.0,89700.0
24000901,28067.0,110448.0,88800.0
24000902,23267.0,108798.0,89700.0
24000903,23267.0,108798.0,88800.0
24000904,16867.0,107148.0,89700.0
24000905,16867.0,107148.0,88800.0
24000906,20167.0,107098.0,89700.0
24000907,20167.0,107098.0,88800.0
24000908,20667.0,107123.0,89700.0
24000909,20667.0,107123.0,88800.0
24000910,23267.0,107148.0,89700.0
24000911,23267.0,107148.0,88800.0
24000912,20667.0,98548.0,89700.0
24000913,20667.0,98548.0,88800.0
24000914,18417.0,98548.0,89700.0
24000915,18417.0,98548.0,88800.0
24000916,17767.0,107148.0,89700.0
24000917,17767.0,107148.0,88800.0
24000918,30067.0,113448.0,89700.0
24000919,30067.0,113448.0,88800.0
24000920,30067.0,110448.0,89700.0
24000921,30067.0,110448.0,88800.0
24000922,54497.0,98548.0,89700.0
24000923,54497.0,98548.0,88800.0
24000924,53847.0,107148.0,89700.0
24000925,53847.0,107148.0,88800.0
24000926,55947.0,107048.0,89700.0
24000927,55947.0,107048.0,88800.0
24000928,56347.0,113448.0,89700.0
24000929,56347.0,113448.0,88800.0
24000930,56347.0,114848.0,89566.0
24000931,56347.0,114848.0,88733.0
24000932,56347.0,98548.0,89700.0
24000933,56347.0,98548.0,88800.0
24000934,109717.0,98548.0,89700.0
24000935,109717.0,98548.0,88800.0
24000936,107467.0,98548.0,89700.0
24000937,107467.0,98548.0,88800.0
24000938,107467.0,107123.0,89700.0
24000939,107467.0,107123.0,88800.0
24000940,107967.0,107098.0,89700.0
24000941,107967.0,107098.0,88800.0
24000942,104867.0,107148.0,89700.0
24000943,104867.0,107148.0,88800.0
24000944,110367.0,107148.0,89700.0
24000945,110367.0,107148.0,88800.0
24000946,111267.0,107148.0,89700.0
24000947,111267.0,107148.0,88800.0
24000948,104867.0,108798.0,89700.0
24000949,104867.0,108798.0,88800.0
24000950,107467.0,108798.0,89700.0
24000951,107467.0,108798.0,88800.0
24000952,98067.0,110448.0,89700.0
24000953,98067.0,110448.0,88800.0
24000954,98067.0,113448.0,89700.0
24000955,98067.0,113448.0,88800.0
24000956,100067.0,110448.0,89700.0
24000957,100067.0,110448.0,88800.0
24000958,99667.0,113448.0,89700.0
24000959,99667.0,113448.0,88800.0
24000960,101067.0,113448.0,89700.0
24000961,101067.0,113448.0,88800.0
24000962,111267.0,110198.0,89700.0
24000963,111267.0,110198.0,88800.0
24000964,101067.0,114848.0,89700.0
24000965,101067.0,114848.0,88800.0
24000966,24217.0,107148.0,91500.0
24000967,25167.0,107148.0,91500.0
24000968,26117.0,107148.0,91500.0
24000969,27067.0,108248.0,91500.0
24000970,27067.0,109348.0,91500.0
24000971,26250.0,114848.0,91500.0
24000972,24350.0,114848.0,91500.0
24000973,23267.0,112748.0,91500.0
24000974,23267.0,110870.0,91500.0
24000975,28467.0,114148.0,91500.0
24000976,17817.0,108760.0,91500.0
24000977,18767.0,108773.0,91500.0
24000978,19717.0,108785.0,91500.0
24000979,20667.0,110870.0,91500.0
24000980,20667.0,112748.0,91500.0
24000981,18892.0,113648.0,91500.0
24000982,24217.0,104348.0,91500.0
24000983,25167.0,104348.0,91500.0
24000984,26117.0,104348.0,91500.0
24000985,27067.0,105323.0,91500.0
24000986,23267.0,105323.0,91500.0
24000987,19467.0,99381.0,91500.0
24000988,19467.0,100214.0,91500.0
24000989,24217.0,101548.0,91500.0
24000990,25167.0,101548.0,91500.0
24000991,26117.0,101548.0,91500.0
24000992,27067.0,102481.0,91500.0
24000993,27067.0,103414.0,91500.0
24000994,23267.0,102481.0,91500.0
24000995,23267.0,103414.0,91500.0
24000996,24350.0,98548.0,91500.0
24000997,26250.0,98548.0,91500.0
24000998,27067.0,100570.0,91500.0
24000999,23267.0,100570.0,91500.0
24001000,56347.0,107898.0,91500.0
24001001,53797.0,108748.0,91500.0
24001002,54647.0,108748.0,91500.0
24001003,55497.0,108748.0,91500.0
24001004,52947.0,107948.0,91500.0
24001005,108667.0,99381.0,91500.0
24001006,108667.0,100214.0,91500.0
24001007,99667.0,114148.0,91500.0
24001008,109242.0,113648.0,91500.0
24001009,108417.0,108785.0,91500.0
24001010,109367.0,108773.0,91500.0
24001011,110317.0,108760.0,91500.0
24001012,107467.0,112748.0,91500.0
24001013,107467.0,110870.0,91500.0
24001014,101883.0,98548.0,91500.0
24001015,103783.0,98548.0,91500.0
24001016,104867.0,100570.0,91500.0
24001017,102017.0,101548.0,91500.0
24001018,102967.0,101548.0,91500.0
24001019,103917.0,101548.0,91500.0
24001020,101067.0,100570.0,91500.0
24001021,102017.0,104348.0,91500.0
24001022,102967.0,104348.0,91500.0
24001023,103917.0,104348.0,91500.0
24001024,104867.0,105323.0,91500.0
24001025,102017.0,107148.0,91500.0
24001026,102967.0,107148.0,91500.0
24001027,103917.0,107148.0,91500.0
24001028,101067.0,105323.0,91500.0
24001029,104867.0,110870.0,91500.0
24001030,104867.0,112748.0,91500.0
24001031,103783.0,114848.0,91500.0
24001032,101883.0,114848.0,91500.0
24001033,101067.0,108248.0,91500.0
24001034,101067.0,109348.0,91500.0
24001035,104867.0,102481.0,91500.0
24001036,104867.0,103414.0,91500.0
24001037,101067.0,102481.0,91500.0
24001038,101067.0,103414.0,91500.0
24001041,64265.0,106677.0,91499.0
24001042,108667.0,98548.0,91100.0
24001043,109192.0,98548.0,91100.0
24001044,109717.0,98548.0,91100.0
24001045,98067.0,110448.0,91200.0
24001046,98567.0,110448.0,91200.0
24001047,99067.0,110448.0,91200.0
24001048,99567.0,110448.0,91200.0
24001049,100067.0,110448.0,91200.0
24001050,111267.0,108748.0,91100.0
24001051,111267.0,109110.0,91100.0
24001052,111267.0,109473.0,91100.0
24001053,111267.0,109835.0,91100.0
24001054,111267.0,110198.0,91100.0
24001055,101067.0,113448.0,91200.0
24001056,101067.0,113798.0,91200.0
24001057,101067.0,114148.0,91200.0
24001058,101067.0,114498.0,91200.0
24001059,101067.0,114848.0,91200.0
24001060,107467.0,107123.0,91200.0
24001061,107467.0,107541.0,91200.0
24001062,107467.0,107960.0,91200.0
24001063,107467.0,108379.0,91200.0
24001064,107467.0,108798.0,91200.0
24001065,111267.0,107148.0,91100.0
24001066,111267.0,107548.0,91100.0
24001067,111267.0,107948.0,91100.0
24001068,111267.0,108348.0,91100.0
24001069,104867.0,107148.0,91200.0
24001070,104867.0,107560.0,91200.0
24001071,104867.0,107973.0,91200.0
24001072,104867.0,108385.0,91200.0
24001073,104867.0,108798.0,91200.0
24001074,107967.0,107098.0,91150.0
24001075,108367.0,107106.0,91150.0
24001076,108767.0,107114.0,91150.0
24001077,109167.0,107123.0,91150.0
24001078,109567.0,107131.0,91150.0
24001079,109967.0,107139.0,91150.0
24001080,110367.0,107148.0,91150.0
24001081,98067.0,113448.0,91200.0
24001082,98467.0,113448.0,91200.0
24001083,98867.0,113448.0,91200.0
24001084,99267.0,113448.0,91200.0
24001085,99667.0,113448.0,91200.0
24001086,107467.0,98548.0,91100.0
24001087,108067.0,98548.0,91100.0
24001088,54497.0,98548.0,91100.0
24001089,54959.0,98548.0,91100.0
24001090,55422.0,98548.0,91100.0
24001091,55884.0,98548.0,91100.0
24001092,56347.0,98548.0,91100.0
24001093,53847.0,107148.0,91150.0
24001094,54372.0,107123.0,91150.0
24001095,54897.0,107098.0,91150.0
24001096,55422.0,107073.0,91150.0
24001097,55947.0,107048.0,91150.0
24001098,56347.0,113448.0,91150.0
24001099,56347.0,113798.0,91150.0
24001100,56347.0,114148.0,91150.0
24001101,56347.0,114498.0,91150.0
24001102,56347.0,114848.0,91150.0
24001103,19467.0,98548.0,91100.0
24001104,20067.0,98548.0,91100.0
24001105,20667.0,98548.0,91100.0
24001106,28467.0,113448.0,91200.0
24001107,28867.0,113448.0,91200.0
24001108,29267.0,113448.0,91200.0
24001109,29667.0,113448.0,91200.0
24001110,30067.0,113448.0,91200.0
24001111,18417.0,98548.0,91100.0
24001112,18942.0,98548.0,91100.0
24001113,17767.0,107148.0,91150.0
24001114,18167.0,107139.0,91150.0
24001115,18567.0,107131.0,91150.0
24001116,18967.0,107123.0,91150.0
24001117,19367.0,107114.0,91150.0
24001118,19767.0,107106.0,91150.0
24001119,20167.0,107098.0,91150.0
24001120,23267.0,107148.0,91200.0
24001121,23267.0,107560.0,91200.0
24001122,23267.0,107973.0,91200.0
24001123,23267.0,108385.0,91200.0
24001124,23267.0,108798.0,91200.0
24001125,16867.0,107148.0,91100.0
24001126,16867.0,107548.0,91100.0
24001127,16867.0,107948.0,91100.0
24001128,16867.0,108348.0,91100.0
24001129,16867.0,108748.0,91100.0
24001130,28067.0,110448.0,91200.0
24001131,28567.0,110448.0,91200.0
24001132,29067.0,110448.0,91200.0
24001133,29567.0,110448.0,91200.0
24001134,30067.0,110448.0,91200.0
24001135,20667.0,107123.0,91200.0
24001136,20667.0,107541.0,91200.0
24001137,20667.0,107960.0,91200.0
24001138,20667.0,108379.0,91200.0
24001139,20667.0,108798.0,91200.0
24001140,27067.0,113448.0,91200.0
24001141,27067.0,113798.0,91200.0
24001142,27067.0,114148.0,91200.0
24001143,27067.0,114498.0,91200.0
24001144,27067.0,114848.0,91200.0
24001145,16867.0,109110.0,91100.0
24001146,16867.0,109473.0,91100.0
24001147,16867.0,109835.0,91100.0
24001148,16867.0,110198.0,91100.0
24001149,17367.0,114848.0,90400.0
24001150,17367.0,114848.0,88733.0
24001151,17367.0,114848.0,89566.0
24001152,21533.0,114848.0,90500.0
24001153,22400.0,114848.0,90500.0
24001154,21533.0,114848.0,88766.0
24001155,22400.0,114848.0,88766.0
24001156,21533.0,114848.0,89633.0
24001157,22400.0,114848.0,89633.0
24001158,27767.0,114848.0,90600.0
24001159,27767.0,114848.0,88800.0
24001160,27767.0,114848.0,89700.0
24001161,16867.0,111060.0,90700.0
24001162,16867.0,111923.0,90700.0
24001163,16867.0,112785.0,90700.0
24001164,16867.0,111060.0,88733.0
24001165,16867.0,111923.0,88733.0
24001166,16867.0,112785.0,88733.0
24001167,16867.0,111060.0,89566.0
24001168,16867.0,112785.0,89566.0
24001169,16867.0,111923.0,89566.0
24001170,30067.0,114148.0,90600.0
24001171,30067.0,114148.0,88800.0
24001172,30067.0,114148.0,89700.0
24001173,27067.0,111448.0,90600.0
24001174,27067.0,112448.0,90600.0
24001175,27067.0,111448.0,88800.0
24001176,27067.0,112448.0,88800.0
24001177,27067.0,111448.0,89700.0
24001178,27067.0,112448.0,89700.0
24001179,27767.0,113448.0,90900.0
24001180,27767.0,113448.0,88800.0
24001181,27767.0,113448.0,89700.0
24001182,27567.0,110448.0,90600.0
24001183,27567.0,110448.0,88800.0
24001184,27567.0,110448.0,89700.0
24001185,30067.0,111448.0,90900.0
24001186,30067.0,112448.0,90900.0
24001187,30067.0,111448.0,88800.0
24001188,30067.0,112448.0,88800.0
24001189,30067.0,111448.0,89700.0
24001190,30067.0,112448.0,89700.0
24001191,20667.0,109345.0,90600.0
24001192,20667.0,109345.0,88800.0
24001193,20667.0,109345.0,89700.0
24001194,21533.0,108798.0,90900.0
24001195,22400.0,108798.0,90900.0
24001196,21533.0,108798.0,88800.0
24001197,22400.0,108798.0,88800.0
24001198,21533.0,108798.0,89700.0
24001199,22400.0,108798.0,89700.0
24001200,23267.0,109345.0,90600.0
24001201,23267.0,109345.0,88800.0
24001202,23267.0,109345.0,89700.0
24001203,17317.0,107148.0,90700.0
24001204,17317.0,107148.0,88800.0
24001205,17317.0,107148.0,89700.0
24001206,21533.0,107131.0,90900.0
24001207,22400.0,107139.0,90900.0
24001208,21533.0,107131.0,88800.0
24001209,22400.0,107139.0,88800.0
24001210,21533.0,107131.0,89700.0
24001211,22400.0,107139.0,89700.0
24001212,23267.0,106723.0,90600.0
24001213,23267.0,106723.0,88800.0
24001214,23267.0,106723.0,89700.0
24001215,27067.0,106723.0,90600.0
24001216,27067.0,106723.0,88800.0
24001217,27067.0,106723.0,89700.0
24001218,28067.0,107148.0,90600.0
24001219,29067.0,107148.0,90600.0
24001220,28067.0,107148.0,88800.0
24001221,29067.0,107148.0,88800.0
24001222,28067.0,107148.0,89700.0
24001223,29067.0,107148.0,89700.0
24001224,16867.0,101931.0,90600.0
24001225,16867.0,102814.0,90600.0
24001226,16867.0,101931.0,88800.0
24001227,16867.0,102814.0,88800.0
24001228,16867.0,101931.0,89700.0
24001229,16867.0,102814.0,89700.0
24001230,16867.0,99381.0,90600.0
24001231,16867.0,100214.0,90600.0
24001232,16867.0,99381.0,88800.0
24001233,16867.0,100214.0,88800.0
24001234,16867.0,99381.0,89700.0
24001235,16867.0,100214.0,89700.0
24001236,17317.0,101048.0,90600.0
24001237,17317.0,101048.0,88800.0
24001238,17317.0,101048.0,89700.0
24001239,18617.0,101048.0,90600.0
24001240,18617.0,101048.0,88800.0
24001241,18617.0,101048.0,89700.0
24001242,20667.0,99381.0,90600.0
24001243,20667.0,100214.0,90600.0
24001244,20667.0,99381.0,88800.0
24001245,20667.0,100214.0,88800.0
24001246,20667.0,99381.0,89700.0
24001247,20667.0,100214.0,89700.0
24001248,17642.0,98548.0,90600.0
24001249,17642.0,98548.0,88800.0
24001250,17642.0,98548.0,89700.0
24001251,21533.0,98548.0,90600.0
24001252,22400.0,98548.0,90600.0
24001253,21533.0,98548.0,88800.0
24001254,22400.0,98548.0,88800.0
24001255,21533.0,98548.0,89700.0
24001256,22400.0,98548.0,89700.0
24001257,23267.0,99070.0,90600.0
24001258,23267.0,99070.0,88800.0
24001259,23267.0,99070.0,89700.0
24001260,27067.0,99070.0,90600.0
24001261,27067.0,99070.0,88800.0
24001262,27067.0,99070.0,89700.0
24001263,28067.0,98548.0,90600.0
24001264,29067.0,98548.0,90600.0
24001265,28067.0,98548.0,88800.0
24001266,29067.0,98548.0,88800.0
24001267,28067.0,98548.0,89700.0
24001268,29067.0,98548.0,89700.0
24001269,16867.0,114248.0,90400.0
24001270,16867.0,114248.0,88733.0
24001271,16867.0,114248.0,89566.0
24001272,20667.0,114248.0,90400.0
24001273,20667.0,114248.0,88733.0
24001274,20667.0,114248.0,89566.0
24001275,20292.0,114848.0,90400.0
24001276,20292.0,114848.0,88733.0
24001277,20292.0,114848.0,89566.0
24001278,18142.0,114848.0,90400.0
24001279,18145.0,114848.0,90950.0
24001280,18642.0,114848.0,90950.0
24001281,19142.0,114848.0,90950.0
24001282,19639.0,114848.0,90950.0
24001283,19642.0,114848.0,90400.0
24001284,18142.0,114848.0,88733.0
24001285,19642.0,114848.0,88733.0
24001286,18142.0,114848.0,89566.0
24001287,19642.0,114848.0,89566.0
24001288,18642.0,114848.0,90400.0
24001289,19142.0,114848.0,90400.0
24001290,29267.0,114848.0,90600.0
24001291,29267.0,114848.0,88800.0
24001292,29267.0,114848.0,89700.0
24001293,20067.0,101048.0,90600.0
24001294,20067.0,101048.0,88800.0
24001295,20067.0,101048.0,89700.0
24001296,16867.0,104698.0,90600.0
24001297,16867.0,105698.0,90600.0
24001298,16867.0,104698.0,88800.0
24001299,16867.0,105698.0,88800.0
24001300,16867.0,104698.0,89700.0
24001301,16867.0,105698.0,89700.0
24001302,20667.0,106710.0,90600.0
24001303,20667.0,106710.0,88800.0
24001304,20667.0,106710.0,89700.0
24001305,23267.0,114248.0,90600.0
24001306,23267.0,114248.0,88800.0
24001307,23267.0,114248.0,89700.0
24001308,30067.0,99381.0,90600.0
24001309,30067.0,100214.0,90600.0
24001310,30067.0,99381.0,88800.0
24001311,30067.0,100214.0,88800.0
24001312,30067.0,99381.0,89700.0
24001313,30067.0,100214.0,89700.0
24001314,30067.0,105281.0,90600.0
24001315,30067.0,106214.0,90600.0
24001316,30067.0,105281.0,88800.0
24001317,30067.0,106214.0,88800.0
24001318,30067.0,105281.0,89700.0
24001319,30067.0,106214.0,89700.0
24001320,30067.0,102481.0,90600.0
24001321,30067.0,103414.0,90600.0
24001322,30067.0,102481.0,88800.0
24001323,30067.0,103414.0,88800.0
24001324,30067.0,102481.0,89700.0
24001325,30067.0,103414.0,89700.0
24001326,60347.0,101873.0,90400.0
24001327,60347.0,102698.0,90400.0
24001328,60347.0,103523.0,90400.0
24001329,60347.0,101873.0,88733.0
24001330,60347.0,102698.0,88733.0
24001331,60347.0,103523.0,88733.0
24001332,60347.0,101873.0,89566.0
24001333,60347.0,103523.0,89566.0
24001334,60347.0,102698.0,89566.0
24001335,63747.0,111328.0,90400.0
24001336,63747.0,112208.0,90400.0
24001337,63747.0,113088.0,90400.0
24001338,63747.0,113968.0,90400.0
24001339,63747.0,111328.0,88733.0
24001340,63747.0,112208.0,88733.0
24001341,63747.0,113088.0,88733.0
24001342,63747.0,113968.0,88733.0
24001343,63747.0,111328.0,89566.0
24001344,63747.0,113968.0,89566.0
24001345,63747.0,112208.0,89566.0
24001346,63747.0,113088.0,89566.0
24001347,61022.0,114848.0,90400.0
24001348,61697.0,114848.0,90400.0
24001349,61700.0,114848.0,90950.0
24001350,62197.0,114848.0,90950.0
24001351,62697.0,114848.0,90950.0
24001352,63194.0,114848.0,90950.0
24001353,63197.0,114848.0,90400.0
24001354,61022.0,114848.0,88733.0
24001355,61697.0,114848.0,88733.0
24001356,63197.0,114848.0,88733.0
24001357,61022.0,114848.0,89566.0
24001358,63197.0,114848.0,89566.0
24001359,62197.0,114848.0,90400.0
24001360,61697.0,114848.0,89566.0
24001361,62697.0,114848.0,90400.0
24001362,52947.0,104560.0,90600.0
24001363,52947.0,105423.0,90600.0
24001364,52947.0,106285.0,90600.0
24001365,52947.0,104560.0,88800.0
24001366,52947.0,105423.0,88800.0
24001367,52947.0,106285.0,88800.0
24001368,52947.0,104560.0,89700.0
24001369,52947.0,106285.0,89700.0
24001370,52947.0,105423.0,89700.0
24001371,53722.0,98548.0,90600.0
24001372,53722.0,98548.0,88800.0
24001373,53722.0,98548.0,89700.0
24001374,52947.0,99381.0,90600.0
24001375,52947.0,100214.0,90600.0
24001376,52947.0,99381.0,88800.0
24001377,52947.0,100214.0,88800.0
24001378,52947.0,99381.0,89700.0
24001379,52947.0,100214.0,89700.0
24001380,52947.0,101931.0,90600.0
24001381,52947.0,102814.0,90600.0
24001382,52947.0,101931.0,88800.0
24001383,52947.0,102814.0,88800.0
24001384,52947.0,101931.0,89700.0
24001385,52947.0,102814.0,89700.0
24001386,53397.0,101048.0,90600.0
24001387,53397.0,101048.0,88800.0
24001388,53397.0,101048.0,89700.0
24001389,53397.0,107148.0,90600.0
24001390,53397.0,107148.0,88800.0
24001391,53397.0,107148.0,89700.0
24001392,56347.0,111328.0,90600.0
24001393,56347.0,112208.0,90600.0
24001394,56347.0,113088.0,90600.0
24001395,56347.0,111328.0,88800.0
24001396,56347.0,112208.0,88800.0
24001397,56347.0,113088.0,88800.0
24001398,56347.0,111328.0,89700.0
24001399,56347.0,113088.0,89700.0
24001400,56347.0,112208.0,89700.0
24001401,52947.0,111128.0,90400.0
24001402,52947.0,112058.0,90400.0
24001403,52947.0,112988.0,90400.0
24001404,52947.0,113918.0,90400.0
24001405,52947.0,111128.0,88733.0
24001406,52947.0,112058.0,88733.0
24001407,52947.0,112988.0,88733.0
24001408,52947.0,113918.0,88733.0
24001409,52947.0,111128.0,89566.0
24001410,52947.0,113918.0,89566.0
24001411,52947.0,112058.0,89566.0
24001412,52947.0,112988.0,89566.0
24001413,53622.0,114848.0,90400.0
24001414,54297.0,114848.0,90400.0
24001415,54300.0,114848.0,90950.0
24001416,54797.0,114848.0,90950.0
24001417,55297.0,114848.0,90950.0
24001418,55794.0,114848.0,90950.0
24001419,55797.0,114848.0,90400.0
24001420,53622.0,114848.0,88733.0
24001421,54297.0,114848.0,88733.0
24001422,55797.0,114848.0,88733.0
24001423,53622.0,114848.0,89566.0
24001424,55797.0,114848.0,89566.0
24001425,54797.0,114848.0,90400.0
24001426,54297.0,114848.0,89566.0
24001427,55297.0,114848.0,90400.0
24001428,56347.0,106673.0,90600.0
24001429,56347.0,106673.0,88800.0
24001430,56347.0,106673.0,89700.0
24001431,56347.0,99381.0,90600.0
24001432,56347.0,100214.0,90600.0
24001433,56347.0,99381.0,88800.0
24001434,56347.0,100214.0,88800.0
24001435,56347.0,99381.0,89700.0
24001436,56347.0,100214.0,89700.0
24001437,63747.0,102064.0,90500.0
24001438,63747.0,103081.0,90500.0
24001439,63747.0,104098.0,90500.0
24001440,63747.0,105114.0,90500.0
24001441,63747.0,106131.0,90500.0
24001442,63747.0,102064.0,88766.0
24001443,63747.0,103081.0,88766.0
24001444,63747.0,104098.0,88766.0
24001445,63747.0,105114.0,88766.0
24001446,63747.0,106131.0,88766.0
24001447,63747.0,102064.0,89633.0
24001448,63747.0,106131.0,89633.0
24001449,63747.0,103081.0,89633.0
24001450,63747.0,104098.0,89633.0
24001451,63747.0,105114.0,89633.0
24001452,63747.0,99381.0,90400.0
24001453,63747.0,100214.0,90400.0
24001454,63747.0,99381.0,88733.0
24001455,63747.0,100214.0,88733.0
24001456,63747.0,99381.0,89566.0
24001457,63747.0,100214.0,89566.0
24001458,54680.0,101048.0,90600.0
24001459,55513.0,101048.0,90600.0
24001460,54680.0,101048.0,88800.0
24001461,55513.0,101048.0,88800.0
24001462,54680.0,101048.0,89700.0
24001463,55513.0,101048.0,89700.0
24001464,60822.0,98548.0,90400.0
24001465,61297.0,98548.0,90400.0
24001466,61300.0,98548.0,90950.0
24001467,61797.0,98548.0,90950.0
24001468,62297.0,98548.0,90950.0
24001469,62794.0,98548.0,90950.0
24001470,62797.0,98548.0,90400.0
24001471,63272.0,98548.0,90400.0
24001472,60822.0,98548.0,88733.0
24001473,61297.0,98548.0,88733.0
24001474,63272.0,98548.0,88733.0
24001475,62797.0,98548.0,88733.0
24001476,60822.0,98548.0,89566.0
24001477,63272.0,98548.0,89566.0
24001478,61797.0,98548.0,90400.0
24001479,61297.0,98548.0,89566.0
24001480,62297.0,98548.0,90400.0
24001481,62797.0,98548.0,89566.0
24001482,61197.0,101048.0,90400.0
24001483,62047.0,101048.0,90400.0
24001484,62897.0,101048.0,90400.0
24001485,61197.0,101048.0,88733.0
24001486,62047.0,101048.0,88733.0
24001487,62897.0,101048.0,88733.0
24001488,61197.0,101048.0,89566.0
24001489,62897.0,101048.0,89566.0
24001490,62047.0,101048.0,89566.0
24001491,111267.0,104698.0,90600.0
24001492,111267.0,105698.0,90600.0
24001493,111267.0,104698.0,88800.0
24001494,111267.0,105698.0,88800.0
24001495,111267.0,104698.0,89700.0
24001496,111267.0,105698.0,89700.0
24001497,108067.0,101048.0,90600.0
24001498,108067.0,101048.0,88800.0
24001499,108067.0,101048.0,89700.0
24001500,98867.0,114848.0,90600.0
24001501,98867.0,114848.0,88800.0
24001502,98867.0,114848.0,89700.0
24001503,108492.0,114848.0,90400.0
24001504,108495.0,114848.0,90950.0
24001505,108992.0,114848.0,90950.0
24001506,109492.0,114848.0,90950.0
24001507,109989.0,114848.0,90950.0
24001508,109992.0,114848.0,90400.0
24001509,108492.0,114848.0,88733.0
24001510,109992.0,114848.0,88733.0
24001511,108492.0,114848.0,89566.0
24001512,109992.0,114848.0,89566.0
24001513,108992.0,114848.0,90400.0
24001514,109492.0,114848.0,90400.0
24001515,107842.0,114848.0,90500.0
24001516,107842.0,114848.0,88766.0
24001517,107842.0,114848.0,89633.0
24001518,107467.0,114248.0,90500.0
24001519,107467.0,114248.0,88766.0
24001520,107467.0,114248.0,89633.0
24001521,111267.0,114248.0,90600.0
24001522,111267.0,114248.0,88800.0
24001523,111267.0,114248.0,89700.0
24001524,110767.0,114848.0,90500.0
24001525,110767.0,114848.0,88766.0
24001526,110767.0,114848.0,89633.0
24001527,110492.0,98548.0,90600.0
24001528,110492.0,98548.0,88800.0
24001529,110492.0,98548.0,89700.0
24001530,99067.0,98548.0,90600.0
24001531,100067.0,98548.0,90600.0
24001532,99067.0,98548.0,88800.0
24001533,100067.0,98548.0,88800.0
24001534,99067.0,98548.0,89700.0
24001535,100067.0,98548.0,89700.0
24001536,105733.0,98548.0,90600.0
24001537,106600.0,98548.0,90600.0
24001538,105733.0,98548.0,88800.0
24001539,106600.0,98548.0,88800.0
24001540,105733.0,98548.0,89700.0
24001541,106600.0,98548.0,89700.0
24001542,101067.0,99070.0,90600.0
24001543,101067.0,99070.0,88800.0
24001544,101067.0,99070.0,89700.0
24001545,104867.0,99070.0,90600.0
24001546,104867.0,99070.0,88800.0
24001547,104867.0,99070.0,89700.0
24001548,107467.0,99381.0,90600.0
24001549,107467.0,100214.0,90600.0
24001550,107467.0,99381.0,88800.0
24001551,107467.0,100214.0,88800.0
24001552,107467.0,99381.0,89700.0
24001553,107467.0,100214.0,89700.0
24001554,109517.0,101048.0,90600.0
24001555,109517.0,101048.0,88800.0
24001556,109517.0,101048.0,89700.0
24001557,110817.0,101048.0,90600.0
24001558,110817.0,101048.0,88800.0
24001559,110817.0,101048.0,89700.0
24001560,111267.0,99381.0,90600.0
24001561,111267.0,100214.0,90600.0
24001562,111267.0,99381.0,88800.0
24001563,111267.0,100214.0,88800.0
24001564,111267.0,99381.0,89700.0
24001565,111267.0,100214.0,89700.0
24001566,111267.0,101931.0,90600.0
24001567,111267.0,102814.0,90600.0
24001568,111267.0,101931.0,88800.0
24001569,111267.0,102814.0,88800.0
24001570,111267.0,101931.0,89700.0
24001571,111267.0,102814.0,89700.0
24001572,99067.0,107148.0,90600.0
24001573,100067.0,107148.0,90600.0
24001574,99067.0,107148.0,88800.0
24001575,100067.0,107148.0,88800.0
24001576,99067.0,107148.0,89700.0
24001577,100067.0,107148.0,89700.0
24001578,101067.0,106723.0,90600.0
24001579,101067.0,106723.0,88800.0
24001580,101067.0,106723.0,89700.0
24001581,104867.0,106723.0,90600.0
24001582,104867.0,106723.0,88800.0
24001583,104867.0,106723.0,89700.0
24001584,105733.0,107139.0,90900.0
24001585,106600.0,107131.0,90900.0
24001586,105733.0,107139.0,88800.0
24001587,106600.0,107131.0,88800.0
24001588,105733.0,107139.0,89700.0
24001589,106600.0,107131.0,89700.0
24001590,110817.0,107148.0,90700.0
24001591,110817.0,107148.0,88800.0
24001592,110817.0,107148.0,89700.0
24001593,104867.0,109345.0,90600.0
24001594,104867.0,109345.0,88800.0
24001595,104867.0,109345.0,89700.0
24001596,105733.0,108798.0,90900.0
24001597,106600.0,108798.0,90900.0
24001598,105733.0,108798.0,88800.0
24001599,106600.0,108798.0,88800.0
24001600,105733.0,108798.0,89700.0
24001601,106600.0,108798.0,89700.0
24001602,107467.0,109345.0,90600.0
24001603,107467.0,109345.0,88800.0
24001604,107467.0,109345.0,89700.0
24001605,98067.0,111448.0,90900.0
24001606,98067.0,112448.0,90900.0
24001607,98067.0,111448.0,88800.0
24001608,98067.0,112448.0,88800.0
24001609,98067.0,111448.0,89700.0
24001610,98067.0,112448.0,89700.0
24001611,100567.0,110448.0,90600.0
24001612,100567.0,110448.0,88800.0
24001613,100567.0,110448.0,89700.0
24001614,100367.0,113448.0,90900.0
24001615,100367.0,113448.0,88800.0
24001616,100367.0,113448.0,89700.0
24001617,101067.0,111448.0,90600.0
24001618,101067.0,112448.0,90600.0
24001619,101067.0,111448.0,88800.0
24001620,101067.0,112448.0,88800.0
24001621,101067.0,111448.0,89700.0
24001622,101067.0,112448.0,89700.0
24001623,98067.0,114148.0,90600.0
24001624,98067.0,114148.0,88800.0
24001625,98067.0,114148.0,89700.0
24001626,111267.0,111060.0,90600.0
24001627,111267.0,111923.0,90600.0
24001628,111267.0,112785.0,90600.0
24001629,111267.0,111060.0,88800.0
24001630,111267.0,111923.0,88800.0
24001631,111267.0,112785.0,88800.0
24001632,111267.0,111060.0,89700.0
24001633,111267.0,112785.0,89700.0
24001634,111267.0,111923.0,89700.0
24001635,100367.0,114848.0,90600.0
24001636,100367.0,114848.0,88800.0
24001637,100367.0,114848.0,89700.0
24001638,105733.0,114848.0,90600.0
24001639,106600.0,114848.0,90600.0
24001640,105733.0,114848.0,88800.0
24001641,106600.0,114848.0,88800.0
24001642,105733.0,114848.0,89700.0
24001643,106600.0,114848.0,89700.0
24001644,107467.0,106710.0,90600.0
24001645,107467.0,106710.0,88800.0
24001646,107467.0,106710.0,89700.0
24001647,98067.0,102481.0,90600.0
24001648,98067.0,103414.0,90600.0
24001649,98067.0,102481.0,88800.0
24001650,98067.0,103414.0,88800.0
24001651,98067.0,102481.0,89700.0
24001652,98067.0,103414.0,89700.0
24001653,98067.0,105281.0,90600.0
24001654,98067.0,106214.0,90600.0
24001655,98067.0,105281.0,88800.0
24001656,98067.0,106214.0,88800.0
24001657,98067.0,105281.0,89700.0
24001658,98067.0,106214.0,89700.0
24001659,104867.0,114248.0,90600.0
24001660,104867.0,114248.0,88800.0
24001661,104867.0,114248.0,89700.0
24001662,98067.0,99381.0,90600.0
24001663,98067.0,100214.0,90600.0
24001664,98067.0,99381.0,88800.0
24001665,98067.0,100214.0,88800.0
24001666,98067.0,99381.0,89700.0
24001667,98067.0,100214.0,89700.0
24001668,61197.0,110448.0,90400.0
24001669,62047.0,110448.0,90400.0
24001670,62897.0,110448.0,90400.0
24001671,61197.0,110448.0,88733.0
24001672,62047.0,110448.0,88733.0
24001673,62897.0,110448.0,88733.0
24001674,61197.0,110448.0,89566.0
24001675,62897.0,110448.0,89566.0
24001676,62047.0,110448.0,89566.0
24001677,24276.0,113839.0,91500.0
24001678,24243.0,112886.0,91500.0
24001679,24231.0,111941.0,91500.0
24001680,24227.0,110977.0,91500.0
24001681,24224.0,110000.0,91500.0
24001682,24222.0,109011.0,91500.0
24001683,24219.0,108072.0,91500.0
24001684,25257.0,113924.0,91500.0
24001685,25204.0,113003.0,91500.0
24001686,25187.0,112064.0,91500.0
24001687,25181.0,111102.0,91500.0
24001688,25177.0,110120.0,91500.0
24001689,25173.0,109127.0,91500.0
24001690,25170.0,108135.0,91500.0
24001691,26173.0,114011.0,91500.0
24001692,26142.0,113153.0,91500.0
24001693,26131.0,112222.0,91500.0
24001694,26127.0,111252.0,91500.0
24001695,26124.0,110256.0,91500.0
24001696,26121.0,109228.0,91500.0
24001697,26119.0,108190.0,91500.0
24001698,27767.0,114148.0,91500.0
24001699,29267.0,114148.0,91500.0
24001700,17833.0,112807.0,91500.0
24001701,17803.0,111978.0,91500.0
24001702,17814.0,109560.0,91500.0
24001703,17803.0,110360.0,91500.0
24001704,17797.0,111175.0,91500.0
24001705,18747.0,110499.0,91500.0
24001706,18711.0,111308.0,91500.0
24001707,18758.0,109644.0,91500.0
24001708,18725.0,111989.0,91500.0
24001709,18796.0,112799.0,91500.0
24001710,19605.0,111720.0,91500.0
24001711,19687.0,110724.0,91500.0
24001712,19711.0,109759.0,91500.0
24001713,19736.0,112715.0,91500.0
24001714,17727.0,107952.0,91500.0
24001715,18522.0,107951.0,91500.0
24001716,19173.0,107945.0,91500.0
24001717,19928.0,107945.0,91500.0
24001718,21533.0,107964.0,91500.0
24001719,22400.0,107968.0,91500.0
24001720,24217.0,106235.0,91500.0
24001721,24217.0,105296.0,91500.0
24001722,25167.0,106224.0,91500.0
24001723,25167.0,105289.0,91500.0
24001724,26117.0,106235.0,91500.0
24001725,26117.0,105296.0,91500.0
24001726,17733.0,100214.0,91500.0
24001727,17704.0,99381.0,91500.0
24001728,18596.0,100214.0,91500.0
24001729,18559.0,99381.0,91500.0
24001730,24217.0,103414.0,91500.0
24001731,24217.0,102481.0,91500.0
24001732,25167.0,103414.0,91500.0
24001733,25167.0,102481.0,91500.0
24001734,26117.0,103414.0,91500.0
24001735,26117.0,102481.0,91500.0
24001736,24235.0,100556.0,91500.0
24001737,24271.0,99559.0,91500.0
24001738,25193.0,100552.0,91500.0
24001739,25253.0,99553.0,91500.0
24001740,26135.0,100556.0,91500.0
24001741,26171.0,99558.0,91500.0
24001742,53835.0,107943.0,91500.0
24001743,54736.0,107923.0,91500.0
24001744,55602.0,107903.0,91500.0
24001745,109538.0,100214.0,91500.0
24001746,109574.0,99381.0,91500.0
24001747,110401.0,100214.0,91500.0
24001748,110429.0,99381.0,91500.0
24001749,98867.0,114148.0,91500.0
24001750,100367.0,114148.0,91500.0
24001751,108372.0,112745.0,91500.0
24001752,108436.0,111814.0,91500.0
24001753,108445.0,109786.0,91500.0
24001754,108536.0,110807.0,91500.0
24001755,109424.0,111113.0,91500.0
24001756,109371.0,111930.0,91500.0
24001757,109425.0,110435.0,91500.0
24001758,109388.0,109627.0,91500.0
24001759,109326.0,112783.0,91500.0
24001760,110341.0,110329.0,91500.0
24001761,110337.0,111124.0,91500.0
24001762,110328.0,109547.0,91500.0
24001763,110293.0,112795.0,91500.0
24001764,110320.0,111948.0,91500.0
24001765,101998.0,100556.0,91500.0
24001766,101962.0,99558.0,91500.0
24001767,102940.0,100552.0,91500.0
24001768,102881.0,99553.0,91500.0
24001769,103898.0,100556.0,91500.0
24001770,103862.0,99559.0,91500.0
24001771,108205.0,107945.0,91500.0
24001772,108960.0,107945.0,91500.0
24001773,109611.0,107951.0,91500.0
24001774,110406.0,107952.0,91500.0
24001775,102017.0,106235.0,91500.0
24001776,102017.0,105296.0,91500.0
24001777,102967.0,106224.0,91500.0
24001778,102967.0,105289.0,91500.0
24001779,103917.0,106235.0,91500.0
24001780,103917.0,105296.0,91500.0
24001781,101960.0,114011.0,91500.0
24001782,101992.0,113153.0,91500.0
24001783,102002.0,112222.0,91500.0
24001784,102007.0,111252.0,91500.0
24001785,102010.0,110256.0,91500.0
24001786,102012.0,109228.0,91500.0
24001787,102014.0,108190.0,91500.0
24001788,102877.0,113924.0,91500.0
24001789,102929.0,113003.0,91500.0
24001790,102946.0,112064.0,91500.0
24001791,102953.0,111102.0,91500.0
24001792,102957.0,110120.0,91500.0
24001793,102960.0,109127.0,91500.0
24001794,102963.0,108135.0,91500.0
24001795,103858.0,113839.0,91500.0
24001796,103890.0,112886.0,91500.0
24001797,103902.0,111941.0,91500.0
24001798,103907.0,110977.0,91500.0
24001799,103910.0,110000.0,91500.0
24001800,103912.0,109011.0,91500.0
24001801,103914.0,108072.0,91500.0
24001802,102017.0,103414.0,91500.0
24001803,102017.0,102481.0,91500.0
24001804,102967.0,103414.0,91500.0
24001805,102967.0,102481.0,91500.0
24001806,103917.0,103414.0,91500.0
24001807,103917.0,102481.0,91500.0
24001808,105733.0,107968.0,91500.0
24001809,106600.0,107964.0,91500.0
25000001,23267.0,114848.0,95100.0
25000002,27067.0,114848.0,95100.0
25000003,20667.0,114848.0,95100.0
25000004,30067.0,114848.0,95100.0
25000005,27067.0,113448.0,95100.0
25000006,27067.0,110448.0,95100.0
25000007,30067.0,113448.0,95100.0
25000008,20667.0,111848.0,95100.0
25000009,20667.0,108798.0,95100.0
25000010,23267.0,111848.0,95100.0
25000011,16867.0,108748.0,95100.0
25000012,23267.0,108798.0,95100.0
25000013,16867.0,107148.0,95100.0
25000014,30067.0,107148.0,95100.0
25000015,23267.0,107148.0,95100.0
25000016,20667.0,107123.0,95100.0
25000017,27067.0,107148.0,95100.0
25000018,16867.0,101048.0,95100.0
25000019,17767.0,107148.0,95100.0
25000020,17767.0,101048.0,95100.0
25000021,20667.0,104348.0,95100.0
25000022,23267.0,104348.0,95100.0
25000023,27067.0,104348.0,95100.0
25000024,20667.0,101548.0,95100.0
25000025,20667.0,101048.0,95100.0
25000026,23267.0,101548.0,95100.0
25000027,27067.0,101548.0,95100.0
25000028,20667.0,98548.0,95100.0
25000029,23267.0,98548.0,95100.0
25000030,27067.0,98548.0,95100.0
25000031,16867.0,110198.0,95100.0
25000032,30067.0,110448.0,95100.0
25000033,23267.0,109893.0,95100.0
25000034,28067.0,110448.0,95100.0
25000035,23267.0,106298.0,95100.0
25000036,27067.0,106298.0,95100.0
25000037,20167.0,107098.0,95100.0
25000038,23267.0,99593.0,95100.0
25000039,27067.0,99593.0,95100.0
25000040,18417.0,98548.0,95100.0
25000041,20667.0,113648.0,95100.0
25000042,16867.0,113648.0,95100.0
25000043,19917.0,113648.0,95100.0
25000044,19917.0,114848.0,95100.0
25000045,17867.0,113648.0,95100.0
25000046,17867.0,114848.0,95100.0
25000047,28467.0,113448.0,95100.0
25000048,28467.0,114848.0,95100.0
25000049,19467.0,98548.0,95100.0
25000050,19467.0,101048.0,95100.0
25000051,17767.0,103698.0,95100.0
25000052,16867.0,103698.0,95100.0
25000053,20667.0,106298.0,95100.0
25000054,23267.0,113648.0,95100.0
25000055,20667.0,109893.0,95100.0
25000056,4867.0,114848.0,95100.0
25000057,4867.0,106698.0,95100.0
25000058,4867.0,98548.0,95100.0
25000059,4867.0,87098.0,95100.0
25000060,4867.0,126298.0,95100.0
25000061,9467.0,126348.0,95100.0
25000062,13067.0,126348.0,95100.0
25000063,124067.0,114848.0,95100.0
25000064,124067.0,106698.0,95100.0
25000065,124067.0,98548.0,95100.0
25000066,124067.0,87098.0,95100.0
25000067,124067.0,126298.0,95100.0
25000068,30067.0,98548.0,95100.0
25000069,30067.0,101048.0,95100.0
25000070,30067.0,104348.0,95100.0
25000071,30067.0,101548.0,95100.0
25000072,13067.0,87048.0,95100.0
25000073,9467.0,87048.0,95100.0
25000074,63747.0,110448.0,95100.0
25000075,60347.0,101048.0,95100.0
25000076,60347.0,107048.0,95100.0
25000077,63747.0,107148.0,95100.0
25000078,52947.0,114848.0,95100.0
25000079,56347.0,108748.0,95100.0
25000080,52947.0,103698.0,95100.0
25000081,53847.0,103698.0,95100.0
25000082,54497.0,98548.0,95100.0
25000083,56347.0,110448.0,95100.0
25000084,52947.0,110198.0,95100.0
25000085,56347.0,113448.0,95100.0
25000086,52947.0,101048.0,95100.0
25000087,53847.0,101048.0,95100.0
25000088,53847.0,107148.0,95100.0
25000089,52947.0,107148.0,95100.0
25000090,56347.0,107048.0,95100.0
25000091,52947.0,108748.0,95100.0
25000092,56347.0,101548.0,95100.0
25000093,55947.0,107048.0,95100.0
25000094,56347.0,106298.0,95100.0
25000095,60347.0,110448.0,95100.0
25000096,56347.0,104348.0,95100.0
25000097,56347.0,101048.0,95100.0
25000098,63747.0,101048.0,95100.0
25000099,52947.0,98548.0,95100.0
25000100,60347.0,104348.0,95100.0
25000101,119800.0,87048.0,95100.0
25000102,115533.0,87048.0,95100.0
25000103,111267.0,103698.0,95100.0
25000104,110367.0,103698.0,95100.0
25000105,108667.0,101048.0,95100.0
25000106,108667.0,98548.0,95100.0
25000107,99667.0,114848.0,95100.0
25000108,99667.0,113448.0,95100.0
25000109,110267.0,114848.0,95100.0
25000110,110267.0,113648.0,95100.0
25000111,108217.0,114848.0,95100.0
25000112,108217.0,113648.0,95100.0
25000113,111267.0,113648.0,95100.0
25000114,107467.0,113648.0,95100.0
25000115,109717.0,98548.0,95100.0
25000116,101067.0,99593.0,95100.0
25000117,104867.0,99593.0,95100.0
25000118,107967.0,107098.0,95100.0
25000119,101067.0,106298.0,95100.0
25000120,104867.0,106298.0,95100.0
25000121,100067.0,110448.0,95100.0
25000122,104867.0,109893.0,95100.0
25000123,98067.0,110448.0,95100.0
25000124,111267.0,110198.0,95100.0
25000125,101067.0,98548.0,95100.0
25000126,104867.0,98548.0,95100.0
25000127,107467.0,98548.0,95100.0
25000128,101067.0,101548.0,95100.0
25000129,104867.0,101548.0,95100.0
25000130,107467.0,101048.0,95100.0
25000131,107467.0,101548.0,95100.0
25000132,101067.0,104348.0,95100.0
25000133,104867.0,104348.0,95100.0
25000134,107467.0,104348.0,95100.0
25000135,110367.0,101048.0,95100.0
25000136,110367.0,107148.0,95100.0
25000137,111267.0,101048.0,95100.0
25000138,101067.0,107148.0,95100.0
25000139,107467.0,107123.0,95100.0
25000140,104867.0,107148.0,95100.0
25000141,98067.0,107148.0,95100.0
25000142,111267.0,107148.0,95100.0
25000143,104867.0,108798.0,95100.0
25000144,111267.0,108748.0,95100.0
25000145,104867.0,111848.0,95100.0
25000146,107467.0,108798.0,95100.0
25000147,107467.0,111848.0,95100.0
25000148,98067.0,113448.0,95100.0
25000149,101067.0,110448.0,95100.0
25000150,101067.0,113448.0,95100.0
25000151,98067.0,114848.0,95100.0
25000152,107467.0,114848.0,95100.0
25000153,101067.0,114848.0,95100.0
25000154,104867.0,114848.0,95100.0
25000155,107467.0,106298.0,95100.0
25000156,98067.0,101548.0,95100.0
25000157,98067.0,104348.0,95100.0
25000158,107467.0,109893.0,95100.0
25000159,104867.0,113648.0,95100.0
25000160,98067.0,101048.0,95100.0
25000161,98067.0,98548.0,95100.0
25000162,63747.0,98548.0,95100.0
25000163,56347.0,98548.0,95100.0
25000164,56347.0,114848.0,95100.0
25000165,63747.0,114848.0,95100.0
25000166,60347.0,114848.0,95100.0
25000167,60347.0,98548.0,95100.0
25000168,30067.0,87098.0,95100.0
25000169,30067.0,126298.0,95100.0
25000170,16867.0,98548.0,95100.0
25000171,16867.0,114848.0,95100.0
25000172,16867.0,106698.0,95100.0
25000173,16867.0,87098.0,95100.0
25000174,16867.0,126298.0,95100.0
25000175,111267.0,126298.0,95100.0
25000176,111267.0,87098.0,95100.0
25000177,98067.0,87098.0,95100.0
25000178,98067.0,126298.0,95100.0
25000179,111267.0,106698.0,95100.0
25000180,111267.0,114848.0,95100.0
25000181,111267.0,98548.0,95100.0
25000182,41507.0,126298.0,95100.0
25000183,41507.0,87098.0,95100.0
25000184,52947.0,87098.0,95100.0
25000185,52947.0,126298.0,95100.0
25000186,75187.0,87098.0,95100.0
25000187,75187.0,126298.0,95100.0
25000188,86627.0,126298.0,95100.0
25000189,86627.0,87098.0,95100.0
25000190,102700.0,87048.0,95100.0
25000191,47227.0,126348.0,95100.0
25000192,47227.0,87048.0,95100.0
25000193,35787.0,126348.0,95100.0
25000194,35787.0,87048.0,95100.0
25000195,25433.0,126348.0,95100.0
25000196,25433.0,114848.0,95100.0
25000197,25433.0,87048.0,95100.0
25000198,25433.0,98548.0,95100.0
25000199,20667.0,87048.0,95100.0
25000200,20667.0,126348.0,95100.0
25000201,102700.0,126348.0,95100.0
25000202,102700.0,114848.0,95100.0
25000203,107467.0,126348.0,95100.0
25000204,107467.0,87048.0,95100.0
25000205,58322.0,87048.0,95100.0
25000206,58322.0,126348.0,95100.0
25000207,58322.0,114848.0,95100.0
25000208,69467.0,126348.0,95100.0
25000209,69467.0,87048.0,95100.0
25000210,80907.0,126348.0,95100.0
25000211,80907.0,87048.0,95100.0
25000212,92347.0,126348.0,95100.0
25000213,92347.0,87048.0,95100.0
25000214,119800.0,126348.0,95100.0
25000215,115533.0,126348.0,95100.0
25000216,30067.0,106698.0,95100.0
25000217,52947.0,106698.0,95100.0
25000218,63747.0,106698.0,95100.0
25000219,58322.0,98548.0,95100.0
25000220,98067.0,106698.0,95100.0
25000221,102700.0,98548.0,95100.0
25000222,47227.0,106698.0,95100.0
25000223,47227.0,98548.0,95100.0
25000224,47227.0,114848.0,95100.0
25000225,35787.0,106698.0,95100.0
25000226,35787.0,98548.0,95100.0
25000227,35787.0,114848.0,95100.0
25000228,69467.0,106698.0,95100.0
25000229,69467.0,98548.0,95100.0
25000230,69467.0,114848.0,95100.0
25000231,80907.0,106698.0,95100.0
25000232,80907.0,98548.0,95100.0
25000233,80907.0,114848.0,95100.0
25000234,92347.0,106698.0,95100.0
25000235,92347.0,98548.0,95100.0
25000236,92347.0,114848.0,95100.0
25000237,119800.0,106698.0,95100.0
25000238,119800.0,98548.0,95100.0
25000239,119800.0,114848.0,95100.0
25000240,115533.0,106698.0,95100.0
25000241,115533.0,98548.0,95100.0
25000242,115533.0,114848.0,95100.0
25000243,86627.0,106698.0,95100.0
25000244,86627.0,98548.0,95100.0
25000245,86627.0,114848.0,95100.0
25000246,75187.0,106698.0,95100.0
25000247,75187.0,98548.0,95100.0
25000248,75187.0,114848.0,95100.0
25000249,41507.0,106698.0,95100.0
25000250,41507.0,98548.0,95100.0
25000251,41507.0,114848.0,95100.0
25000252,13067.0,106698.0,95100.0
25000253,13067.0,98548.0,95100.0
25000254,13067.0,114848.0,95100.0
25000255,9467.0,106698.0,95100.0
25000256,9467.0,98548.0,95100.0
25000257,9467.0,114848.0,95100.0
25000258,63747.0,87098.0,95100.0
25000259,63747.0,126298.0,95100.0
25000260,16867.0,108748.0,94300.0
25000261,16867.0,110198.0,94300.0
25000262,27067.0,113448.0,94500.0
25000263,27067.0,114848.0,94500.0
25000264,20667.0,107123.0,94500.0
25000265,20667.0,108798.0,94500.0
25000266,28067.0,110448.0,94500.0
25000267,30067.0,110448.0,94500.0
25000268,16867.0,107148.0,94300.0
25000269,23267.0,107148.0,94500.0
25000270,23267.0,108798.0,94500.0
25000271,17767.0,107148.0,94400.0
25000272,20167.0,107098.0,94400.0
25000273,18417.0,98548.0,94300.0
25000274,19467.0,98548.0,94300.0
25000275,28467.0,113448.0,94500.0
25000276,30067.0,113448.0,94500.0
25000277,20667.0,98548.0,94300.0
25000278,56347.0,113448.0,94400.0
25000279,56347.0,114848.0,94400.0
25000280,53847.0,107148.0,94400.0
25000281,55947.0,107048.0,94400.0
25000282,54497.0,98548.0,94300.0
25000283,56347.0,98548.0,94300.0
25000284,107467.0,98548.0,94300.0
25000285,108667.0,98548.0,94300.0
25000286,98067.0,113448.0,94500.0
25000287,99667.0,113448.0,94500.0
25000288,107967.0,107098.0,94400.0
25000289,110367.0,107148.0,94400.0
25000290,104867.0,107148.0,94500.0
25000291,104867.0,108798.0,94500.0
25000292,111267.0,107148.0,94300.0
25000293,111267.0,108748.0,94300.0
25000294,107467.0,107123.0,94500.0
25000295,107467.0,108798.0,94500.0
25000296,101067.0,113448.0,94500.0
25000297,101067.0,114848.0,94500.0
25000298,111267.0,110198.0,94300.0
25000299,98067.0,110448.0,94500.0
25000300,100067.0,110448.0,94500.0
25000301,109717.0,98548.0,94300.0
25000302,17367.0,114848.0,95100.0
25000303,21533.0,114848.0,95100.0
25000304,22400.0,114848.0,95100.0
25000305,27767.0,114848.0,95100.0
25000306,16867.0,111060.0,95100.0
25000307,16867.0,111923.0,95100.0
25000308,16867.0,112785.0,95100.0
25000309,16867.0,109110.0,95100.0
25000310,16867.0,109473.0,95100.0
25000311,16867.0,109835.0,95100.0
25000312,27067.0,113798.0,95100.0
25000313,27067.0,114148.0,95100.0
25000314,27067.0,114498.0,95100.0
25000315,30067.0,114148.0,95100.0
25000316,27067.0,111448.0,95100.0
25000317,27067.0,112448.0,95100.0
25000318,27767.0,113448.0,95100.0
25000319,27567.0,110448.0,95100.0
25000320,30067.0,111448.0,95100.0
25000321,30067.0,112448.0,95100.0
25000322,20667.0,109345.0,95100.0
25000323,20667.0,107541.0,95100.0
25000324,20667.0,107960.0,95100.0
25000325,20667.0,108379.0,95100.0
25000326,21533.0,108798.0,95100.0
25000327,22400.0,108798.0,95100.0
25000328,23267.0,109345.0,95100.0
25000329,28567.0,110448.0,95100.0
25000330,29067.0,110448.0,95100.0
25000331,29567.0,110448.0,95100.0
25000332,16867.0,107548.0,95100.0
25000333,16867.0,107948.0,95100.0
25000334,16867.0,108348.0,95100.0
25000335,23267.0,107560.0,95100.0
25000336,23267.0,107973.0,95100.0
25000337,23267.0,108385.0,95100.0
25000338,17317.0,107148.0,95100.0
25000339,21533.0,107131.0,95100.0
25000340,22400.0,107139.0,95100.0
25000341,23267.0,106723.0,95100.0
25000342,27067.0,106723.0,95100.0
25000343,28067.0,107148.0,95100.0
25000344,29067.0,107148.0,95100.0
25000345,16867.0,101931.0,95100.0
25000346,16867.0,102814.0,95100.0
25000347,16867.0,99381.0,95100.0
25000348,16867.0,100214.0,95100.0
25000349,17317.0,101048.0,95100.0
25000350,18167.0,107139.0,95100.0
25000351,18567.0,107131.0,95100.0
25000352,18967.0,107123.0,95100.0
25000353,19367.0,107114.0,95100.0
25000354,19767.0,107106.0,95100.0
25000355,18617.0,101048.0,95100.0
25000356,20667.0,99381.0,95100.0
25000357,20667.0,100214.0,95100.0
25000358,17642.0,98548.0,95100.0
25000359,18942.0,98548.0,95100.0
25000360,21533.0,98548.0,95100.0
25000361,22400.0,98548.0,95100.0
25000362,23267.0,99070.0,95100.0
25000363,27067.0,99070.0,95100.0
25000364,28067.0,98548.0,95100.0
25000365,29067.0,98548.0,95100.0
25000366,16867.0,114248.0,95100.0
25000367,20667.0,114248.0,95100.0
25000368,20292.0,114848.0,95100.0
25000369,18142.0,114848.0,95100.0
25000370,18642.0,114848.0,95100.0
25000371,19142.0,114848.0,95100.0
25000372,19642.0,114848.0,95100.0
25000373,29267.0,114848.0,95100.0
25000374,28867.0,113448.0,95100.0
25000375,29267.0,113448.0,95100.0
25000376,29667.0,113448.0,95100.0
25000377,20067.0,101048.0,95100.0
25000378,20067.0,98548.0,95100.0
25000379,16867.0,104698.0,95100.0
25000380,16867.0,105698.0,95100.0
25000381,20667.0,106710.0,95100.0
25000382,23267.0,114248.0,95100.0
25000383,30067.0,99381.0,95100.0
25000384,30067.0,100214.0,95100.0
25000385,30067.0,105281.0,95100.0
25000386,30067.0,106214.0,95100.0
25000387,30067.0,102481.0,95100.0
25000388,30067.0,103414.0,95100.0
25000389,60347.0,101873.0,95100.0
25000390,60347.0,102698.0,95100.0
25000391,60347.0,103523.0,95100.0
25000392,63747.0,111328.0,95100.0
25000393,63747.0,112208.0,95100.0
25000394,63747.0,113088.0,95100.0
25000395,63747.0,113968.0,95100.0
25000396,61022.0,114848.0,95100.0
25000397,61697.0,114848.0,95100.0
25000398,62197.0,114848.0,95100.0
25000399,62697.0,114848.0,95100.0
25000400,63197.0,114848.0,95100.0
25000401,52947.0,104560.0,95100.0
25000402,52947.0,105423.0,95100.0
25000403,52947.0,106285.0,95100.0
25000404,53722.0,98548.0,95100.0
25000405,52947.0,99381.0,95100.0
25000406,52947.0,100214.0,95100.0
25000407,52947.0,101931.0,95100.0
25000408,52947.0,102814.0,95100.0
25000409,53397.0,101048.0,95100.0
25000410,53397.0,107148.0,95100.0
25000411,56347.0,111328.0,95100.0
25000412,56347.0,112208.0,95100.0
25000413,56347.0,113088.0,95100.0
25000414,56347.0,113798.0,95100.0
25000415,56347.0,114148.0,95100.0
25000416,56347.0,114498.0,95100.0
25000417,52947.0,111128.0,95100.0
25000418,52947.0,112058.0,95100.0
25000419,52947.0,112988.0,95100.0
25000420,52947.0,113918.0,95100.0
25000421,53622.0,114848.0,95100.0
25000422,54297.0,114848.0,95100.0
25000423,54797.0,114848.0,95100.0
25000424,55297.0,114848.0,95100.0
25000425,55797.0,114848.0,95100.0
25000426,54372.0,107123.0,95100.0
25000427,54897.0,107098.0,95100.0
25000428,55422.0,107073.0,95100.0
25000429,56347.0,106673.0,95100.0
25000430,56347.0,99381.0,95100.0
25000431,56347.0,100214.0,95100.0
25000432,54959.0,98548.0,95100.0
25000433,55422.0,98548.0,95100.0
25000434,55884.0,98548.0,95100.0
25000435,63747.0,102064.0,95100.0
25000436,63747.0,103081.0,95100.0
25000437,63747.0,104098.0,95100.0
25000438,63747.0,105114.0,95100.0
25000439,63747.0,106131.0,95100.0
25000440,63747.0,99381.0,95100.0
25000441,63747.0,100214.0,95100.0
25000442,54680.0,101048.0,95100.0
25000443,55513.0,101048.0,95100.0
25000444,60822.0,98548.0,95100.0
25000445,61297.0,98548.0,95100.0
25000446,61797.0,98548.0,95100.0
25000447,62297.0,98548.0,95100.0
25000448,62797.0,98548.0,95100.0
25000449,63272.0,98548.0,95100.0
25000450,61197.0,101048.0,95100.0
25000451,62047.0,101048.0,95100.0
25000452,62897.0,101048.0,95100.0
25000453,111267.0,104698.0,95100.0
25000454,111267.0,105698.0,95100.0
25000455,108067.0,98548.0,95100.0
25000456,108067.0,101048.0,95100.0
25000457,98467.0,113448.0,95100.0
25000458,98867.0,113448.0,95100.0
25000459,99267.0,113448.0,95100.0
25000460,98867.0,114848.0,95100.0
25000461,108492.0,114848.0,95100.0
25000462,108992.0,114848.0,95100.0
25000463,109492.0,114848.0,95100.0
25000464,109992.0,114848.0,95100.0
25000465,107842.0,114848.0,95100.0
25000466,107467.0,114248.0,95100.0
25000467,111267.0,114248.0,95100.0
25000468,110767.0,114848.0,95100.0
25000469,110492.0,98548.0,95100.0
25000470,99067.0,98548.0,95100.0
25000471,100067.0,98548.0,95100.0
25000472,105733.0,98548.0,95100.0
25000473,106600.0,98548.0,95100.0
25000474,101067.0,99070.0,95100.0
25000475,104867.0,99070.0,95100.0
25000476,107467.0,99381.0,95100.0
25000477,107467.0,100214.0,95100.0
25000478,109517.0,101048.0,95100.0
25000479,108367.0,107106.0,95100.0
25000480,108767.0,107114.0,95100.0
25000481,109167.0,107123.0,95100.0
25000482,109567.0,107131.0,95100.0
25000483,109967.0,107139.0,95100.0
25000484,110817.0,101048.0,95100.0
25000485,111267.0,99381.0,95100.0
25000486,111267.0,100214.0,95100.0
25000487,111267.0,101931.0,95100.0
25000488,111267.0,102814.0,95100.0
25000489,99067.0,107148.0,95100.0
25000490,100067.0,107148.0,95100.0
25000491,101067.0,106723.0,95100.0
25000492,104867.0,106723.0,95100.0
25000493,105733.0,107139.0,95100.0
25000494,106600.0,107131.0,95100.0
25000495,110817.0,107148.0,95100.0
25000496,104867.0,107560.0,95100.0
25000497,104867.0,107973.0,95100.0
25000498,104867.0,108385.0,95100.0
25000499,111267.0,107548.0,95100.0
25000500,111267.0,107948.0,95100.0
25000501,111267.0,108348.0,95100.0
25000502,104867.0,109345.0,95100.0
25000503,105733.0,108798.0,95100.0
25000504,106600.0,108798.0,95100.0
25000505,107467.0,107541.0,95100.0
25000506,107467.0,107960.0,95100.0
25000507,107467.0,108379.0,95100.0
25000508,107467.0,109345.0,95100.0
25000509,98067.0,111448.0,95100.0
25000510,98067.0,112448.0,95100.0
25000511,100567.0,110448.0,95100.0
25000512,100367.0,113448.0,95100.0
25000513,101067.0,111448.0,95100.0
25000514,101067.0,112448.0,95100.0
25000515,98067.0,114148.0,95100.0
25000516,101067.0,113798.0,95100.0
25000517,101067.0,114148.0,95100.0
25000518,101067.0,114498.0,95100.0
25000519,111267.0,109110.0,95100.0
25000520,111267.0,109473.0,95100.0
25000521,111267.0,109835.0,95100.0
25000522,111267.0,111060.0,95100.0
25000523,111267.0,111923.0,95100.0
25000524,111267.0,112785.0,95100.0
25000525,100367.0,114848.0,95100.0
25000526,105733.0,114848.0,95100.0
25000527,106600.0,114848.0,95100.0
25000528,107467.0,106710.0,95100.0
25000529,98067.0,102481.0,95100.0
25000530,98067.0,103414.0,95100.0
25000531,98067.0,105281.0,95100.0
25000532,98067.0,106214.0,95100.0
25000533,104867.0,114248.0,95100.0
25000534,98067.0,99381.0,95100.0
25000535,98067.0,100214.0,95100.0
25000536,98567.0,110448.0,95100.0
25000537,99067.0,110448.0,95100.0
25000538,99567.0,110448.0,95100.0
25000539,109192.0,98548.0,95100.0
25000540,61197.0,110448.0,95100.0
25000541,62047.0,110448.0,95100.0
25000542,62897.0,110448.0,95100.0
25000543,16867.0,114848.0,94000.0
25000544,16867.0,114848.0,93166.0
25000545,16867.0,114848.0,92333.0
25000546,17867.0,114848.0,94000.0
25000547,17867.0,114848.0,93166.0
25000548,17867.0,114848.0,92333.0
25000549,20667.0,114848.0,94000.0
25000550,20667.0,114848.0,93166.0
25000551,20667.0,114848.0,92333.0
25000552,23267.0,114848.0,94100.0
25000553,23267.0,114848.0,93233.0
25000554,23267.0,114848.0,92366.0
25000555,28467.0,114848.0,94200.0
25000556,28467.0,114848.0,93300.0
25000557,28467.0,114848.0,92400.0
25000558,27067.0,110448.0,94200.0
25000559,27067.0,110448.0,93300.0
25000560,27067.0,110448.0,92400.0
25000561,20667.0,109893.0,94200.0
25000562,20667.0,109893.0,93300.0
25000563,20667.0,109893.0,92400.0
25000564,16867.0,113648.0,94000.0
25000565,16867.0,113648.0,93166.0
25000566,16867.0,113648.0,92333.0
25000567,23267.0,109893.0,94200.0
25000568,23267.0,109893.0,93300.0
25000569,23267.0,109893.0,92400.0
25000570,16867.0,106698.0,94200.0
25000571,16867.0,106698.0,93300.0
25000572,16867.0,106698.0,92400.0
25000573,23267.0,106298.0,94200.0
25000574,23267.0,106298.0,93300.0
25000575,23267.0,106298.0,92400.0
25000576,27067.0,106298.0,94200.0
25000577,27067.0,106298.0,93300.0
25000578,27067.0,106298.0,92400.0
25000579,27067.0,107148.0,94200.0
25000580,27067.0,107148.0,93300.0
25000581,27067.0,107148.0,92400.0
25000582,16867.0,101048.0,94200.0
25000583,16867.0,101048.0,93300.0
25000584,16867.0,101048.0,92400.0
25000585,16867.0,103698.0,94200.0
25000586,16867.0,103698.0,93300.0
25000587,16867.0,103698.0,92400.0
25000588,16867.0,98548.0,94200.0
25000589,16867.0,98548.0,93300.0
25000590,16867.0,98548.0,92400.0
25000591,17767.0,101048.0,94200.0
25000592,17767.0,101048.0,93300.0
25000593,17767.0,101048.0,92400.0
25000594,19467.0,101048.0,94200.0
25000595,19467.0,101048.0,93300.0
25000596,19467.0,101048.0,92400.0
25000597,20667.0,101048.0,94200.0
25000598,20667.0,101048.0,93300.0
25000599,20667.0,101048.0,92400.0
25000600,23267.0,98548.0,94200.0
25000601,23267.0,98548.0,93300.0
25000602,23267.0,98548.0,92400.0
25000603,23267.0,99593.0,94200.0
25000604,23267.0,99593.0,93300.0
25000605,23267.0,99593.0,92400.0
25000606,27067.0,98548.0,94200.0
25000607,27067.0,98548.0,93300.0
25000608,27067.0,98548.0,92400.0
25000609,27067.0,99593.0,94200.0
25000610,27067.0,99593.0,93300.0
25000611,27067.0,99593.0,92400.0
25000612,30067.0,98548.0,94200.0
25000613,30067.0,98548.0,93300.0
25000614,30067.0,98548.0,92400.0
25000615,19917.0,114848.0,94000.0
25000616,19917.0,114848.0,93166.0
25000617,19917.0,114848.0,92333.0
25000618,30067.0,114848.0,94200.0
25000619,30067.0,114848.0,93300.0
25000620,30067.0,114848.0,92400.0
25000621,20667.0,106298.0,94200.0
25000622,20667.0,106298.0,93300.0
25000623,20667.0,106298.0,92400.0
25000624,20667.0,113648.0,94000.0
25000625,20667.0,113648.0,93166.0
25000626,20667.0,113648.0,92333.0
25000627,23267.0,113648.0,94200.0
25000628,23267.0,113648.0,93300.0
25000629,23267.0,113648.0,92400.0
25000630,20667.0,101548.0,94200.0
25000631,20667.0,101548.0,93300.0
25000632,20667.0,101548.0,92400.0
25000633,30067.0,101048.0,94200.0
25000634,30067.0,101048.0,93300.0
25000635,30067.0,101048.0,92400.0
25000636,30067.0,101548.0,94200.0
25000637,30067.0,101548.0,93300.0
25000638,30067.0,101548.0,92400.0
25000639,30067.0,107148.0,94200.0
25000640,30067.0,107148.0,93300.0
25000641,30067.0,107148.0,92400.0
25000642,30067.0,104348.0,94200.0
25000643,30067.0,104348.0,93300.0
25000644,30067.0,104348.0,92400.0
25000645,30067.0,106698.0,94200.0
25000646,30067.0,106698.0,93300.0
25000647,30067.0,106698.0,92400.0
25000648,60347.0,101048.0,94000.0
25000649,60347.0,101048.0,93166.0
25000650,60347.0,101048.0,92333.0
25000651,60347.0,104348.0,94000.0
25000652,60347.0,104348.0,93166.0
25000653,60347.0,104348.0,92333.0
25000654,63747.0,110448.0,94000.0
25000655,63747.0,110448.0,93166.0
25000656,63747.0,110448.0,92333.0
25000657,63747.0,114848.0,94000.0
25000658,63747.0,114848.0,93166.0
25000659,63747.0,114848.0,92333.0
25000660,60347.0,114848.0,94000.0
25000661,60347.0,114848.0,93166.0
25000662,60347.0,114848.0,92333.0
25000663,52947.0,103698.0,94200.0
25000664,52947.0,103698.0,93300.0
25000665,52947.0,103698.0,92400.0
25000666,52947.0,106698.0,94200.0
25000667,52947.0,106698.0,93300.0
25000668,52947.0,106698.0,92400.0
25000669,52947.0,98548.0,94200.0
25000670,52947.0,98548.0,93300.0
25000671,52947.0,98548.0,92400.0
25000672,52947.0,101048.0,94200.0
25000673,52947.0,101048.0,93300.0
25000674,52947.0,101048.0,92400.0
25000675,53847.0,101048.0,94200.0
25000676,53847.0,101048.0,93300.0
25000677,53847.0,101048.0,92400.0
25000678,52947.0,107148.0,94200.0
25000679,52947.0,107148.0,93300.0
25000680,52947.0,107148.0,92400.0
25000681,56347.0,107048.0,94200.0
25000682,56347.0,107048.0,93300.0
25000683,56347.0,107048.0,92400.0
25000684,56347.0,110448.0,94200.0
25000685,56347.0,110448.0,93300.0
25000686,56347.0,110448.0,92400.0
25000687,52947.0,110198.0,94000.0
25000688,52947.0,110198.0,93166.0
25000689,52947.0,110198.0,92333.0
25000690,52947.0,114848.0,94000.0
25000691,52947.0,114848.0,93166.0
25000692,52947.0,114848.0,92333.0
25000693,56347.0,106298.0,94200.0
25000694,56347.0,106298.0,93300.0
25000695,56347.0,106298.0,92400.0
25000696,56347.0,101048.0,94200.0
25000697,56347.0,101048.0,93300.0
25000698,56347.0,101048.0,92400.0
25000699,56347.0,101548.0,94200.0
25000700,56347.0,101548.0,93300.0
25000701,56347.0,101548.0,92400.0
25000702,63747.0,101048.0,94000.0
25000703,63747.0,101048.0,93166.0
25000704,63747.0,101048.0,92333.0
25000705,63747.0,106698.0,94100.0
25000706,63747.0,106698.0,93233.0
25000707,63747.0,106698.0,92366.0
25000708,63747.0,98548.0,94000.0
25000709,63747.0,98548.0,93166.0
25000710,63747.0,98548.0,92333.0
25000711,60347.0,98548.0,94000.0
25000712,60347.0,98548.0,93166.0
25000713,60347.0,98548.0,92333.0
25000714,111267.0,103698.0,94200.0
25000715,111267.0,103698.0,93300.0
25000716,111267.0,103698.0,92400.0
25000717,111267.0,106698.0,94200.0
25000718,111267.0,106698.0,93300.0
25000719,111267.0,106698.0,92400.0
25000720,107467.0,101048.0,94200.0
25000721,107467.0,101048.0,93300.0
25000722,107467.0,101048.0,92400.0
25000723,108667.0,101048.0,94200.0
25000724,108667.0,101048.0,93300.0
25000725,108667.0,101048.0,92400.0
25000726,98067.0,114848.0,94200.0
25000727,98067.0,114848.0,93300.0
25000728,98067.0,114848.0,92400.0
25000729,99667.0,114848.0,94200.0
25000730,99667.0,114848.0,93300.0
25000731,99667.0,114848.0,92400.0
25000732,108217.0,114848.0,94000.0
25000733,108217.0,114848.0,93166.0
25000734,108217.0,114848.0,92333.0
25000735,110267.0,114848.0,94000.0
25000736,110267.0,114848.0,93166.0
25000737,110267.0,114848.0,92333.0
25000738,107467.0,114848.0,94100.0
25000739,107467.0,114848.0,93233.0
25000740,107467.0,114848.0,92366.0
25000741,107467.0,113648.0,94000.0
25000742,107467.0,113648.0,93166.0
25000743,107467.0,113648.0,92333.0
25000744,111267.0,113648.0,94200.0
25000745,111267.0,113648.0,93300.0
25000746,111267.0,113648.0,92400.0
25000747,111267.0,114848.0,94100.0
25000748,111267.0,114848.0,93233.0
25000749,111267.0,114848.0,92366.0
25000750,111267.0,98548.0,94200.0
25000751,111267.0,98548.0,93300.0
25000752,111267.0,98548.0,92400.0
25000753,98067.0,98548.0,94200.0
25000754,98067.0,98548.0,93300.0
25000755,98067.0,98548.0,92400.0
25000756,101067.0,98548.0,94200.0
25000757,101067.0,98548.0,93300.0
25000758,101067.0,98548.0,92400.0
25000759,104867.0,98548.0,94200.0
25000760,104867.0,98548.0,93300.0
25000761,104867.0,98548.0,92400.0
25000762,101067.0,99593.0,94200.0
25000763,101067.0,99593.0,93300.0
25000764,101067.0,99593.0,92400.0
25000765,104867.0,99593.0,94200.0
25000766,104867.0,99593.0,93300.0
25000767,104867.0,99593.0,92400.0
25000768,107467.0,101548.0,94200.0
25000769,107467.0,101548.0,93300.0
25000770,107467.0,101548.0,92400.0
25000771,110367.0,101048.0,94200.0
25000772,110367.0,101048.0,93300.0
25000773,110367.0,101048.0,92400.0
25000774,111267.0,101048.0,94200.0
25000775,111267.0,101048.0,93300.0
25000776,111267.0,101048.0,92400.0
25000777,98067.0,107148.0,94200.0
25000778,98067.0,107148.0,93300.0
25000779,98067.0,107148.0,92400.0
25000780,101067.0,107148.0,94200.0
25000781,101067.0,107148.0,93300.0
25000782,101067.0,107148.0,92400.0
25000783,101067.0,106298.0,94200.0
25000784,101067.0,106298.0,93300.0
25000785,101067.0,106298.0,92400.0
25000786,104867.0,106298.0,94200.0
25000787,104867.0,106298.0,93300.0
25000788,104867.0,106298.0,92400.0
25000789,104867.0,109893.0,94200.0
25000790,104867.0,109893.0,93300.0
25000791,104867.0,109893.0,92400.0
25000792,107467.0,109893.0,94200.0
25000793,107467.0,109893.0,93300.0
25000794,107467.0,109893.0,92400.0
25000795,101067.0,110448.0,94200.0
25000796,101067.0,110448.0,93300.0
25000797,101067.0,110448.0,92400.0
25000798,104867.0,114848.0,94200.0
25000799,104867.0,114848.0,93300.0
25000800,104867.0,114848.0,92400.0
25000801,107467.0,106298.0,94200.0
25000802,107467.0,106298.0,93300.0
25000803,107467.0,106298.0,92400.0
25000804,98067.0,101548.0,94200.0
25000805,98067.0,101548.0,93300.0
25000806,98067.0,101548.0,92400.0
25000807,98067.0,104348.0,94200.0
25000808,98067.0,104348.0,93300.0
25000809,98067.0,104348.0,92400.0
25000810,98067.0,106698.0,94200.0
25000811,98067.0,106698.0,93300.0
25000812,98067.0,106698.0,92400.0
25000813,104867.0,113648.0,94200.0
25000814,104867.0,113648.0,93300.0
25000815,104867.0,113648.0,92400.0
25000816,98067.0,101048.0,94200.0
25000817,98067.0,101048.0,93300.0
25000818,98067.0,101048.0,92400.0
25000819,63747.0,107148.0,94200.0
25000820,63747.0,107148.0,93300.0
25000821,63747.0,107148.0,92400.0
25000822,60347.0,110448.0,94000.0
25000823,60347.0,110448.0,93166.0
25000824,60347.0,110448.0,92333.0
25000825,16867.0,109110.0,94300.0
25000826,16867.0,109473.0,94300.0
25000827,16867.0,109835.0,94300.0
25000828,27067.0,113798.0,94500.0
25000829,27067.0,114148.0,94500.0
25000830,27067.0,114498.0,94500.0
25000831,20667.0,107541.0,94500.0
25000832,20667.0,107960.0,94500.0
25000833,20667.0,108379.0,94500.0
25000834,28567.0,110448.0,94500.0
25000835,29067.0,110448.0,94500.0
25000836,29567.0,110448.0,94500.0
25000837,16867.0,107548.0,94300.0
25000838,16867.0,107948.0,94300.0
25000839,16867.0,108348.0,94300.0
25000840,23267.0,107560.0,94500.0
25000841,23267.0,107973.0,94500.0
25000842,23267.0,108385.0,94500.0
25000843,18167.0,107139.0,94400.0
25000844,18567.0,107131.0,94400.0
25000845,18967.0,107123.0,94400.0
25000846,19367.0,107114.0,94400.0
25000847,19767.0,107106.0,94400.0
25000848,18942.0,98548.0,94300.0
25000849,28867.0,113448.0,94500.0
25000850,29267.0,113448.0,94500.0
25000851,29667.0,113448.0,94500.0
25000852,20067.0,98548.0,94300.0
25000853,56347.0,113798.0,94400.0
25000854,56347.0,114148.0,94400.0
25000855,56347.0,114498.0,94400.0
25000856,54372.0,107123.0,94400.0
25000857,54897.0,107098.0,94400.0
25000858,55422.0,107073.0,94400.0
25000859,54959.0,98548.0,94300.0
25000860,55422.0,98548.0,94300.0
25000861,55884.0,98548.0,94300.0
25000862,108067.0,98548.0,94300.0
25000863,98467.0,113448.0,94500.0
25000864,98867.0,113448.0,94500.0
25000865,99267.0,113448.0,94500.0
25000866,108367.0,107106.0,94400.0
25000867,108767.0,107114.0,94400.0
25000868,109167.0,107123.0,94400.0
25000869,109567.0,107131.0,94400.0
25000870,109967.0,107139.0,94400.0
25000871,104867.0,107560.0,94500.0
25000872,104867.0,107973.0,94500.0
25000873,104867.0,108385.0,94500.0
25000874,111267.0,107548.0,94300.0
25000875,111267.0,107948.0,94300.0
25000876,111267.0,108348.0,94300.0
25000877,107467.0,107541.0,94500.0
25000878,107467.0,107960.0,94500.0
25000879,107467.0,108379.0,94500.0
25000880,101067.0,113798.0,94500.0
25000881,101067.0,114148.0,94500.0
25000882,101067.0,114498.0,94500.0
25000883,111267.0,109110.0,94300.0
25000884,111267.0,109473.0,94300.0
25000885,111267.0,109835.0,94300.0
25000886,98567.0,110448.0,94500.0
25000887,99067.0,110448.0,94500.0
25000888,99567.0,110448.0,94500.0
25000889,109192.0,98548.0,94300.0
25000890,27067.0,114848.0,93300.0
25000891,27067.0,114848.0,92400.0
25000892,27067.0,113448.0,93300.0
25000893,27067.0,113448.0,92400.0
25000894,28467.0,113448.0,93300.0
25000895,28467.0,113448.0,92400.0
25000896,20667.0,108798.0,93300.0
25000897,20667.0,108798.0,92400.0
25000898,16867.0,110198.0,93166.0
25000899,16867.0,110198.0,92333.0
25000900,28067.0,110448.0,93300.0
25000901,28067.0,110448.0,92400.0
25000902,23267.0,108798.0,93300.0
25000903,23267.0,108798.0,92400.0
25000904,16867.0,107148.0,93300.0
25000905,16867.0,107148.0,92400.0
25000906,20167.0,107098.0,93300.0
25000907,20167.0,107098.0,92400.0
25000908,20667.0,107123.0,93300.0
25000909,20667.0,107123.0,92400.0
25000910,23267.0,107148.0,93300.0
25000911,23267.0,107148.0,92400.0
25000912,20667.0,98548.0,93300.0
25000913,20667.0,98548.0,92400.0
25000914,18417.0,98548.0,93300.0
25000915,18417.0,98548.0,92400.0
25000916,17767.0,107148.0,93300.0
25000917,17767.0,107148.0,92400.0
25000918,30067.0,113448.0,93300.0
25000919,30067.0,113448.0,92400.0
25000920,30067.0,110448.0,93300.0
25000921,30067.0,110448.0,92400.0
25000922,54497.0,98548.0,93300.0
25000923,54497.0,98548.0,92400.0
25000924,53847.0,107148.0,93300.0
25000925,53847.0,107148.0,92400.0
25000926,55947.0,107048.0,93300.0
25000927,55947.0,107048.0,92400.0
25000928,56347.0,113448.0,93300.0
25000929,56347.0,113448.0,92400.0
25000930,56347.0,114848.0,93166.0
25000931,56347.0,114848.0,92333.0
25000932,56347.0,98548.0,93300.0
25000933,56347.0,98548.0,92400.0
25000934,109717.0,98548.0,93300.0
25000935,109717.0,98548.0,92400.0
25000936,107467.0,98548.0,93300.0
25000937,107467.0,98548.0,92400.0
25000938,107467.0,107123.0,93300.0
25000939,107467.0,107123.0,92400.0
25000940,107967.0,107098.0,93300.0
25000941,107967.0,107098.0,92400.0
25000942,104867.0,107148.0,93300.0
25000943,104867.0,107148.0,92400.0
25000944,110367.0,107148.0,93300.0
25000945,110367.0,107148.0,92400.0
25000946,111267.0,107148.0,93300.0
25000947,111267.0,107148.0,92400.0
25000948,104867.0,108798.0,93300.0
25000949,104867.0,108798.0,92400.0
25000950,107467.0,108798.0,93300.0
25000951,107467.0,108798.0,92400.0
25000952,98067.0,110448.0,93300.0
25000953,98067.0,110448.0,92400.0
25000954,98067.0,113448.0,93300.0
25000955,98067.0,113448.0,92400.0
25000956,100067.0,110448.0,93300.0
25000957,100067.0,110448.0,92400.0
25000958,99667.0,113448.0,93300.0
25000959,99667.0,113448.0,92400.0
25000960,101067.0,113448.0,93300.0
25000961,101067.0,113448.0,92400.0
25000962,111267.0,110198.0,93300.0
25000963,111267.0,110198.0,92400.0
25000964,101067.0,114848.0,93300.0
25000965,101067.0,114848.0,92400.0
25000966,24217.0,107148.0,95100.0
25000967,25167.0,107148.0,95100.0
25000968,26117.0,107148.0,95100.0
25000969,27067.0,108248.0,95100.0
25000970,27067.0,109348.0,95100.0
25000971,26250.0,114848.0,95100.0
25000972,24350.0,114848.0,95100.0
25000973,23267.0,112748.0,95100.0
25000974,23267.0,110870.0,95100.0
25000975,28467.0,114148.0,95100.0
25000976,17817.0,108760.0,95100.0
25000977,18767.0,108773.0,95100.0
25000978,19717.0,108785.0,95100.0
25000979,20667.0,110870.0,95100.0
25000980,20667.0,112748.0,95100.0
25000981,18892.0,113648.0,95100.0
25000982,24217.0,104348.0,95100.0
25000983,25167.0,104348.0,95100.0
25000984,26117.0,104348.0,95100.0
25000985,27067.0,105323.0,95100.0
25000986,23267.0,105323.0,95100.0
25000987,19467.0,99381.0,95100.0
25000988,19467.0,100214.0,95100.0
25000989,24217.0,101548.0,95100.0
25000990,25167.0,101548.0,95100.0
25000991,26117.0,101548.0,95100.0
25000992,27067.0,102481.0,95100.0
25000993,27067.0,103414.0,95100.0
25000994,23267.0,102481.0,95100.0
25000995,23267.0,103414.0,95100.0
25000996,24350.0,98548.0,95100.0
25000997,26250.0,98548.0,95100.0
25000998,27067.0,100570.0,95100.0
25000999,23267.0,100570.0,95100.0
25001000,56347.0,107898.0,95100.0
25001001,53797.0,108748.0,95100.0
25001002,54647.0,108748.0,95100.0
25001003,55497.0,108748.0,95100.0
25001004,52947.0,107948.0,95100.0
25001005,108667.0,99381.0,95100.0
25001006,108667.0,100214.0,95100.0
25001007,99667.0,114148.0,95100.0
25001008,109242.0,113648.0,95100.0
25001009,108417.0,108785.0,95100.0
25001010,109367.0,108773.0,95100.0
25001011,110317.0,108760.0,95100.0
25001012,107467.0,112748.0,95100.0
25001013,107467.0,110870.0,95100.0
25001014,101883.0,98548.0,95100.0
25001015,103783.0,98548.0,95100.0
25001016,104867.0,100570.0,95100.0
25001017,102017.0,101548.0,95100.0
25001018,102967.0,101548.0,95100.0
25001019,103917.0,101548.0,95100.0
25001020,101067.0,100570.0,95100.0
25001021,102017.0,104348.0,95100.0
25001022,102967.0,104348.0,95100.0
25001023,103917.0,104348.0,95100.0
25001024,104867.0,105323.0,95100.0
25001025,102017.0,107148.0,95100.0
25001026,102967.0,107148.0,95100.0
25001027,103917.0,107148.0,95100.0
25001028,101067.0,105323.0,95100.0
25001029,104867.0,110870.0,95100.0
25001030,104867.0,112748.0,95100.0
25001031,103783.0,114848.0,95100.0
25001032,101883.0,114848.0,95100.0
25001033,101067.0,108248.0,95100.0
25001034,101067.0,109348.0,95100.0
25001035,104867.0,102481.0,95100.0
25001036,104867.0,103414.0,95100.0
25001037,101067.0,102481.0,95100.0
25001038,101067.0,103414.0,95100.0
25001041,64265.0,106677.0,95099.0
25001042,108667.0,98548.0,94700.0
25001043,109192.0,98548.0,94700.0
25001044,109717.0,98548.0,94700.0
25001045,98067.0,110448.0,94800.0
25001046,98567.0,110448.0,94800.0
25001047,99067.0,110448.0,94800.0
25001048,99567.0,110448.0,94800.0
25001049,100067.0,110448.0,94800.0
25001050,111267.0,108748.0,94700.0
25001051,111267.0,109110.0,94700.0
25001052,111267.0,109473.0,94700.0
25001053,111267.0,109835.0,94700.0
25001054,111267.0,110198.0,94700.0
25001055,101067.0,113448.0,94800.0
25001056,101067.0,113798.0,94800.0
25001057,101067.0,114148.0,94800.0
25001058,101067.0,114498.0,94800.0
25001059,101067.0,114848.0,94800.0
25001060,107467.0,107123.0,94800.0
25001061,107467.0,107541.0,94800.0
25001062,107467.0,107960.0,94800.0
25001063,107467.0,108379.0,94800.0
25001064,107467.0,108798.0,94800.0
25001065,111267.0,107148.0,94700.0
25001066,111267.0,107548.0,94700.0
25001067,111267.0,107948.0,94700.0
25001068,111267.0,108348.0,94700.0
25001069,104867.0,107148.0,94800.0
25001070,104867.0,107560.0,94800.0
25001071,104867.0,107973.0,94800.0
25001072,104867.0,108385.0,94800.0
25001073,104867.0,108798.0,94800.0
25001074,107967.0,107098.0,94750.0
25001075,108367.0,107106.0,94750.0
25001076,108767.0,107114.0,94750.0
25001077,109167.0,107123.0,94750.0
25001078,109567.0,107131.0,94750.0
25001079,109967.0,107139.0,94750.0
25001080,110367.0,107148.0,94750.0
25001081,98067.0,113448.0,94800.0
25001082,98467.0,113448.0,94800.0
25001083,98867.0,113448.0,94800.0
25001084,99267.0,113448.0,94800.0
25001085,99667.0,113448.0,94800.0
25001086,107467.0,98548.0,94700.0
25001087,108067.0,98548.0,94700.0
25001088,54497.0,98548.0,94700.0
25001089,54959.0,98548.0,94700.0
25001090,55422.0,98548.0,94700.0
25001091,55884.0,98548.0,94700.0
25001092,56347.0,98548.0,94700.0
25001093,53847.0,107148.0,94750.0
25001094,54372.0,107123.0,94750.0
25001095,54897.0,107098.0,94750.0
25001096,55422.0,107073.0,94750.0
25001097,55947.0,107048.0,94750.0
25001098,56347.0,113448.0,94750.0
25001099,56347.0,113798.0,94750.0
25001100,56347.0,114148.0,94750.0
25001101,56347.0,114498.0,94750.0
25001102,56347.0,114848.0,94750.0
25001103,19467.0,98548.0,94700.0
25001104,20067.0,98548.0,94700.0
25001105,20667.0,98548.0,94700.0
25001106,28467.0,113448.0,94800.0
25001107,28867.0,113448.0,94800.0
25001108,29267.0,113448.0,94800.0
25001109,29667.0,113448.0,94800.0
25001110,30067.0,113448.0,94800.0
25001111,18417.0,98548.0,94700.0
25001112,18942.0,98548.0,94700.0
25001113,17767.0,107148.0,94750.0
25001114,18167.0,107139.0,94750.0
25001115,18567.0,107131.0,94750.0
25001116,18967.0,107123.0,94750.0
25001117,19367.0,107114.0,94750.0
25001118,19767.0,107106.0,94750.0
25001119,20167.0,107098.0,94750.0
25001120,23267.0,107148.0,94800.0
25001121,23267.0,107560.0,94800.0
25001122,23267.0,107973.0,94800.0
25001123,23267.0,108385.0,94800.0
25001124,23267.0,108798.0,94800.0
25001125,16867.0,107148.0,94700.0
25001126,16867.0,107548.0,94700.0
25001127,16867.0,107948.0,94700.0
25001128,16867.0,108348.0,94700.0
25001129,16867.0,108748.0,94700.0
25001130,28067.0,110448.0,94800.0
25001131,28567.0,110448.0,94800.0
25001132,29067.0,110448.0,94800.0
25001133,29567.0,110448.0,94800.0
25001134,30067.0,110448.0,94800.0
25001135,20667.0,107123.0,94800.0
25001136,20667.0,107541.0,94800.0
25001137,20667.0,107960.0,94800.0
25001138,20667.0,108379.0,94800.0
25001139,20667.0,108798.0,94800.0
25001140,27067.0,113448.0,94800.0
25001141,27067.0,113798.0,94800.0
25001142,27067.0,114148.0,94800.0
25001143,27067.0,114498.0,94800.0
25001144,27067.0,114848.0,94800.0
25001145,16867.0,109110.0,94700.0
25001146,16867.0,109473.0,94700.0
25001147,16867.0,109835.0,94700.0
25001148,16867.0,110198.0,94700.0
25001149,17367.0,114848.0,94000.0
25001150,17367.0,114848.0,92333.0
25001151,17367.0,114848.0,93166.0
25001152,21533.0,114848.0,94100.0
25001153,22400.0,114848.0,94100.0
25001154,21533.0,114848.0,92366.0
25001155,22400.0,114848.0,92366.0
25001156,21533.0,114848.0,93233.0
25001157,22400.0,114848.0,93233.0
25001158,27767.0,114848.0,94200.0
25001159,27767.0,114848.0,92400.0
25001160,27767.0,114848.0,93300.0
25001161,16867.0,111060.0,94300.0
25001162,16867.0,111923.0,94300.0
25001163,16867.0,112785.0,94300.0
25001164,16867.0,111060.0,92333.0
25001165,16867.0,111923.0,92333.0
25001166,16867.0,112785.0,92333.0
25001167,16867.0,111060.0,93166.0
25001168,16867.0,112785.0,93166.0
25001169,16867.0,111923.0,93166.0
25001170,30067.0,114148.0,94200.0
25001171,30067.0,114148.0,92400.0
25001172,30067.0,114148.0,93300.0
25001173,27067.0,111448.0,94200.0
25001174,27067.0,112448.0,94200.0
25001175,27067.0,111448.0,92400.0
25001176,27067.0,112448.0,92400.0
25001177,27067.0,111448.0,93300.0
25001178,27067.0,112448.0,93300.0
25001179,27767.0,113448.0,94500.0
25001180,27767.0,113448.0,92400.0
25001181,27767.0,113448.0,93300.0
25001182,27567.0,110448.0,94200.0
25001183,27567.0,110448.0,92400.0
25001184,27567.0,110448.0,93300.0
25001185,30067.0,111448.0,94500.0
25001186,30067.0,112448.0,94500.0
25001187,30067.0,111448.0,92400.0
25001188,30067.0,112448.0,92400.0
25001189,30067.0,111448.0,93300.0
25001190,30067.0,112448.0,93300.0
25001191,20667.0,109345.0,94200.0
25001192,20667.0,109345.0,92400.0
25001193,20667.0,109345.0,93300.0
25001194,21533.0,108798.0,94500.0
25001195,22400.0,108798.0,94500.0
25001196,21533.0,108798.0,92400.0
25001197,22400.0,108798.0,92400.0
25001198,21533.0,108798.0,93300.0
25001199,22400.0,108798.0,93300.0
25001200,23267.0,109345.0,94200.0
25001201,23267.0,109345.0,92400.0
25001202,23267.0,109345.0,93300.0
25001203,17317.0,107148.0,94300.0
25001204,17317.0,107148.0,92400.0
25001205,17317.0,107148.0,93300.0
25001206,21533.0,107131.0,94500.0
25001207,22400.0,107139.0,94500.0
25001208,21533.0,107131.0,92400.0
25001209,22400.0,107139.0,92400.0
25001210,21533.0,107131.0,93300.0
25001211,22400.0,107139.0,93300.0
25001212,23267.0,106723.0,94200.0
25001213,23267.0,106723.0,92400.0
25001214,23267.0,106723.0,93300.0
25001215,27067.0,106723.0,94200.0
25001216,27067.0,106723.0,92400.0
25001217,27067.0,106723.0,93300.0
25001218,28067.0,107148.0,94200.0
25001219,29067.0,107148.0,94200.0
25001220,28067.0,107148.0,92400.0
25001221,29067.0,107148.0,92400.0
25001222,28067.0,107148.0,93300.0
25001223,29067.0,107148.0,93300.0
25001224,16867.0,101931.0,94200.0
25001225,16867.0,102814.0,94200.0
25001226,16867.0,101931.0,92400.0
25001227,16867.0,102814.0,92400.0
25001228,16867.0,101931.0,93300.0
25001229,16867.0,102814.0,93300.0
25001230,16867.0,99381.0,94200.0
25001231,16867.0,100214.0,94200.0
25001232,16867.0,99381.0,92400.0
25001233,16867.0,100214.0,92400.0
25001234,16867.0,99381.0,93300.0
25001235,16867.0,100214.0,93300.0
25001236,17317.0,101048.0,94200.0
25001237,17317.0,101048.0,92400.0
25001238,17317.0,101048.0,93300.0
25001239,18617.0,101048.0,94200.0
25001240,18617.0,101048.0,92400.0
25001241,18617.0,101048.0,93300.0
25001242,20667.0,99381.0,94200.0
25001243,20667.0,100214.0,94200.0
25001244,20667.0,99381.0,92400.0
25001245,20667.0,100214.0,92400.0
25001246,20667.0,99381.0,93300.0
25001247,20667.0,100214.0,93300.0
25001248,17642.0,98548.0,94200.0
25001249,17642.0,98548.0,92400.0
25001250,17642.0,98548.0,93300.0
25001251,21533.0,98548.0,94200.0
25001252,22400.0,98548.0,94200.0
25001253,21533.0,98548.0,92400.0
25001254,22400.0,98548.0,92400.0
25001255,21533.0,98548.0,93300.0
25001256,22400.0,98548.0,93300.0
25001257,23267.0,99070.0,94200.0
25001258,23267.0,99070.0,92400.0
25001259,23267.0,99070.0,93300.0
25001260,27067.0,99070.0,94200.0
25001261,27067.0,99070.0,92400.0
25001262,27067.0,99070.0,93300.0
25001263,28067.0,98548.0,94200.0
25001264,29067.0,98548.0,94200.0
25001265,28067.0,98548.0,92400.0
25001266,29067.0,98548.0,92400.0
25001267,28067.0,98548.0,93300.0
25001268,29067.0,98548.0,93300.0
25001269,16867.0,114248.0,94000.0
25001270,16867.0,114248.0,92333.0
25001271,16867.0,114248.0,93166.0
25001272,20667.0,114248.0,94000.0
25001273,20667.0,114248.0,92333.0
25001274,20667.0,114248.0,93166.0
25001275,20292.0,114848.0,94000.0
25001276,20292.0,114848.0,92333.0
25001277,20292.0,114848.0,93166.0
25001278,18142.0,114848.0,94000.0
25001279,18145.0,114848.0,94550.0
25001280,18642.0,114848.0,94550.0
25001281,19142.0,114848.0,94550.0
25001282,19639.0,114848.0,94550.0
25001283,19642.0,114848.0,94000.0
25001284,18142.0,114848.0,92333.0
25001285,19642.0,114848.0,92333.0
25001286,18142.0,114848.0,93166.0
25001287,19642.0,114848.0,93166.0
25001288,18642.0,114848.0,94000.0
25001289,19142.0,114848.0,94000.0
25001290,29267.0,114848.0,94200.0
25001291,29267.0,114848.0,92400.0
25001292,29267.0,114848.0,93300.0
25001293,20067.0,101048.0,94200.0
25001294,20067.0,101048.0,92400.0
25001295,20067.0,101048.0,93300.0
25001296,16867.0,104698.0,94200.0
25001297,16867.0,105698.0,94200.0
25001298,16867.0,104698.0,92400.0
25001299,16867.0,105698.0,92400.0
25001300,16867.0,104698.0,93300.0
25001301,16867.0,105698.0,93300.0
25001302,20667.0,106710.0,94200.0
25001303,20667.0,106710.0,92400.0
25001304,20667.0,106710.0,93300.0
25001305,23267.0,114248.0,94200.0
25001306,23267.0,114248.0,92400.0
25001307,23267.0,114248.0,93300.0
25001308,30067.0,99381.0,94200.0
25001309,30067.0,100214.0,94200.0
25001310,30067.0,99381.0,92400.0
25001311,30067.0,100214.0,92400.0
25001312,30067.0,99381.0,93300.0
25001313,30067.0,100214.0,93300.0
25001314,30067.0,105281.0,94200.0
25001315,30067.0,106214.0,94200.0
25001316,30067.0,105281.0,92400.0
25001317,30067.0,106214.0,92400.0
25001318,30067.0,105281.0,93300.0
25001319,30067.0,106214.0,93300.0
25001320,30067.0,102481.0,94200.0
25001321,30067.0,103414.0,94200.0
25001322,30067.0,102481.0,92400.0
25001323,30067.0,103414.0,92400.0
25001324,30067.0,102481.0,93300.0
25001325,30067.0,103414.0,93300.0
25001326,60347.0,101873.0,94000.0
25001327,60347.0,102698.0,94000.0
25001328,60347.0,103523.0,94000.0
25001329,60347.0,101873.0,92333.0
25001330,60347.0,102698.0,92333.0
25001331,60347.0,103523.0,92333.0
25001332,60347.0,101873.0,93166.0
25001333,60347.0,103523.0,93166.0
25001334,60347.0,102698.0,93166.0
25001335,63747.0,111328.0,94000.0
25001336,63747.0,112208.0,94000.0
25001337,63747.0,113088.0,94000.0
25001338,63747.0,113968.0,94000.0
25001339,63747.0,111328.0,92333.0
25001340,63747.0,112208.0,92333.0
25001341,63747.0,113088.0,92333.0
25001342,63747.0,113968.0,92333.0
25001343,63747.0,111328.0,93166.0
25001344,63747.0,113968.0,93166.0
25001345,63747.0,112208.0,93166.0
25001346,63747.0,113088.0,93166.0
25001347,61022.0,114848.0,94000.0
25001348,61697.0,114848.0,94000.0
25001349,61700.0,114848.0,94550.0
25001350,62197.0,114848.0,94550.0
25001351,62697.0,114848.0,94550.0
25001352,63194.0,114848.0,94550.0
25001353,63197.0,114848.0,94000.0
25001354,61022.0,114848.0,92333.0
25001355,61697.0,114848.0,92333.0
25001356,63197.0,114848.0,92333.0
25001357,61022.0,114848.0,93166.0
25001358,63197.0,114848.0,93166.0
25001359,62197.0,114848.0,94000.0
25001360,61697.0,114848.0,93166.0
25001361,62697.0,114848.0,94000.0
25001362,52947.0,104560.0,94200.0
25001363,52947.0,105423.0,94200.0
25001364,52947.0,106285.0,94200.0
25001365,52947.0,104560.0,92400.0
25001366,52947.0,105423.0,92400.0
25001367,52947.0,106285.0,92400.0
25001368,52947.0,104560.0,93300.0
25001369,52947.0,106285.0,93300.0
25001370,52947.0,105423.0,93300.0
25001371,53722.0,98548.0,94200.0
25001372,53722.0,98548.0,92400.0
25001373,53722.0,98548.0,93300.0
25001374,52947.0,99381.0,94200.0
25001375,52947.0,100214.0,94200.0
25001376,52947.0,99381.0,92400.0
25001377,52947.0,100214.0,92400.0
25001378,52947.0,99381.0,93300.0
25001379,52947.0,100214.0,93300.0
25001380,52947.0,101931.0,94200.0
25001381,52947.0,102814.0,94200.0
25001382,52947.0,101931.0,92400.0
25001383,52947.0,102814.0,92400.0
25001384,52947.0,101931.0,93300.0
25001385,52947.0,102814.0,93300.0
25001386,53397.0,101048.0,94200.0
25001387,53397.0,101048.0,92400.0
25001388,53397.0,101048.0,93300.0
25001389,53397.0,107148.0,94200.0
25001390,53397.0,107148.0,92400.0
25001391,53397.0,107148.0,93300.0
25001392,56347.0,111328.0,94200.0
25001393,56347.0,112208.0,94200.0
25001394,56347.0,113088.0,94200.0
25001395,56347.0,111328.0,92400.0
25001396,56347.0,112208.0,92400.0
25001397,56347.0,113088.0,92400.0
25001398,56347.0,111328.0,93300.0
25001399,56347.0,113088.0,93300.0
25001400,56347.0,112208.0,93300.0
25001401,52947.0,111128.0,94000.0
25001402,52947.0,112058.0,94000.0
25001403,52947.0,112988.0,94000.0
25001404,52947.0,113918.0,94000.0
25001405,52947.0,111128.0,92333.0
25001406,52947.0,112058.0,92333.0
25001407,52947.0,112988.0,92333.0
25001408,52947.0,113918.0,92333.0
25001409,52947.0,111128.0,93166.0
25001410,52947.0,113918.0,93166.0
25001411,52947.0,112058.0,93166.0
25001412,52947.0,112988.0,93166.0
25001413,53622.0,114848.0,94000.0
25001414,54297.0,114848.0,94000.0
25001415,54300.0,114848.0,94550.0
25001416,54797.0,114848.0,94550.0
25001417,55297.0,114848.0,94550.0
25001418,55794.0,114848.0,94550.0
25001419,55797.0,114848.0,94000.0
25001420,53622.0,114848.0,92333.0
25001421,54297.0,114848.0,92333.0
25001422,55797.0,114848.0,92333.0
25001423,53622.0,114848.0,93166.0
25001424,55797.0,114848.0,93166.0
25001425,54797.0,114848.0,94000.0
25001426,54297.0,114848.0,93166.0
25001427,55297.0,114848.0,94000.0
25001428,56347.0,106673.0,94200.0
25001429,56347.0,106673.0,92400.0
25001430,56347.0,106673.0,93300.0
25001431,56347.0,99381.0,94200.0
25001432,56347.0,100214.0,94200.0
25001433,56347.0,99381.0,92400.0
25001434,56347.0,100214.0,92400.0
25001435,56347.0,99381.0,93300.0
25001436,56347.0,100214.0,93300.0
25001437,63747.0,102064.0,94100.0
25001438,63747.0,103081.0,94100.0
25001439,63747.0,104098.0,94100.0
25001440,63747.0,105114.0,94100.0
25001441,63747.0,106131.0,94100.0
25001442,63747.0,102064.0,92366.0
25001443,63747.0,103081.0,92366.0
25001444,63747.0,104098.0,92366.0
25001445,63747.0,105114.0,92366.0
25001446,63747.0,106131.0,92366.0
25001447,63747.0,102064.0,93233.0
25001448,63747.0,106131.0,93233.0
25001449,63747.0,103081.0,93233.0
25001450,63747.0,104098.0,93233.0
25001451,63747.0,105114.0,93233.0
25001452,63747.0,99381.0,94000.0
25001453,63747.0,100214.0,94000.0
25001454,63747.0,99381.0,92333.0
25001455,63747.0,100214.0,92333.0
25001456,63747.0,99381.0,93166.0
25001457,63747.0,100214.0,93166.0
25001458,54680.0,101048.0,94200.0
25001459,55513.0,101048.0,94200.0
25001460,54680.0,101048.0,92400.0
25001461,55513.0,101048.0,92400.0
25001462,54680.0,101048.0,93300.0
25001463,55513.0,101048.0,93300.0
25001464,60822.0,98548.0,94000.0
25001465,61297.0,98548.0,94000.0
25001466,61300.0,98548.0,94550.0
25001467,61797.0,98548.0,94550.0
25001468,62297.0,98548.0,94550.0
25001469,62794.0,98548.0,94550.0
25001470,62797.0,98548.0,94000.0
25001471,63272.0,98548.0,94000.0
25001472,60822.0,98548.0,92333.0
25001473,61297.0,98548.0,92333.0
25001474,63272.0,98548.0,92333.0
25001475,62797.0,98548.0,92333.0
25001476,60822.0,98548.0,93166.0
25001477,63272.0,98548.0,93166.0
25001478,61797.0,98548.0,94000.0
25001479,61297.0,98548.0,93166.0
25001480,62297.0,98548.0,94000.0
25001481,62797.0,98548.0,93166.0
25001482,61197.0,101048.0,94000.0
25001483,62047.0,101048.0,94000.0
25001484,62897.0,101048.0,94000.0
25001485,61197.0,101048.0,92333.0
25001486,62047.0,101048.0,92333.0
25001487,62897.0,101048.0,92333.0
25001488,61197.0,101048.0,93166.0
25001489,62897.0,101048.0,93166.0
25001490,62047.0,101048.0,93166.0
25001491,111267.0,104698.0,94200.0
25001492,111267.0,105698.0,94200.0
25001493,111267.0,104698.0,92400.0
25001494,111267.0,105698.0,92400.0
25001495,111267.0,104698.0,93300.0
25001496,111267.0,105698.0,93300.0
25001497,108067.0,101048.0,94200.0
25001498,108067.0,101048.0,92400.0
25001499,108067.0,101048.0,93300.0
25001500,98867.0,114848.0,94200.0
25001501,98867.0,114848.0,92400.0
25001502,98867.0,114848.0,93300.0
25001503,108492.0,114848.0,94000.0
25001504,108495.0,114848.0,94550.0
25001505,108992.0,114848.0,94550.0
25001506,109492.0,114848.0,94550.0
25001507,109989.0,114848.0,94550.0
25001508,109992.0,114848.0,94000.0
25001509,108492.0,114848.0,92333.0
25001510,109992.0,114848.0,92333.0
25001511,108492.0,114848.0,93166.0
25001512,109992.0,114848.0,93166.0
25001513,108992.0,114848.0,94000.0
25001514,109492.0,114848.0,94000.0
25001515,107842.0,114848.0,94100.0
25001516,107842.0,114848.0,92366.0
25001517,107842.0,114848.0,93233.0
25001518,107467.0,114248.0,94100.0
25001519,107467.0,114248.0,92366.0
25001520,107467.0,114248.0,93233.0
25001521,111267.0,114248.0,94200.0
25001522,111267.0,114248.0,92400.0
25001523,111267.0,114248.0,93300.0
25001524,110767.0,114848.0,94100.0
25001525,110767.0,114848.0,92366.0
25001526,110767.0,114848.0,93233.0
25001527,110492.0,98548.0,94200.0
25001528,110492.0,98548.0,92400.0
25001529,110492.0,98548.0,93300.0
25001530,99067.0,98548.0,94200.0
25001531,100067.0,98548.0,94200.0
25001532,99067.0,98548.0,92400.0
25001533,100067.0,98548.0,92400.0
25001534,99067.0,98548.0,93300.0
25001535,100067.0,98548.0,93300.0
25001536,105733.0,98548.0,94200.0
25001537,106600.0,98548.0,94200.0
25001538,105733.0,98548.0,92400.0
25001539,106600.0,98548.0,92400.0
25001540,105733.0,98548.0,93300.0
25001541,106600.0,98548.0,93300.0
25001542,101067.0,99070.0,94200.0
25001543,101067.0,99070.0,92400.0
25001544,101067.0,99070.0,93300.0
25001545,104867.0,99070.0,94200.0
25001546,104867.0,99070.0,92400.0
25001547,104867.0,99070.0,93300.0
25001548,107467.0,99381.0,94200.0
25001549,107467.0,100214.0,94200.0
25001550,107467.0,99381.0,92400.0
25001551,107467.0,100214.0,92400.0
25001552,107467.0,99381.0,93300.0
25001553,107467.0,100214.0,93300.0
25001554,109517.0,101048.0,94200.0
25001555,109517.0,101048.0,92400.0
25001556,109517.0,101048.0,93300.0
25001557,110817.0,101048.0,94200.0
25001558,110817.0,101048.0,92400.0
25001559,110817.0,101048.0,93300.0
25001560,111267.0,99381.0,94200.0
25001561,111267.0,100214.0,94200.0
25001562,111267.0,99381.0,92400.0
25001563,111267.0,100214.0,92400.0
25001564,111267.0,99381.0,93300.0
25001565,111267.0,100214.0,93300.0
25001566,111267.0,101931.0,94200.0
25001567,111267.0,102814.0,94200.0
25001568,111267.0,101931.0,92400.0
25001569,111267.0,102814.0,92400.0
25001570,111267.0,101931.0,93300.0
25001571,111267.0,102814.0,93300.0
25001572,99067.0,107148.0,94200.0
25001573,100067.0,107148.0,94200.0
25001574,99067.0,107148.0,92400.0
25001575,100067.0,107148.0,92400.0
25001576,99067.0,107148.0,93300.0
25001577,100067.0,107148.0,93300.0
25001578,101067.0,106723.0,94200.0
25001579,101067.0,106723.0,92400.0
25001580,101067.0,106723.0,93300.0
25001581,104867.0,106723.0,94200.0
25001582,104867.0,106723.0,92400.0
25001583,104867.0,106723.0,93300.0
25001584,105733.0,107139.0,94500.0
25001585,106600.0,107131.0,94500.0
25001586,105733.0,107139.0,92400.0
25001587,106600.0,107131.0,92400.0
25001588,105733.0,107139.0,93300.0
25001589,106600.0,107131.0,93300.0
25001590,110817.0,107148.0,94300.0
25001591,110817.0,107148.0,92400.0
25001592,110817.0,107148.0,93300.0
25001593,104867.0,109345.0,94200.0
25001594,104867.0,109345.0,92400.0
25001595,104867.0,109345.0,93300.0
25001596,105733.0,108798.0,94500.0
25001597,106600.0,108798.0,94500.0
25001598,105733.0,108798.0,92400.0
25001599,106600.0,108798.0,92400.0
25001600,105733.0,108798.0,93300.0
25001601,106600.0,108798.0,93300.0
25001602,107467.0,109345.0,94200.0
25001603,107467.0,109345.0,92400.0
25001604,107467.0,109345.0,93300.0
25001605,98067.0,111448.0,94500.0
25001606,98067.0,112448.0,94500.0
25001607,98067.0,111448.0,92400.0
25001608,98067.0,112448.0,92400.0
25001609,98067.0,111448.0,93300.0
25001610,98067.0,112448.0,93300.0
25001611,100567.0,110448.0,94200.0
25001612,100567.0,110448.0,92400.0
25001613,100567.0,110448.0,93300.0
25001614,100367.0,113448.0,94500.0
25001615,100367.0,113448.0,92400.0
25001616,100367.0,113448.0,93300.0
25001617,101067.0,111448.0,94200.0
25001618,101067.0,112448.0,94200.0
25001619,101067.0,111448.0,92400.0
25001620,101067.0,112448.0,92400.0
25001621,101067.0,111448.0,93300.0
25001622,101067.0,112448.0,93300.0
25001623,98067.0,114148.0,94200.0
25001624,98067.0,114148.0,92400.0
25001625,98067.0,114148.0,93300.0
25001626,111267.0,111060.0,94200.0
25001627,111267.0,111923.0,94200.0
25001628,111267.0,112785.0,94200.0
25001629,111267.0,111060.0,92400.0
25001630,111267.0,111923.0,92400.0
25001631,111267.0,112785.0,92400.0
25001632,111267.0,111060.0,93300.0
25001633,111267.0,112785.0,93300.0
25001634,111267.0,111923.0,93300.0
25001635,100367.0,114848.0,94200.0
25001636,100367.0,114848.0,92400.0
25001637,100367.0,114848.0,93300.0
25001638,105733.0,114848.0,94200.0
25001639,106600.0,114848.0,94200.0
25001640,105733.0,114848.0,92400.0
25001641,106600.0,114848.0,92400.0
25001642,105733.0,114848.0,93300.0
25001643,106600.0,114848.0,93300.0
25001644,107467.0,106710.0,94200.0
25001645,107467.0,106710.0,92400.0
25001646,107467.0,106710.0,93300.0
25001647,98067.0,102481.0,94200.0
25001648,98067.0,103414.0,94200.0
25001649,98067.0,102481.0,92400.0
25001650,98067.0,103414.0,92400.0
25001651,98067.0,102481.0,93300.0
25001652,98067.0,103414.0,93300.0
25001653,98067.0,105281.0,94200.0
25001654,98067.0,106214.0,94200.0
25001655,98067.0,105281.0,92400.0
25001656,98067.0,106214.0,92400.0
25001657,98067.0,105281.0,93300.0
25001658,98067.0,106214.0,93300.0
25001659,104867.0,114248.0,94200.0
25001660,104867.0,114248.0,92400.0
25001661,104867.0,114248.0,93300.0
25001662,98067.0,99381.0,94200.0
25001663,98067.0,100214.0,94200.0
25001664,98067.0,99381.0,92400.0
25001665,98067.0,100214.0,92400.0
25001666,98067.0,99381.0,93300.0
25001667,98067.0,100214.0,93300.0
25001668,61197.0,110448.0,94000.0
25001669,62047.0,110448.0,94000.0
25001670,62897.0,110448.0,94000.0
25001671,61197.0,110448.0,92333.0
25001672,62047.0,110448.0,92333.0
25001673,62897.0,110448.0,92333.0
25001674,61197.0,110448.0,93166.0
25001675,62897.0,110448.0,93166.0
25001676,62047.0,110448.0,93166.0
25001677,24276.0,113839.0,95100.0
25001678,24243.0,112886.0,95100.0
25001679,24231.0,111941.0,95100.0
25001680,24227.0,110977.0,95100.0
25001681,24224.0,110000.0,95100.0
25001682,24222.0,109011.0,95100.0
25001683,24219.0,108072.0,95100.0
25001684,25257.0,113924.0,95100.0
25001685,25204.0,113003.0,95100.0
25001686,25187.0,112064.0,95100.0
25001687,25181.0,111102.0,95100.0
25001688,25177.0,110120.0,95100.0
25001689,25173.0,109127.0,95100.0
25001690,25170.0,108135.0,95100.0
25001691,26173.0,114011.0,95100.0
25001692,26142.0,113153.0,95100.0
25001693,26131.0,112222.0,95100.0
25001694,26127.0,111252.0,95100.0
25001695,26124.0,110256.0,95100.0
25001696,26121.0,109228.0,95100.0
25001697,26119.0,108190.0,95100.0
25001698,27767.0,114148.0,95100.0
25001699,29267.0,114148.0,95100.0
25001700,17833.0,112807.0,95100.0
25001701,17803.0,111978.0,95100.0
25001702,17814.0,109560.0,95100.0
25001703,17803.0,110360.0,95100.0
25001704,17797.0,111175.0,95100.0
25001705,18747.0,110499.0,95100.0
25001706,18711.0,111308.0,95100.0
25001707,18758.0,109644.0,95100.0
25001708,18725.0,111989.0,95100.0
25001709,18796.0,112799.0,95100.0
25001710,19605.0,111720.0,95100.0
25001711,19687.0,110724.0,95100.0
25001712,19711.0,109759.0,95100.0
25001713,19736.0,112715.0,95100.0
25001714,17727.0,107952.0,95100.0
25001715,18522.0,107951.0,95100.0
25001716,19173.0,107945.0,95100.0
25001717,19928.0,107945.0,95100.0
25001718,21533.0,107964.0,95100.0
25001719,22400.0,107968.0,95100.0
25001720,24217.0,106235.0,95100.0
25001721,24217.0,105296.0,95100.0
25001722,25167.0,106224.0,95100.0
25001723,25167.0,105289.0,95100.0
25001724,26117.0,106235.0,95100.0
25001725,26117.0,105296.0,95100.0
25001726,17733.0,100214.0,95100.0
25001727,17704.0,99381.0,95100.0
25001728,18596.0,100214.0,95100.0
25001729,18559.0,99381.0,95100.0
25001730,24217.0,103414.0,95100.0
25001731,24217.0,102481.0,95100.0
25001732,25167.0,103414.0,95100.0
25001733,25167.0,102481.0,95100.0
25001734,26117.0,103414.0,95100.0
25001735,26117.0,102481.0,95100.0
25001736,24235.0,100556.0,95100.0
25001737,24271.0,99559.0,95100.0
25001738,25193.0,100552.0,95100.0
25001739,25253.0,99553.0,95100.0
25001740,26135.0,100556.0,95100.0
25001741,26171.0,99558.0,95100.0
25001742,53835.0,107943.0,95100.0
25001743,54736.0,107923.0,95100.0
25001744,55602.0,107903.0,95100.0
25001745,109538.0,100214.0,95100.0
25001746,109574.0,99381.0,95100.0
25001747,110401.0,100214.0,95100.0
25001748,110429.0,99381.0,95100.0
25001749,98867.0,114148.0,95100.0
25001750,100367.0,114148.0,95100.0
25001751,108372.0,112745.0,95100.0
25001752,108436.0,111814.0,95100.0
25001753,108445.0,109786.0,95100.0
25001754,108536.0,110807.0,95100.0
25001755,109424.0,111113.0,95100.0
25001756,109371.0,111930.0,95100.0
25001757,109425.0,110435.0,95100.0
25001758,109388.0,109627.0,95100.0
25001759,109326.0,112783.0,95100.0
25001760,110341.0,110329.0,95100.0
25001761,110337.0,111124.0,95100.0
25001762,110328.0,109547.0,95100.0
25001763,110293.0,112795.0,95100.0
25001764,110320.0,111948.0,95100.0
25001765,101998.0,100556.0,95100.0
25001766,101962.0,99558.0,95100.0
25001767,102940.0,100552.0,95100.0
25001768,102881.0,99553.0,95100.0
25001769,103898.0,100556.0,95100.0
25001770,103862.0,99559.0,95100.0
25001771,108205.0,107945.0,95100.0
25001772,108960.0,107945.0,95100.0
25001773,109611.0,107951.0,95100.0
25001774,110406.0,107952.0,95100.0
25001775,102017.0,106235.0,95100.0
25001776,102017.0,105296.0,95100.0
25001777,102967.0,106224.0,95100.0
25001778,102967.0,105289.0,95100.0
25001779,103917.0,106235.0,95100.0
25001780,103917.0,105296.0,95100.0
25001781,101960.0,114011.0,95100.0
25001782,101992.0,113153.0,95100.0
25001783,102002.0,112222.0,95100.0
25001784,102007.0,111252.0,95100.0
25001785,102010.0,110256.0,95100.0
25001786,102012.0,109228.0,95100.0
25001787,102014.0,108190.0,95100.0
25001788,102877.0,113924.0,95100.0
25001789,102929.0,113003.0,95100.0
25001790,102946.0,112064.0,95100.0
25001791,102953.0,111102.0,95100.0
25001792,102957.0,110120.0,95100.0
25001793,102960.0,109127.0,95100.0
25001794,102963.0,108135.0,95100.0
25001795,103858.0,113839.0,95100.0
25001796,103890.0,112886.0,95100.0
25001797,103902.0,111941.0,95100.0
25001798,103907.0,110977.0,95100.0
25001799,103910.0,110000.0,95100.0
25001800,103912.0,109011.0,95100.0
25001801,103914.0,108072.0,95100.0
25001802,102017.0,103414.0,95100.0
25001803,102017.0,102481.0,95100.0
25001804,102967.0,103414.0,95100.0
25001805,102967.0,102481.0,95100.0
25001806,103917.0,103414.0,95100.0
25001807,103917.0,102481.0,95100.0
25001808,105733.0,107968.0,95100.0
25001809,106600.0,107964.0,95100.0
26000001,23267.0,114848.0,98700.0
26000002,27067.0,114848.0,98700.0
26000003,20667.0,114848.0,98700.0
26000004,30067.0,114848.0,98700.0
26000005,27067.0,113448.0,98700.0
26000006,27067.0,110448.0,98700.0
26000007,30067.0,113448.0,98700.0
26000008,20667.0,111848.0,98700.0
26000009,20667.0,108798.0,98700.0
26000010,23267.0,111848.0,98700.0
26000011,16867.0,108748.0,98700.0
26000012,23267.0,108798.0,98700.0
26000013,16867.0,107148.0,98700.0
26000014,30067.0,107148.0,98700.0
26000015,23267.0,107148.0,98700.0
26000016,20667.0,107123.0,98700.0
26000017,27067.0,107148.0,98700.0
26000018,16867.0,101048.0,98700.0
26000019,17767.0,107148.0,98700.0
26000020,17767.0,101048.0,98700.0
26000021,20667.0,104348.0,98700.0
26000022,23267.0,104348.0,98700.0
26000023,27067.0,104348.0,98700.0
26000024,20667.0,101548.0,98700.0
26000025,20667.0,101048.0,98700.0
26000026,23267.0,101548.0,98700.0
26000027,27067.0,101548.0,98700.0
26000028,20667.0,98548.0,98700.0
26000029,23267.0,98548.0,98700.0
26000030,27067.0,98548.0,98700.0
26000031,16867.0,110198.0,98700.0
26000032,30067.0,110448.0,98700.0
26000033,23267.0,109893.0,98700.0
26000034,28067.0,110448.0,98700.0
26000035,23267.0,106298.0,98700.0
26000036,27067.0,106298.0,98700.0
26000037,20167.0,107098.0,98700.0
26000038,23267.0,99593.0,98700.0
26000039,27067.0,99593.0,98700.0
26000040,18417.0,98548.0,98700.0
26000041,20667.0,113648.0,98700.0
26000042,16867.0,113648.0,98700.0
26000043,19917.0,113648.0,98700.0
26000044,19917.0,114848.0,98700.0
26000045,17867.0,113648.0,98700.0
26000046,17867.0,114848.0,98700.0
26000047,28467.0,113448.0,98700.0
26000048,28467.0,114848.0,98700.0
26000049,19467.0,98548.0,98700.0
26000050,19467.0,101048.0,98700.0
26000051,17767.0,103698.0,98700.0
26000052,16867.0,103698.0,98700.0
26000053,20667.0,106298.0,98700.0
26000054,23267.0,113648.0,98700.0
26000055,20667.0,109893.0,98700.0
26000056,4867.0,114848.0,98700.0
26000057,4867.0,106698.0,98700.0
26000058,4867.0,98548.0,98700.0
26000059,4867.0,87098.0,98700.0
26000060,4867.0,126298.0,98700.0
26000061,9467.0,126348.0,98700.0
26000062,13067.0,126348.0,98700.0
26000063,124067.0,114848.0,98700.0
26000064,124067.0,106698.0,98700.0
26000065,124067.0,98548.0,98700.0
26000066,124067.0,87098.0,98700.0
26000067,124067.0,126298.0,98700.0
26000068,30067.0,98548.0,98700.0
26000069,30067.0,101048.0,98700.0
26000070,30067.0,104348.0,98700.0
26000071,30067.0,101548.0,98700.0
26000072,13067.0,87048.0,98700.0
26000073,9467.0,87048.0,98700.0
26000074,63747.0,110448.0,98700.0
26000075,60347.0,101048.0,98700.0
26000076,60347.0,107048.0,98700.0
26000077,63747.0,107148.0,98700.0
26000078,52947.0,114848.0,98700.0
26000079,56347.0,108748.0,98700.0
26000080,52947.0,103698.0,98700.0
26000081,53847.0,103698.0,98700.0
26000082,54497.0,98548.0,98700.0
26000083,56347.0,110448.0,98700.0
26000084,52947.0,110198.0,98700.0
26000085,56347.0,113448.0,98700.0
26000086,52947.0,101048.0,98700.0
26000087,53847.0,101048.0,98700.0
26000088,53847.0,107148.0,98700.0
26000089,52947.0,107148.0,98700.0
26000090,56347.0,107048.0,98700.0
26000091,52947.0,108748.0,98700.0
26000092,56347.0,101548.0,98700.0
26000093,55947.0,107048.0,98700.0
26000094,56347.0,106298.0,98700.0
26000095,60347.0,110448.0,98700.0
26000096,56347.0,104348.0,98700.0
26000097,56347.0,101048.0,98700.0
26000098,63747.0,101048.0,98700.0
26000099,52947.0,98548.0,98700.0
26000100,60347.0,104348.0,98700.0
26000101,119800.0,87048.0,98700.0
26000102,115533.0,87048.0,98700.0
26000103,111267.0,103698.0,98700.0
26000104,110367.0,103698.0,98700.0
26000105,108667.0,101048.0,98700.0
26000106,108667.0,98548.0,98700.0
26000107,99667.0,114848.0,98700.0
26000108,99667.0,113448.0,98700.0
26000109,110267.0,114848.0,98700.0
26000110,110267.0,113648.0,98700.0
26000111,108217.0,114848.0,98700.0
26000112,108217.0,113648.0,98700.0
26000113,111267.0,113648.0,98700.0
26000114,107467.0,113648.0,98700.0
26000115,109717.0,98548.0,98700.0
26000116,101067.0,99593.0,98700.0
26000117,104867.0,99593.0,98700.0
26000118,107967.0,107098.0,98700.0
26000119,101067.0,106298.0,98700.0
26000120,104867.0,106298.0,98700.0
26000121,100067.0,110448.0,98700.0
26000122,104867.0,109893.0,98700.0
26000123,98067.0,110448.0,98700.0
26000124,111267.0,110198.0,98700.0
26000125,101067.0,98548.0,98700.0
26000126,104867.0,98548.0,98700.0
26000127,107467.0,98548.0,98700.0
26000128,101067.0,101548.0,98700.0
26000129,104867.0,101548.0,98700.0
26000130,107467.0,101048.0,98700.0
26000131,107467.0,101548.0,98700.0
26000132,101067.0,104348.0,98700.0
26000133,104867.0,104348.0,98700.0
26000134,107467.0,104348.0,98700.0
26000135,110367.0,101048.0,98700.0
26000136,110367.0,107148.0,98700.0
26000137,111267.0,101048.0,98700.0
26000138,101067.0,107148.0,98700.0
26000139,107467.0,107123.0,98700.0
26000140,104867.0,107148.0,98700.0
26000141,98067.0,107148.0,98700.0
26000142,111267.0,107148.0,98700.0
26000143,104867.0,108798.0,98700.0
26000144,111267.0,108748.0,98700.0
26000145,104867.0,111848.0,98700.0
26000146,107467.0,108798.0,98700.0
26000147,107467.0,111848.0,98700.0
26000148,98067.0,113448.0,98700.0
26000149,101067.0,110448.0,98700.0
26000150,101067.0,113448.0,98700.0
26000151,98067.0,114848.0,98700.0
26000152,107467.0,114848.0,98700.0
26000153,101067.0,114848.0,98700.0
26000154,104867.0,114848.0,98700.0
26000155,107467.0,106298.0,98700.0
26000156,98067.0,101548.0,98700.0
26000157,98067.0,104348.0,98700.0
26000158,107467.0,109893.0,98700.0
26000159,104867.0,113648.0,98700.0
26000160,98067.0,101048.0,98700.0
26000161,98067.0,98548.0,98700.0
26000162,63747.0,98548.0,98700.0
26000163,56347.0,98548.0,98700.0
26000164,56347.0,114848.0,98700.0
26000165,63747.0,114848.0,98700.0
26000166,60347.0,114848.0,98700.0
26000167,60347.0,98548.0,98700.0
26000168,30067.0,87098.0,98700.0
26000169,30067.0,126298.0,98700.0
26000170,16867.0,98548.0,98700.0
26000171,16867.0,114848.0,98700.0
26000172,16867.0,106698.0,98700.0
26000173,16867.0,87098.0,98700.0
26000174,16867.0,126298.0,98700.0
26000175,111267.0,126298.0,98700.0
26000176,111267.0,87098.0,98700.0
26000177,98067.0,87098.0,98700.0
26000178,98067.0,126298.0,98700.0
26000179,111267.0,106698.0,98700.0
26000180,111267.0,114848.0,98700.0
26000181,111267.0,98548.0,98700.0
26000182,41507.0,126298.0,98700.0
26000183,41507.0,87098.0,98700.0
26000184,52947.0,87098.0,98700.0
26000185,52947.0,126298.0,98700.0
26000186,75187.0,87098.0,98700.0
26000187,75187.0,126298.0,98700.0
26000188,86627.0,126298.0,98700.0
26000189,86627.0,87098.0,98700.0
26000190,102700.0,87048.0,98700.0
26000191,47227.0,126348.0,98700.0
26000192,47227.0,87048.0,98700.0
26000193,35787.0,126348.0,98700.0
26000194,35787.0,87048.0,98700.0
26000195,25433.0,126348.0,98700.0
26000196,25433.0,114848.0,98700.0
26000197,25433.0,87048.0,98700.0
26000198,25433.0,98548.0,98700.0
26000199,20667.0,87048.0,98700.0
26000200,20667.0,126348.0,98700.0
26000201,102700.0,126348.0,98700.0
26000202,102700.0,114848.0,98700.0
26000203,107467.0,126348.0,98700.0
26000204,107467.0,87048.0,98700.0
26000205,58322.0,87048.0,98700.0
26000206,58322.0,126348.0,98700.0
26000207,58322.0,114848.0,98700.0
26000208,69467.0,126348.0,98700.0
26000209,69467.0,87048.0,98700.0
26000210,80907.0,126348.0,98700.0
26000211,80907.0,87048.0,98700.0
26000212,92347.0,126348.0,98700.0
26000213,92347.0,87048.0,98700.0
26000214,119800.0,126348.0,98700.0
26000215,115533.0,126348.0,98700.0
26000216,30067.0,106698.0,98700.0
26000217,52947.0,106698.0,98700.0
26000218,63747.0,106698.0,98700.0
26000219,58322.0,98548.0,98700.0
26000220,98067.0,106698.0,98700.0
26000221,102700.0,98548.0,98700.0
26000222,47227.0,106698.0,98700.0
26000223,47227.0,98548.0,98700.0
26000224,47227.0,114848.0,98700.0
26000225,35787.0,106698.0,98700.0
26000226,35787.0,98548.0,98700.0
26000227,35787.0,114848.0,98700.0
26000228,69467.0,106698.0,98700.0
26000229,69467.0,98548.0,98700.0
26000230,69467.0,114848.0,98700.0
26000231,80907.0,106698.0,98700.0
26000232,80907.0,98548.0,98700.0
26000233,80907.0,114848.0,98700.0
26000234,92347.0,106698.0,98700.0
26000235,92347.0,98548.0,98700.0
26000236,92347.0,114848.0,98700.0
26000237,119800.0,106698.0,98700.0
26000238,119800.0,98548.0,98700.0
26000239,119800.0,114848.0,98700.0
26000240,115533.0,106698.0,98700.0
26000241,115533.0,98548.0,98700.0
26000242,115533.0,114848.0,98700.0
26000243,86627.0,106698.0,98700.0
26000244,86627.0,98548.0,98700.0
26000245,86627.0,114848.0,98700.0
26000246,75187.0,106698.0,98700.0
26000247,75187.0,98548.0,98700.0
26000248,75187.0,114848.0,98700.0
26000249,41507.0,106698.0,98700.0
26000250,41507.0,98548.0,98700.0
26000251,41507.0,114848.0,98700.0
26000252,13067.0,106698.0,98700.0
26000253,13067.0,98548.0,98700.0
26000254,13067.0,114848.0,98700.0
26000255,9467.0,106698.0,98700.0
26000256,9467.0,98548.0,98700.0
26000257,9467.0,114848.0,98700.0
26000258,63747.0,87098.0,98700.0
26000259,63747.0,126298.0,98700.0
26000260,16867.0,108748.0,97900.0
26000261,16867.0,110198.0,97900.0
26000262,27067.0,113448.0,98100.0
26000263,27067.0,114848.0,98100.0
26000264,20667.0,107123.0,98100.0
26000265,20667.0,108798.0,98100.0
26000266,28067.0,110448.0,98100.0
26000267,30067.0,110448.0,98100.0
26000268,16867.0,107148.0,97900.0
26000269,23267.0,107148.0,98100.0
26000270,23267.0,108798.0,98100.0
26000271,17767.0,107148.0,98000.0
26000272,20167.0,107098.0,98000.0
26000273,18417.0,98548.0,97900.0
26000274,19467.0,98548.0,97900.0
26000275,28467.0,113448.0,98100.0
26000276,30067.0,113448.0,98100.0
26000277,20667.0,98548.0,97900.0
26000278,56347.0,113448.0,98000.0
26000279,56347.0,114848.0,98000.0
26000280,53847.0,107148.0,98000.0
26000281,55947.0,107048.0,98000.0
26000282,54497.0,98548.0,97900.0
26000283,56347.0,98548.0,97900.0
26000284,107467.0,98548.0,97900.0
26000285,108667.0,98548.0,97900.0
26000286,98067.0,113448.0,98100.0
26000287,99667.0,113448.0,98100.0
26000288,107967.0,107098.0,98000.0
26000289,110367.0,107148.0,98000.0
26000290,104867.0,107148.0,98100.0
26000291,104867.0,108798.0,98100.0
26000292,111267.0,107148.0,97900.0
26000293,111267.0,108748.0,97900.0
26000294,107467.0,107123.0,98100.0
26000295,107467.0,108798.0,98100.0
26000296,101067.0,113448.0,98100.0
26000297,101067.0,114848.0,98100.0
26000298,111267.0,110198.0,97900.0
26000299,98067.0,110448.0,98100.0
26000300,100067.0,110448.0,98100.0
26000301,109717.0,98548.0,97900.0
26000302,17367.0,114848.0,98700.0
26000303,21533.0,114848.0,98700.0
26000304,22400.0,114848.0,98700.0
26000305,27767.0,114848.0,98700.0
26000306,16867.0,111060.0,98700.0
26000307,16867.0,111923.0,98700.0
26000308,16867.0,112785.0,98700.0
26000309,16867.0,109110.0,98700.0
26000310,16867.0,109473.0,98700.0
26000311,16867.0,109835.0,98700.0
26000312,27067.0,113798.0,98700.0
26000313,27067.0,114148.0,98700.0
26000314,27067.0,114498.0,98700.0
26000315,30067.0,114148.0,98700.0
26000316,27067.0,111448.0,98700.0
26000317,27067.0,112448.0,98700.0
26000318,27767.0,113448.0,98700.0
26000319,27567.0,110448.0,98700.0
26000320,30067.0,111448.0,98700.0
26000321,30067.0,112448.0,98700.0
26000322,20667.0,109345.0,98700.0
26000323,20667.0,107541.0,98700.0
26000324,20667.0,107960.0,98700.0
26000325,20667.0,108379.0,98700.0
26000326,21533.0,108798.0,98700.0
26000327,22400.0,108798.0,98700.0
26000328,23267.0,109345.0,98700.0
26000329,28567.0,110448.0,98700.0
26000330,29067.0,110448.0,98700.0
26000331,29567.0,110448.0,98700.0
26000332,16867.0,107548.0,98700.0
26000333,16867.0,107948.0,98700.0
26000334,16867.0,108348.0,98700.0
26000335,23267.0,107560.0,98700.0
26000336,23267.0,107973.0,98700.0
26000337,23267.0,108385.0,98700.0
26000338,17317.0,107148.0,98700.0
26000339,21533.0,107131.0,98700.0
26000340,22400.0,107139.0,98700.0
26000341,23267.0,106723.0,98700.0
26000342,27067.0,106723.0,98700.0
26000343,28067.0,107148.0,98699.0
26000344,29067.0,107148.0,98700.0
26000345,16867.0,101931.0,98700.0
26000346,16867.0,102814.0,98700.0
26000347,16867.0,99381.0,98700.0
26000348,16867.0,100214.0,98700.0
26000349,17317.0,101048.0,98700.0
26000350,18167.0,107139.0,98700.0
26000351,18567.0,107131.0,98699.0
26000352,18967.0,107123.0,98700.0
26000353,19367.0,107114.0,98700.0
26000354,19767.0,107106.0,98700.0
26000355,18617.0,101048.0,98700.0
26000356,20667.0,99381.0,98700.0
26000357,20667.0,100214.0,98700.0
26000358,17642.0,98548.0,98700.0
26000359,18942.0,98548.0,98700.0
26000360,21533.0,98548.0,98700.0
26000361,22400.0,98548.0,98700.0
26000362,23267.0,99070.0,98700.0
26000363,27067.0,99070.0,98700.0
26000364,28067.0,98548.0,98699.0
26000365,29067.0,98548.0,98700.0
26000366,16867.0,114248.0,98700.0
26000367,20667.0,114248.0,98700.0
26000368,20292.0,114848.0,98700.0
26000369,18142.0,114848.0,98700.0
26000370,18642.0,114848.0,98699.0
26000371,19142.0,114848.0,98700.0
26000372,19642.0,114848.0,98700.0
26000373,29267.0,114848.0,98700.0
26000374,28867.0,113448.0,98700.0
26000375,29267.0,113448.0,98700.0
26000376,29667.0,113448.0,98700.0
26000377,20067.0,101048.0,98700.0
26000378,20067.0,98548.0,98700.0
26000379,16867.0,104698.0,98700.0
26000380,16867.0,105698.0,98700.0
26000381,20667.0,106710.0,98700.0
26000382,23267.0,114248.0,98700.0
26000383,30067.0,99381.0,98700.0
26000384,30067.0,100214.0,98700.0
26000385,30067.0,105281.0,98700.0
26000386,30067.0,106214.0,98700.0
26000387,30067.0,102481.0,98700.0
26000388,30067.0,103414.0,98700.0
26000389,60347.0,101873.0,98700.0
26000390,60347.0,102698.0,98700.0
26000391,60347.0,103523.0,98700.0
26000392,63747.0,111328.0,98700.0
26000393,63747.0,112208.0,98700.0
26000394,63747.0,113088.0,98700.0
26000395,63747.0,113968.0,98700.0
26000396,61022.0,114848.0,98700.0
26000397,61697.0,114848.0,98700.0
26000398,62197.0,114848.0,98699.0
26000399,62697.0,114848.0,98700.0
26000400,63197.0,114848.0,98700.0
26000401,52947.0,104560.0,98700.0
26000402,52947.0,105423.0,98700.0
26000403,52947.0,106285.0,98700.0
26000404,53722.0,98548.0,98700.0
26000405,52947.0,99381.0,98700.0
26000406,52947.0,100214.0,98700.0
26000407,52947.0,101931.0,98700.0
26000408,52947.0,102814.0,98700.0
26000409,53397.0,101048.0,98700.0
26000410,53397.0,107148.0,98700.0
26000411,56347.0,111328.0,98700.0
26000412,56347.0,112208.0,98700.0
26000413,56347.0,113088.0,98700.0
26000414,56347.0,113798.0,98700.0
26000415,56347.0,114148.0,98700.0
26000416,56347.0,114498.0,98700.0
26000417,52947.0,111128.0,98699.0
26000418,52947.0,112058.0,98700.0
26000419,52947.0,112988.0,98700.0
26000420,52947.0,113918.0,98700.0
26000421,53622.0,114848.0,98700.0
26000422,54297.0,114848.0,98700.0
26000423,54797.0,114848.0,98699.0
26000424,55297.0,114848.0,98700.0
26000425,55797.0,114848.0,98700.0
26000426,54372.0,107123.0,98700.0
26000427,54897.0,107098.0,98700.0
26000428,55422.0,107073.0,98700.0
26000429,56347.0,106673.0,98700.0
26000430,56347.0,99381.0,98700.0
26000431,56347.0,100214.0,98700.0
26000432,54959.0,98548.0,98700.0
26000433,55422.0,98548.0,98700.0
26000434,55884.0,98548.0,98700.0
26000435,63747.0,102064.0,98700.0
26000436,63747.0,103081.0,98700.0
26000437,63747.0,104098.0,98700.0
26000438,63747.0,105114.0,98700.0
26000439,63747.0,106131.0,98700.0
26000440,63747.0,99381.0,98700.0
26000441,63747.0,100214.0,98700.0
26000442,54680.0,101048.0,98700.0
26000443,55513.0,101048.0,98700.0
26000444,60822.0,98548.0,98700.0
26000445,61297.0,98548.0,98700.0
26000446,61797.0,98548.0,98699.0
26000447,62297.0,98548.0,98700.0
26000448,62797.0,98548.0,98700.0
26000449,63272.0,98548.0,98700.0
26000450,61197.0,101048.0,98700.0
26000451,62047.0,101048.0,98700.0
26000452,62897.0,101048.0,98700.0
26000453,111267.0,104698.0,98700.0
26000454,111267.0,105698.0,98700.0
26000455,108067.0,98548.0,98700.0
26000456,108067.0,101048.0,98700.0
26000457,98467.0,113448.0,98700.0
26000458,98867.0,113448.0,98700.0
26000459,99267.0,113448.0,98700.0
26000460,98867.0,114848.0,98700.0
26000461,108492.0,114848.0,98700.0
26000462,108992.0,114848.0,98699.0
26000463,109492.0,114848.0,98700.0
26000464,109992.0,114848.0,98700.0
26000465,107842.0,114848.0,98700.0
26000466,107467.0,114248.0,98700.0
26000467,111267.0,114248.0,98700.0
26000468,110767.0,114848.0,98700.0
26000469,110492.0,98548.0,98700.0
26000470,99067.0,98548.0,98699.0
26000471,100067.0,98548.0,98700.0
26000472,105733.0,98548.0,98700.0
26000473,106600.0,98548.0,98700.0
26000474,101067.0,99070.0,98700.0
26000475,104867.0,99070.0,98700.0
26000476,107467.0,99381.0,98700.0
26000477,107467.0,100214.0,98700.0
26000478,109517.0,101048.0,98700.0
26000479,108367.0,107106.0,98700.0
26000480,108767.0,107114.0,98699.0
26000481,109167.0,107123.0,98700.0
26000482,109567.0,107131.0,98700.0
26000483,109967.0,107139.0,98700.0
26000484,110817.0,101048.0,98700.0
26000485,111267.0,99381.0,98700.0
26000486,111267.0,100214.0,98700.0
26000487,111267.0,101931.0,98700.0
26000488,111267.0,102814.0,98700.0
26000489,99067.0,107148.0,98699.0
26000490,100067.0,107148.0,98700.0
26000491,101067.0,106723.0,98700.0
26000492,104867.0,106723.0,98700.0
26000493,105733.0,107139.0,98700.0
26000494,106600.0,107131.0,98700.0
26000495,110817.0,107148.0,98700.0
26000496,104867.0,107560.0,98700.0
26000497,104867.0,107973.0,98700.0
26000498,104867.0,108385.0,98700.0
26000499,111267.0,107548.0,98700.0
26000500,111267.0,107948.0,98700.0
26000501,111267.0,108348.0,98700.0
26000502,104867.0,109345.0,98700.0
26000503,105733.0,108798.0,98700.0
26000504,106600.0,108798.0,98700.0
26000505,107467.0,107541.0,98700.0
26000506,107467.0,107960.0,98700.0
26000507,107467.0,108379.0,98700.0
26000508,107467.0,109345.0,98700.0
26000509,98067.0,111448.0,98700.0
26000510,98067.0,112448.0,98700.0
26000511,100567.0,110448.0,98700.0
26000512,100367.0,113448.0,98700.0
26000513,101067.0,111448.0,98700.0
26000514,101067.0,112448.0,98700.0
26000515,98067.0,114148.0,98700.0
26000516,101067.0,113798.0,98700.0
26000517,101067.0,114148.0,98700.0
26000518,101067.0,114498.0,98700.0
26000519,111267.0,109110.0,98700.0
26000520,111267.0,109473.0,98700.0
26000521,111267.0,109835.0,98700.0
26000522,111267.0,111060.0,98700.0
26000523,111267.0,111923.0,98700.0
26000524,111267.0,112785.0,98700.0
26000525,100367.0,114848.0,98700.0
26000526,105733.0,114848.0,98700.0
26000527,106600.0,114848.0,98700.0
26000528,107467.0,106710.0,98700.0
26000529,98067.0,102481.0,98700.0
26000530,98067.0,103414.0,98700.0
26000531,98067.0,105281.0,98700.0
26000532,98067.0,106214.0,98700.0
26000533,104867.0,114248.0,98700.0
26000534,98067.0,99381.0,98700.0
26000535,98067.0,100214.0,98700.0
26000536,98567.0,110448.0,98700.0
26000537,99067.0,110448.0,98700.0
26000538,99567.0,110448.0,98700.0
26000539,109192.0,98548.0,98700.0
26000540,61197.0,110448.0,98700.0
26000541,62047.0,110448.0,98700.0
26000542,62897.0,110448.0,98700.0
26000543,16867.0,114848.0,97600.0
26000544,16867.0,114848.0,96766.0
26000545,16867.0,114848.0,95933.0
26000546,17867.0,114848.0,97600.0
26000547,17867.0,114848.0,96766.0
26000548,17867.0,114848.0,95933.0
26000549,20667.0,114848.0,97600.0
26000550,20667.0,114848.0,96766.0
26000551,20667.0,114848.0,95933.0
26000552,23267.0,114848.0,97700.0
26000553,23267.0,114848.0,96833.0
26000554,23267.0,114848.0,95966.0
26000555,28467.0,114848.0,97800.0
26000556,28467.0,114848.0,96900.0
26000557,28467.0,114848.0,96000.0
26000558,27067.0,110448.0,97800.0
26000559,27067.0,110448.0,96900.0
26000560,27067.0,110448.0,96000.0
26000561,20667.0,109893.0,97800.0
26000562,20667.0,109893.0,96900.0
26000563,20667.0,109893.0,96000.0
26000564,16867.0,113648.0,97600.0
26000565,16867.0,113648.0,96766.0
26000566,16867.0,113648.0,95933.0
26000567,23267.0,109893.0,97800.0
26000568,23267.0,109893.0,96900.0
26000569,23267.0,109893.0,96000.0
26000570,16867.0,106698.0,97800.0
26000571,16867.0,106698.0,96900.0
26000572,16867.0,106698.0,96000.0
26000573,23267.0,106298.0,97800.0
26000574,23267.0,106298.0,96900.0
26000575,23267.0,106298.0,96000.0
26000576,27067.0,106298.0,97800.0
26000577,27067.0,106298.0,96900.0
26000578,27067.0,106298.0,96000.0
26000579,27067.0,107148.0,97800.0
26000580,27067.0,107148.0,96900.0
26000581,27067.0,107148.0,96000.0
26000582,16867.0,101048.0,97800.0
26000583,16867.0,101048.0,96900.0
26000584,16867.0,101048.0,96000.0
26000585,16867.0,103698.0,97800.0
26000586,16867.0,103698.0,96900.0
26000587,16867.0,103698.0,96000.0
26000588,16867.0,98548.0,97800.0
26000589,16867.0,98548.0,96900.0
26000590,16867.0,98548.0,96000.0
26000591,17767.0,101048.0,97800.0
26000592,17767.0,101048.0,96900.0
26000593,17767.0,101048.0,96000.0
26000594,19467.0,101048.0,97800.0
26000595,19467.0,101048.0,96900.0
26000596,19467.0,101048.0,96000.0
26000597,20667.0,101048.0,97800.0
26000598,20667.0,101048.0,96900.0
26000599,20667.0,101048.0,96000.0
26000600,23267.0,98548.0,97800.0
26000601,23267.0,98548.0,96900.0
26000602,23267.0,98548.0,96000.0
26000603,23267.0,99593.0,97800.0
26000604,23267.0,99593.0,96900.0
26000605,23267.0,99593.0,96000.0
26000606,27067.0,98548.0,97800.0
26000607,27067.0,98548.0,96900.0
26000608,27067.0,98548.0,96000.0
26000609,27067.0,99593.0,97800.0
26000610,27067.0,99593.0,96900.0
26000611,27067.0,99593.0,96000.0
26000612,30067.0,98548.0,97800.0
26000613,30067.0,98548.0,96900.0
26000614,30067.0,98548.0,96000.0
26000615,19917.0,114848.0,97600.0
26000616,19917.0,114848.0,96766.0
26000617,19917.0,114848.0,95933.0
26000618,30067.0,114848.0,97800.0
26000619,30067.0,114848.0,96900.0
26000620,30067.0,114848.0,96000.0
26000621,20667.0,106298.0,97800.0
26000622,20667.0,106298.0,96900.0
26000623,20667.0,106298.0,96000.0
26000624,20667.0,113648.0,97600.0
26000625,20667.0,113648.0,96766.0
26000626,20667.0,113648.0,95933.0
26000627,23267.0,113648.0,97800.0
26000628,23267.0,113648.0,96900.0
26000629,23267.0,113648.0,96000.0
26000630,20667.0,101548.0,97800.0
26000631,20667.0,101548.0,96900.0
26000632,20667.0,101548.0,96000.0
26000633,30067.0,101048.0,97800.0
26000634,30067.0,101048.0,96900.0
26000635,30067.0,101048.0,96000.0
26000636,30067.0,101548.0,97800.0
26000637,30067.0,101548.0,96900.0
26000638,30067.0,101548.0,96000.0
26000639,30067.0,107148.0,97800.0
26000640,30067.0,107148.0,96900.0
26000641,30067.0,107148.0,96000.0
26000642,30067.0,104348.0,97800.0
26000643,30067.0,104348.0,96900.0
26000644,30067.0,104348.0,96000.0
26000645,30067.0,106698.0,97800.0
26000646,30067.0,106698.0,96900.0
26000647,30067.0,106698.0,96000.0
26000648,60347.0,101048.0,97600.0
26000649,60347.0,101048.0,96766.0
26000650,60347.0,101048.0,95933.0
26000651,60347.0,104348.0,97600.0
26000652,60347.0,104348.0,96766.0
26000653,60347.0,104348.0,95933.0
26000654,63747.0,110448.0,97600.0
26000655,63747.0,110448.0,96766.0
26000656,63747.0,110448.0,95933.0
26000657,63747.0,114848.0,97600.0
26000658,63747.0,114848.0,96766.0
26000659,63747.0,114848.0,95933.0
26000660,60347.0,114848.0,97600.0
26000661,60347.0,114848.0,96766.0
26000662,60347.0,114848.0,95933.0
26000663,52947.0,103698.0,97800.0
26000664,52947.0,103698.0,96900.0
26000665,52947.0,103698.0,96000.0
26000666,52947.0,106698.0,97800.0
26000667,52947.0,106698.0,96900.0
26000668,52947.0,106698.0,96000.0
26000669,52947.0,98548.0,97800.0
26000670,52947.0,98548.0,96900.0
26000671,52947.0,98548.0,96000.0
26000672,52947.0,101048.0,97800.0
26000673,52947.0,101048.0,96900.0
26000674,52947.0,101048.0,96000.0
26000675,53847.0,101048.0,97800.0
26000676,53847.0,101048.0,96900.0
26000677,53847.0,101048.0,96000.0
26000678,52947.0,107148.0,97800.0
26000679,52947.0,107148.0,96900.0
26000680,52947.0,107148.0,96000.0
26000681,56347.0,107048.0,97800.0
26000682,56347.0,107048.0,96900.0
26000683,56347.0,107048.0,96000.0
26000684,56347.0,110448.0,97800.0
26000685,56347.0,110448.0,96900.0
26000686,56347.0,110448.0,96000.0
26000687,52947.0,110198.0,97600.0
26000688,52947.0,110198.0,96766.0
26000689,52947.0,110198.0,95933.0
26000690,52947.0,114848.0,97600.0
26000691,52947.0,114848.0,96766.0
26000692,52947.0,114848.0,95933.0
26000693,56347.0,106298.0,97800.0
26000694,56347.0,106298.0,96900.0
26000695,56347.0,106298.0,96000.0
26000696,56347.0,101048.0,97800.0
26000697,56347.0,101048.0,96900.0
26000698,56347.0,101048.0,96000.0
26000699,56347.0,101548.0,97800.0
26000700,56347.0,101548.0,96900.0
26000701,56347.0,101548.0,96000.0
26000702,63747.0,101048.0,97600.0
26000703,63747.0,101048.0,96766.0
26000704,63747.0,101048.0,95933.0
26000705,63747.0,106698.0,97700.0
26000706,63747.0,106698.0,96833.0
26000707,63747.0,106698.0,95966.0
26000708,63747.0,98548.0,97600.0
26000709,63747.0,98548.0,96766.0
26000710,63747.0,98548.0,95933.0
26000711,60347.0,98548.0,97600.0
26000712,60347.0,98548.0,96766.0
26000713,60347.0,98548.0,95933.0
26000714,111267.0,103698.0,97800.0
26000715,111267.0,103698.0,96900.0
26000716,111267.0,103698.0,96000.0
26000717,111267.0,106698.0,97800.0
26000718,111267.0,106698.0,96900.0
26000719,111267.0,106698.0,96000.0
26000720,107467.0,101048.0,97800.0
26000721,107467.0,101048.0,96900.0
26000722,107467.0,101048.0,96000.0
26000723,108667.0,101048.0,97800.0
26000724,108667.0,101048.0,96900.0
26000725,108667.0,101048.0,96000.0
26000726,98067.0,114848.0,97800.0
26000727,98067.0,114848.0,96900.0
26000728,98067.0,114848.0,96000.0
26000729,99667.0,114848.0,97800.0
26000730,99667.0,114848.0,96900.0
26000731,99667.0,114848.0,96000.0
26000732,108217.0,114848.0,97600.0
26000733,108217.0,114848.0,96766.0
26000734,108217.0,114848.0,95933.0
26000735,110267.0,114848.0,97600.0
26000736,110267.0,114848.0,96766.0
26000737,110267.0,114848.0,95933.0
26000738,107467.0,114848.0,97700.0
26000739,107467.0,114848.0,96833.0
26000740,107467.0,114848.0,95966.0
26000741,107467.0,113648.0,97600.0
26000742,107467.0,113648.0,96766.0
26000743,107467.0,113648.0,95933.0
26000744,111267.0,113648.0,97800.0
26000745,111267.0,113648.0,96900.0
26000746,111267.0,113648.0,96000.0
26000747,111267.0,114848.0,97700.0
26000748,111267.0,114848.0,96833.0
26000749,111267.0,114848.0,95966.0
26000750,111267.0,98548.0,97800.0
26000751,111267.0,98548.0,96900.0
26000752,111267.0,98548.0,96000.0
26000753,98067.0,98548.0,97800.0
26000754,98067.0,98548.0,96900.0
26000755,98067.0,98548.0,96000.0
26000756,101067.0,98548.0,97800.0
26000757,101067.0,98548.0,96900.0
26000758,101067.0,98548.0,96000.0
26000759,104867.0,98548.0,97800.0
26000760,104867.0,98548.0,96900.0
26000761,104867.0,98548.0,96000.0
26000762,101067.0,99593.0,97800.0
26000763,101067.0,99593.0,96900.0
26000764,101067.0,99593.0,96000.0
26000765,104867.0,99593.0,97800.0
26000766,104867.0,99593.0,96900.0
26000767,104867.0,99593.0,96000.0
26000768,107467.0,101548.0,97800.0
26000769,107467.0,101548.0,96900.0
26000770,107467.0,101548.0,96000.0
26000771,110367.0,101048.0,97800.0
26000772,110367.0,101048.0,96900.0
26000773,110367.0,101048.0,96000.0
26000774,111267.0,101048.0,97800.0
26000775,111267.0,101048.0,96900.0
26000776,111267.0,101048.0,96000.0
26000777,98067.0,107148.0,97800.0
26000778,98067.0,107148.0,96900.0
26000779,98067.0,107148.0,96000.0
26000780,101067.0,107148.0,97800.0
26000781,101067.0,107148.0,96900.0
26000782,101067.0,107148.0,96000.0
26000783,101067.0,106298.0,97800.0
26000784,101067.0,106298.0,96900.0
26000785,101067.0,106298.0,96000.0
26000786,104867.0,106298.0,97800.0
26000787,104867.0,106298.0,96900.0
26000788,104867.0,106298.0,96000.0
26000789,104867.0,109893.0,97800.0
26000790,104867.0,109893.0,96900.0
26000791,104867.0,109893.0,96000.0
26000792,107467.0,109893.0,97800.0
26000793,107467.0,109893.0,96900.0
26000794,107467.0,109893.0,96000.0
26000795,101067.0,110448.0,97800.0
26000796,101067.0,110448.0,96900.0
26000797,101067.0,110448.0,96000.0
26000798,104867.0,114848.0,97800.0
26000799,104867.0,114848.0,96900.0
26000800,104867.0,114848.0,96000.0
26000801,107467.0,106298.0,97800.0
26000802,107467.0,106298.0,96900.0
26000803,107467.0,106298.0,96000.0
26000804,98067.0,101548.0,97800.0
26000805,98067.0,101548.0,96900.0
26000806,98067.0,101548.0,96000.0
26000807,98067.0,104348.0,97800.0
26000808,98067.0,104348.0,96900.0
26000809,98067.0,104348.0,96000.0
26000810,98067.0,106698.0,97800.0
26000811,98067.0,106698.0,96900.0
26000812,98067.0,106698.0,96000.0
26000813,104867.0,113648.0,97800.0
26000814,104867.0,113648.0,96900.0
26000815,104867.0,113648.0,96000.0
26000816,98067.0,101048.0,97800.0
26000817,98067.0,101048.0,96900.0
26000818,98067.0,101048.0,96000.0
26000819,63747.0,107148.0,97800.0
26000820,63747.0,107148.0,96900.0
26000821,63747.0,107148.0,96000.0
26000822,60347.0,110448.0,97600.0
26000823,60347.0,110448.0,96766.0
26000824,60347.0,110448.0,95933.0
26000825,16867.0,109110.0,97900.0
26000826,16867.0,109473.0,97900.0
26000827,16867.0,109835.0,97900.0
26000828,27067.0,113798.0,98100.0
26000829,27067.0,114148.0,98100.0
26000830,27067.0,114498.0,98100.0
26000831,20667.0,107541.0,98100.0
26000832,20667.0,107960.0,98100.0
26000833,20667.0,108379.0,98100.0
26000834,28567.0,110448.0,98100.0
26000835,29067.0,110448.0,98100.0
26000836,29567.0,110448.0,98100.0
26000837,16867.0,107548.0,97900.0
26000838,16867.0,107948.0,97900.0
26000839,16867.0,108348.0,97900.0
26000840,23267.0,107560.0,98100.0
26000841,23267.0,107973.0,98100.0
26000842,23267.0,108385.0,98100.0
26000843,18167.0,107139.0,98000.0
26000844,18567.0,107131.0,98000.0
26000845,18967.0,107123.0,98000.0
26000846,19367.0,107114.0,98000.0
26000847,19767.0,107106.0,98000.0
26000848,18942.0,98548.0,97900.0
26000849,28867.0,113448.0,98100.0
26000850,29267.0,113448.0,98100.0
26000851,29667.0,113448.0,98100.0
26000852,20067.0,98548.0,97900.0
26000853,56347.0,113798.0,98000.0
26000854,56347.0,114148.0,98000.0
26000855,56347.0,114498.0,98000.0
26000856,54372.0,107123.0,98000.0
26000857,54897.0,107098.0,98000.0
26000858,55422.0,107073.0,98000.0
26000859,54959.0,98548.0,97900.0
26000860,55422.0,98548.0,97900.0
26000861,55884.0,98548.0,97900.0
26000862,108067.0,98548.0,97900.0
26000863,98467.0,113448.0,98100.0
26000864,98867.0,113448.0,98100.0
26000865,99267.0,113448.0,98100.0
26000866,108367.0,107106.0,98000.0
26000867,108767.0,107114.0,98000.0
26000868,109167.0,107123.0,98000.0
26000869,109567.0,107131.0,98000.0
26000870,109967.0,107139.0,98000.0
26000871,104867.0,107560.0,98100.0
26000872,104867.0,107973.0,98100.0
26000873,104867.0,108385.0,98100.0
26000874,111267.0,107548.0,97900.0
26000875,111267.0,107948.0,97900.0
26000876,111267.0,108348.0,97900.0
26000877,107467.0,107541.0,98100.0
26000878,107467.0,107960.0,98100.0
26000879,107467.0,108379.0,98100.0
26000880,101067.0,113798.0,98100.0
26000881,101067.0,114148.0,98100.0
26000882,101067.0,114498.0,98100.0
26000883,111267.0,109110.0,97900.0
26000884,111267.0,109473.0,97900.0
26000885,111267.0,109835.0,97900.0
26000886,98567.0,110448.0,98100.0
26000887,99067.0,110448.0,98100.0
26000888,99567.0,110448.0,98100.0
26000889,109192.0,98548.0,97900.0
26000890,27067.0,114848.0,96900.0
26000891,27067.0,114848.0,96000.0
26000892,27067.0,113448.0,96900.0
26000893,27067.0,113448.0,96000.0
26000894,28467.0,113448.0,96900.0
26000895,28467.0,113448.0,96000.0
26000896,20667.0,108798.0,96900.0
26000897,20667.0,108798.0,96000.0
26000898,16867.0,110198.0,96766.0
26000899,16867.0,110198.0,95933.0
26000900,28067.0,110448.0,96900.0
26000901,28067.0,110448.0,96000.0
26000902,23267.0,108798.0,96900.0
26000903,23267.0,108798.0,96000.0
26000904,16867.0,107148.0,96900.0
26000905,16867.0,107148.0,96000.0
26000906,20167.0,107098.0,96900.0
26000907,20167.0,107098.0,96000.0
26000908,20667.0,107123.0,96900.0
26000909,20667.0,107123.0,96000.0
26000910,23267.0,107148.0,96900.0
26000911,23267.0,107148.0,96000.0
26000912,20667.0,98548.0,96900.0
26000913,20667.0,98548.0,96000.0
26000914,18417.0,98548.0,96900.0
26000915,18417.0,98548.0,96000.0
26000916,17767.0,107148.0,96900.0
26000917,17767.0,107148.0,96000.0
26000918,30067.0,113448.0,96900.0
26000919,30067.0,113448.0,96000.0
26000920,30067.0,110448.0,96900.0
26000921,30067.0,110448.0,96000.0
26000922,54497.0,98548.0,96900.0
26000923,54497.0,98548.0,96000.0
26000924,53847.0,107148.0,96900.0
26000925,53847.0,107148.0,96000.0
26000926,55947.0,107048.0,96900.0
26000927,55947.0,107048.0,96000.0
26000928,56347.0,113448.0,96900.0
26000929,56347.0,113448.0,96000.0
26000930,56347.0,114848.0,96766.0
26000931,56347.0,114848.0,95933.0
26000932,56347.0,98548.0,96900.0
26000933,56347.0,98548.0,96000.0
26000934,109717.0,98548.0,96900.0
26000935,109717.0,98548.0,96000.0
26000936,107467.0,98548.0,96900.0
26000937,107467.0,98548.0,96000.0
26000938,107467.0,107123.0,96900.0
26000939,107467.0,107123.0,96000.0
26000940,107967.0,107098.0,96900.0
26000941,107967.0,107098.0,96000.0
26000942,104867.0,107148.0,96900.0
26000943,104867.0,107148.0,96000.0
26000944,110367.0,107148.0,96900.0
26000945,110367.0,107148.0,96000.0
26000946,111267.0,107148.0,96900.0
26000947,111267.0,107148.0,96000.0
26000948,104867.0,108798.0,96900.0
26000949,104867.0,108798.0,96000.0
26000950,107467.0,108798.0,96900.0
26000951,107467.0,108798.0,96000.0
26000952,98067.0,110448.0,96900.0
26000953,98067.0,110448.0,96000.0
26000954,98067.0,113448.0,96900.0
26000955,98067.0,113448.0,96000.0
26000956,100067.0,110448.0,96900.0
26000957,100067.0,110448.0,96000.0
26000958,99667.0,113448.0,96900.0
26000959,99667.0,113448.0,96000.0
26000960,101067.0,113448.0,96900.0
26000961,101067.0,113448.0,96000.0
26000962,111267.0,110198.0,96900.0
26000963,111267.0,110198.0,96000.0
26000964,101067.0,114848.0,96900.0
26000965,101067.0,114848.0,96000.0
26000966,24217.0,107148.0,98700.0
26000967,25167.0,107148.0,98700.0
26000968,26117.0,107148.0,98700.0
26000969,27067.0,108248.0,98699.0
26000970,27067.0,109348.0,98700.0
26000971,26250.0,114848.0,98700.0
26000972,24350.0,114848.0,98700.0
26000973,23267.0,112748.0,98700.0
26000974,23267.0,110870.0,98700.0
26000975,28467.0,114148.0,98700.0
26000976,17817.0,108760.0,98700.0
26000977,18767.0,108773.0,98700.0
26000978,19717.0,108785.0,98700.0
26000979,20667.0,110870.0,98700.0
26000980,20667.0,112748.0,98700.0
26000981,18892.0,113648.0,98700.0
26000982,24217.0,104348.0,98700.0
26000983,25167.0,104348.0,98700.0
26000984,26117.0,104348.0,98700.0
26000985,27067.0,105323.0,98700.0
26000986,23267.0,105323.0,98700.0
26000987,19467.0,99381.0,98700.0
26000988,19467.0,100214.0,98700.0
26000989,24217.0,101548.0,98700.0
26000990,25167.0,101548.0,98700.0
26000991,26117.0,101548.0,98700.0
26000992,27067.0,102481.0,98700.0
26000993,27067.0,103414.0,98700.0
26000994,23267.0,102481.0,98700.0
26000995,23267.0,103414.0,98700.0
26000996,24350.0,98548.0,98700.0
26000997,26250.0,98548.0,98700.0
26000998,27067.0,100570.0,98700.0
26000999,23267.0,100570.0,98700.0
26001000,56347.0,107898.0,98700.0
26001001,53797.0,108748.0,98700.0
26001002,54647.0,108748.0,98700.0
26001003,55497.0,108748.0,98700.0
26001004,52947.0,107948.0,98700.0
26001005,108667.0,99381.0,98700.0
26001006,108667.0,100214.0,98700.0
26001007,99667.0,114148.0,98700.0
26001008,109242.0,113648.0,98700.0
26001009,108417.0,108785.0,98700.0
26001010,109367.0,108773.0,98700.0
26001011,110317.0,108760.0,98700.0
26001012,107467.0,112748.0,98700.0
26001013,107467.0,110870.0,98700.0
26001014,101883.0,98548.0,98700.0
26001015,103783.0,98548.0,98700.0
26001016,104867.0,100570.0,98700.0
26001017,102017.0,101548.0,98700.0
26001018,102967.0,101548.0,98700.0
26001019,103917.0,101548.0,98700.0
26001020,101067.0,100570.0,98700.0
26001021,102017.0,104348.0,98700.0
26001022,102967.0,104348.0,98700.0
26001023,103917.0,104348.0,98700.0
26001024,104867.0,105323.0,98700.0
26001025,102017.0,107148.0,98700.0
26001026,102967.0,107148.0,98700.0
26001027,103917.0,107148.0,98700.0
26001028,101067.0,105323.0,98700.0
26001029,104867.0,110870.0,98700.0
26001030,104867.0,112748.0,98700.0
26001031,103783.0,114848.0,98700.0
26001032,101883.0,114848.0,98700.0
26001033,101067.0,108248.0,98699.0
26001034,101067.0,109348.0,98700.0
26001035,104867.0,102481.0,98700.0
26001036,104867.0,103414.0,98700.0
26001037,101067.0,102481.0,98700.0
26001038,101067.0,103414.0,98700.0
26001041,64265.0,106677.0,98699.0
26001042,108667.0,98548.0,98300.0
26001043,109192.0,98548.0,98300.0
26001044,109717.0,98548.0,98300.0
26001045,98067.0,110448.0,98400.0
26001046,98567.0,110448.0,98400.0
26001047,99067.0,110448.0,98400.0
26001048,99567.0,110448.0,98400.0
26001049,100067.0,110448.0,98400.0
26001050,111267.0,108748.0,98300.0
26001051,111267.0,109110.0,98300.0
26001052,111267.0,109473.0,98300.0
26001053,111267.0,109835.0,98300.0
26001054,111267.0,110198.0,98300.0
26001055,101067.0,113448.0,98400.0
26001056,101067.0,113798.0,98400.0
26001057,101067.0,114148.0,98400.0
26001058,101067.0,114498.0,98400.0
26001059,101067.0,114848.0,98400.0
26001060,107467.0,107123.0,98400.0
26001061,107467.0,107541.0,98400.0
26001062,107467.0,107960.0,98400.0
26001063,107467.0,108379.0,98400.0
26001064,107467.0,108798.0,98400.0
26001065,111267.0,107148.0,98300.0
26001066,111267.0,107548.0,98300.0
26001067,111267.0,107948.0,98300.0
26001068,111267.0,108348.0,98300.0
26001069,104867.0,107148.0,98400.0
26001070,104867.0,107560.0,98400.0
26001071,104867.0,107973.0,98400.0
26001072,104867.0,108385.0,98400.0
26001073,104867.0,108798.0,98400.0
26001074,107967.0,107098.0,98350.0
26001075,108367.0,107106.0,98350.0
26001076,108767.0,107114.0,98350.0
26001077,109167.0,107123.0,98350.0
26001078,109567.0,107131.0,98350.0
26001079,109967.0,107139.0,98350.0
26001080,110367.0,107148.0,98350.0
26001081,98067.0,113448.0,98400.0
26001082,98467.0,113448.0,98400.0
26001083,98867.0,113448.0,98400.0
26001084,99267.0,113448.0,98400.0
26001085,99667.0,113448.0,98400.0
26001086,107467.0,98548.0,98300.0
26001087,108067.0,98548.0,98300.0
26001088,54497.0,98548.0,98300.0
26001089,54959.0,98548.0,98300.0
26001090,55422.0,98548.0,98300.0
26001091,55884.0,98548.0,98300.0
26001092,56347.0,98548.0,98300.0
26001093,53847.0,107148.0,98350.0
26001094,54372.0,107123.0,98350.0
26001095,54897.0,107098.0,98350.0
26001096,55422.0,107073.0,98350.0
26001097,55947.0,107048.0,98350.0
26001098,56347.0,113448.0,98350.0
26001099,56347.0,113798.0,98350.0
26001100,56347.0,114148.0,98350.0
26001101,56347.0,114498.0,98350.0
26001102,56347.0,114848.0,98350.0
26001103,19467.0,98548.0,98300.0
26001104,20067.0,98548.0,98300.0
26001105,20667.0,98548.0,98300.0
26001106,28467.0,113448.0,98400.0
26001107,28867.0,113448.0,98400.0
26001108,29267.0,113448.0,98400.0
26001109,29667.0,113448.0,98400.0
26001110,30067.0,113448.0,98400.0
26001111,18417.0,98548.0,98300.0
26001112,18942.0,98548.0,98300.0
26001113,17767.0,107148.0,98350.0
26001114,18167.0,107139.0,98350.0
26001115,18567.0,107131.0,98350.0
26001116,18967.0,107123.0,98350.0
26001117,19367.0,107114.0,98350.0
26001118,19767.0,107106.0,98350.0
26001119,20167.0,107098.0,98350.0
26001120,23267.0,107148.0,98400.0
26001121,23267.0,107560.0,98400.0
26001122,23267.0,107973.0,98400.0
26001123,23267.0,108385.0,98400.0
26001124,23267.0,108798.0,98400.0
26001125,16867.0,107148.0,98300.0
26001126,16867.0,107548.0,98300.0
26001127,16867.0,107948.0,98300.0
26001128,16867.0,108348.0,98300.0
26001129,16867.0,108748.0,98300.0
26001130,28067.0,110448.0,98400.0
26001131,28567.0,110448.0,98400.0
26001132,29067.0,110448.0,98400.0
26001133,29567.0,110448.0,98400.0
26001134,30067.0,110448.0,98400.0
26001135,20667.0,107123.0,98400.0
26001136,20667.0,107541.0,98400.0
26001137,20667.0,107960.0,98400.0
26001138,20667.0,108379.0,98400.0
26001139,20667.0,108798.0,98400.0
26001140,27067.0,113448.0,98400.0
26001141,27067.0,113798.0,98400.0
26001142,27067.0,114148.0,98400.0
26001143,27067.0,114498.0,98400.0
26001144,27067.0,114848.0,98400.0
26001145,16867.0,109110.0,98300.0
26001146,16867.0,109473.0,98300.0
26001147,16867.0,109835.0,98300.0
26001148,16867.0,110198.0,98300.0
26001149,17367.0,114848.0,97600.0
26001150,17367.0,114848.0,95933.0
26001151,17367.0,114848.0,96766.0
26001152,21533.0,114848.0,97700.0
26001153,22400.0,114848.0,97700.0
26001154,21533.0,114848.0,95966.0
26001155,22400.0,114848.0,95966.0
26001156,21533.0,114848.0,96833.0
26001157,22400.0,114848.0,96833.0
26001158,27767.0,114848.0,97800.0
26001159,27767.0,114848.0,96000.0
26001160,27767.0,114848.0,96900.0
26001161,16867.0,111060.0,97900.0
26001162,16867.0,111923.0,97900.0
26001163,16867.0,112785.0,97900.0
26001164,16867.0,111060.0,95933.0
26001165,16867.0,111923.0,95933.0
26001166,16867.0,112785.0,95933.0
26001167,16867.0,111060.0,96766.0
26001168,16867.0,112785.0,96766.0
26001169,16867.0,111923.0,96766.0
26001170,30067.0,114148.0,97800.0
26001171,30067.0,114148.0,96000.0
26001172,30067.0,114148.0,96900.0
26001173,27067.0,111448.0,97800.0
26001174,27067.0,112448.0,97800.0
26001175,27067.0,111448.0,96000.0
26001176,27067.0,112448.0,96000.0
26001177,27067.0,111448.0,96900.0
26001178,27067.0,112448.0,96900.0
26001179,27767.0,113448.0,98100.0
26001180,27767.0,113448.0,96000.0
26001181,27767.0,113448.0,96900.0
26001182,27567.0,110448.0,97800.0
26001183,27567.0,110448.0,96000.0
26001184,27567.0,110448.0,96900.0
26001185,30067.0,111448.0,98100.0
26001186,30067.0,112448.0,98100.0
26001187,30067.0,111448.0,96000.0
26001188,30067.0,112448.0,96000.0
26001189,30067.0,111448.0,96900.0
26001190,30067.0,112448.0,96900.0
26001191,20667.0,109345.0,97800.0
26001192,20667.0,109345.0,96000.0
26001193,20667.0,109345.0,96900.0
26001194,21533.0,108798.0,98100.0
26001195,22400.0,108798.0,98100.0
26001196,21533.0,108798.0,96000.0
26001197,22400.0,108798.0,96000.0
26001198,21533.0,108798.0,96900.0
26001199,22400.0,108798.0,96900.0
26001200,23267.0,109345.0,97800.0
26001201,23267.0,109345.0,96000.0
26001202,23267.0,109345.0,96900.0
26001203,17317.0,107148.0,97900.0
26001204,17317.0,107148.0,96000.0
26001205,17317.0,107148.0,96900.0
26001206,21533.0,107131.0,98100.0
26001207,22400.0,107139.0,98100.0
26001208,21533.0,107131.0,96000.0
26001209,22400.0,107139.0,96000.0
26001210,21533.0,107131.0,96900.0
26001211,22400.0,107139.0,96900.0
26001212,23267.0,106723.0,97800.0
26001213,23267.0,106723.0,96000.0
26001214,23267.0,106723.0,96900.0
26001215,27067.0,106723.0,97800.0
26001216,27067.0,106723.0,96000.0
26001217,27067.0,106723.0,96900.0
26001218,28067.0,107148.0,97800.0
26001219,29067.0,107148.0,97800.0
26001220,28067.0,107148.0,96000.0
26001221,29067.0,107148.0,96000.0
26001222,28067.0,107148.0,96900.0
26001223,29067.0,107148.0,96900.0
26001224,16867.0,101931.0,97800.0
26001225,16867.0,102814.0,97800.0
26001226,16867.0,101931.0,96000.0
26001227,16867.0,102814.0,96000.0
26001228,16867.0,101931.0,96900.0
26001229,16867.0,102814.0,96900.0
26001230,16867.0,99381.0,97800.0
26001231,16867.0,100214.0,97800.0
26001232,16867.0,99381.0,96000.0
26001233,16867.0,100214.0,96000.0
26001234,16867.0,99381.0,96900.0
26001235,16867.0,100214.0,96900.0
26001236,17317.0,101048.0,97800.0
26001237,17317.0,101048.0,96000.0
26001238,17317.0,101048.0,96900.0
26001239,18617.0,101048.0,97800.0
26001240,18617.0,101048.0,96000.0
26001241,18617.0,101048.0,96900.0
26001242,20667.0,99381.0,97800.0
26001243,20667.0,100214.0,97800.0
26001244,20667.0,99381.0,96000.0
26001245,20667.0,100214.0,96000.0
26001246,20667.0,99381.0,96900.0
26001247,20667.0,100214.0,96900.0
26001248,17642.0,98548.0,97800.0
26001249,17642.0,98548.0,96000.0
26001250,17642.0,98548.0,96900.0
26001251,21533.0,98548.0,97800.0
26001252,22400.0,98548.0,97800.0
26001253,21533.0,98548.0,96000.0
26001254,22400.0,98548.0,96000.0
26001255,21533.0,98548.0,96900.0
26001256,22400.0,98548.0,96900.0
26001257,23267.0,99070.0,97800.0
26001258,23267.0,99070.0,96000.0
26001259,23267.0,99070.0,96900.0
26001260,27067.0,99070.0,97800.0
26001261,27067.0,99070.0,96000.0
26001262,27067.0,99070.0,96900.0
26001263,28067.0,98548.0,97800.0
26001264,29067.0,98548.0,97800.0
26001265,28067.0,98548.0,96000.0
26001266,29067.0,98548.0,96000.0
26001267,28067.0,98548.0,96900.0
26001268,29067.0,98548.0,96900.0
26001269,16867.0,114248.0,97600.0
26001270,16867.0,114248.0,95933.0
26001271,16867.0,114248.0,96766.0
26001272,20667.0,114248.0,97600.0
26001273,20667.0,114248.0,95933.0
26001274,20667.0,114248.0,96766.0
26001275,20292.0,114848.0,97600.0
26001276,20292.0,114848.0,95933.0
26001277,20292.0,114848.0,96766.0
26001278,18142.0,114848.0,97600.0
26001279,18145.0,114848.0,98150.0
26001280,18642.0,114848.0,98150.0
26001281,19142.0,114848.0,98150.0
26001282,19639.0,114848.0,98150.0
26001283,19642.0,114848.0,97600.0
26001284,18142.0,114848.0,95933.0
26001285,19642.0,114848.0,95933.0
26001286,18142.0,114848.0,96766.0
26001287,19642.0,114848.0,96766.0
26001288,18642.0,114848.0,97600.0
26001289,19142.0,114848.0,97600.0
26001290,29267.0,114848.0,97800.0
26001291,29267.0,114848.0,96000.0
26001292,29267.0,114848.0,96900.0
26001293,20067.0,101048.0,97800.0
26001294,20067.0,101048.0,96000.0
26001295,20067.0,101048.0,96900.0
26001296,16867.0,104698.0,97800.0
26001297,16867.0,105698.0,97800.0
26001298,16867.0,104698.0,96000.0
26001299,16867.0,105698.0,96000.0
26001300,16867.0,104698.0,96900.0
26001301,16867.0,105698.0,96900.0
26001302,20667.0,106710.0,97800.0
26001303,20667.0,106710.0,96000.0
26001304,20667.0,106710.0,96900.0
26001305,23267.0,114248.0,97800.0
26001306,23267.0,114248.0,96000.0
26001307,23267.0,114248.0,96900.0
26001308,30067.0,99381.0,97800.0
26001309,30067.0,100214.0,97800.0
26001310,30067.0,99381.0,96000.0
26001311,30067.0,100214.0,96000.0
26001312,30067.0,99381.0,96900.0
26001313,30067.0,100214.0,96900.0
26001314,30067.0,105281.0,97800.0
26001315,30067.0,106214.0,97800.0
26001316,30067.0,105281.0,96000.0
26001317,30067.0,106214.0,96000.0
26001318,30067.0,105281.0,96900.0
26001319,30067.0,106214.0,96900.0
26001320,30067.0,102481.0,97800.0
26001321,30067.0,103414.0,97800.0
26001322,30067.0,102481.0,96000.0
26001323,30067.0,103414.0,96000.0
26001324,30067.0,102481.0,96900.0
26001325,30067.0,103414.0,96900.0
26001326,60347.0,101873.0,97600.0
26001327,60347.0,102698.0,97600.0
26001328,60347.0,103523.0,97600.0
26001329,60347.0,101873.0,95933.0
26001330,60347.0,102698.0,95933.0
26001331,60347.0,103523.0,95933.0
26001332,60347.0,101873.0,96766.0
26001333,60347.0,103523.0,96766.0
26001334,60347.0,102698.0,96766.0
26001335,63747.0,111328.0,97600.0
26001336,63747.0,112208.0,97600.0
26001337,63747.0,113088.0,97600.0
26001338,63747.0,113968.0,97600.0
26001339,63747.0,111328.0,95933.0
26001340,63747.0,112208.0,95933.0
26001341,63747.0,113088.0,95933.0
26001342,63747.0,113968.0,95933.0
26001343,63747.0,111328.0,96766.0
26001344,63747.0,113968.0,96766.0
26001345,63747.0,112208.0,96766.0
26001346,63747.0,113088.0,96766.0
26001347,61022.0,114848.0,97600.0
26001348,61697.0,114848.0,97600.0
26001349,61700.0,114848.0,98150.0
26001350,62197.0,114848.0,98150.0
26001351,62697.0,114848.0,98150.0
26001352,63194.0,114848.0,98150.0
26001353,63197.0,114848.0,97600.0
26001354,61022.0,114848.0,95933.0
26001355,61697.0,114848.0,95933.0
26001356,63197.0,114848.0,95933.0
26001357,61022.0,114848.0,96766.0
26001358,63197.0,114848.0,96766.0
26001359,62197.0,114848.0,97600.0
26001360,61697.0,114848.0,96766.0
26001361,62697.0,114848.0,97600.0
26001362,52947.0,104560.0,97800.0
26001363,52947.0,105423.0,97800.0
26001364,52947.0,106285.0,97800.0
26001365,52947.0,104560.0,96000.0
26001366,52947.0,105423.0,96000.0
26001367,52947.0,106285.0,96000.0
26001368,52947.0,104560.0,96900.0
26001369,52947.0,106285.0,96900.0
26001370,52947.0,105423.0,96900.0
26001371,53722.0,98548.0,97800.0
26001372,53722.0,98548.0,96000.0
26001373,53722.0,98548.0,96900.0
26001374,52947.0,99381.0,97800.0
26001375,52947.0,100214.0,97800.0
26001376,52947.0,99381.0,96000.0
26001377,52947.0,100214.0,96000.0
26001378,52947.0,99381.0,96900.0
26001379,52947.0,100214.0,96900.0
26001380,52947.0,101931.0,97800.0
26001381,52947.0,102814.0,97800.0
26001382,52947.0,101931.0,96000.0
26001383,52947.0,102814.0,96000.0
26001384,52947.0,101931.0,96900.0
26001385,52947.0,102814.0,96900.0
26001386,53397.0,101048.0,97800.0
26001387,53397.0,101048.0,96000.0
26001388,53397.0,101048.0,96900.0
26001389,53397.0,107148.0,97800.0
26001390,53397.0,107148.0,96000.0
26001391,53397.0,107148.0,96900.0
26001392,56347.0,111328.0,97800.0
26001393,56347.0,112208.0,97800.0
26001394,56347.0,113088.0,97800.0
26001395,56347.0,111328.0,96000.0
26001396,56347.0,112208.0,96000.0
26001397,56347.0,113088.0,96000.0
26001398,56347.0,111328.0,96900.0
26001399,56347.0,113088.0,96900.0
26001400,56347.0,112208.0,96900.0
26001401,52947.0,111128.0,97600.0
26001402,52947.0,112058.0,97600.0
26001403,52947.0,112988.0,97600.0
26001404,52947.0,113918.0,97600.0
26001405,52947.0,111128.0,95933.0
26001406,52947.0,112058.0,95933.0
26001407,52947.0,112988.0,95933.0
26001408,52947.0,113918.0,95933.0
26001409,52947.0,111128.0,96766.0
26001410,52947.0,113918.0,96766.0
26001411,52947.0,112058.0,96766.0
26001412,52947.0,112988.0,96766.0
26001413,53622.0,114848.0,97600.0
26001414,54297.0,114848.0,97600.0
26001415,54300.0,114848.0,98150.0
26001416,54797.0,114848.0,98150.0
26001417,55297.0,114848.0,98150.0
26001418,55794.0,114848.0,98150.0
26001419,55797.0,114848.0,97600.0
26001420,53622.0,114848.0,95933.0
26001421,54297.0,114848.0,95933.0
26001422,55797.0,114848.0,95933.0
26001423,53622.0,114848.0,96766.0
26001424,55797.0,114848.0,96766.0
26001425,54797.0,114848.0,97600.0
26001426,54297.0,114848.0,96766.0
26001427,55297.0,114848.0,97600.0
26001428,56347.0,106673.0,97800.0
26001429,56347.0,106673.0,96000.0
26001430,56347.0,106673.0,96900.0
26001431,56347.0,99381.0,97800.0
26001432,56347.0,100214.0,97800.0
26001433,56347.0,99381.0,96000.0
26001434,56347.0,100214.0,96000.0
26001435,56347.0,99381.0,96900.0
26001436,56347.0,100214.0,96900.0
26001437,63747.0,102064.0,97700.0
26001438,63747.0,103081.0,97700.0
26001439,63747.0,104098.0,97700.0
26001440,63747.0,105114.0,97700.0
26001441,63747.0,106131.0,97700.0
26001442,63747.0,102064.0,95966.0
26001443,63747.0,103081.0,95966.0
26001444,63747.0,104098.0,95966.0
26001445,63747.0,105114.0,95966.0
26001446,63747.0,106131.0,95966.0
26001447,63747.0,102064.0,96833.0
26001448,63747.0,106131.0,96833.0
26001449,63747.0,103081.0,96833.0
26001450,63747.0,104098.0,96833.0
26001451,63747.0,105114.0,96833.0
26001452,63747.0,99381.0,97600.0
26001453,63747.0,100214.0,97600.0
26001454,63747.0,99381.0,95933.0
26001455,63747.0,100214.0,95933.0
26001456,63747.0,99381.0,96766.0
26001457,63747.0,100214.0,96766.0
26001458,54680.0,101048.0,97800.0
26001459,55513.0,101048.0,97800.0
26001460,54680.0,101048.0,96000.0
26001461,55513.0,101048.0,96000.0
26001462,54680.0,101048.0,96900.0
26001463,55513.0,101048.0,96900.0
26001464,60822.0,98548.0,97600.0
26001465,61297.0,98548.0,97600.0
26001466,61300.0,98548.0,98150.0
26001467,61797.0,98548.0,98150.0
26001468,62297.0,98548.0,98150.0
26001469,62794.0,98548.0,98150.0
26001470,62797.0,98548.0,97600.0
26001471,63272.0,98548.0,97600.0
26001472,60822.0,98548.0,95933.0
26001473,61297.0,98548.0,95933.0
26001474,63272.0,98548.0,95933.0
26001475,62797.0,98548.0,95933.0
26001476,60822.0,98548.0,96766.0
26001477,63272.0,98548.0,96766.0
26001478,61797.0,98548.0,97600.0
26001479,61297.0,98548.0,96766.0
26001480,62297.0,98548.0,97600.0
26001481,62797.0,98548.0,96766.0
26001482,61197.0,101048.0,97600.0
26001483,62047.0,101048.0,97600.0
26001484,62897.0,101048.0,97600.0
26001485,61197.0,101048.0,95933.0
26001486,62047.0,101048.0,95933.0
26001487,62897.0,101048.0,95933.0
26001488,61197.0,101048.0,96766.0
26001489,62897.0,101048.0,96766.0
26001490,62047.0,101048.0,96766.0
26001491,111267.0,104698.0,97800.0
26001492,111267.0,105698.0,97800.0
26001493,111267.0,104698.0,96000.0
26001494,111267.0,105698.0,96000.0
26001495,111267.0,104698.0,96900.0
26001496,111267.0,105698.0,96900.0
26001497,108067.0,101048.0,97800.0
26001498,108067.0,101048.0,96000.0
26001499,108067.0,101048.0,96900.0
26001500,98867.0,114848.0,97800.0
26001501,98867.0,114848.0,96000.0
26001502,98867.0,114848.0,96900.0
26001503,108492.0,114848.0,97600.0
26001504,108495.0,114848.0,98150.0
26001505,108992.0,114848.0,98150.0
26001506,109492.0,114848.0,98150.0
26001507,109989.0,114848.0,98150.0
26001508,109992.0,114848.0,97600.0
26001509,108492.0,114848.0,95933.0
26001510,109992.0,114848.0,95933.0
26001511,108492.0,114848.0,96766.0
26001512,109992.0,114848.0,96766.0
26001513,108992.0,114848.0,97600.0
26001514,109492.0,114848.0,97600.0
26001515,107842.0,114848.0,97700.0
26001516,107842.0,114848.0,95966.0
26001517,107842.0,114848.0,96833.0
26001518,107467.0,114248.0,97700.0
26001519,107467.0,114248.0,95966.0
26001520,107467.0,114248.0,96833.0
26001521,111267.0,114248.0,97800.0
26001522,111267.0,114248.0,96000.0
26001523,111267.0,114248.0,96900.0
26001524,110767.0,114848.0,97700.0
26001525,110767.0,114848.0,95966.0
26001526,110767.0,114848.0,96833.0
26001527,110492.0,98548.0,97800.0
26001528,110492.0,98548.0,96000.0
26001529,110492.0,98548.0,96900.0
26001530,99067.0,98548.0,97800.0
26001531,100067.0,98548.0,97800.0
26001532,99067.0,98548.0,96000.0
26001533,100067.0,98548.0,96000.0
26001534,99067.0,98548.0,96900.0
26001535,100067.0,98548.0,96900.0
26001536,105733.0,98548.0,97800.0
26001537,106600.0,98548.0,97800.0
26001538,105733.0,98548.0,96000.0
26001539,106600.0,98548.0,96000.0
26001540,105733.0,98548.0,96900.0
26001541,106600.0,98548.0,96900.0
26001542,101067.0,99070.0,97800.0
26001543,101067.0,99070.0,96000.0
26001544,101067.0,99070.0,96900.0
26001545,104867.0,99070.0,97800.0
26001546,104867.0,99070.0,96000.0
26001547,104867.0,99070.0,96900.0
26001548,107467.0,99381.0,97800.0
26001549,107467.0,100214.0,97800.0
26001550,107467.0,99381.0,96000.0
26001551,107467.0,100214.0,96000.0
26001552,107467.0,99381.0,96900.0
26001553,107467.0,100214.0,96900.0
26001554,109517.0,101048.0,97800.0
26001555,109517.0,101048.0,96000.0
26001556,109517.0,101048.0,96900.0
26001557,110817.0,101048.0,97800.0
26001558,110817.0,101048.0,96000.0
26001559,110817.0,101048.0,96900.0
26001560,111267.0,99381.0,97800.0
26001561,111267.0,100214.0,97800.0
26001562,111267.0,99381.0,96000.0
26001563,111267.0,100214.0,96000.0
26001564,111267.0,99381.0,96900.0
26001565,111267.0,100214.0,96900.0
26001566,111267.0,101931.0,97800.0
26001567,111267.0,102814.0,97800.0
26001568,111267.0,101931.0,96000.0
26001569,111267.0,102814.0,96000.0
26001570,111267.0,101931.0,96900.0
26001571,111267.0,102814.0,96900.0
26001572,99067.0,107148.0,97800.0
26001573,100067.0,107148.0,97800.0
26001574,99067.0,107148.0,96000.0
26001575,100067.0,107148.0,96000.0
26001576,99067.0,107148.0,96900.0
26001577,100067.0,107148.0,96900.0
26001578,101067.0,106723.0,97800.0
26001579,101067.0,106723.0,96000.0
26001580,101067.0,106723.0,96900.0
26001581,104867.0,106723.0,97800.0
26001582,104867.0,106723.0,96000.0
26001583,104867.0,106723.0,96900.0
26001584,105733.0,107139.0,98100.0
26001585,106600.0,107131.0,98100.0
26001586,105733.0,107139.0,96000.0
26001587,106600.0,107131.0,96000.0
26001588,105733.0,107139.0,96900.0
26001589,106600.0,107131.0,96900.0
26001590,110817.0,107148.0,97900.0
26001591,110817.0,107148.0,96000.0
26001592,110817.0,107148.0,96900.0
26001593,104867.0,109345.0,97800.0
26001594,104867.0,109345.0,96000.0
26001595,104867.0,109345.0,96900.0
26001596,105733.0,108798.0,98100.0
26001597,106600.0,108798.0,98100.0
26001598,105733.0,108798.0,96000.0
26001599,106600.0,108798.0,96000.0
26001600,105733.0,108798.0,96900.0
26001601,106600.0,108798.0,96900.0
26001602,107467.0,109345.0,97800.0
26001603,107467.0,109345.0,96000.0
26001604,107467.0,109345.0,96900.0
26001605,98067.0,111448.0,98100.0
26001606,98067.0,112448.0,98100.0
26001607,98067.0,111448.0,96000.0
26001608,98067.0,112448.0,96000.0
26001609,98067.0,111448.0,96900.0
26001610,98067.0,112448.0,96900.0
26001611,100567.0,110448.0,97800.0
26001612,100567.0,110448.0,96000.0
26001613,100567.0,110448.0,96900.0
26001614,100367.0,113448.0,98100.0
26001615,100367.0,113448.0,96000.0
26001616,100367.0,113448.0,96900.0
26001617,101067.0,111448.0,97800.0
26001618,101067.0,112448.0,97800.0
26001619,101067.0,111448.0,96000.0
26001620,101067.0,112448.0,96000.0
26001621,101067.0,111448.0,96900.0
26001622,101067.0,112448.0,96900.0
26001623,98067.0,114148.0,97800.0
26001624,98067.0,114148.0,96000.0
26001625,98067.0,114148.0,96900.0
26001626,111267.0,111060.0,97800.0
26001627,111267.0,111923.0,97800.0
26001628,111267.0,112785.0,97800.0
26001629,111267.0,111060.0,96000.0
26001630,111267.0,111923.0,96000.0
26001631,111267.0,112785.0,96000.0
26001632,111267.0,111060.0,96900.0
26001633,111267.0,112785.0,96900.0
26001634,111267.0,111923.0,96900.0
26001635,100367.0,114848.0,97800.0
26001636,100367.0,114848.0,96000.0
26001637,100367.0,114848.0,96900.0
26001638,105733.0,114848.0,97800.0
26001639,106600.0,114848.0,97800.0
26001640,105733.0,114848.0,96000.0
26001641,106600.0,114848.0,96000.0
26001642,105733.0,114848.0,96900.0
26001643,106600.0,114848.0,96900.0
26001644,107467.0,106710.0,97800.0
26001645,107467.0,106710.0,96000.0
26001646,107467.0,106710.0,96900.0
26001647,98067.0,102481.0,97800.0
26001648,98067.0,103414.0,97800.0
26001649,98067.0,102481.0,96000.0
26001650,98067.0,103414.0,96000.0
26001651,98067.0,102481.0,96900.0
26001652,98067.0,103414.0,96900.0
26001653,98067.0,105281.0,97800.0
26001654,98067.0,106214.0,97800.0
26001655,98067.0,105281.0,96000.0
26001656,98067.0,106214.0,96000.0
26001657,98067.0,105281.0,96900.0
26001658,98067.0,106214.0,96900.0
26001659,104867.0,114248.0,97800.0
26001660,104867.0,114248.0,96000.0
26001661,104867.0,114248.0,96900.0
26001662,98067.0,99381.0,97800.0
26001663,98067.0,100214.0,97800.0
26001664,98067.0,99381.0,96000.0
26001665,98067.0,100214.0,96000.0
26001666,98067.0,99381.0,96900.0
26001667,98067.0,100214.0,96900.0
26001668,61197.0,110448.0,97600.0
26001669,62047.0,110448.0,97600.0
26001670,62897.0,110448.0,97600.0
26001671,61197.0,110448.0,95933.0
26001672,62047.0,110448.0,95933.0
26001673,62897.0,110448.0,95933.0
26001674,61197.0,110448.0,96766.0
26001675,62897.0,110448.0,96766.0
26001676,62047.0,110448.0,96766.0
26001677,24276.0,113839.0,98700.0
26001678,24243.0,112886.0,98700.0
26001679,24231.0,111941.0,98700.0
26001680,24227.0,110977.0,98700.0
26001681,24224.0,110000.0,98700.0
26001682,24222.0,109011.0,98700.0
26001683,24219.0,108072.0,98700.0
26001684,25257.0,113924.0,98700.0
26001685,25204.0,113003.0,98700.0
26001686,25187.0,112064.0,98700.0
26001687,25181.0,111102.0,98700.0
26001688,25177.0,110120.0,98700.0
26001689,25173.0,109127.0,98700.0
26001690,25170.0,108135.0,98700.0
26001691,26173.0,114011.0,98700.0
26001692,26142.0,113153.0,98700.0
26001693,26131.0,112222.0,98700.0
26001694,26127.0,111252.0,98700.0
26001695,26124.0,110256.0,98700.0
26001696,26121.0,109228.0,98700.0
26001697,26119.0,108190.0,98700.0
26001698,27767.0,114148.0,98700.0
26001699,29267.0,114148.0,98700.0
26001700,17833.0,112807.0,98700.0
26001701,17803.0,111978.0,98700.0
26001702,17814.0,109560.0,98700.0
26001703,17803.0,110360.0,98700.0
26001704,17797.0,111175.0,98700.0
26001705,18747.0,110499.0,98700.0
26001706,18711.0,111308.0,98700.0
26001707,18758.0,109644.0,98700.0
26001708,18725.0,111989.0,98700.0
26001709,18796.0,112799.0,98700.0
26001710,19605.0,111720.0,98700.0
26001711,19687.0,110724.0,98700.0
26001712,19711.0,109759.0,98700.0
26001713,19736.0,112715.0,98700.0
26001714,17727.0,107952.0,98700.0
26001715,18522.0,107951.0,98700.0
26001716,19173.0,107945.0,98700.0
26001717,19928.0,107945.0,98700.0
26001718,21533.0,107964.0,98700.0
26001719,22400.0,107968.0,98700.0
26001720,24217.0,106235.0,98700.0
26001721,24217.0,105296.0,98700.0
26001722,25167.0,106224.0,98700.0
26001723,25167.0,105289.0,98700.0
26001724,26117.0,106235.0,98700.0
26001725,26117.0,105296.0,98700.0
26001726,17733.0,100214.0,98700.0
26001727,17704.0,99381.0,98700.0
26001728,18596.0,100214.0,98700.0
26001729,18559.0,99381.0,98700.0
26001730,24217.0,103414.0,98700.0
26001731,24217.0,102481.0,98700.0
26001732,25167.0,103414.0,98700.0
26001733,25167.0,102481.0,98700.0
26001734,26117.0,103414.0,98700.0
26001735,26117.0,102481.0,98700.0
26001736,24235.0,100556.0,98700.0
26001737,24271.0,99559.0,98700.0
26001738,25193.0,100552.0,98700.0
26001739,25253.0,99553.0,98700.0
26001740,26135.0,100556.0,98700.0
26001741,26171.0,99558.0,98700.0
26001742,53835.0,107943.0,98700.0
26001743,54736.0,107923.0,98700.0
26001744,55602.0,107903.0,98700.0
26001745,109538.0,100214.0,98700.0
26001746,109574.0,99381.0,98700.0
26001747,110401.0,100214.0,98700.0
26001748,110429.0,99381.0,98700.0
26001749,98867.0,114148.0,98700.0
26001750,100367.0,114148.0,98700.0
26001751,108372.0,112745.0,98700.0
26001752,108436.0,111814.0,98700.0
26001753,108445.0,109786.0,98700.0
26001754,108536.0,110807.0,98700.0
26001755,109424.0,111113.0,98700.0
26001756,109371.0,111930.0,98700.0
26001757,109425.0,110435.0,98700.0
26001758,109388.0,109627.0,98700.0
26001759,109326.0,112783.0,98700.0
26001760,110341.0,110329.0,98700.0
26001761,110337.0,111124.0,98700.0
26001762,110328.0,109547.0,98700.0
26001763,110293.0,112795.0,98700.0
26001764,110320.0,111948.0,98700.0
26001765,101998.0,100556.0,98700.0
26001766,101962.0,99558.0,98700.0
26001767,102940.0,100552.0,98700.0
26001768,102881.0,99553.0,98700.0
26001769,103898.0,100556.0,98700.0
26001770,103862.0,99559.0,98700.0
26001771,108205.0,107945.0,98700.0
26001772,108960.0,107945.0,98700.0
26001773,109611.0,107951.0,98700.0
26001774,110406.0,107952.0,98700.0
26001775,102017.0,106235.0,98700.0
26001776,102017.0,105296.0,98700.0
26001777,102967.0,106224.0,98700.0
26001778,102967.0,105289.0,98700.0
26001779,103917.0,106235.0,98700.0
26001780,103917.0,105296.0,98700.0
26001781,101960.0,114011.0,98700.0
26001782,101992.0,113153.0,98700.0
26001783,102002.0,112222.0,98700.0
26001784,102007.0,111252.0,98700.0
26001785,102010.0,110256.0,98700.0
26001786,102012.0,109228.0,98700.0
26001787,102014.0,108190.0,98700.0
26001788,102877.0,113924.0,98700.0
26001789,102929.0,113003.0,98700.0
26001790,102946.0,112064.0,98700.0
26001791,102953.0,111102.0,98700.0
26001792,102957.0,110120.0,98700.0
26001793,102960.0,109127.0,98700.0
26001794,102963.0,108135.0,98700.0
26001795,103858.0,113839.0,98700.0
26001796,103890.0,112886.0,98700.0
26001797,103902.0,111941.0,98700.0
26001798,103907.0,110977.0,98700.0
26001799,103910.0,110000.0,98700.0
26001800,103912.0,109011.0,98700.0
26001801,103914.0,108072.0,98700.0
26001802,102017.0,103414.0,98700.0
26001803,102017.0,102481.0,98700.0
26001804,102967.0,103414.0,98700.0
26001805,102967.0,102481.0,98700.0
26001806,103917.0,103414.0,98700.0
26001807,103917.0,102481.0,98700.0
26001808,105733.0,107968.0,98700.0
26001809,106600.0,107964.0,98700.0
27000001,23267.0,114848.0,102299.0
27000002,27067.0,114848.0,102299.0
27000003,20667.0,114848.0,102299.0
27000004,30067.0,114848.0,102299.0
27000005,27067.0,113448.0,102299.0
27000006,27067.0,110448.0,102299.0
27000007,30067.0,113448.0,102299.0
27000008,20667.0,111848.0,102299.0
27000009,20667.0,108798.0,102299.0
27000010,23267.0,111848.0,102299.0
27000011,16867.0,108748.0,102299.0
27000012,23267.0,108798.0,102299.0
27000013,16867.0,107148.0,102299.0
27000014,30067.0,107148.0,102299.0
27000015,23267.0,107148.0,102299.0
27000016,20667.0,107123.0,102299.0
27000017,27067.0,107148.0,102299.0
27000018,16867.0,101048.0,102299.0
27000019,17767.0,107148.0,102299.0
27000020,17767.0,101048.0,102299.0
27000021,20667.0,104348.0,102299.0
27000022,23267.0,104348.0,102299.0
27000023,27067.0,104348.0,102299.0
27000024,20667.0,101548.0,102299.0
27000025,20667.0,101048.0,102299.0
27000026,23267.0,101548.0,102299.0
27000027,27067.0,101548.0,102299.0
27000028,20667.0,98548.0,102299.0
27000029,23267.0,98548.0,102299.0
27000030,27067.0,98548.0,102299.0
27000031,16867.0,110198.0,102299.0
27000032,30067.0,110448.0,102299.0
27000033,23267.0,109893.0,102299.0
27000034,28067.0,110448.0,102299.0
27000035,23267.0,106298.0,102299.0
27000036,27067.0,106298.0,102299.0
27000037,20167.0,107098.0,102299.0
27000038,23267.0,99593.0,102299.0
27000039,27067.0,99593.0,102299.0
27000040,18417.0,98548.0,102299.0
27000041,20667.0,113648.0,102299.0
27000042,16867.0,113648.0,102299.0
27000043,19917.0,113648.0,102299.0
27000044,19917.0,114848.0,102299.0
27000045,17867.0,113648.0,102299.0
27000046,17867.0,114848.0,102299.0
27000047,28467.0,113448.0,102299.0
27000048,28467.0,114848.0,102299.0
27000049,19467.0,98548.0,102299.0
27000050,19467.0,101048.0,102299.0
27000051,17767.0,103698.0,102299.0
27000052,16867.0,103698.0,102299.0
27000053,20667.0,106298.0,102299.0
27000054,23267.0,113648.0,102299.0
27000055,20667.0,109893.0,102299.0
27000056,4867.0,114848.0,102299.0
27000057,4867.0,106698.0,102299.0
27000058,4867.0,98548.0,102299.0
27000059,4867.0,87098.0,102299.0
27000060,4867.0,126298.0,102299.0
27000061,9467.0,126348.0,102299.0
27000062,13067.0,126348.0,102299.0
27000063,124067.0,114848.0,102299.0
27000064,124067.0,106698.0,102299.0
27000065,124067.0,98548.0,102299.0
27000066,124067.0,87098.0,102299.0
27000067,124067.0,126298.0,102299.0
27000068,30067.0,98548.0,102299.0
27000069,30067.0,104348.0,102299.0
27000070,30067.0,101548.0,102299.0
27000071,13067.0,87048.0,102299.0
27000072,9467.0,87048.0,102299.0
27000073,63747.0,110448.0,102299.0
27000074,60347.0,101048.0,102299.0
27000075,60347.0,107048.0,102299.0
27000076,63747.0,107148.0,102299.0
27000077,52947.0,114848.0,102299.0
27000078,56347.0,108748.0,102299.0
27000079,52947.0,103698.0,102299.0
27000080,53847.0,103698.0,102299.0
27000081,54497.0,98548.0,102299.0
27000082,56347.0,110448.0,102299.0
27000083,52947.0,110198.0,102299.0
27000084,56347.0,113448.0,102299.0
27000085,52947.0,101048.0,102299.0
27000086,53847.0,101048.0,102299.0
27000087,53847.0,107148.0,102299.0
27000088,52947.0,107148.0,102299.0
27000089,56347.0,107048.0,102299.0
27000090,52947.0,108748.0,102299.0
27000091,56347.0,101548.0,102299.0
27000092,55947.0,107048.0,102299.0
27000093,56347.0,106298.0,102299.0
27000094,60347.0,110448.0,102299.0
27000095,56347.0,104348.0,102299.0
27000096,56347.0,101048.0,102299.0
27000097,63747.0,101048.0,102299.0
27000098,52947.0,98548.0,102299.0
27000099,60347.0,104348.0,102299.0
27000100,119800.0,87048.0,102299.0
27000101,115533.0,87048.0,102299.0
27000102,111267.0,103698.0,102299.0
27000103,110367.0,103698.0,102299.0
27000104,108667.0,101048.0,102299.0
27000105,108667.0,98548.0,102299.0
27000106,99667.0,114848.0,102299.0
27000107,99667.0,113448.0,102299.0
27000108,110267.0,114848.0,102299.0
27000109,110267.0,113648.0,102299.0
27000110,108217.0,114848.0,102299.0
27000111,108217.0,113648.0,102299.0
27000112,111267.0,113648.0,102299.0
27000113,107467.0,113648.0,102299.0
27000114,109717.0,98548.0,102299.0
27000115,101067.0,99593.0,102299.0
27000116,104867.0,99593.0,102299.0
27000117,107967.0,107098.0,102299.0
27000118,101067.0,106298.0,102299.0
27000119,104867.0,106298.0,102299.0
27000120,100067.0,110448.0,102299.0
27000121,104867.0,109893.0,102299.0
27000122,98067.0,110448.0,102299.0
27000123,111267.0,110198.0,102299.0
27000124,101067.0,98548.0,102299.0
27000125,104867.0,98548.0,102299.0
27000126,107467.0,98548.0,102299.0
27000127,101067.0,101548.0,102299.0
27000128,104867.0,101548.0,102299.0
27000129,107467.0,101048.0,102299.0
27000130,107467.0,101548.0,102299.0
27000131,101067.0,104348.0,102299.0
27000132,104867.0,104348.0,102299.0
27000133,107467.0,104348.0,102299.0
27000134,110367.0,101048.0,102299.0
27000135,110367.0,107148.0,102299.0
27000136,111267.0,101048.0,102299.0
27000137,101067.0,107148.0,102299.0
27000138,107467.0,107123.0,102299.0
27000139,104867.0,107148.0,102299.0
27000140,98067.0,107148.0,102299.0
27000141,111267.0,107148.0,102299.0
27000142,104867.0,108798.0,102299.0
27000143,111267.0,108748.0,102299.0
27000144,104867.0,111848.0,102299.0
27000145,107467.0,108798.0,102299.0
27000146,107467.0,111848.0,102299.0
27000147,98067.0,113448.0,102299.0
27000148,101067.0,110448.0,102299.0
27000149,101067.0,113448.0,102299.0
27000150,98067.0,114848.0,102299.0
27000151,107467.0,114848.0,102299.0
27000152,101067.0,114848.0,102299.0
27000153,104867.0,114848.0,102299.0
27000154,107467.0,106298.0,102299.0
27000155,98067.0,101548.0,102299.0
27000156,98067.0,104348.0,102299.0
27000157,107467.0,109893.0,102299.0
27000158,104867.0,113648.0,102299.0
27000159,98067.0,98548.0,102299.0
27000160,56347.0,98548.0,102299.0
27000161,63747.0,98548.0,102299.0
27000162,56347.0,114848.0,102299.0
27000163,63747.0,114848.0,102299.0
27000164,60347.0,98548.0,102299.0
27000165,60347.0,114848.0,102299.0
27000166,16867.0,126298.0,102299.0
27000167,16867.0,87098.0,102299.0
27000168,16867.0,106698.0,102299.0
27000169,30067.0,87098.0,102299.0
27000170,30067.0,126298.0,102299.0
27000171,16867.0,114848.0,102299.0
27000172,16867.0,98548.0,102299.0
27000173,111267.0,87098.0,102299.0
27000174,111267.0,126298.0,102299.0
27000175,98067.0,87098.0,102299.0
27000176,98067.0,126298.0,102299.0
27000177,111267.0,106698.0,102299.0
27000178,111267.0,114848.0,102299.0
27000179,111267.0,98548.0,102299.0
27000180,41507.0,87098.0,102299.0
27000181,41507.0,126298.0,102299.0
27000182,52947.0,87098.0,102299.0
27000183,52947.0,126298.0,102299.0
27000184,75187.0,87098.0,102299.0
27000185,75187.0,126298.0,102299.0
27000186,86627.0,126298.0,102299.0
27000187,86627.0,87098.0,102299.0
27000188,102700.0,87048.0,102299.0
27000189,102700.0,98548.0,102299.0
27000190,102700.0,126348.0,102299.0
27000191,102700.0,114848.0,102299.0
27000192,107467.0,87048.0,102299.0
27000193,107467.0,126348.0,102299.0
27000194,119800.0,126348.0,102299.0
27000195,115533.0,126348.0,102299.0
27000196,92347.0,126348.0,102299.0
27000197,92347.0,87048.0,102299.0
27000198,80907.0,126348.0,102299.0
27000199,80907.0,87048.0,102299.0
27000200,69467.0,126348.0,102299.0
27000201,69467.0,87048.0,102299.0
27000202,47227.0,126348.0,102299.0
27000203,47227.0,87048.0,102299.0
27000204,35787.0,126348.0,102299.0
27000205,35787.0,87048.0,102299.0
27000206,58347.0,114848.0,102299.0
27000207,58347.0,126348.0,102299.0
27000208,58347.0,98548.0,102299.0
27000209,58347.0,87048.0,102299.0
27000210,20667.0,87048.0,102299.0
27000211,25167.0,98548.0,102299.0
27000212,25167.0,87048.0,102299.0
27000213,25167.0,114848.0,102299.0
27000214,25167.0,126348.0,102299.0
27000215,20667.0,126348.0,102299.0
27000216,119800.0,106698.0,102299.0
27000217,119800.0,98548.0,102299.0
27000218,119800.0,114848.0,102299.0
27000219,115533.0,106698.0,102299.0
27000220,115533.0,98548.0,102299.0
27000221,115533.0,114848.0,102299.0
27000222,92347.0,107148.0,102299.0
27000223,92347.0,98548.0,102299.0
27000224,92347.0,114848.0,102299.0
27000225,80907.0,107148.0,102299.0
27000226,80907.0,98548.0,102299.0
27000227,80907.0,114848.0,102299.0
27000228,69467.0,107148.0,102299.0
27000229,69467.0,98548.0,102299.0
27000230,69467.0,114848.0,102299.0
27000231,47227.0,107148.0,102299.0
27000232,47227.0,98548.0,102299.0
27000233,47227.0,114848.0,102299.0
27000234,35787.0,107148.0,102299.0
27000235,35787.0,98548.0,102299.0
27000236,35787.0,114848.0,102299.0
27000237,41507.0,107148.0,102299.0
27000238,75187.0,107148.0,102299.0
27000239,86627.0,107148.0,102299.0
27000240,13067.0,106698.0,102299.0
27000241,9467.0,106698.0,102299.0
27000242,75187.0,98548.0,102299.0
27000243,86627.0,98548.0,102299.0
27000244,41507.0,98548.0,102299.0
27000245,13067.0,98548.0,102299.0
27000246,9467.0,98548.0,102299.0
27000247,75187.0,114848.0,102299.0
27000248,86627.0,114848.0,102299.0
27000249,41507.0,114848.0,102299.0
27000250,13067.0,114848.0,102299.0
27000251,9467.0,114848.0,102299.0
27000252,63747.0,126298.0,102299.0
27000253,63747.0,87098.0,102299.0
27000254,16867.0,108748.0,101498.0
27000255,16867.0,110198.0,101498.0
27000256,27067.0,113448.0,101699.0
27000257,27067.0,114848.0,101699.0
27000258,20667.0,107123.0,101699.0
27000259,20667.0,108798.0,101699.0
27000260,28067.0,110448.0,101699.0
27000261,30067.0,110448.0,101699.0
27000262,16867.0,107148.0,101498.0
27000263,23267.0,107148.0,101699.0
27000264,23267.0,108798.0,101699.0
27000265,17767.0,107148.0,101599.0
27000266,20167.0,107098.0,101599.0
27000267,18417.0,98548.0,101498.0
27000268,19467.0,98548.0,101498.0
27000269,28467.0,113448.0,101699.0
27000270,30067.0,113448.0,101699.0
27000271,20667.0,98548.0,101498.0
27000272,56347.0,113448.0,101599.0
27000273,56347.0,114848.0,101599.0
27000274,53847.0,107148.0,101599.0
27000275,55947.0,107048.0,101599.0
27000276,54497.0,98548.0,101498.0
27000277,56347.0,98548.0,101498.0
27000278,107467.0,98548.0,101498.0
27000279,108667.0,98548.0,101498.0
27000280,98067.0,113448.0,101699.0
27000281,99667.0,113448.0,101699.0
27000282,107967.0,107098.0,101599.0
27000283,110367.0,107148.0,101599.0
27000284,104867.0,107148.0,101699.0
27000285,104867.0,108798.0,101699.0
27000286,111267.0,107148.0,101498.0
27000287,111267.0,108748.0,101498.0
27000288,107467.0,107123.0,101699.0
27000289,107467.0,108798.0,101699.0
27000290,101067.0,113448.0,101699.0
27000291,101067.0,114848.0,101699.0
27000292,111267.0,110198.0,101498.0
27000293,98067.0,110448.0,101699.0
27000294,100067.0,110448.0,101699.0
27000295,109717.0,98548.0,101498.0
27000296,17367.0,114848.0,102299.0
27000297,21533.0,114848.0,102300.0
27000298,22400.0,114848.0,102300.0
27000299,27767.0,114848.0,102299.0
27000300,16867.0,111060.0,102299.0
27000301,16867.0,111923.0,102299.0
27000302,16867.0,112785.0,102299.0
27000303,16867.0,109110.0,102299.0
27000304,16867.0,109473.0,102299.0
27000305,16867.0,109835.0,102299.0
27000306,27067.0,113798.0,102299.0
27000307,27067.0,114148.0,102299.0
27000308,27067.0,114498.0,102299.0
27000309,30067.0,114148.0,102299.0
27000310,27067.0,111448.0,102299.0
27000311,27067.0,112448.0,102299.0
27000312,27767.0,113448.0,102299.0
27000313,27567.0,110448.0,102299.0
27000314,30067.0,111448.0,102299.0
27000315,30067.0,112448.0,102299.0
27000316,20667.0,109345.0,102299.0
27000317,20667.0,107541.0,102299.0
27000318,20667.0,107960.0,102299.0
27000319,20667.0,108379.0,102299.0
27000320,21533.0,108798.0,102300.0
27000321,22400.0,108798.0,102300.0
27000322,23267.0,109345.0,102299.0
27000323,28567.0,110448.0,102299.0
27000324,29067.0,110448.0,102299.0
27000325,29567.0,110448.0,102299.0
27000326,16867.0,107548.0,102299.0
27000327,16867.0,107948.0,102299.0
27000328,16867.0,108348.0,102299.0
27000329,23267.0,107560.0,102299.0
27000330,23267.0,107973.0,102299.0
27000331,23267.0,108385.0,102299.0
27000332,17317.0,107148.0,102299.0
27000333,21533.0,107131.0,102300.0
27000334,22400.0,107139.0,102300.0
27000335,23267.0,106723.0,102299.0
27000336,27067.0,106723.0,102299.0
27000337,28067.0,107148.0,102299.0
27000338,29067.0,107148.0,102299.0
27000339,16867.0,101931.0,102299.0
27000340,16867.0,102814.0,102299.0
27000341,16867.0,99381.0,102300.0
27000342,16867.0,100214.0,102300.0
27000343,17317.0,101048.0,102299.0
27000344,18167.0,107139.0,102299.0
27000345,18567.0,107131.0,102299.0
27000346,18967.0,107123.0,102299.0
27000347,19367.0,107114.0,102300.0
27000348,19767.0,107106.0,102299.0
27000349,18617.0,101048.0,102299.0
27000350,20667.0,99381.0,102300.0
27000351,20667.0,100214.0,102300.0
27000352,17642.0,98548.0,102299.0
27000353,18942.0,98548.0,102299.0
27000354,21533.0,98548.0,102300.0
27000355,22400.0,98548.0,102300.0
27000356,23267.0,99070.0,102299.0
27000357,27067.0,99070.0,102299.0
27000358,28067.0,98548.0,102299.0
27000359,29067.0,98548.0,102299.0
27000360,16867.0,114248.0,102299.0
27000361,20667.0,114248.0,102299.0
27000362,20292.0,114848.0,102299.0
27000363,18142.0,114848.0,102299.0
27000364,18642.0,114848.0,102299.0
27000365,19142.0,114848.0,102300.0
27000366,19642.0,114848.0,102299.0
27000367,29267.0,114848.0,102299.0
27000368,28867.0,113448.0,102299.0
27000369,29267.0,113448.0,102299.0
27000370,29667.0,113448.0,102299.0
27000371,20067.0,101048.0,102299.0
27000372,20067.0,98548.0,102299.0
27000373,16867.0,104698.0,102299.0
27000374,16867.0,105698.0,102299.0
27000375,20667.0,106710.0,102299.0
27000376,23267.0,114248.0,102299.0
27000377,30067.0,99381.0,102300.0
27000378,30067.0,100214.0,102299.0
27000379,30067.0,100881.0,102299.0
27000380,30067.0,105281.0,102299.0
27000381,30067.0,106214.0,102299.0
27000382,30067.0,102481.0,102299.0
27000383,30067.0,103414.0,102299.0
27000384,60347.0,101873.0,102299.0
27000385,60347.0,102698.0,102299.0
27000386,60347.0,103523.0,102299.0
27000387,63747.0,111328.0,102299.0
27000388,63747.0,112208.0,102299.0
27000389,63747.0,113088.0,102299.0
27000390,63747.0,113968.0,102299.0
27000391,61022.0,114848.0,102299.0
27000392,61697.0,114848.0,102299.0
27000393,62197.0,114848.0,102299.0
27000394,62697.0,114848.0,102299.0
27000395,63197.0,114848.0,102299.0
27000396,52947.0,104560.0,102299.0
27000397,52947.0,105423.0,102299.0
27000398,52947.0,106285.0,102299.0
27000399,53722.0,98548.0,102299.0
27000400,52947.0,99381.0,102300.0
27000401,52947.0,100214.0,102300.0
27000402,52947.0,101931.0,102299.0
27000403,52947.0,102814.0,102299.0
27000404,53397.0,101048.0,102299.0
27000405,53397.0,107148.0,102299.0
27000406,56347.0,111328.0,102299.0
27000407,56347.0,112208.0,102299.0
27000408,56347.0,113088.0,102299.0
27000409,56347.0,113798.0,102299.0
27000410,56347.0,114148.0,102299.0
27000411,56347.0,114498.0,102299.0
27000412,52947.0,111128.0,102299.0
27000413,52947.0,112058.0,102299.0
27000414,52947.0,112988.0,102299.0
27000415,52947.0,113918.0,102299.0
27000416,53622.0,114848.0,102299.0
27000417,54297.0,114848.0,102299.0
27000418,54797.0,114848.0,102299.0
27000419,55297.0,114848.0,102299.0
27000420,55797.0,114848.0,102299.0
27000421,54372.0,107123.0,102299.0
27000422,54897.0,107098.0,102299.0
27000423,55422.0,107073.0,102299.0
27000424,61197.0,110448.0,102299.0
27000425,62047.0,110448.0,102299.0
27000426,62897.0,110448.0,102299.0
27000427,56347.0,106673.0,102299.0
27000428,56347.0,99381.0,102300.0
27000429,56347.0,100214.0,102300.0
27000430,54959.0,98548.0,102299.0
27000431,55422.0,98548.0,102299.0
27000432,55884.0,98548.0,102299.0
27000433,63747.0,102064.0,102299.0
27000434,63747.0,103081.0,102300.0
27000435,63747.0,104098.0,102299.0
27000436,63747.0,105114.0,102299.0
27000437,63747.0,106131.0,102299.0
27000438,63747.0,99381.0,102300.0
27000439,63747.0,100214.0,102300.0
27000440,54680.0,101048.0,102300.0
27000441,55513.0,101048.0,102300.0
27000442,60822.0,98548.0,102299.0
27000443,61297.0,98548.0,102299.0
27000444,61797.0,98548.0,102299.0
27000445,62297.0,98548.0,102300.0
27000446,62797.0,98548.0,102300.0
27000447,63272.0,98548.0,102300.0
27000448,61197.0,101048.0,102299.0
27000449,62047.0,101048.0,102299.0
27000450,62897.0,101048.0,102299.0
27000451,111267.0,104698.0,102299.0
27000452,111267.0,105698.0,102299.0
27000453,108067.0,98548.0,102299.0
27000454,108067.0,101048.0,102299.0
27000455,98467.0,113448.0,102299.0
27000456,98867.0,113448.0,102299.0
27000457,99267.0,113448.0,102299.0
27000458,98867.0,114848.0,102299.0
27000459,108492.0,114848.0,102299.0
27000460,108992.0,114848.0,102299.0
27000461,109492.0,114848.0,102300.0
27000462,109992.0,114848.0,102299.0
27000463,107842.0,114848.0,102299.0
27000464,107467.0,114248.0,102299.0
27000465,111267.0,114248.0,102299.0
27000466,110767.0,114848.0,102299.0
27000467,110492.0,98548.0,102299.0
27000468,99067.0,98548.0,102299.0
27000469,100067.0,98548.0,102299.0
27000470,105733.0,98548.0,102300.0
27000471,106600.0,98548.0,102299.0
27000472,101067.0,99070.0,102299.0
27000473,104867.0,99070.0,102299.0
27000474,107467.0,99381.0,102300.0
27000475,107467.0,100214.0,102300.0
27000476,109517.0,101048.0,102299.0
27000477,108367.0,107106.0,102299.0
27000478,108767.0,107114.0,102299.0
27000479,109167.0,107123.0,102299.0
27000480,109567.0,107131.0,102300.0
27000481,109967.0,107139.0,102299.0
27000482,110817.0,101048.0,102299.0
27000483,111267.0,99381.0,102300.0
27000484,111267.0,100214.0,102300.0
27000485,111267.0,101931.0,102299.0
27000486,111267.0,102814.0,102299.0
27000487,99067.0,107148.0,102299.0
27000488,100067.0,107148.0,102299.0
27000489,101067.0,106723.0,102299.0
27000490,104867.0,106723.0,102299.0
27000491,105733.0,107139.0,102299.0
27000492,106600.0,107131.0,102299.0
27000493,110817.0,107148.0,102299.0
27000494,104867.0,107560.0,102299.0
27000495,104867.0,107973.0,102299.0
27000496,104867.0,108385.0,102299.0
27000497,111267.0,107548.0,102299.0
27000498,111267.0,107948.0,102299.0
27000499,111267.0,108348.0,102299.0
27000500,104867.0,109345.0,102299.0
27000501,105733.0,108798.0,102300.0
27000502,106600.0,108798.0,102299.0
27000503,107467.0,107541.0,102299.0
27000504,107467.0,107960.0,102299.0
27000505,107467.0,108379.0,102299.0
27000506,107467.0,109345.0,102299.0
27000507,98067.0,111448.0,102299.0
27000508,98067.0,112448.0,102299.0
27000509,100567.0,110448.0,102299.0
27000510,100367.0,113448.0,102299.0
27000511,101067.0,111448.0,102299.0
27000512,101067.0,112448.0,102299.0
27000513,98067.0,114148.0,102299.0
27000514,101067.0,113798.0,102299.0
27000515,101067.0,114148.0,102299.0
27000516,101067.0,114498.0,102299.0
27000517,111267.0,109110.0,102299.0
27000518,111267.0,109473.0,102299.0
27000519,111267.0,109835.0,102299.0
27000520,111267.0,111060.0,102299.0
27000521,111267.0,111923.0,102299.0
27000522,111267.0,112785.0,102299.0
27000523,100367.0,114848.0,102299.0
27000524,105733.0,114848.0,102300.0
27000525,106600.0,114848.0,102299.0
27000526,107467.0,106710.0,102299.0
27000527,98067.0,102481.0,102299.0
27000528,98067.0,103414.0,102299.0
27000529,98067.0,105281.0,102299.0
27000530,98067.0,106214.0,102299.0
27000531,104867.0,114248.0,102299.0
27000532,98067.0,99381.0,102300.0
27000533,98067.0,100214.0,102299.0
27000534,98067.0,100881.0,102299.0
27000535,98567.0,110448.0,102299.0
27000536,99067.0,110448.0,102299.0
27000537,99567.0,110448.0,102299.0
27000538,109192.0,98548.0,102299.0
27000539,16867.0,114848.0,101200.0
27000540,16867.0,114848.0,100366.0
27000541,16867.0,114848.0,99533.0
27000542,17867.0,114848.0,101200.0
27000543,17867.0,114848.0,100366.0
27000544,17867.0,114848.0,99533.0
27000545,20667.0,114848.0,101200.0
27000546,20667.0,114848.0,100366.0
27000547,20667.0,114848.0,99533.0
27000548,23267.0,114848.0,101300.0
27000549,23267.0,114848.0,100433.0
27000550,23267.0,114848.0,99566.0
27000551,28467.0,114848.0,101399.0
27000552,28467.0,114848.0,100500.0
27000553,28467.0,114848.0,99600.0
27000554,27067.0,110448.0,101399.0
27000555,27067.0,110448.0,100500.0
27000556,27067.0,110448.0,99600.0
27000557,20667.0,109893.0,101399.0
27000558,20667.0,109893.0,100500.0
27000559,20667.0,109893.0,99600.0
27000560,16867.0,113648.0,101200.0
27000561,16867.0,113648.0,100366.0
27000562,16867.0,113648.0,99533.0
27000563,23267.0,109893.0,101399.0
27000564,23267.0,109893.0,100500.0
27000565,23267.0,109893.0,99600.0
27000566,16867.0,106698.0,101399.0
27000567,16867.0,106698.0,100500.0
27000568,16867.0,106698.0,99600.0
27000569,23267.0,106298.0,101399.0
27000570,23267.0,106298.0,100500.0
27000571,23267.0,106298.0,99600.0
27000572,27067.0,106298.0,101399.0
27000573,27067.0,106298.0,100500.0
27000574,27067.0,106298.0,99600.0
27000575,27067.0,107148.0,101399.0
27000576,27067.0,107148.0,100500.0
27000577,27067.0,107148.0,99600.0
27000578,16867.0,101048.0,101399.0
27000579,16867.0,101048.0,100500.0
27000580,16867.0,101048.0,99600.0
27000581,16867.0,103698.0,101399.0
27000582,16867.0,103698.0,100500.0
27000583,16867.0,103698.0,99600.0
27000584,16867.0,98548.0,101399.0
27000585,16867.0,98548.0,100500.0
27000586,16867.0,98548.0,99600.0
27000587,17767.0,101048.0,101399.0
27000588,17767.0,101048.0,100500.0
27000589,17767.0,101048.0,99600.0
27000590,19467.0,101048.0,101399.0
27000591,19467.0,101048.0,100500.0
27000592,19467.0,101048.0,99600.0
27000593,20667.0,101048.0,101399.0
27000594,20667.0,101048.0,100500.0
27000595,20667.0,101048.0,99600.0
27000596,23267.0,98548.0,101399.0
27000597,23267.0,98548.0,100500.0
27000598,23267.0,98548.0,99600.0
27000599,23267.0,99593.0,101399.0
27000600,23267.0,99593.0,100500.0
27000601,23267.0,99593.0,99600.0
27000602,27067.0,98548.0,101399.0
27000603,27067.0,98548.0,100500.0
27000604,27067.0,98548.0,99600.0
27000605,27067.0,99593.0,101399.0
27000606,27067.0,99593.0,100500.0
27000607,27067.0,99593.0,99600.0
27000608,30067.0,98548.0,101399.0
27000609,30067.0,98548.0,100500.0
27000610,30067.0,98548.0,99600.0
27000611,19917.0,114848.0,101200.0
27000612,19917.0,114848.0,100366.0
27000613,19917.0,114848.0,99533.0
27000614,30067.0,114848.0,101399.0
27000615,30067.0,114848.0,100500.0
27000616,30067.0,114848.0,99600.0
27000617,20667.0,106298.0,101399.0
27000618,20667.0,106298.0,100500.0
27000619,20667.0,106298.0,99600.0
27000620,20667.0,113648.0,101200.0
27000621,20667.0,113648.0,100366.0
27000622,20667.0,113648.0,99533.0
27000623,23267.0,113648.0,101399.0
27000624,23267.0,113648.0,100500.0
27000625,23267.0,113648.0,99600.0
27000626,20667.0,101548.0,101399.0
27000627,20667.0,101548.0,100500.0
27000628,20667.0,101548.0,99600.0
27000629,30067.0,107148.0,101399.0
27000630,30067.0,107148.0,100500.0
27000631,30067.0,107148.0,99600.0
27000632,30067.0,104348.0,101399.0
27000633,30067.0,104348.0,100500.0
27000634,30067.0,104348.0,99600.0
27000635,30067.0,101548.0,101399.0
27000636,30067.0,101548.0,100500.0
27000637,30067.0,101548.0,99600.0
27000638,60347.0,101048.0,101200.0
27000639,60347.0,101048.0,100366.0
27000640,60347.0,101048.0,99533.0
27000641,60347.0,104348.0,101200.0
27000642,60347.0,104348.0,100366.0
27000643,60347.0,104348.0,99533.0
27000644,63747.0,110448.0,101200.0
27000645,63747.0,110448.0,100366.0
27000646,63747.0,110448.0,99533.0
27000647,63747.0,114848.0,101200.0
27000648,63747.0,114848.0,100366.0
27000649,63747.0,114848.0,99533.0
27000650,60347.0,114848.0,101200.0
27000651,60347.0,114848.0,100366.0
27000652,60347.0,114848.0,99533.0
27000653,52947.0,103698.0,101399.0
27000654,52947.0,103698.0,100500.0
27000655,52947.0,103698.0,99600.0
27000656,52947.0,107148.0,101399.0
27000657,52947.0,107148.0,100500.0
27000658,52947.0,107148.0,99600.0
27000659,52947.0,98548.0,101399.0
27000660,52947.0,98548.0,100500.0
27000661,52947.0,98548.0,99600.0
27000662,52947.0,101048.0,101399.0
27000663,52947.0,101048.0,100500.0
27000664,52947.0,101048.0,99600.0
27000665,53847.0,101048.0,101399.0
27000666,53847.0,101048.0,100500.0
27000667,53847.0,101048.0,99600.0
27000668,56347.0,107048.0,101399.0
27000669,56347.0,107048.0,100500.0
27000670,56347.0,107048.0,99600.0
27000671,56347.0,110448.0,101399.0
27000672,56347.0,110448.0,100500.0
27000673,56347.0,110448.0,99600.0
27000674,52947.0,110198.0,101200.0
27000675,52947.0,110198.0,100366.0
27000676,52947.0,110198.0,99533.0
27000677,52947.0,114848.0,101200.0
27000678,52947.0,114848.0,100366.0
27000679,52947.0,114848.0,99533.0
27000680,60347.0,110448.0,101200.0
27000681,60347.0,110448.0,100366.0
27000682,60347.0,110448.0,99533.0
27000683,56347.0,106298.0,101399.0
27000684,56347.0,106298.0,100500.0
27000685,56347.0,106298.0,99600.0
27000686,56347.0,101048.0,101399.0
27000687,56347.0,101048.0,100500.0
27000688,56347.0,101048.0,99600.0
27000689,56347.0,101548.0,101399.0
27000690,56347.0,101548.0,100500.0
27000691,56347.0,101548.0,99600.0
27000692,63747.0,101048.0,101200.0
27000693,63747.0,101048.0,100366.0
27000694,63747.0,101048.0,99533.0
27000695,63747.0,107148.0,101200.0
27000696,63747.0,107148.0,100366.0
27000697,63747.0,107148.0,99533.0
27000698,63747.0,98548.0,101200.0
27000699,63747.0,98548.0,100366.0
27000700,63747.0,98548.0,99533.0
27000701,60347.0,98548.0,101200.0
27000702,60347.0,98548.0,100366.0
27000703,60347.0,98548.0,99533.0
27000704,111267.0,103698.0,101399.0
27000705,111267.0,103698.0,100500.0
27000706,111267.0,103698.0,99600.0
27000707,111267.0,106698.0,101399.0
27000708,111267.0,106698.0,100500.0
27000709,111267.0,106698.0,99600.0
27000710,107467.0,101048.0,101399.0
27000711,107467.0,101048.0,100500.0
27000712,107467.0,101048.0,99600.0
27000713,108667.0,101048.0,101399.0
27000714,108667.0,101048.0,100500.0
27000715,108667.0,101048.0,99600.0
27000716,98067.0,114848.0,101399.0
27000717,98067.0,114848.0,100500.0
27000718,98067.0,114848.0,99600.0
27000719,99667.0,114848.0,101399.0
27000720,99667.0,114848.0,100500.0
27000721,99667.0,114848.0,99600.0
27000722,108217.0,114848.0,101200.0
27000723,108217.0,114848.0,100366.0
27000724,108217.0,114848.0,99533.0
27000725,110267.0,114848.0,101200.0
27000726,110267.0,114848.0,100366.0
27000727,110267.0,114848.0,99533.0
27000728,107467.0,114848.0,101300.0
27000729,107467.0,114848.0,100433.0
27000730,107467.0,114848.0,99566.0
27000731,107467.0,113648.0,101200.0
27000732,107467.0,113648.0,100366.0
27000733,107467.0,113648.0,99533.0
27000734,111267.0,113648.0,101399.0
27000735,111267.0,113648.0,100500.0
27000736,111267.0,113648.0,99600.0
27000737,111267.0,114848.0,101300.0
27000738,111267.0,114848.0,100433.0
27000739,111267.0,114848.0,99566.0
27000740,111267.0,98548.0,101399.0
27000741,111267.0,98548.0,100500.0
27000742,111267.0,98548.0,99600.0
27000743,98067.0,98548.0,101399.0
27000744,98067.0,98548.0,100500.0
27000745,98067.0,98548.0,99600.0
27000746,101067.0,98548.0,101399.0
27000747,101067.0,98548.0,100500.0
27000748,101067.0,98548.0,99600.0
27000749,104867.0,98548.0,101399.0
27000750,104867.0,98548.0,100500.0
27000751,104867.0,98548.0,99600.0
27000752,101067.0,99593.0,101399.0
27000753,101067.0,99593.0,100500.0
27000754,101067.0,99593.0,99600.0
27000755,104867.0,99593.0,101399.0
27000756,104867.0,99593.0,100500.0
27000757,104867.0,99593.0,99600.0
27000758,107467.0,101548.0,101399.0
27000759,107467.0,101548.0,100500.0
27000760,107467.0,101548.0,99600.0
27000761,110367.0,101048.0,101399.0
27000762,110367.0,101048.0,100500.0
27000763,110367.0,101048.0,99600.0
27000764,111267.0,101048.0,101399.0
27000765,111267.0,101048.0,100500.0
27000766,111267.0,101048.0,99600.0
27000767,98067.0,107148.0,101399.0
27000768,98067.0,107148.0,100500.0
27000769,98067.0,107148.0,99600.0
27000770,101067.0,107148.0,101399.0
27000771,101067.0,107148.0,100500.0
27000772,101067.0,107148.0,99600.0
27000773,101067.0,106298.0,101399.0
27000774,101067.0,106298.0,100500.0
27000775,101067.0,106298.0,99600.0
27000776,104867.0,106298.0,101399.0
27000777,104867.0,106298.0,100500.0
27000778,104867.0,106298.0,99600.0
27000779,104867.0,109893.0,101399.0
27000780,104867.0,109893.0,100500.0
27000781,104867.0,109893.0,99600.0
27000782,107467.0,109893.0,101399.0
27000783,107467.0,109893.0,100500.0
27000784,107467.0,109893.0,99600.0
27000785,101067.0,110448.0,101399.0
27000786,101067.0,110448.0,100500.0
27000787,101067.0,110448.0,99600.0
27000788,104867.0,114848.0,101399.0
27000789,104867.0,114848.0,100500.0
27000790,104867.0,114848.0,99600.0
27000791,107467.0,106298.0,101399.0
27000792,107467.0,106298.0,100500.0
27000793,107467.0,106298.0,99600.0
27000794,98067.0,101548.0,101399.0
27000795,98067.0,101548.0,100500.0
27000796,98067.0,101548.0,99600.0
27000797,98067.0,104348.0,101399.0
27000798,98067.0,104348.0,100500.0
27000799,98067.0,104348.0,99600.0
27000800,104867.0,113648.0,101399.0
27000801,104867.0,113648.0,100500.0
27000802,104867.0,113648.0,99600.0
27000803,16867.0,109110.0,101498.0
27000804,16867.0,109473.0,101498.0
27000805,16867.0,109835.0,101498.0
27000806,27067.0,113798.0,101699.0
27000807,27067.0,114148.0,101699.0
27000808,27067.0,114498.0,101699.0
27000809,20667.0,107541.0,101699.0
27000810,20667.0,107960.0,101699.0
27000811,20667.0,108379.0,101699.0
27000812,28567.0,110448.0,101699.0
27000813,29067.0,110448.0,101699.0
27000814,29567.0,110448.0,101699.0
27000815,16867.0,107548.0,101498.0
27000816,16867.0,107948.0,101498.0
27000817,16867.0,108348.0,101498.0
27000818,23267.0,107560.0,101699.0
27000819,23267.0,107973.0,101699.0
27000820,23267.0,108385.0,101699.0
27000821,18167.0,107139.0,101599.0
27000822,18567.0,107131.0,101599.0
27000823,18967.0,107123.0,101599.0
27000824,19367.0,107114.0,101599.0
27000825,19767.0,107106.0,101599.0
27000826,18942.0,98548.0,101498.0
27000827,28867.0,113448.0,101699.0
27000828,29267.0,113448.0,101699.0
27000829,29667.0,113448.0,101699.0
27000830,20067.0,98548.0,101498.0
27000831,56347.0,113798.0,101599.0
27000832,56347.0,114148.0,101599.0
27000833,56347.0,114498.0,101599.0
27000834,54372.0,107123.0,101599.0
27000835,54897.0,107098.0,101599.0
27000836,55422.0,107073.0,101599.0
27000837,54959.0,98548.0,101498.0
27000838,55422.0,98548.0,101498.0
27000839,55884.0,98548.0,101498.0
27000840,108067.0,98548.0,101498.0
27000841,98467.0,113448.0,101699.0
27000842,98867.0,113448.0,101699.0
27000843,99267.0,113448.0,101699.0
27000844,108367.0,107106.0,101599.0
27000845,108767.0,107114.0,101599.0
27000846,109167.0,107123.0,101599.0
27000847,109567.0,107131.0,101599.0
27000848,109967.0,107139.0,101599.0
27000849,104867.0,107560.0,101699.0
27000850,104867.0,107973.0,101699.0
27000851,104867.0,108385.0,101699.0
27000852,111267.0,107548.0,101498.0
27000853,111267.0,107948.0,101498.0
27000854,111267.0,108348.0,101498.0
27000855,107467.0,107541.0,101699.0
27000856,107467.0,107960.0,101699.0
27000857,107467.0,108379.0,101699.0
27000858,101067.0,113798.0,101699.0
27000859,101067.0,114148.0,101699.0
27000860,101067.0,114498.0,101699.0
27000861,111267.0,109110.0,101498.0
27000862,111267.0,109473.0,101498.0
27000863,111267.0,109835.0,101498.0
27000864,98567.0,110448.0,101699.0
27000865,99067.0,110448.0,101699.0
27000866,99567.0,110448.0,101699.0
27000867,109192.0,98548.0,101498.0
27000868,27067.0,114848.0,100500.0
27000869,27067.0,114848.0,99600.0
27000870,27067.0,113448.0,100500.0
27000871,27067.0,113448.0,99600.0
27000872,28467.0,113448.0,100500.0
27000873,28467.0,113448.0,99600.0
27000874,20667.0,108798.0,100500.0
27000875,20667.0,108798.0,99600.0
27000876,16867.0,110198.0,100366.0
27000877,16867.0,110198.0,99533.0
27000878,28067.0,110448.0,100500.0
27000879,28067.0,110448.0,99600.0
27000880,23267.0,108798.0,100500.0
27000881,23267.0,108798.0,99600.0
27000882,16867.0,107148.0,100500.0
27000883,16867.0,107148.0,99600.0
27000884,20167.0,107098.0,100500.0
27000885,20167.0,107098.0,99600.0
27000886,20667.0,107123.0,100500.0
27000887,20667.0,107123.0,99600.0
27000888,23267.0,107148.0,100500.0
27000889,23267.0,107148.0,99600.0
27000890,20667.0,98548.0,100500.0
27000891,20667.0,98548.0,99600.0
27000892,18417.0,98548.0,100500.0
27000893,18417.0,98548.0,99600.0
27000894,17767.0,107148.0,100500.0
27000895,17767.0,107148.0,99600.0
27000896,30067.0,113448.0,100500.0
27000897,30067.0,113448.0,99600.0
27000898,30067.0,110448.0,100500.0
27000899,30067.0,110448.0,99600.0
27000900,54497.0,98548.0,100500.0
27000901,54497.0,98548.0,99600.0
27000902,53847.0,107148.0,100500.0
27000903,53847.0,107148.0,99600.0
27000904,55947.0,107048.0,100500.0
27000905,55947.0,107048.0,99600.0
27000906,56347.0,113448.0,100500.0
27000907,56347.0,113448.0,99600.0
27000908,56347.0,114848.0,100366.0
27000909,56347.0,114848.0,99533.0
27000910,56347.0,98548.0,100500.0
27000911,56347.0,98548.0,99600.0
27000912,109717.0,98548.0,100500.0
27000913,109717.0,98548.0,99600.0
27000914,107467.0,98548.0,100500.0
27000915,107467.0,98548.0,99600.0
27000916,107467.0,107123.0,100500.0
27000917,107467.0,107123.0,99600.0
27000918,107967.0,107098.0,100500.0
27000919,107967.0,107098.0,99600.0
27000920,104867.0,107148.0,100500.0
27000921,104867.0,107148.0,99600.0
27000922,110367.0,107148.0,100500.0
27000923,110367.0,107148.0,99600.0
27000924,111267.0,107148.0,100500.0
27000925,111267.0,107148.0,99600.0
27000926,104867.0,108798.0,100500.0
27000927,104867.0,108798.0,99600.0
27000928,107467.0,108798.0,100500.0
27000929,107467.0,108798.0,99600.0
27000930,98067.0,110448.0,100500.0
27000931,98067.0,110448.0,99600.0
27000932,98067.0,113448.0,100500.0
27000933,98067.0,113448.0,99600.0
27000934,100067.0,110448.0,100500.0
27000935,100067.0,110448.0,99600.0
27000936,99667.0,113448.0,100500.0
27000937,99667.0,113448.0,99600.0
27000938,101067.0,113448.0,100500.0
27000939,101067.0,113448.0,99600.0
27000940,111267.0,110198.0,100500.0
27000941,111267.0,110198.0,99600.0
27000942,101067.0,114848.0,100500.0
27000943,101067.0,114848.0,99600.0
27000944,24217.0,107148.0,102299.0
27000945,25167.0,107148.0,102299.0
27000946,26117.0,107148.0,102299.0
27000947,27067.0,108248.0,102299.0
27000948,27067.0,109348.0,102300.0
27000949,26117.0,114848.0,102299.0
27000950,24217.0,114848.0,102299.0
27000951,23267.0,112748.0,102299.0
27000952,23267.0,110870.0,102299.0
27000953,28467.0,114148.0,102299.0
27000954,17817.0,108760.0,102299.0
27000955,18767.0,108773.0,102299.0
27000956,19717.0,108785.0,102299.0
27000957,20667.0,110870.0,102299.0
27000958,20667.0,112748.0,102299.0
27000959,18892.0,113648.0,102299.0
27000960,24217.0,104348.0,102299.0
27000961,25167.0,104348.0,102299.0
27000962,26117.0,104348.0,102299.0
27000963,27067.0,105323.0,102299.0
27000964,23267.0,105323.0,102299.0
27000965,19467.0,99381.0,102300.0
27000966,19467.0,100214.0,102299.0
27000967,24217.0,101548.0,102299.0
27000968,25167.0,101548.0,102299.0
27000969,26117.0,101548.0,102299.0
27000970,27067.0,102481.0,102300.0
27000971,27067.0,103414.0,102299.0
27000972,23267.0,102481.0,102300.0
27000973,23267.0,103414.0,102299.0
27000974,24217.0,98548.0,102299.0
27000975,26117.0,98548.0,102299.0
27000976,27067.0,100570.0,102299.0
27000977,23267.0,100570.0,102299.0
27000978,56347.0,107898.0,102299.0
27000979,53797.0,108748.0,102299.0
27000980,54647.0,108748.0,102299.0
27000981,55497.0,108748.0,102299.0
27000982,52947.0,107948.0,102299.0
27000983,108667.0,99381.0,102300.0
27000984,108667.0,100214.0,102299.0
27000985,99667.0,114148.0,102299.0
27000986,109242.0,113648.0,102299.0
27000987,108417.0,108785.0,102299.0
27000988,109367.0,108773.0,102299.0
27000989,110317.0,108760.0,102299.0
27000990,107467.0,112748.0,102299.0
27000991,107467.0,110870.0,102299.0
27000992,101883.0,98548.0,102299.0
27000993,103783.0,98548.0,102299.0
27000994,104867.0,100570.0,102299.0
27000995,102017.0,101548.0,102299.0
27000996,102967.0,101548.0,102299.0
27000997,103917.0,101548.0,102299.0
27000998,101067.0,100570.0,102299.0
27000999,102017.0,104348.0,102299.0
27001000,102967.0,104348.0,102299.0
27001001,103917.0,104348.0,102299.0
27001002,104867.0,105323.0,102299.0
27001003,102017.0,107148.0,102299.0
27001004,102967.0,107148.0,102299.0
27001005,103917.0,107148.0,102299.0
27001006,101067.0,105323.0,102299.0
27001007,104867.0,110870.0,102299.0
27001008,104867.0,112748.0,102299.0
27001009,103783.0,114848.0,102299.0
27001010,101883.0,114848.0,102299.0
27001011,101067.0,108248.0,102299.0
27001012,101067.0,109348.0,102300.0
27001013,104867.0,102481.0,102300.0
27001014,104867.0,103414.0,102299.0
27001015,101067.0,102481.0,102300.0
27001016,101067.0,103414.0,102299.0
27001019,64105.0,106303.0,102299.0
27001020,108667.0,98548.0,101899.0
27001021,109192.0,98548.0,101899.0
27001022,109717.0,98548.0,101899.0
27001023,98067.0,110448.0,101999.0
27001024,98567.0,110448.0,101999.0
27001025,99067.0,110448.0,101999.0
27001026,99567.0,110448.0,101999.0
27001027,100067.0,110448.0,101999.0
27001028,111267.0,108748.0,101899.0
27001029,111267.0,109110.0,101899.0
27001030,111267.0,109473.0,101899.0
27001031,111267.0,109835.0,101899.0
27001032,111267.0,110198.0,101899.0
27001033,101067.0,113448.0,101999.0
27001034,101067.0,113798.0,101999.0
27001035,101067.0,114148.0,101999.0
27001036,101067.0,114498.0,101999.0
27001037,101067.0,114848.0,101999.0
27001038,107467.0,107123.0,101999.0
27001039,107467.0,107541.0,101999.0
27001040,107467.0,107960.0,101999.0
27001041,107467.0,108379.0,101999.0
27001042,107467.0,108798.0,101999.0
27001043,111267.0,107148.0,101899.0
27001044,111267.0,107548.0,101899.0
27001045,111267.0,107948.0,101899.0
27001046,111267.0,108348.0,101899.0
27001047,104867.0,107148.0,101999.0
27001048,104867.0,107560.0,101999.0
27001049,104867.0,107973.0,101999.0
27001050,104867.0,108385.0,101999.0
27001051,104867.0,108798.0,101999.0
27001052,107967.0,107098.0,101949.0
27001053,108367.0,107106.0,101949.0
27001054,108767.0,107114.0,101949.0
27001055,109167.0,107123.0,101949.0
27001056,109567.0,107131.0,101949.0
27001057,109967.0,107139.0,101949.0
27001058,110367.0,107148.0,101949.0
27001059,98067.0,113448.0,101999.0
27001060,98467.0,113448.0,101999.0
27001061,98867.0,113448.0,101999.0
27001062,99267.0,113448.0,101999.0
27001063,99667.0,113448.0,101999.0
27001064,107467.0,98548.0,101899.0
27001065,108067.0,98548.0,101899.0
27001066,54497.0,98548.0,101899.0
27001067,54959.0,98548.0,101899.0
27001068,55422.0,98548.0,101899.0
27001069,55884.0,98548.0,101899.0
27001070,56347.0,98548.0,101899.0
27001071,53847.0,107148.0,101949.0
27001072,54372.0,107123.0,101949.0
27001073,54897.0,107098.0,101949.0
27001074,55422.0,107073.0,101949.0
27001075,55947.0,107048.0,101949.0
27001076,56347.0,113448.0,101949.0
27001077,56347.0,113798.0,101949.0
27001078,56347.0,114148.0,101949.0
27001079,56347.0,114498.0,101949.0
27001080,56347.0,114848.0,101949.0
27001081,19467.0,98548.0,101899.0
27001082,20067.0,98548.0,101899.0
27001083,20667.0,98548.0,101899.0
27001084,28467.0,113448.0,101999.0
27001085,28867.0,113448.0,101999.0
27001086,29267.0,113448.0,101999.0
27001087,29667.0,113448.0,101999.0
27001088,30067.0,113448.0,101999.0
27001089,18417.0,98548.0,101899.0
27001090,18942.0,98548.0,101899.0
27001091,17767.0,107148.0,101949.0
27001092,18167.0,107139.0,101949.0
27001093,18567.0,107131.0,101949.0
27001094,18967.0,107123.0,101949.0
27001095,19367.0,107114.0,101949.0
27001096,19767.0,107106.0,101949.0
27001097,20167.0,107098.0,101949.0
27001098,23267.0,107148.0,101999.0
27001099,23267.0,107560.0,101999.0
27001100,23267.0,107973.0,101999.0
27001101,23267.0,108385.0,101999.0
27001102,23267.0,108798.0,101999.0
27001103,16867.0,107148.0,101899.0
27001104,16867.0,107548.0,101899.0
27001105,16867.0,107948.0,101899.0
27001106,16867.0,108348.0,101899.0
27001107,16867.0,108748.0,101899.0
27001108,28067.0,110448.0,101999.0
27001109,28567.0,110448.0,101999.0
27001110,29067.0,110448.0,101999.0
27001111,29567.0,110448.0,101999.0
27001112,30067.0,110448.0,101999.0
27001113,20667.0,107123.0,101999.0
27001114,20667.0,107541.0,101999.0
27001115,20667.0,107960.0,101999.0
27001116,20667.0,108379.0,101999.0
27001117,20667.0,108798.0,101999.0
27001118,27067.0,113448.0,101999.0
27001119,27067.0,113798.0,101999.0
27001120,27067.0,114148.0,101999.0
27001121,27067.0,114498.0,101999.0
27001122,27067.0,114848.0,101999.0
27001123,16867.0,109110.0,101899.0
27001124,16867.0,109473.0,101899.0
27001125,16867.0,109835.0,101899.0
27001126,16867.0,110198.0,101899.0
27001127,17367.0,114848.0,101200.0
27001128,17367.0,114848.0,99533.0
27001129,17367.0,114848.0,100366.0
27001130,21533.0,114848.0,101300.0
27001131,22400.0,114848.0,101300.0
27001132,21533.0,114848.0,99566.0
27001133,22400.0,114848.0,99566.0
27001134,21533.0,114848.0,100433.0
27001135,22400.0,114848.0,100433.0
27001136,27767.0,114848.0,101399.0
27001137,27767.0,114848.0,99600.0
27001138,27767.0,114848.0,100500.0
27001139,16867.0,111060.0,101498.0
27001140,16867.0,111923.0,101498.0
27001141,16867.0,112785.0,101498.0
27001142,16867.0,111060.0,99533.0
27001143,16867.0,111923.0,99533.0
27001144,16867.0,112785.0,99533.0
27001145,16867.0,111060.0,100366.0
27001146,16867.0,112785.0,100366.0
27001147,16867.0,111923.0,100366.0
27001148,30067.0,114148.0,101399.0
27001149,30067.0,114148.0,99600.0
27001150,30067.0,114148.0,100500.0
27001151,27067.0,111448.0,101399.0
27001152,27067.0,112448.0,101399.0
27001153,27067.0,111448.0,99600.0
27001154,27067.0,112448.0,99600.0
27001155,27067.0,111448.0,100500.0
27001156,27067.0,112448.0,100500.0
27001157,27767.0,113448.0,101699.0
27001158,27767.0,113448.0,99600.0
27001159,27767.0,113448.0,100500.0
27001160,27567.0,110448.0,101399.0
27001161,27567.0,110448.0,99600.0
27001162,27567.0,110448.0,100500.0
27001163,30067.0,111448.0,101699.0
27001164,30067.0,112448.0,101699.0
27001165,30067.0,111448.0,99600.0
27001166,30067.0,112448.0,99600.0
27001167,30067.0,111448.0,100500.0
27001168,30067.0,112448.0,100500.0
27001169,20667.0,109345.0,101399.0
27001170,20667.0,109345.0,99600.0
27001171,20667.0,109345.0,100500.0
27001172,21533.0,108798.0,101699.0
27001173,22400.0,108798.0,101699.0
27001174,21533.0,108798.0,99600.0
27001175,22400.0,108798.0,99600.0
27001176,21533.0,108798.0,100500.0
27001177,22400.0,108798.0,100500.0
27001178,23267.0,109345.0,101399.0
27001179,23267.0,109345.0,99600.0
27001180,23267.0,109345.0,100500.0
27001181,17317.0,107148.0,101498.0
27001182,17317.0,107148.0,99600.0
27001183,17317.0,107148.0,100500.0
27001184,21533.0,107131.0,101699.0
27001185,22400.0,107139.0,101699.0
27001186,21533.0,107131.0,99600.0
27001187,22400.0,107139.0,99600.0
27001188,21533.0,107131.0,100500.0
27001189,22400.0,107139.0,100500.0
27001190,23267.0,106723.0,101399.0
27001191,23267.0,106723.0,99600.0
27001192,23267.0,106723.0,100500.0
27001193,27067.0,106723.0,101399.0
27001194,27067.0,106723.0,99600.0
27001195,27067.0,106723.0,100500.0
27001196,28067.0,107148.0,101399.0
27001197,29067.0,107148.0,101399.0
27001198,28067.0,107148.0,99600.0
27001199,29067.0,107148.0,99600.0
27001200,28067.0,107148.0,100500.0
27001201,29067.0,107148.0,100500.0
27001202,16867.0,101931.0,101399.0
27001203,16867.0,102814.0,101399.0
27001204,16867.0,101931.0,99600.0
27001205,16867.0,102814.0,99600.0
27001206,16867.0,101931.0,100500.0
27001207,16867.0,102814.0,100500.0
27001208,16867.0,99381.0,101399.0
27001209,16867.0,100214.0,101399.0
27001210,16867.0,99381.0,99600.0
27001211,16867.0,100214.0,99600.0
27001212,16867.0,99381.0,100500.0
27001213,16867.0,100214.0,100500.0
27001214,17317.0,101048.0,101399.0
27001215,17317.0,101048.0,99600.0
27001216,17317.0,101048.0,100500.0
27001217,18617.0,101048.0,101399.0
27001218,18617.0,101048.0,99600.0
27001219,18617.0,101048.0,100500.0
27001220,20667.0,99381.0,101399.0
27001221,20667.0,100214.0,101399.0
27001222,20667.0,99381.0,99600.0
27001223,20667.0,100214.0,99600.0
27001224,20667.0,99381.0,100500.0
27001225,20667.0,100214.0,100500.0
27001226,17642.0,98548.0,101399.0
27001227,17642.0,98548.0,99600.0
27001228,17642.0,98548.0,100500.0
27001229,21533.0,98548.0,101399.0
27001230,22400.0,98548.0,101399.0
27001231,21533.0,98548.0,99600.0
27001232,22400.0,98548.0,99600.0
27001233,21533.0,98548.0,100500.0
27001234,22400.0,98548.0,100500.0
27001235,23267.0,99070.0,101399.0
27001236,23267.0,99070.0,99600.0
27001237,23267.0,99070.0,100500.0
27001238,27067.0,99070.0,101399.0
27001239,27067.0,99070.0,99600.0
27001240,27067.0,99070.0,100500.0
27001241,28067.0,98548.0,101399.0
27001242,29067.0,98548.0,101399.0
27001243,28067.0,98548.0,99600.0
27001244,29067.0,98548.0,99600.0
27001245,28067.0,98548.0,100500.0
27001246,29067.0,98548.0,100500.0
27001247,16867.0,114248.0,101200.0
27001248,16867.0,114248.0,99533.0
27001249,16867.0,114248.0,100366.0
27001250,20667.0,114248.0,101200.0
27001251,20667.0,114248.0,99533.0
27001252,20667.0,114248.0,100366.0
27001253,20292.0,114848.0,101200.0
27001254,20292.0,114848.0,99533.0
27001255,20292.0,114848.0,100366.0
27001256,18142.0,114848.0,101200.0
27001257,18145.0,114848.0,101750.0
27001258,18642.0,114848.0,101750.0
27001259,19142.0,114848.0,101750.0
27001260,19639.0,114848.0,101750.0
27001261,19642.0,114848.0,101200.0
27001262,18142.0,114848.0,99533.0
27001263,19642.0,114848.0,99533.0
27001264,18142.0,114848.0,100366.0
27001265,19642.0,114848.0,100366.0
27001266,18642.0,114848.0,101200.0
27001267,19142.0,114848.0,101200.0
27001268,29267.0,114848.0,101399.0
27001269,29267.0,114848.0,99600.0
27001270,29267.0,114848.0,100500.0
27001271,20067.0,101048.0,101399.0
27001272,20067.0,101048.0,99600.0
27001273,20067.0,101048.0,100500.0
27001274,16867.0,104698.0,101399.0
27001275,16867.0,105698.0,101399.0
27001276,16867.0,104698.0,99600.0
27001277,16867.0,105698.0,99600.0
27001278,16867.0,104698.0,100500.0
27001279,16867.0,105698.0,100500.0
27001280,20667.0,106710.0,101399.0
27001281,20667.0,106710.0,99600.0
27001282,20667.0,106710.0,100500.0
27001283,23267.0,114248.0,101399.0
27001284,23267.0,114248.0,99600.0
27001285,23267.0,114248.0,100500.0
27001286,30067.0,99381.0,101399.0
27001287,30067.0,100214.0,101399.0
27001288,30067.0,100881.0,101399.0
27001289,30067.0,99381.0,99600.0
27001290,30067.0,100214.0,99600.0
27001291,30067.0,100881.0,99600.0
27001292,30067.0,99381.0,100500.0
27001293,30067.0,100881.0,100500.0
27001294,30067.0,100214.0,100500.0
27001295,30067.0,105281.0,101399.0
27001296,30067.0,106214.0,101399.0
27001297,30067.0,105281.0,99600.0
27001298,30067.0,106214.0,99600.0
27001299,30067.0,105281.0,100500.0
27001300,30067.0,106214.0,100500.0
27001301,30067.0,102481.0,101399.0
27001302,30067.0,103414.0,101399.0
27001303,30067.0,102481.0,99600.0
27001304,30067.0,103414.0,99600.0
27001305,30067.0,102481.0,100500.0
27001306,30067.0,103414.0,100500.0
27001307,60347.0,101873.0,101200.0
27001308,60347.0,102698.0,101200.0
27001309,60347.0,103523.0,101200.0
27001310,60347.0,101873.0,99533.0
27001311,60347.0,102698.0,99533.0
27001312,60347.0,103523.0,99533.0
27001313,60347.0,101873.0,100366.0
27001314,60347.0,103523.0,100366.0
27001315,60347.0,102698.0,100366.0
27001316,63747.0,111328.0,101200.0
27001317,63747.0,112208.0,101200.0
27001318,63747.0,113088.0,101200.0
27001319,63747.0,113968.0,101200.0
27001320,63747.0,111328.0,99533.0
27001321,63747.0,112208.0,99533.0
27001322,63747.0,113088.0,99533.0
27001323,63747.0,113968.0,99533.0
27001324,63747.0,111328.0,100366.0
27001325,63747.0,113968.0,100366.0
27001326,63747.0,112208.0,100366.0
27001327,63747.0,113088.0,100366.0
27001328,61022.0,114848.0,101200.0
27001329,61697.0,114848.0,101200.0
27001330,61700.0,114848.0,101750.0
27001331,62197.0,114848.0,101750.0
27001332,62697.0,114848.0,101750.0
27001333,63194.0,114848.0,101750.0
27001334,63197.0,114848.0,101200.0
27001335,61022.0,114848.0,99533.0
27001336,61697.0,114848.0,99533.0
27001337,63197.0,114848.0,99533.0
27001338,61022.0,114848.0,100366.0
27001339,63197.0,114848.0,100366.0
27001340,62197.0,114848.0,101200.0
27001341,61697.0,114848.0,100366.0
27001342,62697.0,114848.0,101200.0
27001343,52947.0,104560.0,101399.0
27001344,52947.0,105423.0,101399.0
27001345,52947.0,106285.0,101399.0
27001346,52947.0,104560.0,99600.0
27001347,52947.0,105423.0,99600.0
27001348,52947.0,106285.0,99600.0
27001349,52947.0,104560.0,100500.0
27001350,52947.0,106285.0,100500.0
27001351,52947.0,105423.0,100500.0
27001352,53722.0,98548.0,101399.0
27001353,53722.0,98548.0,99600.0
27001354,53722.0,98548.0,100500.0
27001355,52947.0,99381.0,101399.0
27001356,52947.0,100214.0,101399.0
27001357,52947.0,99381.0,99600.0
27001358,52947.0,100214.0,99600.0
27001359,52947.0,99381.0,100500.0
27001360,52947.0,100214.0,100500.0
27001361,52947.0,101931.0,101399.0
27001362,52947.0,102814.0,101399.0
27001363,52947.0,101931.0,99600.0
27001364,52947.0,102814.0,99600.0
27001365,52947.0,101931.0,100500.0
27001366,52947.0,102814.0,100500.0
27001367,53397.0,101048.0,101399.0
27001368,53397.0,101048.0,99600.0
27001369,53397.0,101048.0,100500.0
27001370,53397.0,107148.0,101399.0
27001371,53397.0,107148.0,99600.0
27001372,53397.0,107148.0,100500.0
27001373,56347.0,111328.0,101399.0
27001374,56347.0,112208.0,101399.0
27001375,56347.0,113088.0,101399.0
27001376,56347.0,111328.0,99600.0
27001377,56347.0,112208.0,99600.0
27001378,56347.0,113088.0,99600.0
27001379,56347.0,111328.0,100500.0
27001380,56347.0,113088.0,100500.0
27001381,56347.0,112208.0,100500.0
27001382,52947.0,111128.0,101200.0
27001383,52947.0,112058.0,101200.0
27001384,52947.0,112988.0,101200.0
27001385,52947.0,113918.0,101200.0
27001386,52947.0,111128.0,99533.0
27001387,52947.0,112058.0,99533.0
27001388,52947.0,112988.0,99533.0
27001389,52947.0,113918.0,99533.0
27001390,52947.0,111128.0,100366.0
27001391,52947.0,113918.0,100366.0
27001392,52947.0,112058.0,100366.0
27001393,52947.0,112988.0,100366.0
27001394,53622.0,114848.0,101200.0
27001395,54297.0,114848.0,101200.0
27001396,54300.0,114848.0,101750.0
27001397,54797.0,114848.0,101750.0
27001398,55297.0,114848.0,101750.0
27001399,55794.0,114848.0,101750.0
27001400,55797.0,114848.0,101200.0
27001401,53622.0,114848.0,99533.0
27001402,54297.0,114848.0,99533.0
27001403,55797.0,114848.0,99533.0
27001404,53622.0,114848.0,100366.0
27001405,55797.0,114848.0,100366.0
27001406,54797.0,114848.0,101200.0
27001407,54297.0,114848.0,100366.0
27001408,55297.0,114848.0,101200.0
27001409,61197.0,110448.0,101200.0
27001410,62047.0,110448.0,101200.0
27001411,62897.0,110448.0,101200.0
27001412,61197.0,110448.0,99533.0
27001413,62047.0,110448.0,99533.0
27001414,62897.0,110448.0,99533.0
27001415,61197.0,110448.0,100366.0
27001416,62897.0,110448.0,100366.0
27001417,62047.0,110448.0,100366.0
27001418,56347.0,106673.0,101399.0
27001419,56347.0,106673.0,99600.0
27001420,56347.0,106673.0,100500.0
27001421,56347.0,99381.0,101399.0
27001422,56347.0,100214.0,101399.0
27001423,56347.0,99381.0,99600.0
27001424,56347.0,100214.0,99600.0
27001425,56347.0,99381.0,100500.0
27001426,56347.0,100214.0,100500.0
27001427,63747.0,102064.0,101200.0
27001428,63747.0,103081.0,101200.0
27001429,63747.0,104098.0,101200.0
27001430,63747.0,105114.0,101200.0
27001431,63747.0,106131.0,101200.0
27001432,63747.0,102064.0,99533.0
27001433,63747.0,103081.0,99533.0
27001434,63747.0,104098.0,99533.0
27001435,63747.0,105114.0,99533.0
27001436,63747.0,106131.0,99533.0
27001437,63747.0,102064.0,100366.0
27001438,63747.0,106131.0,100366.0
27001439,63747.0,103081.0,100366.0
27001440,63747.0,104098.0,100366.0
27001441,63747.0,105114.0,100366.0
27001442,63747.0,99381.0,101200.0
27001443,63747.0,100214.0,101200.0
27001444,63747.0,99381.0,99533.0
27001445,63747.0,100214.0,99533.0
27001446,63747.0,99381.0,100366.0
27001447,63747.0,100214.0,100366.0
27001448,54680.0,101048.0,101399.0
27001449,55513.0,101048.0,101399.0
27001450,54680.0,101048.0,99600.0
27001451,55513.0,101048.0,99600.0
27001452,54680.0,101048.0,100500.0
27001453,55513.0,101048.0,100500.0
27001454,60822.0,98548.0,101200.0
27001455,61297.0,98548.0,101200.0
27001456,61300.0,98548.0,101750.0
27001457,61797.0,98548.0,101750.0
27001458,62297.0,98548.0,101750.0
27001459,62794.0,98548.0,101750.0
27001460,62797.0,98548.0,101200.0
27001461,63272.0,98548.0,101200.0
27001462,60822.0,98548.0,99533.0
27001463,61297.0,98548.0,99533.0
27001464,63272.0,98548.0,99533.0
27001465,62797.0,98548.0,99533.0
27001466,60822.0,98548.0,100366.0
27001467,63272.0,98548.0,100366.0
27001468,61797.0,98548.0,101200.0
27001469,61297.0,98548.0,100366.0
27001470,62297.0,98548.0,101200.0
27001471,62797.0,98548.0,100366.0
27001472,61197.0,101048.0,101200.0
27001473,62047.0,101048.0,101200.0
27001474,62897.0,101048.0,101200.0
27001475,61197.0,101048.0,99533.0
27001476,62047.0,101048.0,99533.0
27001477,62897.0,101048.0,99533.0
27001478,61197.0,101048.0,100366.0
27001479,62897.0,101048.0,100366.0
27001480,62047.0,101048.0,100366.0
27001481,111267.0,104698.0,101399.0
27001482,111267.0,105698.0,101399.0
27001483,111267.0,104698.0,99600.0
27001484,111267.0,105698.0,99600.0
27001485,111267.0,104698.0,100500.0
27001486,111267.0,105698.0,100500.0
27001487,108067.0,101048.0,101399.0
27001488,108067.0,101048.0,99600.0
27001489,108067.0,101048.0,100500.0
27001490,98867.0,114848.0,101399.0
27001491,98867.0,114848.0,99600.0
27001492,98867.0,114848.0,100500.0
27001493,108492.0,114848.0,101200.0
27001494,108495.0,114848.0,101750.0
27001495,108992.0,114848.0,101750.0
27001496,109492.0,114848.0,101750.0
27001497,109989.0,114848.0,101750.0
27001498,109992.0,114848.0,101200.0
27001499,108492.0,114848.0,99533.0
27001500,109992.0,114848.0,99533.0
27001501,108492.0,114848.0,100366.0
27001502,109992.0,114848.0,100366.0
27001503,108992.0,114848.0,101200.0
27001504,109492.0,114848.0,101200.0
27001505,107842.0,114848.0,101300.0
27001506,107842.0,114848.0,99566.0
27001507,107842.0,114848.0,100433.0
27001508,107467.0,114248.0,101300.0
27001509,107467.0,114248.0,99566.0
27001510,107467.0,114248.0,100433.0
27001511,111267.0,114248.0,101399.0
27001512,111267.0,114248.0,99600.0
27001513,111267.0,114248.0,100500.0
27001514,110767.0,114848.0,101300.0
27001515,110767.0,114848.0,99566.0
27001516,110767.0,114848.0,100433.0
27001517,110492.0,98548.0,101399.0
27001518,110492.0,98548.0,99600.0
27001519,110492.0,98548.0,100500.0
27001520,99067.0,98548.0,101399.0
27001521,100067.0,98548.0,101399.0
27001522,99067.0,98548.0,99600.0
27001523,100067.0,98548.0,99600.0
27001524,99067.0,98548.0,100500.0
27001525,100067.0,98548.0,100500.0
27001526,105733.0,98548.0,101399.0
27001527,106600.0,98548.0,101399.0
27001528,105733.0,98548.0,99600.0
27001529,106600.0,98548.0,99600.0
27001530,105733.0,98548.0,100500.0
27001531,106600.0,98548.0,100500.0
27001532,101067.0,99070.0,101399.0
27001533,101067.0,99070.0,99600.0
27001534,101067.0,99070.0,100500.0
27001535,104867.0,99070.0,101399.0
27001536,104867.0,99070.0,99600.0
27001537,104867.0,99070.0,100500.0
27001538,107467.0,99381.0,101399.0
27001539,107467.0,100214.0,101399.0
27001540,107467.0,99381.0,99600.0
27001541,107467.0,100214.0,99600.0
27001542,107467.0,99381.0,100500.0
27001543,107467.0,100214.0,100500.0
27001544,109517.0,101048.0,101399.0
27001545,109517.0,101048.0,99600.0
27001546,109517.0,101048.0,100500.0
27001547,110817.0,101048.0,101399.0
27001548,110817.0,101048.0,99600.0
27001549,110817.0,101048.0,100500.0
27001550,111267.0,99381.0,101399.0
27001551,111267.0,100214.0,101399.0
27001552,111267.0,99381.0,99600.0
27001553,111267.0,100214.0,99600.0
27001554,111267.0,99381.0,100500.0
27001555,111267.0,100214.0,100500.0
27001556,111267.0,101931.0,101399.0
27001557,111267.0,102814.0,101399.0
27001558,111267.0,101931.0,99600.0
27001559,111267.0,102814.0,99600.0
27001560,111267.0,101931.0,100500.0
27001561,111267.0,102814.0,100500.0
27001562,99067.0,107148.0,101399.0
27001563,100067.0,107148.0,101399.0
27001564,99067.0,107148.0,99600.0
27001565,100067.0,107148.0,99600.0
27001566,99067.0,107148.0,100500.0
27001567,100067.0,107148.0,100500.0
27001568,101067.0,106723.0,101399.0
27001569,101067.0,106723.0,99600.0
27001570,101067.0,106723.0,100500.0
27001571,104867.0,106723.0,101399.0
27001572,104867.0,106723.0,99600.0
27001573,104867.0,106723.0,100500.0
27001574,105733.0,107139.0,101699.0
27001575,106600.0,107131.0,101699.0
27001576,105733.0,107139.0,99600.0
27001577,106600.0,107131.0,99600.0
27001578,105733.0,107139.0,100500.0
27001579,106600.0,107131.0,100500.0
27001580,110817.0,107148.0,101498.0
27001581,110817.0,107148.0,99600.0
27001582,110817.0,107148.0,100500.0
27001583,104867.0,109345.0,101399.0
27001584,104867.0,109345.0,99600.0
27001585,104867.0,109345.0,100500.0
27001586,105733.0,108798.0,101699.0
27001587,106600.0,108798.0,101699.0
27001588,105733.0,108798.0,99600.0
27001589,106600.0,108798.0,99600.0
27001590,105733.0,108798.0,100500.0
27001591,106600.0,108798.0,100500.0
27001592,107467.0,109345.0,101399.0
27001593,107467.0,109345.0,99600.0
27001594,107467.0,109345.0,100500.0
27001595,98067.0,111448.0,101699.0
27001596,98067.0,112448.0,101699.0
27001597,98067.0,111448.0,99600.0
27001598,98067.0,112448.0,99600.0
27001599,98067.0,111448.0,100500.0
27001600,98067.0,112448.0,100500.0
27001601,100567.0,110448.0,101399.0
27001602,100567.0,110448.0,99600.0
27001603,100567.0,110448.0,100500.0
27001604,100367.0,113448.0,101699.0
27001605,100367.0,113448.0,99600.0
27001606,100367.0,113448.0,100500.0
27001607,101067.0,111448.0,101399.0
27001608,101067.0,112448.0,101399.0
27001609,101067.0,111448.0,99600.0
27001610,101067.0,112448.0,99600.0
27001611,101067.0,111448.0,100500.0
27001612,101067.0,112448.0,100500.0
27001613,98067.0,114148.0,101399.0
27001614,98067.0,114148.0,99600.0
27001615,98067.0,114148.0,100500.0
27001616,111267.0,111060.0,101399.0
27001617,111267.0,111923.0,101399.0
27001618,111267.0,112785.0,101399.0
27001619,111267.0,111060.0,99600.0
27001620,111267.0,111923.0,99600.0
27001621,111267.0,112785.0,99600.0
27001622,111267.0,111060.0,100500.0
27001623,111267.0,112785.0,100500.0
27001624,111267.0,111923.0,100500.0
27001625,100367.0,114848.0,101399.0
27001626,100367.0,114848.0,99600.0
27001627,100367.0,114848.0,100500.0
27001628,105733.0,114848.0,101399.0
27001629,106600.0,114848.0,101399.0
27001630,105733.0,114848.0,99600.0
27001631,106600.0,114848.0,99600.0
27001632,105733.0,114848.0,100500.0
27001633,106600.0,114848.0,100500.0
27001634,107467.0,106710.0,101399.0
27001635,107467.0,106710.0,99600.0
27001636,107467.0,106710.0,100500.0
27001637,98067.0,102481.0,101399.0
27001638,98067.0,103414.0,101399.0
27001639,98067.0,102481.0,99600.0
27001640,98067.0,103414.0,99600.0
27001641,98067.0,102481.0,100500.0
27001642,98067.0,103414.0,100500.0
27001643,98067.0,105281.0,101399.0
27001644,98067.0,106214.0,101399.0
27001645,98067.0,105281.0,99600.0
27001646,98067.0,106214.0,99600.0
27001647,98067.0,105281.0,100500.0
27001648,98067.0,106214.0,100500.0
27001649,104867.0,114248.0,101399.0
27001650,104867.0,114248.0,99600.0
27001651,104867.0,114248.0,100500.0
27001652,98067.0,99381.0,101399.0
27001653,98067.0,100214.0,101399.0
27001654,98067.0,100881.0,101399.0
27001655,98067.0,99381.0,99600.0
27001656,98067.0,100214.0,99600.0
27001657,98067.0,100881.0,99600.0
27001658,98067.0,99381.0,100500.0
27001659,98067.0,100881.0,100500.0
27001660,98067.0,100214.0,100500.0
27001661,24217.0,113842.0,102299.0
27001662,24217.0,112888.0,102299.0
27001663,24217.0,111942.0,102299.0
27001664,24217.0,110977.0,102299.0
27001665,24217.0,109999.0,102299.0
27001666,24217.0,109011.0,102299.0
27001667,24217.0,108071.0,102299.0
27001668,25167.0,113929.0,102299.0
27001669,25167.0,113007.0,102299.0
27001670,25167.0,112066.0,102299.0
27001671,25167.0,111102.0,102299.0
27001672,25167.0,110119.0,102299.0
27001673,25167.0,109126.0,102299.0
27001674,25167.0,108135.0,102299.0
27001675,26117.0,114015.0,102299.0
27001676,26117.0,113157.0,102299.0
27001677,26117.0,112223.0,102299.0
27001678,26117.0,111253.0,102299.0
27001679,26117.0,110256.0,102299.0
27001680,26117.0,109228.0,102299.0
27001681,26117.0,108189.0,102299.0
27001682,27767.0,114148.0,102299.0
27001683,29267.0,114148.0,102299.0
27001684,17833.0,112807.0,102299.0
27001685,17803.0,111978.0,102299.0
27001686,17814.0,109560.0,102299.0
27001687,17803.0,110360.0,102299.0
27001688,17797.0,111175.0,102299.0
27001689,18747.0,110499.0,102299.0
27001690,18711.0,111308.0,102299.0
27001691,18758.0,109644.0,102299.0
27001692,18725.0,111989.0,102299.0
27001693,18796.0,112799.0,102299.0
27001694,19605.0,111720.0,102299.0
27001695,19687.0,110724.0,102299.0
27001696,19711.0,109759.0,102299.0
27001697,19736.0,112715.0,102299.0
27001698,17727.0,107952.0,102299.0
27001699,18522.0,107951.0,102299.0
27001700,19173.0,107945.0,102299.0
27001701,19928.0,107945.0,102299.0
27001702,21533.0,107964.0,102299.0
27001703,22400.0,107968.0,102299.0
27001704,24217.0,106235.0,102299.0
27001705,24217.0,105296.0,102299.0
27001706,25167.0,106224.0,102299.0
27001707,25167.0,105289.0,102299.0
27001708,26117.0,106235.0,102299.0
27001709,26117.0,105296.0,102299.0
27001710,17733.0,100214.0,102299.0
27001711,17704.0,99381.0,102299.0
27001712,18596.0,100214.0,102299.0
27001713,18559.0,99381.0,102299.0
27001714,24217.0,103414.0,102299.0
27001715,24217.0,102481.0,102299.0
27001716,25167.0,103414.0,102299.0
27001717,25167.0,102481.0,102299.0
27001718,26117.0,103414.0,102299.0
27001719,26117.0,102481.0,102299.0
27001720,24217.0,100556.0,102299.0
27001721,24217.0,99559.0,102299.0
27001722,25167.0,100552.0,102299.0
27001723,25167.0,99553.0,102299.0
27001724,26117.0,100556.0,102299.0
27001725,26117.0,99559.0,102299.0
27001726,53835.0,107943.0,102299.0
27001727,54736.0,107923.0,102299.0
27001728,55602.0,107903.0,102299.0
27001729,109538.0,100214.0,102299.0
27001730,109574.0,99381.0,102299.0
27001731,110401.0,100214.0,102299.0
27001732,110429.0,99381.0,102299.0
27001733,98867.0,114148.0,102299.0
27001734,100367.0,114148.0,102299.0
27001735,108372.0,112745.0,102299.0
27001736,108436.0,111814.0,102299.0
27001737,108445.0,109786.0,102299.0
27001738,108536.0,110807.0,102299.0
27001739,109424.0,111113.0,102299.0
27001740,109371.0,111930.0,102299.0
27001741,109425.0,110435.0,102299.0
27001742,109388.0,109627.0,102299.0
27001743,109326.0,112783.0,102299.0
27001744,110341.0,110329.0,102299.0
27001745,110337.0,111124.0,102299.0
27001746,110328.0,109547.0,102299.0
27001747,110293.0,112795.0,102299.0
27001748,110320.0,111948.0,102299.0
27001749,101998.0,100556.0,102299.0
27001750,101962.0,99558.0,102299.0
27001751,102940.0,100552.0,102299.0
27001752,102881.0,99553.0,102299.0
27001753,103898.0,100556.0,102299.0
27001754,103862.0,99559.0,102299.0
27001755,108205.0,107945.0,102299.0
27001756,108960.0,107945.0,102299.0
27001757,109611.0,107951.0,102299.0
27001758,110406.0,107952.0,102299.0
27001759,102017.0,106235.0,102299.0
27001760,102017.0,105296.0,102299.0
27001761,102967.0,106224.0,102299.0
27001762,102967.0,105289.0,102299.0
27001763,103917.0,106235.0,102299.0
27001764,103917.0,105296.0,102299.0
27001765,101960.0,114011.0,102299.0
27001766,101992.0,113153.0,102299.0
27001767,102002.0,112222.0,102299.0
27001768,102007.0,111252.0,102299.0
27001769,102010.0,110256.0,102299.0
27001770,102012.0,109228.0,102299.0
27001771,102014.0,108190.0,102299.0
27001772,102877.0,113924.0,102299.0
27001773,102929.0,113003.0,102299.0
27001774,102946.0,112064.0,102299.0
27001775,102953.0,111102.0,102299.0
27001776,102957.0,110120.0,102299.0
27001777,102960.0,109127.0,102299.0
27001778,102963.0,108135.0,102299.0
27001779,103858.0,113839.0,102299.0
27001780,103890.0,112886.0,102299.0
27001781,103902.0,111941.0,102299.0
27001782,103907.0,110977.0,102299.0
27001783,103910.0,110000.0,102299.0
27001784,103912.0,109011.0,102299.0
27001785,103914.0,108072.0,102299.0
27001786,102017.0,103414.0,102299.0
27001787,102017.0,102481.0,102299.0
27001788,102967.0,103414.0,102299.0
27001789,102967.0,102481.0,102299.0
27001790,103917.0,103414.0,102299.0
27001791,103917.0,102481.0,102299.0
27001792,105733.0,107968.0,102299.0
27001793,106600.0,107964.0,102299.0
28000001,23267.0,114848.0,105900.0
28000002,27067.0,114848.0,105900.0
28000003,20667.0,114848.0,105900.0
28000004,30067.0,114848.0,105900.0
28000005,27067.0,113448.0,105900.0
28000006,27067.0,110448.0,105900.0
28000007,30067.0,113448.0,105900.0
28000008,20667.0,111848.0,105900.0
28000009,20667.0,108798.0,105900.0
28000010,23267.0,111848.0,105900.0
28000011,16867.0,108748.0,105900.0
28000012,23267.0,108798.0,105900.0
28000013,16867.0,107148.0,105900.0
28000014,30067.0,107148.0,105900.0
28000015,23267.0,107148.0,105900.0
28000016,20667.0,107123.0,105900.0
28000017,27067.0,107148.0,105900.0
28000018,16867.0,101048.0,105900.0
28000019,17767.0,107148.0,105900.0
28000020,17767.0,101048.0,105900.0
28000021,20667.0,104348.0,105900.0
28000022,23267.0,104348.0,105900.0
28000023,27067.0,104348.0,105900.0
28000024,20667.0,101548.0,105900.0
28000025,20667.0,101048.0,105900.0
28000026,23267.0,101548.0,105900.0
28000027,27067.0,101548.0,105900.0
28000028,20667.0,98548.0,105900.0
28000029,23267.0,98548.0,105900.0
28000030,27067.0,98548.0,105900.0
28000031,16867.0,110198.0,105900.0
28000032,30067.0,110448.0,105900.0
28000033,23267.0,109893.0,105900.0
28000034,28067.0,110448.0,105900.0
28000035,23267.0,106298.0,105900.0
28000036,27067.0,106298.0,105900.0
28000037,20167.0,107098.0,105900.0
28000038,23267.0,99593.0,105900.0
28000039,27067.0,99593.0,105900.0
28000040,18417.0,98548.0,105900.0
28000041,20667.0,113648.0,105900.0
28000042,16867.0,113648.0,105900.0
28000043,19917.0,113648.0,105900.0
28000044,19917.0,114848.0,105900.0
28000045,17867.0,113648.0,105900.0
28000046,17867.0,114848.0,105900.0
28000047,28467.0,113448.0,105900.0
28000048,28467.0,114848.0,105900.0
28000049,19467.0,98548.0,105900.0
28000050,19467.0,101048.0,105900.0
28000051,17767.0,103698.0,105900.0
28000052,16867.0,103698.0,105900.0
28000053,20667.0,106298.0,105900.0
28000054,23267.0,113648.0,105900.0
28000055,20667.0,109893.0,105900.0
28000056,4867.0,114848.0,105900.0
28000057,4867.0,106698.0,105900.0
28000058,4867.0,98548.0,105900.0
28000059,4867.0,87098.0,105900.0
28000060,4867.0,126298.0,105900.0
28000061,9467.0,126348.0,105900.0
28000062,13067.0,126348.0,105900.0
28000063,124067.0,114848.0,105900.0
28000064,124067.0,106698.0,105900.0
28000065,124067.0,98548.0,105900.0
28000066,124067.0,87098.0,105900.0
28000067,124067.0,126298.0,105900.0
28000068,30067.0,98548.0,105900.0
28000069,30067.0,104348.0,105900.0
28000070,30067.0,101548.0,105900.0
28000071,13067.0,87048.0,105900.0
28000072,9467.0,87048.0,105900.0
28000073,63747.0,110448.0,105900.0
28000074,60347.0,101048.0,105900.0
28000075,60347.0,107048.0,105900.0
28000076,63747.0,107148.0,105900.0
28000077,52947.0,114848.0,105900.0
28000078,56347.0,108748.0,105900.0
28000079,52947.0,103698.0,105900.0
28000080,53847.0,103698.0,105900.0
28000081,54497.0,98548.0,105900.0
28000082,56347.0,110448.0,105900.0
28000083,52947.0,110198.0,105900.0
28000084,56347.0,113448.0,105900.0
28000085,52947.0,101048.0,105900.0
28000086,53847.0,101048.0,105900.0
28000087,53847.0,107148.0,105900.0
28000088,52947.0,107148.0,105900.0
28000089,56347.0,107048.0,105900.0
28000090,52947.0,108748.0,105900.0
28000091,56347.0,101548.0,105900.0
28000092,55947.0,107048.0,105900.0
28000093,56347.0,106298.0,105900.0
28000094,60347.0,110448.0,105900.0
28000095,56347.0,104348.0,105900.0
28000096,56347.0,101048.0,105900.0
28000097,63747.0,101048.0,105900.0
28000098,52947.0,98548.0,105900.0
28000099,60347.0,104348.0,105900.0
28000100,119800.0,87048.0,105900.0
28000101,115533.0,87048.0,105900.0
28000102,111267.0,103698.0,105900.0
28000103,110367.0,103698.0,105900.0
28000104,108667.0,101048.0,105900.0
28000105,108667.0,98548.0,105900.0
28000106,99667.0,114848.0,105900.0
28000107,99667.0,113448.0,105900.0
28000108,110267.0,114848.0,105900.0
28000109,110267.0,113648.0,105900.0
28000110,108217.0,114848.0,105900.0
28000111,108217.0,113648.0,105900.0
28000112,111267.0,113648.0,105900.0
28000113,107467.0,113648.0,105900.0
28000114,109717.0,98548.0,105900.0
28000115,101067.0,99593.0,105900.0
28000116,104867.0,99593.0,105900.0
28000117,107967.0,107098.0,105900.0
28000118,101067.0,106298.0,105900.0
28000119,104867.0,106298.0,105900.0
28000120,100067.0,110448.0,105900.0
28000121,104867.0,109893.0,105900.0
28000122,98067.0,110448.0,105900.0
28000123,111267.0,110198.0,105900.0
28000124,101067.0,98548.0,105900.0
28000125,104867.0,98548.0,105900.0
28000126,107467.0,98548.0,105900.0
28000127,101067.0,101548.0,105900.0
28000128,104867.0,101548.0,105900.0
28000129,107467.0,101048.0,105900.0
28000130,107467.0,101548.0,105900.0
28000131,101067.0,104348.0,105900.0
28000132,104867.0,104348.0,105900.0
28000133,107467.0,104348.0,105900.0
28000134,110367.0,101048.0,105900.0
28000135,110367.0,107148.0,105900.0
28000136,111267.0,101048.0,105900.0
28000137,101067.0,107148.0,105900.0
28000138,107467.0,107123.0,105900.0
28000139,104867.0,107148.0,105900.0
28000140,98067.0,107148.0,105900.0
28000141,111267.0,107148.0,105900.0
28000142,104867.0,108798.0,105900.0
28000143,111267.0,108748.0,105900.0
28000144,104867.0,111848.0,105900.0
28000145,107467.0,108798.0,105900.0
28000146,107467.0,111848.0,105900.0
28000147,98067.0,113448.0,105900.0
28000148,101067.0,110448.0,105900.0
28000149,101067.0,113448.0,105900.0
28000150,98067.0,114848.0,105900.0
28000151,107467.0,114848.0,105900.0
28000152,101067.0,114848.0,105900.0
28000153,104867.0,114848.0,105900.0
28000154,107467.0,106298.0,105900.0
28000155,98067.0,101548.0,105900.0
28000156,98067.0,104348.0,105900.0
28000157,107467.0,109893.0,105900.0
28000158,104867.0,113648.0,105900.0
28000159,98067.0,98548.0,105900.0
28000160,56347.0,98548.0,105900.0
28000161,63747.0,98548.0,105900.0
28000162,56347.0,114848.0,105900.0
28000163,63747.0,114848.0,105900.0
28000164,60347.0,98548.0,105900.0
28000165,60347.0,114848.0,105900.0
28000166,16867.0,126298.0,105900.0
28000167,16867.0,87098.0,105900.0
28000168,16867.0,106698.0,105900.0
28000169,30067.0,87098.0,105900.0
28000170,30067.0,126298.0,105900.0
28000171,16867.0,114848.0,105900.0
28000172,16867.0,98548.0,105900.0
28000173,111267.0,87098.0,105900.0
28000174,111267.0,126298.0,105900.0
28000175,98067.0,87098.0,105900.0
28000176,98067.0,126298.0,105900.0
28000177,111267.0,106698.0,105900.0
28000178,111267.0,114848.0,105900.0
28000179,111267.0,98548.0,105900.0
28000180,41507.0,87098.0,105900.0
28000181,41507.0,126298.0,105900.0
28000182,52947.0,87098.0,105900.0
28000183,52947.0,126298.0,105900.0
28000184,75187.0,87098.0,105900.0
28000185,75187.0,126298.0,105900.0
28000186,86627.0,126298.0,105900.0
28000187,86627.0,87098.0,105900.0
28000188,102700.0,87048.0,105900.0
28000189,102700.0,98548.0,105900.0
28000190,102700.0,126348.0,105900.0
28000191,102700.0,114848.0,105900.0
28000192,107467.0,87048.0,105900.0
28000193,107467.0,126348.0,105900.0
28000194,119800.0,126348.0,105900.0
28000195,115533.0,126348.0,105900.0
28000196,92347.0,126348.0,105900.0
28000197,92347.0,87048.0,105900.0
28000198,80907.0,126348.0,105900.0
28000199,80907.0,87048.0,105900.0
28000200,69467.0,126348.0,105900.0
28000201,69467.0,87048.0,105900.0
28000202,47227.0,126348.0,105900.0
28000203,47227.0,87048.0,105900.0
28000204,35787.0,126348.0,105900.0
28000205,35787.0,87048.0,105900.0
28000206,58347.0,114848.0,105900.0
28000207,58347.0,126348.0,105900.0
28000208,58347.0,98548.0,105900.0
28000209,58347.0,87048.0,105900.0
28000210,20667.0,87048.0,105900.0
28000211,25167.0,98548.0,105900.0
28000212,25167.0,87048.0,105900.0
28000213,25167.0,114848.0,105900.0
28000214,25167.0,126348.0,105900.0
28000215,20667.0,126348.0,105900.0
28000216,119800.0,106698.0,105900.0
28000217,119800.0,98548.0,105900.0
28000218,119800.0,114848.0,105900.0
28000219,115533.0,106698.0,105900.0
28000220,115533.0,98548.0,105900.0
28000221,115533.0,114848.0,105900.0
28000222,92347.0,107148.0,105900.0
28000223,92347.0,98548.0,105900.0
28000224,92347.0,114848.0,105900.0
28000225,80907.0,107148.0,105900.0
28000226,80907.0,98548.0,105900.0
28000227,80907.0,114848.0,105900.0
28000228,69467.0,107148.0,105900.0
28000229,69467.0,98548.0,105900.0
28000230,69467.0,114848.0,105900.0
28000231,47227.0,107148.0,105900.0
28000232,47227.0,98548.0,105900.0
28000233,47227.0,114848.0,105900.0
28000234,35787.0,107148.0,105900.0
28000235,35787.0,98548.0,105900.0
28000236,35787.0,114848.0,105900.0
28000237,41507.0,107148.0,105900.0
28000238,75187.0,107148.0,105900.0
28000239,86627.0,107148.0,105900.0
28000240,13067.0,106698.0,105900.0
28000241,9467.0,106698.0,105900.0
28000242,75187.0,98548.0,105900.0
28000243,86627.0,98548.0,105900.0
28000244,41507.0,98548.0,105900.0
28000245,13067.0,98548.0,105900.0
28000246,9467.0,98548.0,105900.0
28000247,75187.0,114848.0,105900.0
28000248,86627.0,114848.0,105900.0
28000249,41507.0,114848.0,105900.0
28000250,13067.0,114848.0,105900.0
28000251,9467.0,114848.0,105900.0
28000252,63747.0,126298.0,105900.0
28000253,63747.0,87098.0,105900.0
28000254,16867.0,108748.0,105099.0
28000255,16867.0,110198.0,105099.0
28000256,27067.0,113448.0,105300.0
28000257,27067.0,114848.0,105300.0
28000258,20667.0,107123.0,105300.0
28000259,20667.0,108798.0,105300.0
28000260,28067.0,110448.0,105300.0
28000261,30067.0,110448.0,105300.0
28000262,16867.0,107148.0,105099.0
28000263,23267.0,107148.0,105300.0
28000264,23267.0,108798.0,105300.0
28000265,17767.0,107148.0,105200.0
28000266,20167.0,107098.0,105200.0
28000267,18417.0,98548.0,105099.0
28000268,19467.0,98548.0,105099.0
28000269,28467.0,113448.0,105300.0
28000270,30067.0,113448.0,105300.0
28000271,20667.0,98548.0,105099.0
28000272,56347.0,113448.0,105200.0
28000273,56347.0,114848.0,105200.0
28000274,53847.0,107148.0,105200.0
28000275,55947.0,107048.0,105200.0
28000276,54497.0,98548.0,105099.0
28000277,56347.0,98548.0,105099.0
28000278,107467.0,98548.0,105099.0
28000279,108667.0,98548.0,105099.0
28000280,98067.0,113448.0,105300.0
28000281,99667.0,113448.0,105300.0
28000282,107967.0,107098.0,105200.0
28000283,110367.0,107148.0,105200.0
28000284,104867.0,107148.0,105300.0
28000285,104867.0,108798.0,105300.0
28000286,111267.0,107148.0,105099.0
28000287,111267.0,108748.0,105099.0
28000288,107467.0,107123.0,105300.0
28000289,107467.0,108798.0,105300.0
28000290,101067.0,113448.0,105300.0
28000291,101067.0,114848.0,105300.0
28000292,111267.0,110198.0,105099.0
28000293,98067.0,110448.0,105300.0
28000294,100067.0,110448.0,105300.0
28000295,109717.0,98548.0,105099.0
28000296,17367.0,114848.0,105900.0
28000297,21533.0,114848.0,105900.0
28000298,22400.0,114848.0,105900.0
28000299,27767.0,114848.0,105900.0
28000300,16867.0,111060.0,105900.0
28000301,16867.0,111923.0,105900.0
28000302,16867.0,112785.0,105900.0
28000303,16867.0,109110.0,105900.0
28000304,16867.0,109473.0,105900.0
28000305,16867.0,109835.0,105900.0
28000306,27067.0,113798.0,105900.0
28000307,27067.0,114148.0,105900.0
28000308,27067.0,114498.0,105900.0
28000309,30067.0,114148.0,105900.0
28000310,27067.0,111448.0,105900.0
28000311,27067.0,112448.0,105900.0
28000312,27767.0,113448.0,105900.0
28000313,27567.0,110448.0,105900.0
28000314,30067.0,111448.0,105900.0
28000315,30067.0,112448.0,105900.0
28000316,20667.0,109345.0,105900.0
28000317,20667.0,107541.0,105900.0
28000318,20667.0,107960.0,105900.0
28000319,20667.0,108379.0,105900.0
28000320,21533.0,108798.0,105900.0
28000321,22400.0,108798.0,105900.0
28000322,23267.0,109345.0,105900.0
28000323,28567.0,110448.0,105900.0
28000324,29067.0,110448.0,105900.0
28000325,29567.0,110448.0,105900.0
28000326,16867.0,107548.0,105900.0
28000327,16867.0,107948.0,105900.0
28000328,16867.0,108348.0,105900.0
28000329,23267.0,107560.0,105900.0
28000330,23267.0,107973.0,105900.0
28000331,23267.0,108385.0,105900.0
28000332,17317.0,107148.0,105900.0
28000333,21533.0,107131.0,105900.0
28000334,22400.0,107139.0,105900.0
28000335,23267.0,106723.0,105900.0
28000336,27067.0,106723.0,105900.0
28000337,28067.0,107148.0,105899.0
28000338,29067.0,107148.0,105900.0
28000339,16867.0,101931.0,105900.0
28000340,16867.0,102814.0,105900.0
28000341,16867.0,99381.0,105900.0
28000342,16867.0,100214.0,105900.0
28000343,17317.0,101048.0,105900.0
28000344,18167.0,107139.0,105900.0
28000345,18567.0,107131.0,105899.0
28000346,18967.0,107123.0,105900.0
28000347,19367.0,107114.0,105900.0
28000348,19767.0,107106.0,105900.0
28000349,18617.0,101048.0,105900.0
28000350,20667.0,99381.0,105900.0
28000351,20667.0,100214.0,105900.0
28000352,17642.0,98548.0,105900.0
28000353,18942.0,98548.0,105900.0
28000354,21533.0,98548.0,105900.0
28000355,22400.0,98548.0,105900.0
28000356,23267.0,99070.0,105900.0
28000357,27067.0,99070.0,105900.0
28000358,28067.0,98548.0,105899.0
28000359,29067.0,98548.0,105900.0
28000360,16867.0,114248.0,105900.0
28000361,20667.0,114248.0,105900.0
28000362,20292.0,114848.0,105900.0
28000363,18142.0,114848.0,105900.0
28000364,18642.0,114848.0,105900.0
28000365,19142.0,114848.0,105900.0
28000366,19642.0,114848.0,105900.0
28000367,29267.0,114848.0,105900.0
28000368,28867.0,113448.0,105900.0
28000369,29267.0,113448.0,105900.0
28000370,29667.0,113448.0,105900.0
28000371,20067.0,101048.0,105900.0
28000372,20067.0,98548.0,105900.0
28000373,16867.0,104698.0,105900.0
28000374,16867.0,105698.0,105900.0
28000375,20667.0,106710.0,105900.0
28000376,23267.0,114248.0,105900.0
28000377,30067.0,99381.0,105900.0
28000378,30067.0,100214.0,105900.0
28000379,30067.0,100881.0,105900.0
28000380,30067.0,105281.0,105900.0
28000381,30067.0,106214.0,105900.0
28000382,30067.0,102481.0,105900.0
28000383,30067.0,103414.0,105900.0
28000384,60347.0,101873.0,105900.0
28000385,60347.0,102698.0,105900.0
28000386,60347.0,103523.0,105900.0
28000387,63747.0,111328.0,105900.0
28000388,63747.0,112208.0,105900.0
28000389,63747.0,113088.0,105900.0
28000390,63747.0,113968.0,105900.0
28000391,61022.0,114848.0,105900.0
28000392,61697.0,114848.0,105900.0
28000393,62197.0,114848.0,105899.0
28000394,62697.0,114848.0,105900.0
28000395,63197.0,114848.0,105900.0
28000396,52947.0,104560.0,105900.0
28000397,52947.0,105423.0,105900.0
28000398,52947.0,106285.0,105900.0
28000399,53722.0,98548.0,105900.0
28000400,52947.0,99381.0,105900.0
28000401,52947.0,100214.0,105900.0
28000402,52947.0,101931.0,105900.0
28000403,52947.0,102814.0,105900.0
28000404,53397.0,101048.0,105900.0
28000405,53397.0,107148.0,105900.0
28000406,56347.0,111328.0,105900.0
28000407,56347.0,112208.0,105900.0
28000408,56347.0,113088.0,105900.0
28000409,56347.0,113798.0,105900.0
28000410,56347.0,114148.0,105900.0
28000411,56347.0,114498.0,105900.0
28000412,52947.0,111128.0,105900.0
28000413,52947.0,112058.0,105900.0
28000414,52947.0,112988.0,105900.0
28000415,52947.0,113918.0,105900.0
28000416,53622.0,114848.0,105900.0
28000417,54297.0,114848.0,105900.0
28000418,54797.0,114848.0,105899.0
28000419,55297.0,114848.0,105900.0
28000420,55797.0,114848.0,105900.0
28000421,54372.0,107123.0,105900.0
28000422,54897.0,107098.0,105900.0
28000423,55422.0,107073.0,105900.0
28000424,61197.0,110448.0,105900.0
28000425,62047.0,110448.0,105900.0
28000426,62897.0,110448.0,105900.0
28000427,56347.0,106673.0,105900.0
28000428,56347.0,99381.0,105900.0
28000429,56347.0,100214.0,105900.0
28000430,54959.0,98548.0,105900.0
28000431,55422.0,98548.0,105900.0
28000432,55884.0,98548.0,105900.0
28000433,63747.0,102064.0,105899.0
28000434,63747.0,103081.0,105900.0
28000435,63747.0,104098.0,105900.0
28000436,63747.0,105114.0,105900.0
28000437,63747.0,106131.0,105900.0
28000438,63747.0,99381.0,105900.0
28000439,63747.0,100214.0,105900.0
28000440,54680.0,101048.0,105900.0
28000441,55513.0,101048.0,105900.0
28000442,60822.0,98548.0,105900.0
28000443,61297.0,98548.0,105899.0
28000444,61797.0,98548.0,105899.0
28000445,62297.0,98548.0,105900.0
28000446,62797.0,98548.0,105900.0
28000447,63272.0,98548.0,105900.0
28000448,61197.0,101048.0,105900.0
28000449,62047.0,101048.0,105900.0
28000450,62897.0,101048.0,105900.0
28000451,111267.0,104698.0,105900.0
28000452,111267.0,105698.0,105900.0
28000453,108067.0,98548.0,105900.0
28000454,108067.0,101048.0,105900.0
28000455,98467.0,113448.0,105900.0
28000456,98867.0,113448.0,105900.0
28000457,99267.0,113448.0,105900.0
28000458,98867.0,114848.0,105900.0
28000459,108492.0,114848.0,105900.0
28000460,108992.0,114848.0,105900.0
28000461,109492.0,114848.0,105900.0
28000462,109992.0,114848.0,105900.0
28000463,107842.0,114848.0,105900.0
28000464,107467.0,114248.0,105900.0
28000465,111267.0,114248.0,105900.0
28000466,110767.0,114848.0,105900.0
28000467,110492.0,98548.0,105900.0
28000468,99067.0,98548.0,105899.0
28000469,100067.0,98548.0,105900.0
28000470,105733.0,98548.0,105900.0
28000471,106600.0,98548.0,105900.0
28000472,101067.0,99070.0,105900.0
28000473,104867.0,99070.0,105900.0
28000474,107467.0,99381.0,105900.0
28000475,107467.0,100214.0,105900.0
28000476,109517.0,101048.0,105900.0
28000477,108367.0,107106.0,105900.0
28000478,108767.0,107114.0,105899.0
28000479,109167.0,107123.0,105900.0
28000480,109567.0,107131.0,105900.0
28000481,109967.0,107139.0,105900.0
28000482,110817.0,101048.0,105900.0
28000483,111267.0,99381.0,105900.0
28000484,111267.0,100214.0,105900.0
28000485,111267.0,101931.0,105900.0
28000486,111267.0,102814.0,105900.0
28000487,99067.0,107148.0,105899.0
28000488,100067.0,107148.0,105900.0
28000489,101067.0,106723.0,105900.0
28000490,104867.0,106723.0,105900.0
28000491,105733.0,107139.0,105900.0
28000492,106600.0,107131.0,105900.0
28000493,110817.0,107148.0,105900.0
28000494,104867.0,107560.0,105900.0
28000495,104867.0,107973.0,105900.0
28000496,104867.0,108385.0,105900.0
28000497,111267.0,107548.0,105900.0
28000498,111267.0,107948.0,105900.0
28000499,111267.0,108348.0,105900.0
28000500,104867.0,109345.0,105900.0
28000501,105733.0,108798.0,105900.0
28000502,106600.0,108798.0,105900.0
28000503,107467.0,107541.0,105900.0
28000504,107467.0,107960.0,105900.0
28000505,107467.0,108379.0,105900.0
28000506,107467.0,109345.0,105900.0
28000507,98067.0,111448.0,105900.0
28000508,98067.0,112448.0,105900.0
28000509,100567.0,110448.0,105900.0
28000510,100367.0,113448.0,105900.0
28000511,101067.0,111448.0,105900.0
28000512,101067.0,112448.0,105900.0
28000513,98067.0,114148.0,105900.0
28000514,101067.0,113798.0,105900.0
28000515,101067.0,114148.0,105900.0
28000516,101067.0,114498.0,105900.0
28000517,111267.0,109110.0,105900.0
28000518,111267.0,109473.0,105900.0
28000519,111267.0,109835.0,105900.0
28000520,111267.0,111060.0,105900.0
28000521,111267.0,111923.0,105900.0
28000522,111267.0,112785.0,105900.0
28000523,100367.0,114848.0,105900.0
28000524,105733.0,114848.0,105900.0
28000525,106600.0,114848.0,105900.0
28000526,107467.0,106710.0,105900.0
28000527,98067.0,102481.0,105900.0
28000528,98067.0,103414.0,105900.0
28000529,98067.0,105281.0,105900.0
28000530,98067.0,106214.0,105900.0
28000531,104867.0,114248.0,105900.0
28000532,98067.0,99381.0,105900.0
28000533,98067.0,100214.0,105900.0
28000534,98067.0,100881.0,105900.0
28000535,98567.0,110448.0,105900.0
28000536,99067.0,110448.0,105900.0
28000537,99567.0,110448.0,105900.0
28000538,109192.0,98548.0,105900.0
28000539,16867.0,114848.0,104799.0
28000540,16867.0,114848.0,103966.0
28000541,16867.0,114848.0,103133.0
28000542,17867.0,114848.0,104799.0
28000543,17867.0,114848.0,103966.0
28000544,17867.0,114848.0,103133.0
28000545,20667.0,114848.0,104799.0
28000546,20667.0,114848.0,103966.0
28000547,20667.0,114848.0,103133.0
28000548,23267.0,114848.0,104900.0
28000549,23267.0,114848.0,104033.0
28000550,23267.0,114848.0,103166.0
28000551,28467.0,114848.0,105000.0
28000552,28467.0,114848.0,104100.0
28000553,28467.0,114848.0,103199.0
28000554,27067.0,110448.0,105000.0
28000555,27067.0,110448.0,104100.0
28000556,27067.0,110448.0,103199.0
28000557,20667.0,109893.0,105000.0
28000558,20667.0,109893.0,104100.0
28000559,20667.0,109893.0,103199.0
28000560,16867.0,113648.0,104799.0
28000561,16867.0,113648.0,103966.0
28000562,16867.0,113648.0,103133.0
28000563,23267.0,109893.0,105000.0
28000564,23267.0,109893.0,104100.0
28000565,23267.0,109893.0,103199.0
28000566,16867.0,106698.0,105000.0
28000567,16867.0,106698.0,104100.0
28000568,16867.0,106698.0,103199.0
28000569,23267.0,106298.0,105000.0
28000570,23267.0,106298.0,104100.0
28000571,23267.0,106298.0,103199.0
28000572,27067.0,106298.0,105000.0
28000573,27067.0,106298.0,104100.0
28000574,27067.0,106298.0,103199.0
28000575,27067.0,107148.0,105000.0
28000576,27067.0,107148.0,104100.0
28000577,27067.0,107148.0,103199.0
28000578,16867.0,101048.0,105000.0
28000579,16867.0,101048.0,104100.0
28000580,16867.0,101048.0,103199.0
28000581,16867.0,103698.0,105000.0
28000582,16867.0,103698.0,104100.0
28000583,16867.0,103698.0,103199.0
28000584,16867.0,98548.0,105000.0
28000585,16867.0,98548.0,104100.0
28000586,16867.0,98548.0,103199.0
28000587,17767.0,101048.0,105000.0
28000588,17767.0,101048.0,104100.0
28000589,17767.0,101048.0,103199.0
28000590,19467.0,101048.0,105000.0
28000591,19467.0,101048.0,104100.0
28000592,19467.0,101048.0,103199.0
28000593,20667.0,101048.0,105000.0
28000594,20667.0,101048.0,104100.0
28000595,20667.0,101048.0,103199.0
28000596,23267.0,98548.0,105000.0
28000597,23267.0,98548.0,104100.0
28000598,23267.0,98548.0,103199.0
28000599,23267.0,99593.0,105000.0
28000600,23267.0,99593.0,104100.0
28000601,23267.0,99593.0,103199.0
28000602,27067.0,98548.0,105000.0
28000603,27067.0,98548.0,104100.0
28000604,27067.0,98548.0,103199.0
28000605,27067.0,99593.0,105000.0
28000606,27067.0,99593.0,104100.0
28000607,27067.0,99593.0,103199.0
28000608,30067.0,98548.0,105000.0
28000609,30067.0,98548.0,104100.0
28000610,30067.0,98548.0,103199.0
28000611,19917.0,114848.0,104799.0
28000612,19917.0,114848.0,103966.0
28000613,19917.0,114848.0,103133.0
28000614,30067.0,114848.0,105000.0
28000615,30067.0,114848.0,104100.0
28000616,30067.0,114848.0,103199.0
28000617,20667.0,106298.0,105000.0
28000618,20667.0,106298.0,104100.0
28000619,20667.0,106298.0,103199.0
28000620,20667.0,113648.0,104799.0
28000621,20667.0,113648.0,103966.0
28000622,20667.0,113648.0,103133.0
28000623,23267.0,113648.0,105000.0
28000624,23267.0,113648.0,104100.0
28000625,23267.0,113648.0,103199.0
28000626,20667.0,101548.0,105000.0
28000627,20667.0,101548.0,104100.0
28000628,20667.0,101548.0,103199.0
28000629,30067.0,107148.0,105000.0
28000630,30067.0,107148.0,104100.0
28000631,30067.0,107148.0,103199.0
28000632,30067.0,104348.0,105000.0
28000633,30067.0,104348.0,104100.0
28000634,30067.0,104348.0,103199.0
28000635,30067.0,101548.0,105000.0
28000636,30067.0,101548.0,104100.0
28000637,30067.0,101548.0,103199.0
28000638,60347.0,101048.0,104799.0
28000639,60347.0,101048.0,103966.0
28000640,60347.0,101048.0,103133.0
28000641,60347.0,104348.0,104799.0
28000642,60347.0,104348.0,103966.0
28000643,60347.0,104348.0,103133.0
28000644,63747.0,110448.0,104799.0
28000645,63747.0,110448.0,103966.0
28000646,63747.0,110448.0,103133.0
28000647,63747.0,114848.0,104799.0
28000648,63747.0,114848.0,103966.0
28000649,63747.0,114848.0,103133.0
28000650,60347.0,114848.0,104799.0
28000651,60347.0,114848.0,103966.0
28000652,60347.0,114848.0,103133.0
28000653,52947.0,103698.0,105000.0
28000654,52947.0,103698.0,104100.0
28000655,52947.0,103698.0,103199.0
28000656,52947.0,107148.0,105000.0
28000657,52947.0,107148.0,104100.0
28000658,52947.0,107148.0,103199.0
28000659,52947.0,98548.0,105000.0
28000660,52947.0,98548.0,104100.0
28000661,52947.0,98548.0,103199.0
28000662,52947.0,101048.0,105000.0
28000663,52947.0,101048.0,104100.0
28000664,52947.0,101048.0,103199.0
28000665,53847.0,101048.0,105000.0
28000666,53847.0,101048.0,104100.0
28000667,53847.0,101048.0,103199.0
28000668,56347.0,107048.0,105000.0
28000669,56347.0,107048.0,104100.0
28000670,56347.0,107048.0,103199.0
28000671,56347.0,110448.0,105000.0
28000672,56347.0,110448.0,104100.0
28000673,56347.0,110448.0,103199.0
28000674,52947.0,110198.0,104799.0
28000675,52947.0,110198.0,103966.0
28000676,52947.0,110198.0,103133.0
28000677,52947.0,114848.0,104799.0
28000678,52947.0,114848.0,103966.0
28000679,52947.0,114848.0,103133.0
28000680,60347.0,110448.0,104799.0
28000681,60347.0,110448.0,103966.0
28000682,60347.0,110448.0,103133.0
28000683,56347.0,106298.0,105000.0
28000684,56347.0,106298.0,104100.0
28000685,56347.0,106298.0,103199.0
28000686,56347.0,101048.0,105000.0
28000687,56347.0,101048.0,104100.0
28000688,56347.0,101048.0,103199.0
28000689,56347.0,101548.0,105000.0
28000690,56347.0,101548.0,104100.0
28000691,56347.0,101548.0,103199.0
28000692,63747.0,101048.0,104799.0
28000693,63747.0,101048.0,103966.0
28000694,63747.0,101048.0,103133.0
28000695,63747.0,107148.0,104799.0
28000696,63747.0,107148.0,103966.0
28000697,63747.0,107148.0,103133.0
28000698,63747.0,98548.0,104799.0
28000699,63747.0,98548.0,103966.0
28000700,63747.0,98548.0,103133.0
28000701,60347.0,98548.0,104799.0
28000702,60347.0,98548.0,103966.0
28000703,60347.0,98548.0,103133.0
28000704,111267.0,103698.0,105000.0
28000705,111267.0,103698.0,104100.0
28000706,111267.0,103698.0,103199.0
28000707,111267.0,106698.0,105000.0
28000708,111267.0,106698.0,104100.0
28000709,111267.0,106698.0,103199.0
28000710,107467.0,101048.0,105000.0
28000711,107467.0,101048.0,104100.0
28000712,107467.0,101048.0,103199.0
28000713,108667.0,101048.0,105000.0
28000714,108667.0,101048.0,104100.0
28000715,108667.0,101048.0,103199.0
28000716,98067.0,114848.0,105000.0
28000717,98067.0,114848.0,104100.0
28000718,98067.0,114848.0,103199.0
28000719,99667.0,114848.0,105000.0
28000720,99667.0,114848.0,104100.0
28000721,99667.0,114848.0,103199.0
28000722,108217.0,114848.0,104799.0
28000723,108217.0,114848.0,103966.0
28000724,108217.0,114848.0,103133.0
28000725,110267.0,114848.0,104799.0
28000726,110267.0,114848.0,103966.0
28000727,110267.0,114848.0,103133.0
28000728,107467.0,114848.0,104900.0
28000729,107467.0,114848.0,104033.0
28000730,107467.0,114848.0,103166.0
28000731,107467.0,113648.0,104799.0
28000732,107467.0,113648.0,103966.0
28000733,107467.0,113648.0,103133.0
28000734,111267.0,113648.0,105000.0
28000735,111267.0,113648.0,104100.0
28000736,111267.0,113648.0,103199.0
28000737,111267.0,114848.0,104900.0
28000738,111267.0,114848.0,104033.0
28000739,111267.0,114848.0,103166.0
28000740,111267.0,98548.0,105000.0
28000741,111267.0,98548.0,104100.0
28000742,111267.0,98548.0,103199.0
28000743,98067.0,98548.0,105000.0
28000744,98067.0,98548.0,104100.0
28000745,98067.0,98548.0,103199.0
28000746,101067.0,98548.0,105000.0
28000747,101067.0,98548.0,104100.0
28000748,101067.0,98548.0,103199.0
28000749,104867.0,98548.0,105000.0
28000750,104867.0,98548.0,104100.0
28000751,104867.0,98548.0,103199.0
28000752,101067.0,99593.0,105000.0
28000753,101067.0,99593.0,104100.0
28000754,101067.0,99593.0,103199.0
28000755,104867.0,99593.0,105000.0
28000756,104867.0,99593.0,104100.0
28000757,104867.0,99593.0,103199.0
28000758,107467.0,101548.0,105000.0
28000759,107467.0,101548.0,104100.0
28000760,107467.0,101548.0,103199.0
28000761,110367.0,101048.0,105000.0
28000762,110367.0,101048.0,104100.0
28000763,110367.0,101048.0,103199.0
28000764,111267.0,101048.0,105000.0
28000765,111267.0,101048.0,104100.0
28000766,111267.0,101048.0,103199.0
28000767,98067.0,107148.0,105000.0
28000768,98067.0,107148.0,104100.0
28000769,98067.0,107148.0,103199.0
28000770,101067.0,107148.0,105000.0
28000771,101067.0,107148.0,104100.0
28000772,101067.0,107148.0,103199.0
28000773,101067.0,106298.0,105000.0
28000774,101067.0,106298.0,104100.0
28000775,101067.0,106298.0,103199.0
28000776,104867.0,106298.0,105000.0
28000777,104867.0,106298.0,104100.0
28000778,104867.0,106298.0,103199.0
28000779,104867.0,109893.0,105000.0
28000780,104867.0,109893.0,104100.0
28000781,104867.0,109893.0,103199.0
28000782,107467.0,109893.0,105000.0
28000783,107467.0,109893.0,104100.0
28000784,107467.0,109893.0,103199.0
28000785,101067.0,110448.0,105000.0
28000786,101067.0,110448.0,104100.0
28000787,101067.0,110448.0,103199.0
28000788,104867.0,114848.0,105000.0
28000789,104867.0,114848.0,104100.0
28000790,104867.0,114848.0,103199.0
28000791,107467.0,106298.0,105000.0
28000792,107467.0,106298.0,104100.0
28000793,107467.0,106298.0,103199.0
28000794,98067.0,101548.0,105000.0
28000795,98067.0,101548.0,104100.0
28000796,98067.0,101548.0,103199.0
28000797,98067.0,104348.0,105000.0
28000798,98067.0,104348.0,104100.0
28000799,98067.0,104348.0,103199.0
28000800,104867.0,113648.0,105000.0
28000801,104867.0,113648.0,104100.0
28000802,104867.0,113648.0,103199.0
28000803,16867.0,109110.0,105099.0
28000804,16867.0,109473.0,105099.0
28000805,16867.0,109835.0,105099.0
28000806,27067.0,113798.0,105300.0
28000807,27067.0,114148.0,105300.0
28000808,27067.0,114498.0,105300.0
28000809,20667.0,107541.0,105300.0
28000810,20667.0,107960.0,105300.0
28000811,20667.0,108379.0,105300.0
28000812,28567.0,110448.0,105300.0
28000813,29067.0,110448.0,105300.0
28000814,29567.0,110448.0,105300.0
28000815,16867.0,107548.0,105099.0
28000816,16867.0,107948.0,105099.0
28000817,16867.0,108348.0,105099.0
28000818,23267.0,107560.0,105300.0
28000819,23267.0,107973.0,105300.0
28000820,23267.0,108385.0,105300.0
28000821,18167.0,107139.0,105200.0
28000822,18567.0,107131.0,105200.0
28000823,18967.0,107123.0,105200.0
28000824,19367.0,107114.0,105200.0
28000825,19767.0,107106.0,105200.0
28000826,18942.0,98548.0,105099.0
28000827,28867.0,113448.0,105300.0
28000828,29267.0,113448.0,105300.0
28000829,29667.0,113448.0,105300.0
28000830,20067.0,98548.0,105099.0
28000831,56347.0,113798.0,105200.0
28000832,56347.0,114148.0,105200.0
28000833,56347.0,114498.0,105200.0
28000834,54372.0,107123.0,105200.0
28000835,54897.0,107098.0,105200.0
28000836,55422.0,107073.0,105200.0
28000837,54959.0,98548.0,105099.0
28000838,55422.0,98548.0,105099.0
28000839,55884.0,98548.0,105099.0
28000840,108067.0,98548.0,105099.0
28000841,98467.0,113448.0,105300.0
28000842,98867.0,113448.0,105300.0
28000843,99267.0,113448.0,105300.0
28000844,108367.0,107106.0,105200.0
28000845,108767.0,107114.0,105200.0
28000846,109167.0,107123.0,105200.0
28000847,109567.0,107131.0,105200.0
28000848,109967.0,107139.0,105200.0
28000849,104867.0,107560.0,105300.0
28000850,104867.0,107973.0,105300.0
28000851,104867.0,108385.0,105300.0
28000852,111267.0,107548.0,105099.0
28000853,111267.0,107948.0,105099.0
28000854,111267.0,108348.0,105099.0
28000855,107467.0,107541.0,105300.0
28000856,107467.0,107960.0,105300.0
28000857,107467.0,108379.0,105300.0
28000858,101067.0,113798.0,105300.0
28000859,101067.0,114148.0,105300.0
28000860,101067.0,114498.0,105300.0
28000861,111267.0,109110.0,105099.0
28000862,111267.0,109473.0,105099.0
28000863,111267.0,109835.0,105099.0
28000864,98567.0,110448.0,105300.0
28000865,99067.0,110448.0,105300.0
28000866,99567.0,110448.0,105300.0
28000867,109192.0,98548.0,105099.0
28000868,27067.0,114848.0,104100.0
28000869,27067.0,114848.0,103199.0
28000870,27067.0,113448.0,104100.0
28000871,27067.0,113448.0,103199.0
28000872,28467.0,113448.0,104100.0
28000873,28467.0,113448.0,103199.0
28000874,20667.0,108798.0,104100.0
28000875,20667.0,108798.0,103199.0
28000876,16867.0,110198.0,103966.0
28000877,16867.0,110198.0,103133.0
28000878,28067.0,110448.0,104100.0
28000879,28067.0,110448.0,103199.0
28000880,23267.0,108798.0,104100.0
28000881,23267.0,108798.0,103199.0
28000882,16867.0,107148.0,104100.0
28000883,16867.0,107148.0,103199.0
28000884,20167.0,107098.0,104100.0
28000885,20167.0,107098.0,103199.0
28000886,20667.0,107123.0,104100.0
28000887,20667.0,107123.0,103199.0
28000888,23267.0,107148.0,104100.0
28000889,23267.0,107148.0,103199.0
28000890,20667.0,98548.0,104100.0
28000891,20667.0,98548.0,103199.0
28000892,18417.0,98548.0,104100.0
28000893,18417.0,98548.0,103199.0
28000894,17767.0,107148.0,104100.0
28000895,17767.0,107148.0,103199.0
28000896,30067.0,113448.0,104100.0
28000897,30067.0,113448.0,103199.0
28000898,30067.0,110448.0,104100.0
28000899,30067.0,110448.0,103199.0
28000900,54497.0,98548.0,104100.0
28000901,54497.0,98548.0,103199.0
28000902,53847.0,107148.0,104100.0
28000903,53847.0,107148.0,103199.0
28000904,55947.0,107048.0,104100.0
28000905,55947.0,107048.0,103199.0
28000906,56347.0,113448.0,104100.0
28000907,56347.0,113448.0,103199.0
28000908,56347.0,114848.0,103966.0
28000909,56347.0,114848.0,103133.0
28000910,56347.0,98548.0,104100.0
28000911,56347.0,98548.0,103199.0
28000912,109717.0,98548.0,104100.0
28000913,109717.0,98548.0,103199.0
28000914,107467.0,98548.0,104100.0
28000915,107467.0,98548.0,103199.0
28000916,107467.0,107123.0,104100.0
28000917,107467.0,107123.0,103199.0
28000918,107967.0,107098.0,104100.0
28000919,107967.0,107098.0,103199.0
28000920,104867.0,107148.0,104100.0
28000921,104867.0,107148.0,103199.0
28000922,110367.0,107148.0,104100.0
28000923,110367.0,107148.0,103199.0
28000924,111267.0,107148.0,104100.0
28000925,111267.0,107148.0,103199.0
28000926,104867.0,108798.0,104100.0
28000927,104867.0,108798.0,103199.0
28000928,107467.0,108798.0,104100.0
28000929,107467.0,108798.0,103199.0
28000930,98067.0,110448.0,104100.0
28000931,98067.0,110448.0,103199.0
28000932,98067.0,113448.0,104100.0
28000933,98067.0,113448.0,103199.0
28000934,100067.0,110448.0,104100.0
28000935,100067.0,110448.0,103199.0
28000936,99667.0,113448.0,104100.0
28000937,99667.0,113448.0,103199.0
28000938,101067.0,113448.0,104100.0
28000939,101067.0,113448.0,103199.0
28000940,111267.0,110198.0,104100.0
28000941,111267.0,110198.0,103199.0
28000942,101067.0,114848.0,104100.0
28000943,101067.0,114848.0,103199.0
28000944,24217.0,107148.0,105900.0
28000945,25167.0,107148.0,105900.0
28000946,26117.0,107148.0,105900.0
28000947,27067.0,108248.0,105899.0
28000948,27067.0,109348.0,105900.0
28000949,26117.0,114848.0,105900.0
28000950,24217.0,114848.0,105900.0
28000951,23267.0,112748.0,105900.0
28000952,23267.0,110870.0,105900.0
28000953,28467.0,114148.0,105900.0
28000954,17817.0,108760.0,105900.0
28000955,18767.0,108773.0,105900.0
28000956,19717.0,108785.0,105900.0
28000957,20667.0,110870.0,105900.0
28000958,20667.0,112748.0,105900.0
28000959,18892.0,113648.0,105900.0
28000960,24217.0,104348.0,105900.0
28000961,25167.0,104348.0,105900.0
28000962,26117.0,104348.0,105900.0
28000963,27067.0,105323.0,105900.0
28000964,23267.0,105323.0,105900.0
28000965,19467.0,99381.0,105900.0
28000966,19467.0,100214.0,105900.0
28000967,24217.0,101548.0,105900.0
28000968,25167.0,101548.0,105900.0
28000969,26117.0,101548.0,105900.0
28000970,27067.0,102481.0,105900.0
28000971,27067.0,103414.0,105900.0
28000972,23267.0,102481.0,105900.0
28000973,23267.0,103414.0,105900.0
28000974,24217.0,98548.0,105900.0
28000975,26117.0,98548.0,105900.0
28000976,27067.0,100570.0,105900.0
28000977,23267.0,100570.0,105900.0
28000978,56347.0,107898.0,105900.0
28000979,53797.0,108748.0,105900.0
28000980,54647.0,108748.0,105900.0
28000981,55497.0,108748.0,105900.0
28000982,52947.0,107948.0,105900.0
28000983,108667.0,99381.0,105900.0
28000984,108667.0,100214.0,105900.0
28000985,99667.0,114148.0,105900.0
28000986,109242.0,113648.0,105900.0
28000987,108417.0,108785.0,105900.0
28000988,109367.0,108773.0,105900.0
28000989,110317.0,108760.0,105900.0
28000990,107467.0,112748.0,105900.0
28000991,107467.0,110870.0,105900.0
28000992,101883.0,98548.0,105900.0
28000993,103783.0,98548.0,105900.0
28000994,104867.0,100570.0,105900.0
28000995,102017.0,101548.0,105900.0
28000996,102967.0,101548.0,105900.0
28000997,103917.0,101548.0,105900.0
28000998,101067.0,100570.0,105900.0
28000999,102017.0,104348.0,105900.0
28001000,102967.0,104348.0,105900.0
28001001,103917.0,104348.0,105900.0
28001002,104867.0,105323.0,105900.0
28001003,102017.0,107148.0,105900.0
28001004,102967.0,107148.0,105900.0
28001005,103917.0,107148.0,105900.0
28001006,101067.0,105323.0,105900.0
28001007,104867.0,110870.0,105900.0
28001008,104867.0,112748.0,105900.0
28001009,103783.0,114848.0,105900.0
28001010,101883.0,114848.0,105900.0
28001011,101067.0,108248.0,105899.0
28001012,101067.0,109348.0,105900.0
28001013,104867.0,102481.0,105900.0
28001014,104867.0,103414.0,105900.0
28001015,101067.0,102481.0,105900.0
28001016,101067.0,103414.0,105900.0
28001019,64105.0,106303.0,105899.0
28001020,108667.0,98548.0,105499.0
28001021,109192.0,98548.0,105499.0
28001022,109717.0,98548.0,105499.0
28001023,98067.0,110448.0,105600.0
28001024,98567.0,110448.0,105600.0
28001025,99067.0,110448.0,105600.0
28001026,99567.0,110448.0,105600.0
28001027,100067.0,110448.0,105600.0
28001028,111267.0,108748.0,105499.0
28001029,111267.0,109110.0,105499.0
28001030,111267.0,109473.0,105499.0
28001031,111267.0,109835.0,105499.0
28001032,111267.0,110198.0,105499.0
28001033,101067.0,113448.0,105600.0
28001034,101067.0,113798.0,105600.0
28001035,101067.0,114148.0,105600.0
28001036,101067.0,114498.0,105600.0
28001037,101067.0,114848.0,105600.0
28001038,107467.0,107123.0,105600.0
28001039,107467.0,107541.0,105600.0
28001040,107467.0,107960.0,105600.0
28001041,107467.0,108379.0,105600.0
28001042,107467.0,108798.0,105600.0
28001043,111267.0,107148.0,105499.0
28001044,111267.0,107548.0,105499.0
28001045,111267.0,107948.0,105499.0
28001046,111267.0,108348.0,105499.0
28001047,104867.0,107148.0,105600.0
28001048,104867.0,107560.0,105600.0
28001049,104867.0,107973.0,105600.0
28001050,104867.0,108385.0,105600.0
28001051,104867.0,108798.0,105600.0
28001052,107967.0,107098.0,105550.0
28001053,108367.0,107106.0,105550.0
28001054,108767.0,107114.0,105550.0
28001055,109167.0,107123.0,105550.0
28001056,109567.0,107131.0,105550.0
28001057,109967.0,107139.0,105550.0
28001058,110367.0,107148.0,105550.0
28001059,98067.0,113448.0,105600.0
28001060,98467.0,113448.0,105600.0
28001061,98867.0,113448.0,105600.0
28001062,99267.0,113448.0,105600.0
28001063,99667.0,113448.0,105600.0
28001064,107467.0,98548.0,105499.0
28001065,108067.0,98548.0,105499.0
28001066,54497.0,98548.0,105499.0
28001067,54959.0,98548.0,105499.0
28001068,55422.0,98548.0,105499.0
28001069,55884.0,98548.0,105499.0
28001070,56347.0,98548.0,105499.0
28001071,53847.0,107148.0,105550.0
28001072,54372.0,107123.0,105550.0
28001073,54897.0,107098.0,105550.0
28001074,55422.0,107073.0,105550.0
28001075,55947.0,107048.0,105550.0
28001076,56347.0,113448.0,105550.0
28001077,56347.0,113798.0,105550.0
28001078,56347.0,114148.0,105550.0
28001079,56347.0,114498.0,105550.0
28001080,56347.0,114848.0,105550.0
28001081,19467.0,98548.0,105499.0
28001082,20067.0,98548.0,105499.0
28001083,20667.0,98548.0,105499.0
28001084,28467.0,113448.0,105600.0
28001085,28867.0,113448.0,105600.0
28001086,29267.0,113448.0,105600.0
28001087,29667.0,113448.0,105600.0
28001088,30067.0,113448.0,105600.0
28001089,18417.0,98548.0,105499.0
28001090,18942.0,98548.0,105499.0
28001091,17767.0,107148.0,105550.0
28001092,18167.0,107139.0,105550.0
28001093,18567.0,107131.0,105550.0
28001094,18967.0,107123.0,105550.0
28001095,19367.0,107114.0,105550.0
28001096,19767.0,107106.0,105550.0
28001097,20167.0,107098.0,105550.0
28001098,23267.0,107148.0,105600.0
28001099,23267.0,107560.0,105600.0
28001100,23267.0,107973.0,105600.0
28001101,23267.0,108385.0,105600.0
28001102,23267.0,108798.0,105600.0
28001103,16867.0,107148.0,105499.0
28001104,16867.0,107548.0,105499.0
28001105,16867.0,107948.0,105499.0
28001106,16867.0,108348.0,105499.0
28001107,16867.0,108748.0,105499.0
28001108,28067.0,110448.0,105600.0
28001109,28567.0,110448.0,105600.0
28001110,29067.0,110448.0,105600.0
28001111,29567.0,110448.0,105600.0
28001112,30067.0,110448.0,105600.0
28001113,20667.0,107123.0,105600.0
28001114,20667.0,107541.0,105600.0
28001115,20667.0,107960.0,105600.0
28001116,20667.0,108379.0,105600.0
28001117,20667.0,108798.0,105600.0
28001118,27067.0,113448.0,105600.0
28001119,27067.0,113798.0,105600.0
28001120,27067.0,114148.0,105600.0
28001121,27067.0,114498.0,105600.0
28001122,27067.0,114848.0,105600.0
28001123,16867.0,109110.0,105499.0
28001124,16867.0,109473.0,105499.0
28001125,16867.0,109835.0,105499.0
28001126,16867.0,110198.0,105499.0
28001127,17367.0,114848.0,104799.0
28001128,17367.0,114848.0,103133.0
28001129,17367.0,114848.0,103966.0
28001130,21533.0,114848.0,104900.0
28001131,22400.0,114848.0,104900.0
28001132,21533.0,114848.0,103166.0
28001133,22400.0,114848.0,103166.0
28001134,21533.0,114848.0,104033.0
28001135,22400.0,114848.0,104033.0
28001136,27767.0,114848.0,105000.0
28001137,27767.0,114848.0,103199.0
28001138,27767.0,114848.0,104100.0
28001139,16867.0,111060.0,105099.0
28001140,16867.0,111923.0,105099.0
28001141,16867.0,112785.0,105099.0
28001142,16867.0,111060.0,103133.0
28001143,16867.0,111923.0,103133.0
28001144,16867.0,112785.0,103133.0
28001145,16867.0,111060.0,103966.0
28001146,16867.0,112785.0,103966.0
28001147,16867.0,111923.0,103966.0
28001148,30067.0,114148.0,105000.0
28001149,30067.0,114148.0,103199.0
28001150,30067.0,114148.0,104100.0
28001151,27067.0,111448.0,105000.0
28001152,27067.0,112448.0,105000.0
28001153,27067.0,111448.0,103199.0
28001154,27067.0,112448.0,103199.0
28001155,27067.0,111448.0,104100.0
28001156,27067.0,112448.0,104100.0
28001157,27767.0,113448.0,105300.0
28001158,27767.0,113448.0,103199.0
28001159,27767.0,113448.0,104100.0
28001160,27567.0,110448.0,105000.0
28001161,27567.0,110448.0,103199.0
28001162,27567.0,110448.0,104100.0
28001163,30067.0,111448.0,105300.0
28001164,30067.0,112448.0,105300.0
28001165,30067.0,111448.0,103199.0
28001166,30067.0,112448.0,103199.0
28001167,30067.0,111448.0,104100.0
28001168,30067.0,112448.0,104100.0
28001169,20667.0,109345.0,105000.0
28001170,20667.0,109345.0,103199.0
28001171,20667.0,109345.0,104100.0
28001172,21533.0,108798.0,105300.0
28001173,22400.0,108798.0,105300.0
28001174,21533.0,108798.0,103199.0
28001175,22400.0,108798.0,103199.0
28001176,21533.0,108798.0,104100.0
28001177,22400.0,108798.0,104100.0
28001178,23267.0,109345.0,105000.0
28001179,23267.0,109345.0,103199.0
28001180,23267.0,109345.0,104100.0
28001181,17317.0,107148.0,105099.0
28001182,17317.0,107148.0,103199.0
28001183,17317.0,107148.0,104100.0
28001184,21533.0,107131.0,105300.0
28001185,22400.0,107139.0,105300.0
28001186,21533.0,107131.0,103199.0
28001187,22400.0,107139.0,103199.0
28001188,21533.0,107131.0,104100.0
28001189,22400.0,107139.0,104100.0
28001190,23267.0,106723.0,105000.0
28001191,23267.0,106723.0,103199.0
28001192,23267.0,106723.0,104100.0
28001193,27067.0,106723.0,105000.0
28001194,27067.0,106723.0,103199.0
28001195,27067.0,106723.0,104100.0
28001196,28067.0,107148.0,105000.0
28001197,29067.0,107148.0,105000.0
28001198,28067.0,107148.0,103199.0
28001199,29067.0,107148.0,103199.0
28001200,28067.0,107148.0,104100.0
28001201,29067.0,107148.0,104100.0
28001202,16867.0,101931.0,105000.0
28001203,16867.0,102814.0,105000.0
28001204,16867.0,101931.0,103199.0
28001205,16867.0,102814.0,103199.0
28001206,16867.0,101931.0,104100.0
28001207,16867.0,102814.0,104100.0
28001208,16867.0,99381.0,105000.0
28001209,16867.0,100214.0,105000.0
28001210,16867.0,99381.0,103199.0
28001211,16867.0,100214.0,103199.0
28001212,16867.0,99381.0,104100.0
28001213,16867.0,100214.0,104100.0
28001214,17317.0,101048.0,105000.0
28001215,17317.0,101048.0,103199.0
28001216,17317.0,101048.0,104100.0
28001217,18617.0,101048.0,105000.0
28001218,18617.0,101048.0,103199.0
28001219,18617.0,101048.0,104100.0
28001220,20667.0,99381.0,105000.0
28001221,20667.0,100214.0,105000.0
28001222,20667.0,99381.0,103199.0
28001223,20667.0,100214.0,103199.0
28001224,20667.0,99381.0,104100.0
28001225,20667.0,100214.0,104100.0
28001226,17642.0,98548.0,105000.0
28001227,17642.0,98548.0,103199.0
28001228,17642.0,98548.0,104100.0
28001229,21533.0,98548.0,105000.0
28001230,22400.0,98548.0,105000.0
28001231,21533.0,98548.0,103199.0
28001232,22400.0,98548.0,103199.0
28001233,21533.0,98548.0,104100.0
28001234,22400.0,98548.0,104100.0
28001235,23267.0,99070.0,105000.0
28001236,23267.0,99070.0,103199.0
28001237,23267.0,99070.0,104100.0
28001238,27067.0,99070.0,105000.0
28001239,27067.0,99070.0,103199.0
28001240,27067.0,99070.0,104100.0
28001241,28067.0,98548.0,105000.0
28001242,29067.0,98548.0,105000.0
28001243,28067.0,98548.0,103199.0
28001244,29067.0,98548.0,103199.0
28001245,28067.0,98548.0,104100.0
28001246,29067.0,98548.0,104100.0
28001247,16867.0,114248.0,104799.0
28001248,16867.0,114248.0,103133.0
28001249,16867.0,114248.0,103966.0
28001250,20667.0,114248.0,104799.0
28001251,20667.0,114248.0,103133.0
28001252,20667.0,114248.0,103966.0
28001253,20292.0,114848.0,104799.0
28001254,20292.0,114848.0,103133.0
28001255,20292.0,114848.0,103966.0
28001256,18142.0,114848.0,104799.0
28001257,18145.0,114848.0,105350.0
28001258,18642.0,114848.0,105350.0
28001259,19142.0,114848.0,105350.0
28001260,19639.0,114848.0,105350.0
28001261,19642.0,114848.0,104799.0
28001262,18142.0,114848.0,103133.0
28001263,19642.0,114848.0,103133.0
28001264,18142.0,114848.0,103966.0
28001265,19642.0,114848.0,103966.0
28001266,18642.0,114848.0,104799.0
28001267,19142.0,114848.0,104799.0
28001268,29267.0,114848.0,105000.0
28001269,29267.0,114848.0,103199.0
28001270,29267.0,114848.0,104100.0
28001271,20067.0,101048.0,105000.0
28001272,20067.0,101048.0,103199.0
28001273,20067.0,101048.0,104100.0
28001274,16867.0,104698.0,105000.0
28001275,16867.0,105698.0,105000.0
28001276,16867.0,104698.0,103199.0
28001277,16867.0,105698.0,103199.0
28001278,16867.0,104698.0,104100.0
28001279,16867.0,105698.0,104100.0
28001280,20667.0,106710.0,105000.0
28001281,20667.0,106710.0,103199.0
28001282,20667.0,106710.0,104100.0
28001283,23267.0,114248.0,105000.0
28001284,23267.0,114248.0,103199.0
28001285,23267.0,114248.0,104100.0
28001286,30067.0,99381.0,105000.0
28001287,30067.0,100214.0,105000.0
28001288,30067.0,100881.0,105000.0
28001289,30067.0,99381.0,103199.0
28001290,30067.0,100214.0,103199.0
28001291,30067.0,100881.0,103199.0
28001292,30067.0,99381.0,104100.0
28001293,30067.0,100881.0,104100.0
28001294,30067.0,100214.0,104100.0
28001295,30067.0,105281.0,105000.0
28001296,30067.0,106214.0,105000.0
28001297,30067.0,105281.0,103199.0
28001298,30067.0,106214.0,103199.0
28001299,30067.0,105281.0,104100.0
28001300,30067.0,106214.0,104100.0
28001301,30067.0,102481.0,105000.0
28001302,30067.0,103414.0,105000.0
28001303,30067.0,102481.0,103199.0
28001304,30067.0,103414.0,103199.0
28001305,30067.0,102481.0,104100.0
28001306,30067.0,103414.0,104100.0
28001307,60347.0,101873.0,104799.0
28001308,60347.0,102698.0,104799.0
28001309,60347.0,103523.0,104799.0
28001310,60347.0,101873.0,103133.0
28001311,60347.0,102698.0,103133.0
28001312,60347.0,103523.0,103133.0
28001313,60347.0,101873.0,103966.0
28001314,60347.0,103523.0,103966.0
28001315,60347.0,102698.0,103966.0
28001316,63747.0,111328.0,104799.0
28001317,63747.0,112208.0,104799.0
28001318,63747.0,113088.0,104799.0
28001319,63747.0,113968.0,104799.0
28001320,63747.0,111328.0,103133.0
28001321,63747.0,112208.0,103133.0
28001322,63747.0,113088.0,103133.0
28001323,63747.0,113968.0,103133.0
28001324,63747.0,111328.0,103966.0
28001325,63747.0,113968.0,103966.0
28001326,63747.0,112208.0,103966.0
28001327,63747.0,113088.0,103966.0
28001328,61022.0,114848.0,104799.0
28001329,61697.0,114848.0,104799.0
28001330,61700.0,114848.0,105350.0
28001331,62197.0,114848.0,105350.0
28001332,62697.0,114848.0,105350.0
28001333,63194.0,114848.0,105350.0
28001334,63197.0,114848.0,104799.0
28001335,61022.0,114848.0,103133.0
28001336,61697.0,114848.0,103133.0
28001337,63197.0,114848.0,103133.0
28001338,61022.0,114848.0,103966.0
28001339,63197.0,114848.0,103966.0
28001340,62197.0,114848.0,104799.0
28001341,61697.0,114848.0,103966.0
28001342,62697.0,114848.0,104799.0
28001343,52947.0,104560.0,105000.0
28001344,52947.0,105423.0,105000.0
28001345,52947.0,106285.0,105000.0
28001346,52947.0,104560.0,103199.0
28001347,52947.0,105423.0,103199.0
28001348,52947.0,106285.0,103199.0
28001349,52947.0,104560.0,104100.0
28001350,52947.0,106285.0,104100.0
28001351,52947.0,105423.0,104100.0
28001352,53722.0,98548.0,105000.0
28001353,53722.0,98548.0,103199.0
28001354,53722.0,98548.0,104100.0
28001355,52947.0,99381.0,105000.0
28001356,52947.0,100214.0,105000.0
28001357,52947.0,99381.0,103199.0
28001358,52947.0,100214.0,103199.0
28001359,52947.0,99381.0,104100.0
28001360,52947.0,100214.0,104100.0
28001361,52947.0,101931.0,105000.0
28001362,52947.0,102814.0,105000.0
28001363,52947.0,101931.0,103199.0
28001364,52947.0,102814.0,103199.0
28001365,52947.0,101931.0,104100.0
28001366,52947.0,102814.0,104100.0
28001367,53397.0,101048.0,105000.0
28001368,53397.0,101048.0,103199.0
28001369,53397.0,101048.0,104100.0
28001370,53397.0,107148.0,105000.0
28001371,53397.0,107148.0,103199.0
28001372,53397.0,107148.0,104100.0
28001373,56347.0,111328.0,105000.0
28001374,56347.0,112208.0,105000.0
28001375,56347.0,113088.0,105000.0
28001376,56347.0,111328.0,103199.0
28001377,56347.0,112208.0,103199.0
28001378,56347.0,113088.0,103199.0
28001379,56347.0,111328.0,104100.0
28001380,56347.0,113088.0,104100.0
28001381,56347.0,112208.0,104100.0
28001382,52947.0,111128.0,104799.0
28001383,52947.0,112058.0,104799.0
28001384,52947.0,112988.0,104799.0
28001385,52947.0,113918.0,104799.0
28001386,52947.0,111128.0,103133.0
28001387,52947.0,112058.0,103133.0
28001388,52947.0,112988.0,103133.0
28001389,52947.0,113918.0,103133.0
28001390,52947.0,111128.0,103966.0
28001391,52947.0,113918.0,103966.0
28001392,52947.0,112058.0,103966.0
28001393,52947.0,112988.0,103966.0
28001394,53622.0,114848.0,104799.0
28001395,54297.0,114848.0,104799.0
28001396,54300.0,114848.0,105350.0
28001397,54797.0,114848.0,105350.0
28001398,55297.0,114848.0,105350.0
28001399,55794.0,114848.0,105350.0
28001400,55797.0,114848.0,104799.0
28001401,53622.0,114848.0,103133.0
28001402,54297.0,114848.0,103133.0
28001403,55797.0,114848.0,103133.0
28001404,53622.0,114848.0,103966.0
28001405,55797.0,114848.0,103966.0
28001406,54797.0,114848.0,104799.0
28001407,54297.0,114848.0,103966.0
28001408,55297.0,114848.0,104799.0
28001409,61197.0,110448.0,104799.0
28001410,62047.0,110448.0,104799.0
28001411,62897.0,110448.0,104799.0
28001412,61197.0,110448.0,103133.0
28001413,62047.0,110448.0,103133.0
28001414,62897.0,110448.0,103133.0
28001415,61197.0,110448.0,103966.0
28001416,62897.0,110448.0,103966.0
28001417,62047.0,110448.0,103966.0
28001418,56347.0,106673.0,105000.0
28001419,56347.0,106673.0,103199.0
28001420,56347.0,106673.0,104100.0
28001421,56347.0,99381.0,105000.0
28001422,56347.0,100214.0,105000.0
28001423,56347.0,99381.0,103199.0
28001424,56347.0,100214.0,103199.0
28001425,56347.0,99381.0,104100.0
28001426,56347.0,100214.0,104100.0
28001427,63747.0,102064.0,104799.0
28001428,63747.0,103081.0,104799.0
28001429,63747.0,104098.0,104799.0
28001430,63747.0,105114.0,104799.0
28001431,63747.0,106131.0,104799.0
28001432,63747.0,102064.0,103133.0
28001433,63747.0,103081.0,103133.0
28001434,63747.0,104098.0,103133.0
28001435,63747.0,105114.0,103133.0
28001436,63747.0,106131.0,103133.0
28001437,63747.0,102064.0,103966.0
28001438,63747.0,106131.0,103966.0
28001439,63747.0,103081.0,103966.0
28001440,63747.0,104098.0,103966.0
28001441,63747.0,105114.0,103966.0
28001442,63747.0,99381.0,104799.0
28001443,63747.0,100214.0,104799.0
28001444,63747.0,99381.0,103133.0
28001445,63747.0,100214.0,103133.0
28001446,63747.0,99381.0,103966.0
28001447,63747.0,100214.0,103966.0
28001448,54680.0,101048.0,105000.0
28001449,55513.0,101048.0,105000.0
28001450,54680.0,101048.0,103199.0
28001451,55513.0,101048.0,103199.0
28001452,54680.0,101048.0,104100.0
28001453,55513.0,101048.0,104100.0
28001454,60822.0,98548.0,104799.0
28001455,61297.0,98548.0,104799.0
28001456,61300.0,98548.0,105350.0
28001457,61797.0,98548.0,105350.0
28001458,62297.0,98548.0,105350.0
28001459,62794.0,98548.0,105350.0
28001460,62797.0,98548.0,104799.0
28001461,63272.0,98548.0,104799.0
28001462,60822.0,98548.0,103133.0
28001463,61297.0,98548.0,103133.0
28001464,63272.0,98548.0,103133.0
28001465,62797.0,98548.0,103133.0
28001466,60822.0,98548.0,103966.0
28001467,63272.0,98548.0,103966.0
28001468,61797.0,98548.0,104799.0
28001469,61297.0,98548.0,103966.0
28001470,62297.0,98548.0,104799.0
28001471,62797.0,98548.0,103966.0
28001472,61197.0,101048.0,104799.0
28001473,62047.0,101048.0,104799.0
28001474,62897.0,101048.0,104799.0
28001475,61197.0,101048.0,103133.0
28001476,62047.0,101048.0,103133.0
28001477,62897.0,101048.0,103133.0
28001478,61197.0,101048.0,103966.0
28001479,62897.0,101048.0,103966.0
28001480,62047.0,101048.0,103966.0
28001481,111267.0,104698.0,105000.0
28001482,111267.0,105698.0,105000.0
28001483,111267.0,104698.0,103199.0
28001484,111267.0,105698.0,103199.0
28001485,111267.0,104698.0,104100.0
28001486,111267.0,105698.0,104100.0
28001487,108067.0,101048.0,105000.0
28001488,108067.0,101048.0,103199.0
28001489,108067.0,101048.0,104100.0
28001490,98867.0,114848.0,105000.0
28001491,98867.0,114848.0,103199.0
28001492,98867.0,114848.0,104100.0
28001493,108492.0,114848.0,104799.0
28001494,108495.0,114848.0,105350.0
28001495,108992.0,114848.0,105350.0
28001496,109492.0,114848.0,105350.0
28001497,109989.0,114848.0,105350.0
28001498,109992.0,114848.0,104799.0
28001499,108492.0,114848.0,103133.0
28001500,109992.0,114848.0,103133.0
28001501,108492.0,114848.0,103966.0
28001502,109992.0,114848.0,103966.0
28001503,108992.0,114848.0,104799.0
28001504,109492.0,114848.0,104799.0
28001505,107842.0,114848.0,104900.0
28001506,107842.0,114848.0,103166.0
28001507,107842.0,114848.0,104033.0
28001508,107467.0,114248.0,104900.0
28001509,107467.0,114248.0,103166.0
28001510,107467.0,114248.0,104033.0
28001511,111267.0,114248.0,105000.0
28001512,111267.0,114248.0,103199.0
28001513,111267.0,114248.0,104100.0
28001514,110767.0,114848.0,104900.0
28001515,110767.0,114848.0,103166.0
28001516,110767.0,114848.0,104033.0
28001517,110492.0,98548.0,105000.0
28001518,110492.0,98548.0,103199.0
28001519,110492.0,98548.0,104100.0
28001520,99067.0,98548.0,105000.0
28001521,100067.0,98548.0,105000.0
28001522,99067.0,98548.0,103199.0
28001523,100067.0,98548.0,103199.0
28001524,99067.0,98548.0,104100.0
28001525,100067.0,98548.0,104100.0
28001526,105733.0,98548.0,105000.0
28001527,106600.0,98548.0,105000.0
28001528,105733.0,98548.0,103199.0
28001529,106600.0,98548.0,103199.0
28001530,105733.0,98548.0,104100.0
28001531,106600.0,98548.0,104100.0
28001532,101067.0,99070.0,105000.0
28001533,101067.0,99070.0,103199.0
28001534,101067.0,99070.0,104100.0
28001535,104867.0,99070.0,105000.0
28001536,104867.0,99070.0,103199.0
28001537,104867.0,99070.0,104100.0
28001538,107467.0,99381.0,105000.0
28001539,107467.0,100214.0,105000.0
28001540,107467.0,99381.0,103199.0
28001541,107467.0,100214.0,103199.0
28001542,107467.0,99381.0,104100.0
28001543,107467.0,100214.0,104100.0
28001544,109517.0,101048.0,105000.0
28001545,109517.0,101048.0,103199.0
28001546,109517.0,101048.0,104100.0
28001547,110817.0,101048.0,105000.0
28001548,110817.0,101048.0,103199.0
28001549,110817.0,101048.0,104100.0
28001550,111267.0,99381.0,105000.0
28001551,111267.0,100214.0,105000.0
28001552,111267.0,99381.0,103199.0
28001553,111267.0,100214.0,103199.0
28001554,111267.0,99381.0,104100.0
28001555,111267.0,100214.0,104100.0
28001556,111267.0,101931.0,105000.0
28001557,111267.0,102814.0,105000.0
28001558,111267.0,101931.0,103199.0
28001559,111267.0,102814.0,103199.0
28001560,111267.0,101931.0,104100.0
28001561,111267.0,102814.0,104100.0
28001562,99067.0,107148.0,105000.0
28001563,100067.0,107148.0,105000.0
28001564,99067.0,107148.0,103199.0
28001565,100067.0,107148.0,103199.0
28001566,99067.0,107148.0,104100.0
28001567,100067.0,107148.0,104100.0
28001568,101067.0,106723.0,105000.0
28001569,101067.0,106723.0,103199.0
28001570,101067.0,106723.0,104100.0
28001571,104867.0,106723.0,105000.0
28001572,104867.0,106723.0,103199.0
28001573,104867.0,106723.0,104100.0
28001574,105733.0,107139.0,105300.0
28001575,106600.0,107131.0,105300.0
28001576,105733.0,107139.0,103199.0
28001577,106600.0,107131.0,103199.0
28001578,105733.0,107139.0,104100.0
28001579,106600.0,107131.0,104100.0
28001580,110817.0,107148.0,105099.0
28001581,110817.0,107148.0,103199.0
28001582,110817.0,107148.0,104100.0
28001583,104867.0,109345.0,105000.0
28001584,104867.0,109345.0,103199.0
28001585,104867.0,109345.0,104100.0
28001586,105733.0,108798.0,105300.0
28001587,106600.0,108798.0,105300.0
28001588,105733.0,108798.0,103199.0
28001589,106600.0,108798.0,103199.0
28001590,105733.0,108798.0,104100.0
28001591,106600.0,108798.0,104100.0
28001592,107467.0,109345.0,105000.0
28001593,107467.0,109345.0,103199.0
28001594,107467.0,109345.0,104100.0
28001595,98067.0,111448.0,105300.0
28001596,98067.0,112448.0,105300.0
28001597,98067.0,111448.0,103199.0
28001598,98067.0,112448.0,103199.0
28001599,98067.0,111448.0,104100.0
28001600,98067.0,112448.0,104100.0
28001601,100567.0,110448.0,105000.0
28001602,100567.0,110448.0,103199.0
28001603,100567.0,110448.0,104100.0
28001604,100367.0,113448.0,105300.0
28001605,100367.0,113448.0,103199.0
28001606,100367.0,113448.0,104100.0
28001607,101067.0,111448.0,105000.0
28001608,101067.0,112448.0,105000.0
28001609,101067.0,111448.0,103199.0
28001610,101067.0,112448.0,103199.0
28001611,101067.0,111448.0,104100.0
28001612,101067.0,112448.0,104100.0
28001613,98067.0,114148.0,105000.0
28001614,98067.0,114148.0,103199.0
28001615,98067.0,114148.0,104100.0
28001616,111267.0,111060.0,105000.0
28001617,111267.0,111923.0,105000.0
28001618,111267.0,112785.0,105000.0
28001619,111267.0,111060.0,103199.0
28001620,111267.0,111923.0,103199.0
28001621,111267.0,112785.0,103199.0
28001622,111267.0,111060.0,104100.0
28001623,111267.0,112785.0,104100.0
28001624,111267.0,111923.0,104100.0
28001625,100367.0,114848.0,105000.0
28001626,100367.0,114848.0,103199.0
28001627,100367.0,114848.0,104100.0
28001628,105733.0,114848.0,105000.0
28001629,106600.0,114848.0,105000.0
28001630,105733.0,114848.0,103199.0
28001631,106600.0,114848.0,103199.0
28001632,105733.0,114848.0,104100.0
28001633,106600.0,114848.0,104100.0
28001634,107467.0,106710.0,105000.0
28001635,107467.0,106710.0,103199.0
28001636,107467.0,106710.0,104100.0
28001637,98067.0,102481.0,105000.0
28001638,98067.0,103414.0,105000.0
28001639,98067.0,102481.0,103199.0
28001640,98067.0,103414.0,103199.0
28001641,98067.0,102481.0,104100.0
28001642,98067.0,103414.0,104100.0
28001643,98067.0,105281.0,105000.0
28001644,98067.0,106214.0,105000.0
28001645,98067.0,105281.0,103199.0
28001646,98067.0,106214.0,103199.0
28001647,98067.0,105281.0,104100.0
28001648,98067.0,106214.0,104100.0
28001649,104867.0,114248.0,105000.0
28001650,104867.0,114248.0,103199.0
28001651,104867.0,114248.0,104100.0
28001652,98067.0,99381.0,105000.0
28001653,98067.0,100214.0,105000.0
28001654,98067.0,100881.0,105000.0
28001655,98067.0,99381.0,103199.0
28001656,98067.0,100214.0,103199.0
28001657,98067.0,100881.0,103199.0
28001658,98067.0,99381.0,104100.0
28001659,98067.0,100881.0,104100.0
28001660,98067.0,100214.0,104100.0
28001661,24217.0,113842.0,105900.0
28001662,24217.0,112888.0,105900.0
28001663,24217.0,111942.0,105900.0
28001664,24217.0,110977.0,105900.0
28001665,24217.0,109999.0,105900.0
28001666,24217.0,109011.0,105900.0
28001667,24217.0,108071.0,105900.0
28001668,25167.0,113929.0,105900.0
28001669,25167.0,113007.0,105900.0
28001670,25167.0,112066.0,105900.0
28001671,25167.0,111102.0,105900.0
28001672,25167.0,110119.0,105900.0
28001673,25167.0,109126.0,105900.0
28001674,25167.0,108135.0,105900.0
28001675,26117.0,114015.0,105900.0
28001676,26117.0,113157.0,105900.0
28001677,26117.0,112223.0,105900.0
28001678,26117.0,111253.0,105900.0
28001679,26117.0,110256.0,105900.0
28001680,26117.0,109228.0,105900.0
28001681,26117.0,108189.0,105900.0
28001682,27767.0,114148.0,105900.0
28001683,29267.0,114148.0,105900.0
28001684,17833.0,112807.0,105900.0
28001685,17803.0,111978.0,105900.0
28001686,17814.0,109560.0,105900.0
28001687,17803.0,110360.0,105900.0
28001688,17797.0,111175.0,105900.0
28001689,18747.0,110499.0,105900.0
28001690,18711.0,111308.0,105900.0
28001691,18758.0,109644.0,105900.0
28001692,18725.0,111989.0,105900.0
28001693,18796.0,112799.0,105900.0
28001694,19605.0,111720.0,105900.0
28001695,19687.0,110724.0,105900.0
28001696,19711.0,109759.0,105900.0
28001697,19736.0,112715.0,105900.0
28001698,17727.0,107952.0,105900.0
28001699,18522.0,107951.0,105900.0
28001700,19173.0,107945.0,105900.0
28001701,19928.0,107945.0,105900.0
28001702,21533.0,107964.0,105900.0
28001703,22400.0,107968.0,105900.0
28001704,24217.0,106235.0,105900.0
28001705,24217.0,105296.0,105900.0
28001706,25167.0,106224.0,105900.0
28001707,25167.0,105289.0,105900.0
28001708,26117.0,106235.0,105900.0
28001709,26117.0,105296.0,105900.0
28001710,17733.0,100214.0,105900.0
28001711,17704.0,99381.0,105900.0
28001712,18596.0,100214.0,105900.0
28001713,18559.0,99381.0,105900.0
28001714,24217.0,103414.0,105900.0
28001715,24217.0,102481.0,105900.0
28001716,25167.0,103414.0,105900.0
28001717,25167.0,102481.0,105900.0
28001718,26117.0,103414.0,105900.0
28001719,26117.0,102481.0,105900.0
28001720,24217.0,100556.0,105900.0
28001721,24217.0,99559.0,105900.0
28001722,25167.0,100552.0,105900.0
28001723,25167.0,99553.0,105900.0
28001724,26117.0,100556.0,105900.0
28001725,26117.0,99559.0,105900.0
28001726,53835.0,107943.0,105900.0
28001727,54736.0,107923.0,105900.0
28001728,55602.0,107903.0,105900.0
28001729,109538.0,100214.0,105900.0
28001730,109574.0,99381.0,105900.0
28001731,110401.0,100214.0,105900.0
28001732,110429.0,99381.0,105900.0
28001733,98867.0,114148.0,105900.0
28001734,100367.0,114148.0,105900.0
28001735,108372.0,112745.0,105900.0
28001736,108436.0,111814.0,105900.0
28001737,108445.0,109786.0,105900.0
28001738,108536.0,110807.0,105900.0
28001739,109424.0,111113.0,105900.0
28001740,109371.0,111930.0,105900.0
28001741,109425.0,110435.0,105900.0
28001742,109388.0,109627.0,105900.0
28001743,109326.0,112783.0,105900.0
28001744,110341.0,110329.0,105900.0
28001745,110337.0,111124.0,105900.0
28001746,110328.0,109547.0,105900.0
28001747,110293.0,112795.0,105900.0
28001748,110320.0,111948.0,105900.0
28001749,101998.0,100556.0,105900.0
28001750,101962.0,99558.0,105900.0
28001751,102940.0,100552.0,105900.0
28001752,102881.0,99553.0,105900.0
28001753,103898.0,100556.0,105900.0
28001754,103862.0,99559.0,105900.0
28001755,108205.0,107945.0,105900.0
28001756,108960.0,107945.0,105900.0
28001757,109611.0,107951.0,105900.0
28001758,110406.0,107952.0,105900.0
28001759,102017.0,106235.0,105900.0
28001760,102017.0,105296.0,105900.0
28001761,102967.0,106224.0,105900.0
28001762,102967.0,105289.0,105900.0
28001763,103917.0,106235.0,105900.0
28001764,103917.0,105296.0,105900.0
28001765,101960.0,114011.0,105900.0
28001766,101992.0,113153.0,105900.0
28001767,102002.0,112222.0,105900.0
28001768,102007.0,111252.0,105900.0
28001769,102010.0,110256.0,105900.0
28001770,102012.0,109228.0,105900.0
28001771,102014.0,108190.0,105900.0
28001772,102877.0,113924.0,105900.0
28001773,102929.0,113003.0,105900.0
28001774,102946.0,112064.0,105900.0
28001775,102953.0,111102.0,105900.0
28001776,102957.0,110120.0,105900.0
28001777,102960.0,109127.0,105900.0
28001778,102963.0,108135.0,105900.0
28001779,103858.0,113839.0,105900.0
28001780,103890.0,112886.0,105900.0
28001781,103902.0,111941.0,105900.0
28001782,103907.0,110977.0,105900.0
28001783,103910.0,110000.0,105900.0
28001784,103912.0,109011.0,105900.0
28001785,103914.0,108072.0,105900.0
28001786,102017.0,103414.0,105900.0
28001787,102017.0,102481.0,105900.0
28001788,102967.0,103414.0,105900.0
28001789,102967.0,102481.0,105900.0
28001790,103917.0,103414.0,105900.0
28001791,103917.0,102481.0,105900.0
28001792,105733.0,107968.0,105900.0
28001793,106600.0,107964.0,105900.0
29000001,23267.0,114848.0,109500.0
29000002,27067.0,114848.0,109500.0
29000003,20667.0,114848.0,109500.0
29000004,30067.0,114848.0,109500.0
29000005,27067.0,113448.0,109500.0
29000006,27067.0,110448.0,109500.0
29000007,30067.0,113448.0,109500.0
29000008,20667.0,111848.0,109500.0
29000009,20667.0,108798.0,109500.0
29000010,23267.0,111848.0,109500.0
29000011,16867.0,108748.0,109500.0
29000012,23267.0,108798.0,109500.0
29000013,16867.0,107148.0,109500.0
29000014,30067.0,107148.0,109500.0
29000015,23267.0,107148.0,109500.0
29000016,20667.0,107123.0,109500.0
29000017,27067.0,107148.0,109500.0
29000018,16867.0,101048.0,109500.0
29000019,17767.0,107148.0,109500.0
29000020,17767.0,101048.0,109500.0
29000021,20667.0,104348.0,109500.0
29000022,23267.0,104348.0,109500.0
29000023,27067.0,104348.0,109500.0
29000024,20667.0,101548.0,109500.0
29000025,20667.0,101048.0,109500.0
29000026,23267.0,101548.0,109500.0
29000027,27067.0,101548.0,109500.0
29000028,20667.0,98548.0,109500.0
29000029,23267.0,98548.0,109500.0
29000030,27067.0,98548.0,109500.0
29000031,16867.0,110198.0,109500.0
29000032,30067.0,110448.0,109500.0
29000033,23267.0,109893.0,109500.0
29000034,28067.0,110448.0,109500.0
29000035,23267.0,106298.0,109500.0
29000036,27067.0,106298.0,109500.0
29000037,20167.0,107098.0,109500.0
29000038,23267.0,99593.0,109500.0
29000039,27067.0,99593.0,109500.0
29000040,18417.0,98548.0,109500.0
29000041,20667.0,113648.0,109500.0
29000042,16867.0,113648.0,109500.0
29000043,19917.0,113648.0,109500.0
29000044,19917.0,114848.0,109500.0
29000045,17867.0,113648.0,109500.0
29000046,17867.0,114848.0,109500.0
29000047,28467.0,113448.0,109500.0
29000048,28467.0,114848.0,109500.0
29000049,19467.0,98548.0,109500.0
29000050,19467.0,101048.0,109500.0
29000051,17767.0,103698.0,109500.0
29000052,16867.0,103698.0,109500.0
29000053,20667.0,106298.0,109500.0
29000054,23267.0,113648.0,109500.0
29000055,20667.0,109893.0,109500.0
29000056,4867.0,114848.0,109500.0
29000057,4867.0,106698.0,109500.0
29000058,4867.0,98548.0,109500.0
29000059,4867.0,87098.0,109500.0
29000060,4867.0,126298.0,109500.0
29000061,9467.0,126348.0,109500.0
29000062,13067.0,126348.0,109500.0
29000063,124067.0,114848.0,109500.0
29000064,124067.0,106698.0,109500.0
29000065,124067.0,98548.0,109500.0
29000066,124067.0,87098.0,109500.0
29000067,124067.0,126298.0,109500.0
29000068,30067.0,98548.0,109500.0
29000069,30067.0,104348.0,109500.0
29000070,30067.0,101548.0,109500.0
29000071,13067.0,87048.0,109500.0
29000072,9467.0,87048.0,109500.0
29000073,63747.0,110448.0,109500.0
29000074,60347.0,101048.0,109500.0
29000075,60347.0,107048.0,109500.0
29000076,63747.0,107148.0,109500.0
29000077,52947.0,114848.0,109500.0
29000078,56347.0,108748.0,109500.0
29000079,52947.0,103698.0,109500.0
29000080,53847.0,103698.0,109500.0
29000081,54497.0,98548.0,109500.0
29000082,56347.0,110448.0,109500.0
29000083,52947.0,110198.0,109500.0
29000084,56347.0,113448.0,109500.0
29000085,52947.0,101048.0,109500.0
29000086,53847.0,101048.0,109500.0
29000087,53847.0,107148.0,109500.0
29000088,52947.0,107148.0,109500.0
29000089,56347.0,107048.0,109500.0
29000090,52947.0,108748.0,109500.0
29000091,56347.0,101548.0,109500.0
29000092,55947.0,107048.0,109500.0
29000093,56347.0,106298.0,109500.0
29000094,60347.0,110448.0,109500.0
29000095,56347.0,104348.0,109500.0
29000096,56347.0,101048.0,109500.0
29000097,63747.0,101048.0,109500.0
29000098,52947.0,98548.0,109500.0
29000099,60347.0,104348.0,109500.0
29000100,119800.0,87048.0,109500.0
29000101,115533.0,87048.0,109500.0
29000102,111267.0,103698.0,109500.0
29000103,110367.0,103698.0,109500.0
29000104,108667.0,101048.0,109500.0
29000105,108667.0,98548.0,109500.0
29000106,99667.0,114848.0,109500.0
29000107,99667.0,113448.0,109500.0
29000108,110267.0,114848.0,109500.0
29000109,110267.0,113648.0,109500.0
29000110,108217.0,114848.0,109500.0
29000111,108217.0,113648.0,109500.0
29000112,111267.0,113648.0,109500.0
29000113,107467.0,113648.0,109500.0
29000114,109717.0,98548.0,109500.0
29000115,101067.0,99593.0,109500.0
29000116,104867.0,99593.0,109500.0
29000117,107967.0,107098.0,109500.0
29000118,101067.0,106298.0,109500.0
29000119,104867.0,106298.0,109500.0
29000120,100067.0,110448.0,109500.0
29000121,104867.0,109893.0,109500.0
29000122,98067.0,110448.0,109500.0
29000123,111267.0,110198.0,109500.0
29000124,101067.0,98548.0,109500.0
29000125,104867.0,98548.0,109500.0
29000126,107467.0,98548.0,109500.0
29000127,101067.0,101548.0,109500.0
29000128,104867.0,101548.0,109500.0
29000129,107467.0,101048.0,109500.0
29000130,107467.0,101548.0,109500.0
29000131,101067.0,104348.0,109500.0
29000132,104867.0,104348.0,109500.0
29000133,107467.0,104348.0,109500.0
29000134,110367.0,101048.0,109500.0
29000135,110367.0,107148.0,109500.0
29000136,111267.0,101048.0,109500.0
29000137,101067.0,107148.0,109500.0
29000138,107467.0,107123.0,109500.0
29000139,104867.0,107148.0,109500.0
29000140,98067.0,107148.0,109500.0
29000141,111267.0,107148.0,109500.0
29000142,104867.0,108798.0,109500.0
29000143,111267.0,108748.0,109500.0
29000144,104867.0,111848.0,109500.0
29000145,107467.0,108798.0,109500.0
29000146,107467.0,111848.0,109500.0
29000147,98067.0,113448.0,109500.0
29000148,101067.0,110448.0,109500.0
29000149,101067.0,113448.0,109500.0
29000150,98067.0,114848.0,109500.0
29000151,107467.0,114848.0,109500.0
29000152,101067.0,114848.0,109500.0
29000153,104867.0,114848.0,109500.0
29000154,107467.0,106298.0,109500.0
29000155,98067.0,101548.0,109500.0
29000156,98067.0,104348.0,109500.0
29000157,107467.0,109893.0,109500.0
29000158,104867.0,113648.0,109500.0
29000159,98067.0,98548.0,109500.0
29000160,56347.0,98548.0,109500.0
29000161,63747.0,98548.0,109500.0
29000162,56347.0,114848.0,109500.0
29000163,63747.0,114848.0,109500.0
29000164,60347.0,98548.0,109500.0
29000165,60347.0,114848.0,109500.0
29000166,16867.0,126298.0,109500.0
29000167,16867.0,87098.0,109500.0
29000168,16867.0,106698.0,109500.0
29000169,30067.0,87098.0,109500.0
29000170,30067.0,126298.0,109500.0
29000171,16867.0,114848.0,109500.0
29000172,16867.0,98548.0,109500.0
29000173,111267.0,87098.0,109500.0
29000174,111267.0,126298.0,109500.0
29000175,98067.0,87098.0,109500.0
29000176,98067.0,126298.0,109500.0
29000177,111267.0,106698.0,109500.0
29000178,111267.0,114848.0,109500.0
29000179,111267.0,98548.0,109500.0
29000180,41507.0,87098.0,109500.0
29000181,41507.0,126298.0,109500.0
29000182,52947.0,87098.0,109500.0
29000183,52947.0,126298.0,109500.0
29000184,75187.0,87098.0,109500.0
29000185,75187.0,126298.0,109500.0
29000186,86627.0,126298.0,109500.0
29000187,86627.0,87098.0,109500.0
29000188,102700.0,87048.0,109500.0
29000189,102700.0,98548.0,109500.0
29000190,102700.0,126348.0,109500.0
29000191,102700.0,114848.0,109500.0
29000192,107467.0,87048.0,109500.0
29000193,107467.0,126348.0,109500.0
29000194,119800.0,126348.0,109500.0
29000195,115533.0,126348.0,109500.0
29000196,92347.0,126348.0,109500.0
29000197,92347.0,87048.0,109500.0
29000198,80907.0,126348.0,109500.0
29000199,80907.0,87048.0,109500.0
29000200,69467.0,126348.0,109500.0
29000201,69467.0,87048.0,109500.0
29000202,47227.0,126348.0,109500.0
29000203,47227.0,87048.0,109500.0
29000204,35787.0,126348.0,109500.0
29000205,35787.0,87048.0,109500.0
29000206,58347.0,114848.0,109500.0
29000207,58347.0,126348.0,109500.0
29000208,58347.0,98548.0,109500.0
29000209,58347.0,87048.0,109500.0
29000210,20667.0,87048.0,109500.0
29000211,25167.0,98548.0,109500.0
29000212,25167.0,87048.0,109500.0
29000213,25167.0,114848.0,109500.0
29000214,25167.0,126348.0,109500.0
29000215,20667.0,126348.0,109500.0
29000216,119800.0,106698.0,109500.0
29000217,119800.0,98548.0,109500.0
29000218,119800.0,114848.0,109500.0
29000219,115533.0,106698.0,109500.0
29000220,115533.0,98548.0,109500.0
29000221,115533.0,114848.0,109500.0
29000222,92347.0,107148.0,109500.0
29000223,92347.0,98548.0,109500.0
29000224,92347.0,114848.0,109500.0
29000225,80907.0,107148.0,109500.0
29000226,80907.0,98548.0,109500.0
29000227,80907.0,114848.0,109500.0
29000228,69467.0,107148.0,109500.0
29000229,69467.0,98548.0,109500.0
29000230,69467.0,114848.0,109500.0
29000231,47227.0,107148.0,109500.0
29000232,47227.0,98548.0,109500.0
29000233,47227.0,114848.0,109500.0
29000234,35787.0,107148.0,109500.0
29000235,35787.0,98548.0,109500.0
29000236,35787.0,114848.0,109500.0
29000237,41507.0,107148.0,109500.0
29000238,75187.0,107148.0,109500.0
29000239,86627.0,107148.0,109500.0
29000240,13067.0,106698.0,109500.0
29000241,9467.0,106698.0,109500.0
29000242,75187.0,98548.0,109500.0
29000243,86627.0,98548.0,109500.0
29000244,41507.0,98548.0,109500.0
29000245,13067.0,98548.0,109500.0
29000246,9467.0,98548.0,109500.0
29000247,75187.0,114848.0,109500.0
29000248,86627.0,114848.0,109500.0
29000249,41507.0,114848.0,109500.0
29000250,13067.0,114848.0,109500.0
29000251,9467.0,114848.0,109500.0
29000252,63747.0,126298.0,109500.0
29000253,63747.0,87098.0,109500.0
29000254,16867.0,108748.0,108699.0
29000255,16867.0,110198.0,108699.0
29000256,27067.0,113448.0,108900.0
29000257,27067.0,114848.0,108900.0
29000258,20667.0,107123.0,108900.0
29000259,20667.0,108798.0,108900.0
29000260,28067.0,110448.0,108900.0
29000261,30067.0,110448.0,108900.0
29000262,16867.0,107148.0,108699.0
29000263,23267.0,107148.0,108900.0
29000264,23267.0,108798.0,108900.0
29000265,17767.0,107148.0,108800.0
29000266,20167.0,107098.0,108800.0
29000267,18417.0,98548.0,108699.0
29000268,19467.0,98548.0,108699.0
29000269,28467.0,113448.0,108900.0
29000270,30067.0,113448.0,108900.0
29000271,20667.0,98548.0,108699.0
29000272,56347.0,113448.0,108800.0
29000273,56347.0,114848.0,108800.0
29000274,53847.0,107148.0,108800.0
29000275,55947.0,107048.0,108800.0
29000276,54497.0,98548.0,108699.0
29000277,56347.0,98548.0,108699.0
29000278,107467.0,98548.0,108699.0
29000279,108667.0,98548.0,108699.0
29000280,98067.0,113448.0,108900.0
29000281,99667.0,113448.0,108900.0
29000282,107967.0,107098.0,108800.0
29000283,110367.0,107148.0,108800.0
29000284,104867.0,107148.0,108900.0
29000285,104867.0,108798.0,108900.0
29000286,111267.0,107148.0,108699.0
29000287,111267.0,108748.0,108699.0
29000288,107467.0,107123.0,108900.0
29000289,107467.0,108798.0,108900.0
29000290,101067.0,113448.0,108900.0
29000291,101067.0,114848.0,108900.0
29000292,111267.0,110198.0,108699.0
29000293,98067.0,110448.0,108900.0
29000294,100067.0,110448.0,108900.0
29000295,109717.0,98548.0,108699.0
29000296,17367.0,114848.0,109500.0
29000297,21533.0,114848.0,109500.0
29000298,22400.0,114848.0,109500.0
29000299,27767.0,114848.0,109500.0
29000300,16867.0,111060.0,109500.0
29000301,16867.0,111923.0,109500.0
29000302,16867.0,112785.0,109500.0
29000303,16867.0,109110.0,109500.0
29000304,16867.0,109473.0,109500.0
29000305,16867.0,109835.0,109500.0
29000306,27067.0,113798.0,109500.0
29000307,27067.0,114148.0,109500.0
29000308,27067.0,114498.0,109500.0
29000309,30067.0,114148.0,109500.0
29000310,27067.0,111448.0,109500.0
29000311,27067.0,112448.0,109500.0
29000312,27767.0,113448.0,109500.0
29000313,27567.0,110448.0,109500.0
29000314,30067.0,111448.0,109500.0
29000315,30067.0,112448.0,109500.0
29000316,20667.0,109345.0,109500.0
29000317,20667.0,107541.0,109500.0
29000318,20667.0,107960.0,109500.0
29000319,20667.0,108379.0,109500.0
29000320,21533.0,108798.0,109500.0
29000321,22400.0,108798.0,109500.0
29000322,23267.0,109345.0,109500.0
29000323,28567.0,110448.0,109500.0
29000324,29067.0,110448.0,109500.0
29000325,29567.0,110448.0,109500.0
29000326,16867.0,107548.0,109500.0
29000327,16867.0,107948.0,109500.0
29000328,16867.0,108348.0,109500.0
29000329,23267.0,107560.0,109500.0
29000330,23267.0,107973.0,109500.0
29000331,23267.0,108385.0,109500.0
29000332,17317.0,107148.0,109500.0
29000333,21533.0,107131.0,109500.0
29000334,22400.0,107139.0,109500.0
29000335,23267.0,106723.0,109500.0
29000336,27067.0,106723.0,109500.0
29000337,28067.0,107148.0,109499.0
29000338,29067.0,107148.0,109500.0
29000339,16867.0,101931.0,109500.0
29000340,16867.0,102814.0,109500.0
29000341,16867.0,99381.0,109500.0
29000342,16867.0,100214.0,109500.0
29000343,17317.0,101048.0,109500.0
29000344,18167.0,107139.0,109500.0
29000345,18567.0,107131.0,109499.0
29000346,18967.0,107123.0,109500.0
29000347,19367.0,107114.0,109500.0
29000348,19767.0,107106.0,109500.0
29000349,18617.0,101048.0,109500.0
29000350,20667.0,99381.0,109500.0
29000351,20667.0,100214.0,109500.0
29000352,17642.0,98548.0,109500.0
29000353,18942.0,98548.0,109500.0
29000354,21533.0,98548.0,109500.0
29000355,22400.0,98548.0,109500.0
29000356,23267.0,99070.0,109500.0
29000357,27067.0,99070.0,109500.0
29000358,28067.0,98548.0,109499.0
29000359,29067.0,98548.0,109500.0
29000360,16867.0,114248.0,109500.0
29000361,20667.0,114248.0,109500.0
29000362,20292.0,114848.0,109500.0
29000363,18142.0,114848.0,109500.0
29000364,18642.0,114848.0,109499.0
29000365,19142.0,114848.0,109500.0
29000366,19642.0,114848.0,109500.0
29000367,29267.0,114848.0,109500.0
29000368,28867.0,113448.0,109500.0
29000369,29267.0,113448.0,109500.0
29000370,29667.0,113448.0,109500.0
29000371,20067.0,101048.0,109500.0
29000372,20067.0,98548.0,109500.0
29000373,16867.0,104698.0,109500.0
29000374,16867.0,105698.0,109500.0
29000375,20667.0,106710.0,109500.0
29000376,23267.0,114248.0,109500.0
29000377,30067.0,99381.0,109500.0
29000378,30067.0,100214.0,109500.0
29000379,30067.0,100881.0,109500.0
29000380,30067.0,105281.0,109500.0
29000381,30067.0,106214.0,109500.0
29000382,30067.0,102481.0,109500.0
29000383,30067.0,103414.0,109500.0
29000384,60347.0,101873.0,109500.0
29000385,60347.0,102698.0,109500.0
29000386,60347.0,103523.0,109500.0
29000387,63747.0,111328.0,109500.0
29000388,63747.0,112208.0,109500.0
29000389,63747.0,113088.0,109500.0
29000390,63747.0,113968.0,109500.0
29000391,61022.0,114848.0,109500.0
29000392,61697.0,114848.0,109500.0
29000393,62197.0,114848.0,109499.0
29000394,62697.0,114848.0,109500.0
29000395,63197.0,114848.0,109500.0
29000396,52947.0,104560.0,109500.0
29000397,52947.0,105423.0,109500.0
29000398,52947.0,106285.0,109500.0
29000399,53722.0,98548.0,109500.0
29000400,52947.0,99381.0,109500.0
29000401,52947.0,100214.0,109500.0
29000402,52947.0,101931.0,109500.0
29000403,52947.0,102814.0,109500.0
29000404,53397.0,101048.0,109500.0
29000405,53397.0,107148.0,109500.0
29000406,56347.0,111328.0,109500.0
29000407,56347.0,112208.0,109500.0
29000408,56347.0,113088.0,109500.0
29000409,56347.0,113798.0,109500.0
29000410,56347.0,114148.0,109500.0
29000411,56347.0,114498.0,109500.0
29000412,52947.0,111128.0,109500.0
29000413,52947.0,112058.0,109500.0
29000414,52947.0,112988.0,109500.0
29000415,52947.0,113918.0,109500.0
29000416,53622.0,114848.0,109500.0
29000417,54297.0,114848.0,109500.0
29000418,54797.0,114848.0,109499.0
29000419,55297.0,114848.0,109500.0
29000420,55797.0,114848.0,109500.0
29000421,54372.0,107123.0,109500.0
29000422,54897.0,107098.0,109500.0
29000423,55422.0,107073.0,109500.0
29000424,61197.0,110448.0,109500.0
29000425,62047.0,110448.0,109500.0
29000426,62897.0,110448.0,109500.0
29000427,56347.0,106673.0,109500.0
29000428,56347.0,99381.0,109500.0
29000429,56347.0,100214.0,109500.0
29000430,54959.0,98548.0,109500.0
29000431,55422.0,98548.0,109500.0
29000432,55884.0,98548.0,109500.0
29000433,63747.0,102064.0,109500.0
29000434,63747.0,103081.0,109500.0
29000435,63747.0,104098.0,109500.0
29000436,63747.0,105114.0,109500.0
29000437,63747.0,106131.0,109500.0
29000438,63747.0,99381.0,109500.0
29000439,63747.0,100214.0,109500.0
29000440,54680.0,101048.0,109500.0
29000441,55513.0,101048.0,109500.0
29000442,60822.0,98548.0,109500.0
29000443,61297.0,98548.0,109499.0
29000444,61797.0,98548.0,109499.0
29000445,62297.0,98548.0,109500.0
29000446,62797.0,98548.0,109500.0
29000447,63272.0,98548.0,109500.0
29000448,61197.0,101048.0,109500.0
29000449,62047.0,101048.0,109500.0
29000450,62897.0,101048.0,109500.0
29000451,111267.0,104698.0,109500.0
29000452,111267.0,105698.0,109500.0
29000453,108067.0,98548.0,109500.0
29000454,108067.0,101048.0,109500.0
29000455,98467.0,113448.0,109500.0
29000456,98867.0,113448.0,109500.0
29000457,99267.0,113448.0,109500.0
29000458,98867.0,114848.0,109500.0
29000459,108492.0,114848.0,109500.0
29000460,108992.0,114848.0,109499.0
29000461,109492.0,114848.0,109500.0
29000462,109992.0,114848.0,109500.0
29000463,107842.0,114848.0,109500.0
29000464,107467.0,114248.0,109500.0
29000465,111267.0,114248.0,109500.0
29000466,110767.0,114848.0,109500.0
29000467,110492.0,98548.0,109500.0
29000468,99067.0,98548.0,109499.0
29000469,100067.0,98548.0,109500.0
29000470,105733.0,98548.0,109500.0
29000471,106600.0,98548.0,109500.0
29000472,101067.0,99070.0,109500.0
29000473,104867.0,99070.0,109500.0
29000474,107467.0,99381.0,109500.0
29000475,107467.0,100214.0,109500.0
29000476,109517.0,101048.0,109500.0
29000477,108367.0,107106.0,109500.0
29000478,108767.0,107114.0,109499.0
29000479,109167.0,107123.0,109500.0
29000480,109567.0,107131.0,109500.0
29000481,109967.0,107139.0,109500.0
29000482,110817.0,101048.0,109500.0
29000483,111267.0,99381.0,109500.0
29000484,111267.0,100214.0,109500.0
29000485,111267.0,101931.0,109500.0
29000486,111267.0,102814.0,109500.0
29000487,99067.0,107148.0,109499.0
29000488,100067.0,107148.0,109500.0
29000489,101067.0,106723.0,109500.0
29000490,104867.0,106723.0,109500.0
29000491,105733.0,107139.0,109500.0
29000492,106600.0,107131.0,109500.0
29000493,110817.0,107148.0,109500.0
29000494,104867.0,107560.0,109500.0
29000495,104867.0,107973.0,109500.0
29000496,104867.0,108385.0,109500.0
29000497,111267.0,107548.0,109500.0
29000498,111267.0,107948.0,109500.0
29000499,111267.0,108348.0,109500.0
29000500,104867.0,109345.0,109500.0
29000501,105733.0,108798.0,109500.0
29000502,106600.0,108798.0,109500.0
29000503,107467.0,107541.0,109500.0
29000504,107467.0,107960.0,109500.0
29000505,107467.0,108379.0,109500.0
29000506,107467.0,109345.0,109500.0
29000507,98067.0,111448.0,109500.0
29000508,98067.0,112448.0,109500.0
29000509,100567.0,110448.0,109500.0
29000510,100367.0,113448.0,109500.0
29000511,101067.0,111448.0,109500.0
29000512,101067.0,112448.0,109500.0
29000513,98067.0,114148.0,109500.0
29000514,101067.0,113798.0,109500.0
29000515,101067.0,114148.0,109500.0
29000516,101067.0,114498.0,109500.0
29000517,111267.0,109110.0,109500.0
29000518,111267.0,109473.0,109500.0
29000519,111267.0,109835.0,109500.0
29000520,111267.0,111060.0,109500.0
29000521,111267.0,111923.0,109500.0
29000522,111267.0,112785.0,109500.0
29000523,100367.0,114848.0,109500.0
29000524,105733.0,114848.0,109500.0
29000525,106600.0,114848.0,109500.0
29000526,107467.0,106710.0,109500.0
29000527,98067.0,102481.0,109500.0
29000528,98067.0,103414.0,109500.0
29000529,98067.0,105281.0,109500.0
29000530,98067.0,106214.0,109500.0
29000531,104867.0,114248.0,109500.0
29000532,98067.0,99381.0,109500.0
29000533,98067.0,100214.0,109500.0
29000534,98067.0,100881.0,109500.0
29000535,98567.0,110448.0,109500.0
29000536,99067.0,110448.0,109500.0
29000537,99567.0,110448.0,109500.0
29000538,109192.0,98548.0,109500.0
29000539,16867.0,114848.0,108400.0
29000540,16867.0,114848.0,107566.0
29000541,16867.0,114848.0,106733.0
29000542,17867.0,114848.0,108400.0
29000543,17867.0,114848.0,107566.0
29000544,17867.0,114848.0,106733.0
29000545,20667.0,114848.0,108400.0
29000546,20667.0,114848.0,107566.0
29000547,20667.0,114848.0,106733.0
29000548,23267.0,114848.0,108500.0
29000549,23267.0,114848.0,107633.0
29000550,23267.0,114848.0,106766.0
29000551,28467.0,114848.0,108600.0
29000552,28467.0,114848.0,107700.0
29000553,28467.0,114848.0,106800.0
29000554,27067.0,110448.0,108600.0
29000555,27067.0,110448.0,107700.0
29000556,27067.0,110448.0,106800.0
29000557,20667.0,109893.0,108600.0
29000558,20667.0,109893.0,107700.0
29000559,20667.0,109893.0,106800.0
29000560,16867.0,113648.0,108400.0
29000561,16867.0,113648.0,107566.0
29000562,16867.0,113648.0,106733.0
29000563,23267.0,109893.0,108600.0
29000564,23267.0,109893.0,107700.0
29000565,23267.0,109893.0,106800.0
29000566,16867.0,106698.0,108600.0
29000567,16867.0,106698.0,107700.0
29000568,16867.0,106698.0,106800.0
29000569,23267.0,106298.0,108600.0
29000570,23267.0,106298.0,107700.0
29000571,23267.0,106298.0,106800.0
29000572,27067.0,106298.0,108600.0
29000573,27067.0,106298.0,107700.0
29000574,27067.0,106298.0,106800.0
29000575,27067.0,107148.0,108600.0
29000576,27067.0,107148.0,107700.0
29000577,27067.0,107148.0,106800.0
29000578,16867.0,101048.0,108600.0
29000579,16867.0,101048.0,107700.0
29000580,16867.0,101048.0,106800.0
29000581,16867.0,103698.0,108600.0
29000582,16867.0,103698.0,107700.0
29000583,16867.0,103698.0,106800.0
29000584,16867.0,98548.0,108600.0
29000585,16867.0,98548.0,107700.0
29000586,16867.0,98548.0,106800.0
29000587,17767.0,101048.0,108600.0
29000588,17767.0,101048.0,107700.0
29000589,17767.0,101048.0,106800.0
29000590,19467.0,101048.0,108600.0
29000591,19467.0,101048.0,107700.0
29000592,19467.0,101048.0,106800.0
29000593,20667.0,101048.0,108600.0
29000594,20667.0,101048.0,107700.0
29000595,20667.0,101048.0,106800.0
29000596,23267.0,98548.0,108600.0
29000597,23267.0,98548.0,107700.0
29000598,23267.0,98548.0,106800.0
29000599,23267.0,99593.0,108600.0
29000600,23267.0,99593.0,107700.0
29000601,23267.0,99593.0,106800.0
29000602,27067.0,98548.0,108600.0
29000603,27067.0,98548.0,107700.0
29000604,27067.0,98548.0,106800.0
29000605,27067.0,99593.0,108600.0
29000606,27067.0,99593.0,107700.0
29000607,27067.0,99593.0,106800.0
29000608,30067.0,98548.0,108600.0
29000609,30067.0,98548.0,107700.0
29000610,30067.0,98548.0,106800.0
29000611,19917.0,114848.0,108400.0
29000612,19917.0,114848.0,107566.0
29000613,19917.0,114848.0,106733.0
29000614,30067.0,114848.0,108600.0
29000615,30067.0,114848.0,107700.0
29000616,30067.0,114848.0,106800.0
29000617,20667.0,106298.0,108600.0
29000618,20667.0,106298.0,107700.0
29000619,20667.0,106298.0,106800.0
29000620,20667.0,113648.0,108400.0
29000621,20667.0,113648.0,107566.0
29000622,20667.0,113648.0,106733.0
29000623,23267.0,113648.0,108600.0
29000624,23267.0,113648.0,107700.0
29000625,23267.0,113648.0,106800.0
29000626,20667.0,101548.0,108600.0
29000627,20667.0,101548.0,107700.0
29000628,20667.0,101548.0,106800.0
29000629,30067.0,107148.0,108600.0
29000630,30067.0,107148.0,107700.0
29000631,30067.0,107148.0,106800.0
29000632,30067.0,104348.0,108600.0
29000633,30067.0,104348.0,107700.0
29000634,30067.0,104348.0,106800.0
29000635,30067.0,101548.0,108600.0
29000636,30067.0,101548.0,107700.0
29000637,30067.0,101548.0,106800.0
29000638,60347.0,101048.0,108400.0
29000639,60347.0,101048.0,107566.0
29000640,60347.0,101048.0,106733.0
29000641,60347.0,104348.0,108400.0
29000642,60347.0,104348.0,107566.0
29000643,60347.0,104348.0,106733.0
29000644,63747.0,110448.0,108400.0
29000645,63747.0,110448.0,107566.0
29000646,63747.0,110448.0,106733.0
29000647,63747.0,114848.0,108400.0
29000648,63747.0,114848.0,107566.0
29000649,63747.0,114848.0,106733.0
29000650,60347.0,114848.0,108400.0
29000651,60347.0,114848.0,107566.0
29000652,60347.0,114848.0,106733.0
29000653,52947.0,103698.0,108600.0
29000654,52947.0,103698.0,107700.0
29000655,52947.0,103698.0,106800.0
29000656,52947.0,107148.0,108600.0
29000657,52947.0,107148.0,107700.0
29000658,52947.0,107148.0,106800.0
29000659,52947.0,98548.0,108600.0
29000660,52947.0,98548.0,107700.0
29000661,52947.0,98548.0,106800.0
29000662,52947.0,101048.0,108600.0
29000663,52947.0,101048.0,107700.0
29000664,52947.0,101048.0,106800.0
29000665,53847.0,101048.0,108600.0
29000666,53847.0,101048.0,107700.0
29000667,53847.0,101048.0,106800.0
29000668,56347.0,107048.0,108600.0
29000669,56347.0,107048.0,107700.0
29000670,56347.0,107048.0,106800.0
29000671,56347.0,110448.0,108600.0
29000672,56347.0,110448.0,107700.0
29000673,56347.0,110448.0,106800.0
29000674,52947.0,110198.0,108400.0
29000675,52947.0,110198.0,107566.0
29000676,52947.0,110198.0,106733.0
29000677,52947.0,114848.0,108400.0
29000678,52947.0,114848.0,107566.0
29000679,52947.0,114848.0,106733.0
29000680,60347.0,110448.0,108400.0
29000681,60347.0,110448.0,107566.0
29000682,60347.0,110448.0,106733.0
29000683,56347.0,106298.0,108600.0
29000684,56347.0,106298.0,107700.0
29000685,56347.0,106298.0,106800.0
29000686,56347.0,101048.0,108600.0
29000687,56347.0,101048.0,107700.0
29000688,56347.0,101048.0,106800.0
29000689,56347.0,101548.0,108600.0
29000690,56347.0,101548.0,107700.0
29000691,56347.0,101548.0,106800.0
29000692,63747.0,101048.0,108400.0
29000693,63747.0,101048.0,107566.0
29000694,63747.0,101048.0,106733.0
29000695,63747.0,107148.0,108400.0
29000696,63747.0,107148.0,107566.0
29000697,63747.0,107148.0,106733.0
29000698,63747.0,98548.0,108400.0
29000699,63747.0,98548.0,107566.0
29000700,63747.0,98548.0,106733.0
29000701,60347.0,98548.0,108400.0
29000702,60347.0,98548.0,107566.0
29000703,60347.0,98548.0,106733.0
29000704,111267.0,103698.0,108600.0
29000705,111267.0,103698.0,107700.0
29000706,111267.0,103698.0,106800.0
29000707,111267.0,106698.0,108600.0
29000708,111267.0,106698.0,107700.0
29000709,111267.0,106698.0,106800.0
29000710,107467.0,101048.0,108600.0
29000711,107467.0,101048.0,107700.0
29000712,107467.0,101048.0,106800.0
29000713,108667.0,101048.0,108600.0
29000714,108667.0,101048.0,107700.0
29000715,108667.0,101048.0,106800.0
29000716,98067.0,114848.0,108600.0
29000717,98067.0,114848.0,107700.0
29000718,98067.0,114848.0,106800.0
29000719,99667.0,114848.0,108600.0
29000720,99667.0,114848.0,107700.0
29000721,99667.0,114848.0,106800.0
29000722,108217.0,114848.0,108400.0
29000723,108217.0,114848.0,107566.0
29000724,108217.0,114848.0,106733.0
29000725,110267.0,114848.0,108400.0
29000726,110267.0,114848.0,107566.0
29000727,110267.0,114848.0,106733.0
29000728,107467.0,114848.0,108500.0
29000729,107467.0,114848.0,107633.0
29000730,107467.0,114848.0,106766.0
29000731,107467.0,113648.0,108400.0
29000732,107467.0,113648.0,107566.0
29000733,107467.0,113648.0,106733.0
29000734,111267.0,113648.0,108600.0
29000735,111267.0,113648.0,107700.0
29000736,111267.0,113648.0,106800.0
29000737,111267.0,114848.0,108500.0
29000738,111267.0,114848.0,107633.0
29000739,111267.0,114848.0,106766.0
29000740,111267.0,98548.0,108600.0
29000741,111267.0,98548.0,107700.0
29000742,111267.0,98548.0,106800.0
29000743,98067.0,98548.0,108600.0
29000744,98067.0,98548.0,107700.0
29000745,98067.0,98548.0,106800.0
29000746,101067.0,98548.0,108600.0
29000747,101067.0,98548.0,107700.0
29000748,101067.0,98548.0,106800.0
29000749,104867.0,98548.0,108600.0
29000750,104867.0,98548.0,107700.0
29000751,104867.0,98548.0,106800.0
29000752,101067.0,99593.0,108600.0
29000753,101067.0,99593.0,107700.0
29000754,101067.0,99593.0,106800.0
29000755,104867.0,99593.0,108600.0
29000756,104867.0,99593.0,107700.0
29000757,104867.0,99593.0,106800.0
29000758,107467.0,101548.0,108600.0
29000759,107467.0,101548.0,107700.0
29000760,107467.0,101548.0,106800.0
29000761,110367.0,101048.0,108600.0
29000762,110367.0,101048.0,107700.0
29000763,110367.0,101048.0,106800.0
29000764,111267.0,101048.0,108600.0
29000765,111267.0,101048.0,107700.0
29000766,111267.0,101048.0,106800.0
29000767,98067.0,107148.0,108600.0
29000768,98067.0,107148.0,107700.0
29000769,98067.0,107148.0,106800.0
29000770,101067.0,107148.0,108600.0
29000771,101067.0,107148.0,107700.0
29000772,101067.0,107148.0,106800.0
29000773,101067.0,106298.0,108600.0
29000774,101067.0,106298.0,107700.0
29000775,101067.0,106298.0,106800.0
29000776,104867.0,106298.0,108600.0
29000777,104867.0,106298.0,107700.0
29000778,104867.0,106298.0,106800.0
29000779,104867.0,109893.0,108600.0
29000780,104867.0,109893.0,107700.0
29000781,104867.0,109893.0,106800.0
29000782,107467.0,109893.0,108600.0
29000783,107467.0,109893.0,107700.0
29000784,107467.0,109893.0,106800.0
29000785,101067.0,110448.0,108600.0
29000786,101067.0,110448.0,107700.0
29000787,101067.0,110448.0,106800.0
29000788,104867.0,114848.0,108600.0
29000789,104867.0,114848.0,107700.0
29000790,104867.0,114848.0,106800.0
29000791,107467.0,106298.0,108600.0
29000792,107467.0,106298.0,107700.0
29000793,107467.0,106298.0,106800.0
29000794,98067.0,101548.0,108600.0
29000795,98067.0,101548.0,107700.0
29000796,98067.0,101548.0,106800.0
29000797,98067.0,104348.0,108600.0
29000798,98067.0,104348.0,107700.0
29000799,98067.0,104348.0,106800.0
29000800,104867.0,113648.0,108600.0
29000801,104867.0,113648.0,107700.0
29000802,104867.0,113648.0,106800.0
29000803,16867.0,109110.0,108699.0
29000804,16867.0,109473.0,108699.0
29000805,16867.0,109835.0,108699.0
29000806,27067.0,113798.0,108900.0
29000807,27067.0,114148.0,108900.0
29000808,27067.0,114498.0,108900.0
29000809,20667.0,107541.0,108900.0
29000810,20667.0,107960.0,108900.0
29000811,20667.0,108379.0,108900.0
29000812,28567.0,110448.0,108900.0
29000813,29067.0,110448.0,108900.0
29000814,29567.0,110448.0,108900.0
29000815,16867.0,107548.0,108699.0
29000816,16867.0,107948.0,108699.0
29000817,16867.0,108348.0,108699.0
29000818,23267.0,107560.0,108900.0
29000819,23267.0,107973.0,108900.0
29000820,23267.0,108385.0,108900.0
29000821,18167.0,107139.0,108800.0
29000822,18567.0,107131.0,108800.0
29000823,18967.0,107123.0,108800.0
29000824,19367.0,107114.0,108800.0
29000825,19767.0,107106.0,108800.0
29000826,18942.0,98548.0,108699.0
29000827,28867.0,113448.0,108900.0
29000828,29267.0,113448.0,108900.0
29000829,29667.0,113448.0,108900.0
29000830,20067.0,98548.0,108699.0
29000831,56347.0,113798.0,108800.0
29000832,56347.0,114148.0,108800.0
29000833,56347.0,114498.0,108800.0
29000834,54372.0,107123.0,108800.0
29000835,54897.0,107098.0,108800.0
29000836,55422.0,107073.0,108800.0
29000837,54959.0,98548.0,108699.0
29000838,55422.0,98548.0,108699.0
29000839,55884.0,98548.0,108699.0
29000840,108067.0,98548.0,108699.0
29000841,98467.0,113448.0,108900.0
29000842,98867.0,113448.0,108900.0
29000843,99267.0,113448.0,108900.0
29000844,108367.0,107106.0,108800.0
29000845,108767.0,107114.0,108800.0
29000846,109167.0,107123.0,108800.0
29000847,109567.0,107131.0,108800.0
29000848,109967.0,107139.0,108800.0
29000849,104867.0,107560.0,108900.0
29000850,104867.0,107973.0,108900.0
29000851,104867.0,108385.0,108900.0
29000852,111267.0,107548.0,108699.0
29000853,111267.0,107948.0,108699.0
29000854,111267.0,108348.0,108699.0
29000855,107467.0,107541.0,108900.0
29000856,107467.0,107960.0,108900.0
29000857,107467.0,108379.0,108900.0
29000858,101067.0,113798.0,108900.0
29000859,101067.0,114148.0,108900.0
29000860,101067.0,114498.0,108900.0
29000861,111267.0,109110.0,108699.0
29000862,111267.0,109473.0,108699.0
29000863,111267.0,109835.0,108699.0
29000864,98567.0,110448.0,108900.0
29000865,99067.0,110448.0,108900.0
29000866,99567.0,110448.0,108900.0
29000867,109192.0,98548.0,108699.0
29000868,27067.0,114848.0,107700.0
29000869,27067.0,114848.0,106800.0
29000870,27067.0,113448.0,107700.0
29000871,27067.0,113448.0,106800.0
29000872,28467.0,113448.0,107700.0
29000873,28467.0,113448.0,106800.0
29000874,20667.0,108798.0,107700.0
29000875,20667.0,108798.0,106800.0
29000876,16867.0,110198.0,107566.0
29000877,16867.0,110198.0,106733.0
29000878,28067.0,110448.0,107700.0
29000879,28067.0,110448.0,106800.0
29000880,23267.0,108798.0,107700.0
29000881,23267.0,108798.0,106800.0
29000882,16867.0,107148.0,107700.0
29000883,16867.0,107148.0,106800.0
29000884,20167.0,107098.0,107700.0
29000885,20167.0,107098.0,106800.0
29000886,20667.0,107123.0,107700.0
29000887,20667.0,107123.0,106800.0
29000888,23267.0,107148.0,107700.0
29000889,23267.0,107148.0,106800.0
29000890,20667.0,98548.0,107700.0
29000891,20667.0,98548.0,106800.0
29000892,18417.0,98548.0,107700.0
29000893,18417.0,98548.0,106800.0
29000894,17767.0,107148.0,107700.0
29000895,17767.0,107148.0,106800.0
29000896,30067.0,113448.0,107700.0
29000897,30067.0,113448.0,106800.0
29000898,30067.0,110448.0,107700.0
29000899,30067.0,110448.0,106800.0
29000900,54497.0,98548.0,107700.0
29000901,54497.0,98548.0,106800.0
29000902,53847.0,107148.0,107700.0
29000903,53847.0,107148.0,106800.0
29000904,55947.0,107048.0,107700.0
29000905,55947.0,107048.0,106800.0
29000906,56347.0,113448.0,107700.0
29000907,56347.0,113448.0,106800.0
29000908,56347.0,114848.0,107566.0
29000909,56347.0,114848.0,106733.0
29000910,56347.0,98548.0,107700.0
29000911,56347.0,98548.0,106800.0
29000912,109717.0,98548.0,107700.0
29000913,109717.0,98548.0,106800.0
29000914,107467.0,98548.0,107700.0
29000915,107467.0,98548.0,106800.0
29000916,107467.0,107123.0,107700.0
29000917,107467.0,107123.0,106800.0
29000918,107967.0,107098.0,107700.0
29000919,107967.0,107098.0,106800.0
29000920,104867.0,107148.0,107700.0
29000921,104867.0,107148.0,106800.0
29000922,110367.0,107148.0,107700.0
29000923,110367.0,107148.0,106800.0
29000924,111267.0,107148.0,107700.0
29000925,111267.0,107148.0,106800.0
29000926,104867.0,108798.0,107700.0
29000927,104867.0,108798.0,106800.0
29000928,107467.0,108798.0,107700.0
29000929,107467.0,108798.0,106800.0
29000930,98067.0,110448.0,107700.0
29000931,98067.0,110448.0,106800.0
29000932,98067.0,113448.0,107700.0
29000933,98067.0,113448.0,106800.0
29000934,100067.0,110448.0,107700.0
29000935,100067.0,110448.0,106800.0
29000936,99667.0,113448.0,107700.0
29000937,99667.0,113448.0,106800.0
29000938,101067.0,113448.0,107700.0
29000939,101067.0,113448.0,106800.0
29000940,111267.0,110198.0,107700.0
29000941,111267.0,110198.0,106800.0
29000942,101067.0,114848.0,107700.0
29000943,101067.0,114848.0,106800.0
29000944,24217.0,107148.0,109500.0
29000945,25167.0,107148.0,109500.0
29000946,26117.0,107148.0,109500.0
29000947,27067.0,108248.0,109499.0
29000948,27067.0,109348.0,109500.0
29000949,26117.0,114848.0,109500.0
29000950,24217.0,114848.0,109500.0
29000951,23267.0,112748.0,109500.0
29000952,23267.0,110870.0,109500.0
29000953,28467.0,114148.0,109500.0
29000954,17817.0,108760.0,109500.0
29000955,18767.0,108773.0,109500.0
29000956,19717.0,108785.0,109500.0
29000957,20667.0,110870.0,109500.0
29000958,20667.0,112748.0,109500.0
29000959,18892.0,113648.0,109500.0
29000960,24217.0,104348.0,109500.0
29000961,25167.0,104348.0,109500.0
29000962,26117.0,104348.0,109500.0
29000963,27067.0,105323.0,109500.0
29000964,23267.0,105323.0,109500.0
29000965,19467.0,99381.0,109500.0
29000966,19467.0,100214.0,109500.0
29000967,24217.0,101548.0,109500.0
29000968,25167.0,101548.0,109500.0
29000969,26117.0,101548.0,109500.0
29000970,27067.0,102481.0,109500.0
29000971,27067.0,103414.0,109500.0
29000972,23267.0,102481.0,109500.0
29000973,23267.0,103414.0,109500.0
29000974,24217.0,98548.0,109500.0
29000975,26117.0,98548.0,109500.0
29000976,27067.0,100570.0,109500.0
29000977,23267.0,100570.0,109500.0
29000978,56347.0,107898.0,109500.0
29000979,53797.0,108748.0,109500.0
29000980,54647.0,108748.0,109500.0
29000981,55497.0,108748.0,109500.0
29000982,52947.0,107948.0,109500.0
29000983,108667.0,99381.0,109500.0
29000984,108667.0,100214.0,109500.0
29000985,99667.0,114148.0,109500.0
29000986,109242.0,113648.0,109500.0
29000987,108417.0,108785.0,109500.0
29000988,109367.0,108773.0,109500.0
29000989,110317.0,108760.0,109500.0
29000990,107467.0,112748.0,109500.0
29000991,107467.0,110870.0,109500.0
29000992,101883.0,98548.0,109500.0
29000993,103783.0,98548.0,109500.0
29000994,104867.0,100570.0,109500.0
29000995,102017.0,101548.0,109500.0
29000996,102967.0,101548.0,109500.0
29000997,103917.0,101548.0,109500.0
29000998,101067.0,100570.0,109500.0
29000999,102017.0,104348.0,109500.0
29001000,102967.0,104348.0,109500.0
29001001,103917.0,104348.0,109500.0
29001002,104867.0,105323.0,109500.0
29001003,102017.0,107148.0,109500.0
29001004,102967.0,107148.0,109500.0
29001005,103917.0,107148.0,109500.0
29001006,101067.0,105323.0,109500.0
29001007,104867.0,110870.0,109500.0
29001008,104867.0,112748.0,109500.0
29001009,103783.0,114848.0,109500.0
29001010,101883.0,114848.0,109500.0
29001011,101067.0,108248.0,109499.0
29001012,101067.0,109348.0,109500.0
29001013,104867.0,102481.0,109500.0
29001014,104867.0,103414.0,109500.0
29001015,101067.0,102481.0,109500.0
29001016,101067.0,103414.0,109500.0
29001019,64105.0,106303.0,109499.0
29001020,108667.0,98548.0,109099.0
29001021,109192.0,98548.0,109099.0
29001022,109717.0,98548.0,109099.0
29001023,98067.0,110448.0,109200.0
29001024,98567.0,110448.0,109200.0
29001025,99067.0,110448.0,109200.0
29001026,99567.0,110448.0,109200.0
29001027,100067.0,110448.0,109200.0
29001028,111267.0,108748.0,109099.0
29001029,111267.0,109110.0,109099.0
29001030,111267.0,109473.0,109099.0
29001031,111267.0,109835.0,109099.0
29001032,111267.0,110198.0,109099.0
29001033,101067.0,113448.0,109200.0
29001034,101067.0,113798.0,109200.0
29001035,101067.0,114148.0,109200.0
29001036,101067.0,114498.0,109200.0
29001037,101067.0,114848.0,109200.0
29001038,107467.0,107123.0,109200.0
29001039,107467.0,107541.0,109200.0
29001040,107467.0,107960.0,109200.0
29001041,107467.0,108379.0,109200.0
29001042,107467.0,108798.0,109200.0
29001043,111267.0,107148.0,109099.0
29001044,111267.0,107548.0,109099.0
29001045,111267.0,107948.0,109099.0
29001046,111267.0,108348.0,109099.0
29001047,104867.0,107148.0,109200.0
29001048,104867.0,107560.0,109200.0
29001049,104867.0,107973.0,109200.0
29001050,104867.0,108385.0,109200.0
29001051,104867.0,108798.0,109200.0
29001052,107967.0,107098.0,109150.0
29001053,108367.0,107106.0,109150.0
29001054,108767.0,107114.0,109150.0
29001055,109167.0,107123.0,109150.0
29001056,109567.0,107131.0,109150.0
29001057,109967.0,107139.0,109150.0
29001058,110367.0,107148.0,109150.0
29001059,98067.0,113448.0,109200.0
29001060,98467.0,113448.0,109200.0
29001061,98867.0,113448.0,109200.0
29001062,99267.0,113448.0,109200.0
29001063,99667.0,113448.0,109200.0
29001064,107467.0,98548.0,109099.0
29001065,108067.0,98548.0,109099.0
29001066,54497.0,98548.0,109099.0
29001067,54959.0,98548.0,109099.0
29001068,55422.0,98548.0,109099.0
29001069,55884.0,98548.0,109099.0
29001070,56347.0,98548.0,109099.0
29001071,53847.0,107148.0,109150.0
29001072,54372.0,107123.0,109150.0
29001073,54897.0,107098.0,109150.0
29001074,55422.0,107073.0,109150.0
29001075,55947.0,107048.0,109150.0
29001076,56347.0,113448.0,109150.0
29001077,56347.0,113798.0,109150.0
29001078,56347.0,114148.0,109150.0
29001079,56347.0,114498.0,109150.0
29001080,56347.0,114848.0,109150.0
29001081,19467.0,98548.0,109099.0
29001082,20067.0,98548.0,109099.0
29001083,20667.0,98548.0,109099.0
29001084,28467.0,113448.0,109200.0
29001085,28867.0,113448.0,109200.0
29001086,29267.0,113448.0,109200.0
29001087,29667.0,113448.0,109200.0
29001088,30067.0,113448.0,109200.0
29001089,18417.0,98548.0,109099.0
29001090,18942.0,98548.0,109099.0
29001091,17767.0,107148.0,109150.0
29001092,18167.0,107139.0,109150.0
29001093,18567.0,107131.0,109150.0
29001094,18967.0,107123.0,109150.0
29001095,19367.0,107114.0,109150.0
29001096,19767.0,107106.0,109150.0
29001097,20167.0,107098.0,109150.0
29001098,23267.0,107148.0,109200.0
29001099,23267.0,107560.0,109200.0
29001100,23267.0,107973.0,109200.0
29001101,23267.0,108385.0,109200.0
29001102,23267.0,108798.0,109200.0
29001103,16867.0,107148.0,109099.0
29001104,16867.0,107548.0,109099.0
29001105,16867.0,107948.0,109099.0
29001106,16867.0,108348.0,109099.0
29001107,16867.0,108748.0,109099.0
29001108,28067.0,110448.0,109200.0
29001109,28567.0,110448.0,109200.0
29001110,29067.0,110448.0,109200.0
29001111,29567.0,110448.0,109200.0
29001112,30067.0,110448.0,109200.0
29001113,20667.0,107123.0,109200.0
29001114,20667.0,107541.0,109200.0
29001115,20667.0,107960.0,109200.0
29001116,20667.0,108379.0,109200.0
29001117,20667.0,108798.0,109200.0
29001118,27067.0,113448.0,109200.0
29001119,27067.0,113798.0,109200.0
29001120,27067.0,114148.0,109200.0
29001121,27067.0,114498.0,109200.0
29001122,27067.0,114848.0,109200.0
29001123,16867.0,109110.0,109099.0
29001124,16867.0,109473.0,109099.0
29001125,16867.0,109835.0,109099.0
29001126,16867.0,110198.0,109099.0
29001127,17367.0,114848.0,108400.0
29001128,17367.0,114848.0,106733.0
29001129,17367.0,114848.0,107566.0
29001130,21533.0,114848.0,108500.0
29001131,22400.0,114848.0,108500.0
29001132,21533.0,114848.0,106766.0
29001133,22400.0,114848.0,106766.0
29001134,21533.0,114848.0,107633.0
29001135,22400.0,114848.0,107633.0
29001136,27767.0,114848.0,108600.0
29001137,27767.0,114848.0,106800.0
29001138,27767.0,114848.0,107700.0
29001139,16867.0,111060.0,108699.0
29001140,16867.0,111923.0,108699.0
29001141,16867.0,112785.0,108699.0
29001142,16867.0,111060.0,106733.0
29001143,16867.0,111923.0,106733.0
29001144,16867.0,112785.0,106733.0
29001145,16867.0,111060.0,107566.0
29001146,16867.0,112785.0,107566.0
29001147,16867.0,111923.0,107566.0
29001148,30067.0,114148.0,108600.0
29001149,30067.0,114148.0,106800.0
29001150,30067.0,114148.0,107700.0
29001151,27067.0,111448.0,108600.0
29001152,27067.0,112448.0,108600.0
29001153,27067.0,111448.0,106800.0
29001154,27067.0,112448.0,106800.0
29001155,27067.0,111448.0,107700.0
29001156,27067.0,112448.0,107700.0
29001157,27767.0,113448.0,108900.0
29001158,27767.0,113448.0,106800.0
29001159,27767.0,113448.0,107700.0
29001160,27567.0,110448.0,108600.0
29001161,27567.0,110448.0,106800.0
29001162,27567.0,110448.0,107700.0
29001163,30067.0,111448.0,108900.0
29001164,30067.0,112448.0,108900.0
29001165,30067.0,111448.0,106800.0
29001166,30067.0,112448.0,106800.0
29001167,30067.0,111448.0,107700.0
29001168,30067.0,112448.0,107700.0
29001169,20667.0,109345.0,108600.0
29001170,20667.0,109345.0,106800.0
29001171,20667.0,109345.0,107700.0
29001172,21533.0,108798.0,108900.0
29001173,22400.0,108798.0,108900.0
29001174,21533.0,108798.0,106800.0
29001175,22400.0,108798.0,106800.0
29001176,21533.0,108798.0,107700.0
29001177,22400.0,108798.0,107700.0
29001178,23267.0,109345.0,108600.0
29001179,23267.0,109345.0,106800.0
29001180,23267.0,109345.0,107700.0
29001181,17317.0,107148.0,108699.0
29001182,17317.0,107148.0,106800.0
29001183,17317.0,107148.0,107700.0
29001184,21533.0,107131.0,108900.0
29001185,22400.0,107139.0,108900.0
29001186,21533.0,107131.0,106800.0
29001187,22400.0,107139.0,106800.0
29001188,21533.0,107131.0,107700.0
29001189,22400.0,107139.0,107700.0
29001190,23267.0,106723.0,108600.0
29001191,23267.0,106723.0,106800.0
29001192,23267.0,106723.0,107700.0
29001193,27067.0,106723.0,108600.0
29001194,27067.0,106723.0,106800.0
29001195,27067.0,106723.0,107700.0
29001196,28067.0,107148.0,108600.0
29001197,29067.0,107148.0,108600.0
29001198,28067.0,107148.0,106800.0
29001199,29067.0,107148.0,106800.0
29001200,28067.0,107148.0,107700.0
29001201,29067.0,107148.0,107700.0
29001202,16867.0,101931.0,108600.0
29001203,16867.0,102814.0,108600.0
29001204,16867.0,101931.0,106800.0
29001205,16867.0,102814.0,106800.0
29001206,16867.0,101931.0,107700.0
29001207,16867.0,102814.0,107700.0
29001208,16867.0,99381.0,108600.0
29001209,16867.0,100214.0,108600.0
29001210,16867.0,99381.0,106800.0
29001211,16867.0,100214.0,106800.0
29001212,16867.0,99381.0,107700.0
29001213,16867.0,100214.0,107700.0
29001214,17317.0,101048.0,108600.0
29001215,17317.0,101048.0,106800.0
29001216,17317.0,101048.0,107700.0
29001217,18617.0,101048.0,108600.0
29001218,18617.0,101048.0,106800.0
29001219,18617.0,101048.0,107700.0
29001220,20667.0,99381.0,108600.0
29001221,20667.0,100214.0,108600.0
29001222,20667.0,99381.0,106800.0
29001223,20667.0,100214.0,106800.0
29001224,20667.0,99381.0,107700.0
29001225,20667.0,100214.0,107700.0
29001226,17642.0,98548.0,108600.0
29001227,17642.0,98548.0,106800.0
29001228,17642.0,98548.0,107700.0
29001229,21533.0,98548.0,108600.0
29001230,22400.0,98548.0,108600.0
29001231,21533.0,98548.0,106800.0
29001232,22400.0,98548.0,106800.0
29001233,21533.0,98548.0,107700.0
29001234,22400.0,98548.0,107700.0
29001235,23267.0,99070.0,108600.0
29001236,23267.0,99070.0,106800.0
29001237,23267.0,99070.0,107700.0
29001238,27067.0,99070.0,108600.0
29001239,27067.0,99070.0,106800.0
29001240,27067.0,99070.0,107700.0
29001241,28067.0,98548.0,108600.0
29001242,29067.0,98548.0,108600.0
29001243,28067.0,98548.0,106800.0
29001244,29067.0,98548.0,106800.0
29001245,28067.0,98548.0,107700.0
29001246,29067.0,98548.0,107700.0
29001247,16867.0,114248.0,108400.0
29001248,16867.0,114248.0,106733.0
29001249,16867.0,114248.0,107566.0
29001250,20667.0,114248.0,108400.0
29001251,20667.0,114248.0,106733.0
29001252,20667.0,114248.0,107566.0
29001253,20292.0,114848.0,108400.0
29001254,20292.0,114848.0,106733.0
29001255,20292.0,114848.0,107566.0
29001256,18142.0,114848.0,108400.0
29001257,18145.0,114848.0,108950.0
29001258,18642.0,114848.0,108950.0
29001259,19142.0,114848.0,108950.0
29001260,19639.0,114848.0,108950.0
29001261,19642.0,114848.0,108400.0
29001262,18142.0,114848.0,106733.0
29001263,19642.0,114848.0,106733.0
29001264,18142.0,114848.0,107566.0
29001265,19642.0,114848.0,107566.0
29001266,18642.0,114848.0,108400.0
29001267,19142.0,114848.0,108400.0
29001268,29267.0,114848.0,108600.0
29001269,29267.0,114848.0,106800.0
29001270,29267.0,114848.0,107700.0
29001271,20067.0,101048.0,108600.0
29001272,20067.0,101048.0,106800.0
29001273,20067.0,101048.0,107700.0
29001274,16867.0,104698.0,108600.0
29001275,16867.0,105698.0,108600.0
29001276,16867.0,104698.0,106800.0
29001277,16867.0,105698.0,106800.0
29001278,16867.0,104698.0,107700.0
29001279,16867.0,105698.0,107700.0
29001280,20667.0,106710.0,108600.0
29001281,20667.0,106710.0,106800.0
29001282,20667.0,106710.0,107700.0
29001283,23267.0,114248.0,108600.0
29001284,23267.0,114248.0,106800.0
29001285,23267.0,114248.0,107700.0
29001286,30067.0,99381.0,108600.0
29001287,30067.0,100214.0,108600.0
29001288,30067.0,100881.0,108600.0
29001289,30067.0,99381.0,106800.0
29001290,30067.0,100214.0,106800.0
29001291,30067.0,100881.0,106800.0
29001292,30067.0,99381.0,107700.0
29001293,30067.0,100881.0,107700.0
29001294,30067.0,100214.0,107700.0
29001295,30067.0,105281.0,108600.0
29001296,30067.0,106214.0,108600.0
29001297,30067.0,105281.0,106800.0
29001298,30067.0,106214.0,106800.0
29001299,30067.0,105281.0,107700.0
29001300,30067.0,106214.0,107700.0
29001301,30067.0,102481.0,108600.0
29001302,30067.0,103414.0,108600.0
29001303,30067.0,102481.0,106800.0
29001304,30067.0,103414.0,106800.0
29001305,30067.0,102481.0,107700.0
29001306,30067.0,103414.0,107700.0
29001307,60347.0,101873.0,108400.0
29001308,60347.0,102698.0,108400.0
29001309,60347.0,103523.0,108400.0
29001310,60347.0,101873.0,106733.0
29001311,60347.0,102698.0,106733.0
29001312,60347.0,103523.0,106733.0
29001313,60347.0,101873.0,107566.0
29001314,60347.0,103523.0,107566.0
29001315,60347.0,102698.0,107566.0
29001316,63747.0,111328.0,108400.0
29001317,63747.0,112208.0,108400.0
29001318,63747.0,113088.0,108400.0
29001319,63747.0,113968.0,108400.0
29001320,63747.0,111328.0,106733.0
29001321,63747.0,112208.0,106733.0
29001322,63747.0,113088.0,106733.0
29001323,63747.0,113968.0,106733.0
29001324,63747.0,111328.0,107566.0
29001325,63747.0,113968.0,107566.0
29001326,63747.0,112208.0,107566.0
29001327,63747.0,113088.0,107566.0
29001328,61022.0,114848.0,108400.0
29001329,61697.0,114848.0,108400.0
29001330,61700.0,114848.0,108950.0
29001331,62197.0,114848.0,108950.0
29001332,62697.0,114848.0,108950.0
29001333,63194.0,114848.0,108950.0
29001334,63197.0,114848.0,108400.0
29001335,61022.0,114848.0,106733.0
29001336,61697.0,114848.0,106733.0
29001337,63197.0,114848.0,106733.0
29001338,61022.0,114848.0,107566.0
29001339,63197.0,114848.0,107566.0
29001340,62197.0,114848.0,108400.0
29001341,61697.0,114848.0,107566.0
29001342,62697.0,114848.0,108400.0
29001343,52947.0,104560.0,108600.0
29001344,52947.0,105423.0,108600.0
29001345,52947.0,106285.0,108600.0
29001346,52947.0,104560.0,106800.0
29001347,52947.0,105423.0,106800.0
29001348,52947.0,106285.0,106800.0
29001349,52947.0,104560.0,107700.0
29001350,52947.0,106285.0,107700.0
29001351,52947.0,105423.0,107700.0
29001352,53722.0,98548.0,108600.0
29001353,53722.0,98548.0,106800.0
29001354,53722.0,98548.0,107700.0
29001355,52947.0,99381.0,108600.0
29001356,52947.0,100214.0,108600.0
29001357,52947.0,99381.0,106800.0
29001358,52947.0,100214.0,106800.0
29001359,52947.0,99381.0,107700.0
29001360,52947.0,100214.0,107700.0
29001361,52947.0,101931.0,108600.0
29001362,52947.0,102814.0,108600.0
29001363,52947.0,101931.0,106800.0
29001364,52947.0,102814.0,106800.0
29001365,52947.0,101931.0,107700.0
29001366,52947.0,102814.0,107700.0
29001367,53397.0,101048.0,108600.0
29001368,53397.0,101048.0,106800.0
29001369,53397.0,101048.0,107700.0
29001370,53397.0,107148.0,108600.0
29001371,53397.0,107148.0,106800.0
29001372,53397.0,107148.0,107700.0
29001373,56347.0,111328.0,108600.0
29001374,56347.0,112208.0,108600.0
29001375,56347.0,113088.0,108600.0
29001376,56347.0,111328.0,106800.0
29001377,56347.0,112208.0,106800.0
29001378,56347.0,113088.0,106800.0
29001379,56347.0,111328.0,107700.0
29001380,56347.0,113088.0,107700.0
29001381,56347.0,112208.0,107700.0
29001382,52947.0,111128.0,108400.0
29001383,52947.0,112058.0,108400.0
29001384,52947.0,112988.0,108400.0
29001385,52947.0,113918.0,108400.0
29001386,52947.0,111128.0,106733.0
29001387,52947.0,112058.0,106733.0
29001388,52947.0,112988.0,106733.0
29001389,52947.0,113918.0,106733.0
29001390,52947.0,111128.0,107566.0
29001391,52947.0,113918.0,107566.0
29001392,52947.0,112058.0,107566.0
29001393,52947.0,112988.0,107566.0
29001394,53622.0,114848.0,108400.0
29001395,54297.0,114848.0,108400.0
29001396,54300.0,114848.0,108950.0
29001397,54797.0,114848.0,108950.0
29001398,55297.0,114848.0,108950.0
29001399,55794.0,114848.0,108950.0
29001400,55797.0,114848.0,108400.0
29001401,53622.0,114848.0,106733.0
29001402,54297.0,114848.0,106733.0
29001403,55797.0,114848.0,106733.0
29001404,53622.0,114848.0,107566.0
29001405,55797.0,114848.0,107566.0
29001406,54797.0,114848.0,108400.0
29001407,54297.0,114848.0,107566.0
29001408,55297.0,114848.0,108400.0
29001409,61197.0,110448.0,108400.0
29001410,62047.0,110448.0,108400.0
29001411,62897.0,110448.0,108400.0
29001412,61197.0,110448.0,106733.0
29001413,62047.0,110448.0,106733.0
29001414,62897.0,110448.0,106733.0
29001415,61197.0,110448.0,107566.0
29001416,62897.0,110448.0,107566.0
29001417,62047.0,110448.0,107566.0
29001418,56347.0,106673.0,108600.0
29001419,56347.0,106673.0,106800.0
29001420,56347.0,106673.0,107700.0
29001421,56347.0,99381.0,108600.0
29001422,56347.0,100214.0,108600.0
29001423,56347.0,99381.0,106800.0
29001424,56347.0,100214.0,106800.0
29001425,56347.0,99381.0,107700.0
29001426,56347.0,100214.0,107700.0
29001427,63747.0,102064.0,108400.0
29001428,63747.0,103081.0,108400.0
29001429,63747.0,104098.0,108400.0
29001430,63747.0,105114.0,108400.0
29001431,63747.0,106131.0,108400.0
29001432,63747.0,102064.0,106733.0
29001433,63747.0,103081.0,106733.0
29001434,63747.0,104098.0,106733.0
29001435,63747.0,105114.0,106733.0
29001436,63747.0,106131.0,106733.0
29001437,63747.0,102064.0,107566.0
29001438,63747.0,106131.0,107566.0
29001439,63747.0,103081.0,107566.0
29001440,63747.0,104098.0,107566.0
29001441,63747.0,105114.0,107566.0
29001442,63747.0,99381.0,108400.0
29001443,63747.0,100214.0,108400.0
29001444,63747.0,99381.0,106733.0
29001445,63747.0,100214.0,106733.0
29001446,63747.0,99381.0,107566.0
29001447,63747.0,100214.0,107566.0
29001448,54680.0,101048.0,108600.0
29001449,55513.0,101048.0,108600.0
29001450,54680.0,101048.0,106800.0
29001451,55513.0,101048.0,106800.0
29001452,54680.0,101048.0,107700.0
29001453,55513.0,101048.0,107700.0
29001454,60822.0,98548.0,108400.0
29001455,61297.0,98548.0,108400.0
29001456,61300.0,98548.0,108950.0
29001457,61797.0,98548.0,108950.0
29001458,62297.0,98548.0,108950.0
29001459,62794.0,98548.0,108950.0
29001460,62797.0,98548.0,108400.0
29001461,63272.0,98548.0,108400.0
29001462,60822.0,98548.0,106733.0
29001463,61297.0,98548.0,106733.0
29001464,63272.0,98548.0,106733.0
29001465,62797.0,98548.0,106733.0
29001466,60822.0,98548.0,107566.0
29001467,63272.0,98548.0,107566.0
29001468,61797.0,98548.0,108400.0
29001469,61297.0,98548.0,107566.0
29001470,62297.0,98548.0,108400.0
29001471,62797.0,98548.0,107566.0
29001472,61197.0,101048.0,108400.0
29001473,62047.0,101048.0,108400.0
29001474,62897.0,101048.0,108400.0
29001475,61197.0,101048.0,106733.0
29001476,62047.0,101048.0,106733.0
29001477,62897.0,101048.0,106733.0
29001478,61197.0,101048.0,107566.0
29001479,62897.0,101048.0,107566.0
29001480,62047.0,101048.0,107566.0
29001481,111267.0,104698.0,108600.0
29001482,111267.0,105698.0,108600.0
29001483,111267.0,104698.0,106800.0
29001484,111267.0,105698.0,106800.0
29001485,111267.0,104698.0,107700.0
29001486,111267.0,105698.0,107700.0
29001487,108067.0,101048.0,108600.0
29001488,108067.0,101048.0,106800.0
29001489,108067.0,101048.0,107700.0
29001490,98867.0,114848.0,108600.0
29001491,98867.0,114848.0,106800.0
29001492,98867.0,114848.0,107700.0
29001493,108492.0,114848.0,108400.0
29001494,108495.0,114848.0,108950.0
29001495,108992.0,114848.0,108950.0
29001496,109492.0,114848.0,108950.0
29001497,109989.0,114848.0,108950.0
29001498,109992.0,114848.0,108400.0
29001499,108492.0,114848.0,106733.0
29001500,109992.0,114848.0,106733.0
29001501,108492.0,114848.0,107566.0
29001502,109992.0,114848.0,107566.0
29001503,108992.0,114848.0,108400.0
29001504,109492.0,114848.0,108400.0
29001505,107842.0,114848.0,108500.0
29001506,107842.0,114848.0,106766.0
29001507,107842.0,114848.0,107633.0
29001508,107467.0,114248.0,108500.0
29001509,107467.0,114248.0,106766.0
29001510,107467.0,114248.0,107633.0
29001511,111267.0,114248.0,108600.0
29001512,111267.0,114248.0,106800.0
29001513,111267.0,114248.0,107700.0
29001514,110767.0,114848.0,108500.0
29001515,110767.0,114848.0,106766.0
29001516,110767.0,114848.0,107633.0
29001517,110492.0,98548.0,108600.0
29001518,110492.0,98548.0,106800.0
29001519,110492.0,98548.0,107700.0
29001520,99067.0,98548.0,108600.0
29001521,100067.0,98548.0,108600.0
29001522,99067.0,98548.0,106800.0
29001523,100067.0,98548.0,106800.0
29001524,99067.0,98548.0,107700.0
29001525,100067.0,98548.0,107700.0
29001526,105733.0,98548.0,108600.0
29001527,106600.0,98548.0,108600.0
29001528,105733.0,98548.0,106800.0
29001529,106600.0,98548.0,106800.0
29001530,105733.0,98548.0,107700.0
29001531,106600.0,98548.0,107700.0
29001532,101067.0,99070.0,108600.0
29001533,101067.0,99070.0,106800.0
29001534,101067.0,99070.0,107700.0
29001535,104867.0,99070.0,108600.0
29001536,104867.0,99070.0,106800.0
29001537,104867.0,99070.0,107700.0
29001538,107467.0,99381.0,108600.0
29001539,107467.0,100214.0,108600.0
29001540,107467.0,99381.0,106800.0
29001541,107467.0,100214.0,106800.0
29001542,107467.0,99381.0,107700.0
29001543,107467.0,100214.0,107700.0
29001544,109517.0,101048.0,108600.0
29001545,109517.0,101048.0,106800.0
29001546,109517.0,101048.0,107700.0
29001547,110817.0,101048.0,108600.0
29001548,110817.0,101048.0,106800.0
29001549,110817.0,101048.0,107700.0
29001550,111267.0,99381.0,108600.0
29001551,111267.0,100214.0,108600.0
29001552,111267.0,99381.0,106800.0
29001553,111267.0,100214.0,106800.0
29001554,111267.0,99381.0,107700.0
29001555,111267.0,100214.0,107700.0
29001556,111267.0,101931.0,108600.0
29001557,111267.0,102814.0,108600.0
29001558,111267.0,101931.0,106800.0
29001559,111267.0,102814.0,106800.0
29001560,111267.0,101931.0,107700.0
29001561,111267.0,102814.0,107700.0
29001562,99067.0,107148.0,108600.0
29001563,100067.0,107148.0,108600.0
29001564,99067.0,107148.0,106800.0
29001565,100067.0,107148.0,106800.0
29001566,99067.0,107148.0,107700.0
29001567,100067.0,107148.0,107700.0
29001568,101067.0,106723.0,108600.0
29001569,101067.0,106723.0,106800.0
29001570,101067.0,106723.0,107700.0
29001571,104867.0,106723.0,108600.0
29001572,104867.0,106723.0,106800.0
29001573,104867.0,106723.0,107700.0
29001574,105733.0,107139.0,108900.0
29001575,106600.0,107131.0,108900.0
29001576,105733.0,107139.0,106800.0
29001577,106600.0,107131.0,106800.0
29001578,105733.0,107139.0,107700.0
29001579,106600.0,107131.0,107700.0
29001580,110817.0,107148.0,108699.0
29001581,110817.0,107148.0,106800.0
29001582,110817.0,107148.0,107700.0
29001583,104867.0,109345.0,108600.0
29001584,104867.0,109345.0,106800.0
29001585,104867.0,109345.0,107700.0
29001586,105733.0,108798.0,108900.0
29001587,106600.0,108798.0,108900.0
29001588,105733.0,108798.0,106800.0
29001589,106600.0,108798.0,106800.0
29001590,105733.0,108798.0,107700.0
29001591,106600.0,108798.0,107700.0
29001592,107467.0,109345.0,108600.0
29001593,107467.0,109345.0,106800.0
29001594,107467.0,109345.0,107700.0
29001595,98067.0,111448.0,108900.0
29001596,98067.0,112448.0,108900.0
29001597,98067.0,111448.0,106800.0
29001598,98067.0,112448.0,106800.0
29001599,98067.0,111448.0,107700.0
29001600,98067.0,112448.0,107700.0
29001601,100567.0,110448.0,108600.0
29001602,100567.0,110448.0,106800.0
29001603,100567.0,110448.0,107700.0
29001604,100367.0,113448.0,108900.0
29001605,100367.0,113448.0,106800.0
29001606,100367.0,113448.0,107700.0
29001607,101067.0,111448.0,108600.0
29001608,101067.0,112448.0,108600.0
29001609,101067.0,111448.0,106800.0
29001610,101067.0,112448.0,106800.0
29001611,101067.0,111448.0,107700.0
29001612,101067.0,112448.0,107700.0
29001613,98067.0,114148.0,108600.0
29001614,98067.0,114148.0,106800.0
29001615,98067.0,114148.0,107700.0
29001616,111267.0,111060.0,108600.0
29001617,111267.0,111923.0,108600.0
29001618,111267.0,112785.0,108600.0
29001619,111267.0,111060.0,106800.0
29001620,111267.0,111923.0,106800.0
29001621,111267.0,112785.0,106800.0
29001622,111267.0,111060.0,107700.0
29001623,111267.0,112785.0,107700.0
29001624,111267.0,111923.0,107700.0
29001625,100367.0,114848.0,108600.0
29001626,100367.0,114848.0,106800.0
29001627,100367.0,114848.0,107700.0
29001628,105733.0,114848.0,108600.0
29001629,106600.0,114848.0,108600.0
29001630,105733.0,114848.0,106800.0
29001631,106600.0,114848.0,106800.0
29001632,105733.0,114848.0,107700.0
29001633,106600.0,114848.0,107700.0
29001634,107467.0,106710.0,108600.0
29001635,107467.0,106710.0,106800.0
29001636,107467.0,106710.0,107700.0
29001637,98067.0,102481.0,108600.0
29001638,98067.0,103414.0,108600.0
29001639,98067.0,102481.0,106800.0
29001640,98067.0,103414.0,106800.0
29001641,98067.0,102481.0,107700.0
29001642,98067.0,103414.0,107700.0
29001643,98067.0,105281.0,108600.0
29001644,98067.0,106214.0,108600.0
29001645,98067.0,105281.0,106800.0
29001646,98067.0,106214.0,106800.0
29001647,98067.0,105281.0,107700.0
29001648,98067.0,106214.0,107700.0
29001649,104867.0,114248.0,108600.0
29001650,104867.0,114248.0,106800.0
29001651,104867.0,114248.0,107700.0
29001652,98067.0,99381.0,108600.0
29001653,98067.0,100214.0,108600.0
29001654,98067.0,100881.0,108600.0
29001655,98067.0,99381.0,106800.0
29001656,98067.0,100214.0,106800.0
29001657,98067.0,100881.0,106800.0
29001658,98067.0,99381.0,107700.0
29001659,98067.0,100881.0,107700.0
29001660,98067.0,100214.0,107700.0
29001661,24217.0,113842.0,109500.0
29001662,24217.0,112888.0,109500.0
29001663,24217.0,111942.0,109500.0
29001664,24217.0,110977.0,109500.0
29001665,24217.0,109999.0,109500.0
29001666,24217.0,109011.0,109500.0
29001667,24217.0,108071.0,109500.0
29001668,25167.0,113929.0,109500.0
29001669,25167.0,113007.0,109500.0
29001670,25167.0,112066.0,109500.0
29001671,25167.0,111102.0,109500.0
29001672,25167.0,110119.0,109500.0
29001673,25167.0,109126.0,109500.0
29001674,25167.0,108135.0,109500.0
29001675,26117.0,114015.0,109500.0
29001676,26117.0,113157.0,109500.0
29001677,26117.0,112223.0,109500.0
29001678,26117.0,111253.0,109500.0
29001679,26117.0,110256.0,109500.0
29001680,26117.0,109228.0,109500.0
29001681,26117.0,108189.0,109500.0
29001682,27767.0,114148.0,109500.0
29001683,29267.0,114148.0,109500.0
29001684,17833.0,112807.0,109500.0
29001685,17803.0,111978.0,109500.0
29001686,17814.0,109560.0,109500.0
29001687,17803.0,110360.0,109500.0
29001688,17797.0,111175.0,109500.0
29001689,18747.0,110499.0,109500.0
29001690,18711.0,111308.0,109500.0
29001691,18758.0,109644.0,109500.0
29001692,18725.0,111989.0,109500.0
29001693,18796.0,112799.0,109500.0
29001694,19605.0,111720.0,109500.0
29001695,19687.0,110724.0,109500.0
29001696,19711.0,109759.0,109500.0
29001697,19736.0,112715.0,109500.0
29001698,17727.0,107952.0,109500.0
29001699,18522.0,107951.0,109500.0
29001700,19173.0,107945.0,109500.0
29001701,19928.0,107945.0,109500.0
29001702,21533.0,107964.0,109500.0
29001703,22400.0,107968.0,109500.0
29001704,24217.0,106235.0,109500.0
29001705,24217.0,105296.0,109500.0
29001706,25167.0,106224.0,109500.0
29001707,25167.0,105289.0,109500.0
29001708,26117.0,106235.0,109500.0
29001709,26117.0,105296.0,109500.0
29001710,17733.0,100214.0,109500.0
29001711,17704.0,99381.0,109500.0
29001712,18596.0,100214.0,109500.0
29001713,18559.0,99381.0,109500.0
29001714,24217.0,103414.0,109500.0
29001715,24217.0,102481.0,109500.0
29001716,25167.0,103414.0,109500.0
29001717,25167.0,102481.0,109500.0
29001718,26117.0,103414.0,109500.0
29001719,26117.0,102481.0,109500.0
29001720,24217.0,100556.0,109500.0
29001721,24217.0,99559.0,109500.0
29001722,25167.0,100552.0,109500.0
29001723,25167.0,99553.0,109500.0
29001724,26117.0,100556.0,109500.0
29001725,26117.0,99559.0,109500.0
29001726,53835.0,107943.0,109500.0
29001727,54736.0,107923.0,109500.0
29001728,55602.0,107903.0,109500.0
29001729,109538.0,100214.0,109500.0
29001730,109574.0,99381.0,109500.0
29001731,110401.0,100214.0,109500.0
29001732,110429.0,99381.0,109500.0
29001733,98867.0,114148.0,109500.0
29001734,100367.0,114148.0,109500.0
29001735,108372.0,112745.0,109500.0
29001736,108436.0,111814.0,109500.0
29001737,108445.0,109786.0,109500.0
29001738,108536.0,110807.0,109500.0
29001739,109424.0,111113.0,109500.0
29001740,109371.0,111930.0,109500.0
29001741,109425.0,110435.0,109500.0
29001742,109388.0,109627.0,109500.0
29001743,109326.0,112783.0,109500.0
29001744,110341.0,110329.0,109500.0
29001745,110337.0,111124.0,109500.0
29001746,110328.0,109547.0,109500.0
29001747,110293.0,112795.0,109500.0
29001748,110320.0,111948.0,109500.0
29001749,101998.0,100556.0,109500.0
29001750,101962.0,99558.0,109500.0
29001751,102940.0,100552.0,109500.0
29001752,102881.0,99553.0,109500.0
29001753,103898.0,100556.0,109500.0
29001754,103862.0,99559.0,109500.0
29001755,108205.0,107945.0,109500.0
29001756,108960.0,107945.0,109500.0
29001757,109611.0,107951.0,109500.0
29001758,110406.0,107952.0,109500.0
29001759,102017.0,106235.0,109500.0
29001760,102017.0,105296.0,109500.0
29001761,102967.0,106224.0,109500.0
29001762,102967.0,105289.0,109500.0
29001763,103917.0,106235.0,109500.0
29001764,103917.0,105296.0,109500.0
29001765,101960.0,114011.0,109500.0
29001766,101992.0,113153.0,109500.0
29001767,102002.0,112222.0,109500.0
29001768,102007.0,111252.0,109500.0
29001769,102010.0,110256.0,109500.0
29001770,102012.0,109228.0,109500.0
29001771,102014.0,108190.0,109500.0
29001772,102877.0,113924.0,109500.0
29001773,102929.0,113003.0,109500.0
29001774,102946.0,112064.0,109500.0
29001775,102953.0,111102.0,109500.0
29001776,102957.0,110120.0,109500.0
29001777,102960.0,109127.0,109500.0
29001778,102963.0,108135.0,109500.0
29001779,103858.0,113839.0,109500.0
29001780,103890.0,112886.0,109500.0
29001781,103902.0,111941.0,109500.0
29001782,103907.0,110977.0,109500.0
29001783,103910.0,110000.0,109500.0
29001784,103912.0,109011.0,109500.0
29001785,103914.0,108072.0,109500.0
29001786,102017.0,103414.0,109500.0
29001787,102017.0,102481.0,109500.0
29001788,102967.0,103414.0,109500.0
29001789,102967.0,102481.0,109500.0
29001790,103917.0,103414.0,109500.0
29001791,103917.0,102481.0,109500.0
29001792,105733.0,107968.0,109500.0
29001793,106600.0,107964.0,109500.0
30000001,23267.0,114848.0,113100.0
30000002,27067.0,114848.0,113100.0
30000003,20667.0,114848.0,113100.0
30000004,30067.0,114848.0,113100.0
30000005,27067.0,113448.0,113100.0
30000006,27067.0,110448.0,113100.0
30000007,30067.0,113448.0,113100.0
30000008,20667.0,111848.0,113100.0
30000009,20667.0,108798.0,113100.0
30000010,23267.0,111848.0,113100.0
30000011,16867.0,108748.0,113100.0
30000012,23267.0,108798.0,113100.0
30000013,16867.0,107148.0,113100.0
30000014,30067.0,107148.0,113100.0
30000015,23267.0,107148.0,113100.0
30000016,20667.0,107123.0,113100.0
30000017,27067.0,107148.0,113100.0
30000018,16867.0,101048.0,113100.0
30000019,17767.0,107148.0,113100.0
30000020,17767.0,101048.0,113100.0
30000021,20667.0,104348.0,113100.0
30000022,23267.0,104348.0,113100.0
30000023,27067.0,104348.0,113100.0
30000024,20667.0,101548.0,113100.0
30000025,20667.0,101048.0,113100.0
30000026,23267.0,101548.0,113100.0
30000027,27067.0,101548.0,113100.0
30000028,20667.0,98548.0,113100.0
30000029,23267.0,98548.0,113100.0
30000030,27067.0,98548.0,113100.0
30000031,16867.0,110198.0,113100.0
30000032,30067.0,110448.0,113100.0
30000033,23267.0,109893.0,113100.0
30000034,28067.0,110448.0,113100.0
30000035,23267.0,106298.0,113100.0
30000036,27067.0,106298.0,113100.0
30000037,20167.0,107098.0,113100.0
30000038,23267.0,99593.0,113100.0
30000039,27067.0,99593.0,113100.0
30000040,18417.0,98548.0,113100.0
30000041,20667.0,113648.0,113100.0
30000042,16867.0,113648.0,113100.0
30000043,19917.0,113648.0,113100.0
30000044,19917.0,114848.0,113100.0
30000045,17867.0,113648.0,113100.0
30000046,17867.0,114848.0,113100.0
30000047,28467.0,113448.0,113100.0
30000048,28467.0,114848.0,113100.0
30000049,19467.0,98548.0,113100.0
30000050,19467.0,101048.0,113100.0
30000051,17767.0,103698.0,113100.0
30000052,16867.0,103698.0,113100.0
30000053,20667.0,106298.0,113100.0
30000054,23267.0,113648.0,113100.0
30000055,20667.0,109893.0,113100.0
30000056,4867.0,114848.0,113100.0
30000057,4867.0,106698.0,113100.0
30000058,4867.0,98548.0,113100.0
30000059,4867.0,87098.0,113100.0
30000060,4867.0,126298.0,113100.0
30000061,9467.0,126348.0,113100.0
30000062,13067.0,126348.0,113100.0
30000063,124067.0,114848.0,113100.0
30000064,124067.0,106698.0,113100.0
30000065,124067.0,98548.0,113100.0
30000066,124067.0,87098.0,113100.0
30000067,124067.0,126298.0,113100.0
30000068,30067.0,98548.0,113100.0
30000069,30067.0,104348.0,113100.0
30000070,30067.0,101548.0,113100.0
30000071,13067.0,87048.0,113100.0
30000072,9467.0,87048.0,113100.0
30000073,63747.0,110448.0,113100.0
30000074,60347.0,101048.0,113100.0
30000075,60347.0,107048.0,113100.0
30000076,63747.0,107148.0,113100.0
30000077,52947.0,114848.0,113100.0
30000078,56347.0,108748.0,113100.0
30000079,52947.0,103698.0,113100.0
30000080,53847.0,103698.0,113100.0
30000081,54497.0,98548.0,113100.0
30000082,56347.0,110448.0,113100.0
30000083,52947.0,110198.0,113100.0
30000084,56347.0,113448.0,113100.0
30000085,52947.0,101048.0,113100.0
30000086,53847.0,101048.0,113100.0
30000087,53847.0,107148.0,113100.0
30000088,52947.0,107148.0,113100.0
30000089,56347.0,107048.0,113100.0
30000090,52947.0,108748.0,113100.0
30000091,56347.0,101548.0,113100.0
30000092,55947.0,107048.0,113100.0
30000093,56347.0,106298.0,113100.0
30000094,60347.0,110448.0,113100.0
30000095,56347.0,104348.0,113100.0
30000096,56347.0,101048.0,113100.0
30000097,63747.0,101048.0,113100.0
30000098,52947.0,98548.0,113100.0
30000099,60347.0,104348.0,113100.0
30000100,119800.0,87048.0,113100.0
30000101,115533.0,87048.0,113100.0
30000102,111267.0,103698.0,113100.0
30000103,110367.0,103698.0,113100.0
30000104,108667.0,101048.0,113100.0
30000105,108667.0,98548.0,113100.0
30000106,99667.0,114848.0,113100.0
30000107,99667.0,113448.0,113100.0
30000108,110267.0,114848.0,113100.0
30000109,110267.0,113648.0,113100.0
30000110,108217.0,114848.0,113100.0
30000111,108217.0,113648.0,113100.0
30000112,111267.0,113648.0,113100.0
30000113,107467.0,113648.0,113100.0
30000114,109717.0,98548.0,113100.0
30000115,101067.0,99593.0,113100.0
30000116,104867.0,99593.0,113100.0
30000117,107967.0,107098.0,113100.0
30000118,101067.0,106298.0,113100.0
30000119,104867.0,106298.0,113100.0
30000120,100067.0,110448.0,113100.0
30000121,104867.0,109893.0,113100.0
30000122,98067.0,110448.0,113100.0
30000123,111267.0,110198.0,113100.0
30000124,101067.0,98548.0,113100.0
30000125,104867.0,98548.0,113100.0
30000126,107467.0,98548.0,113100.0
30000127,101067.0,101548.0,113100.0
30000128,104867.0,101548.0,113100.0
30000129,107467.0,101048.0,113100.0
30000130,107467.0,101548.0,113100.0
30000131,101067.0,104348.0,113100.0
30000132,104867.0,104348.0,113100.0
30000133,107467.0,104348.0,113100.0
30000134,110367.0,101048.0,113100.0
30000135,110367.0,107148.0,113100.0
30000136,111267.0,101048.0,113100.0
30000137,101067.0,107148.0,113100.0
30000138,107467.0,107123.0,113100.0
30000139,104867.0,107148.0,113100.0
30000140,98067.0,107148.0,113100.0
30000141,111267.0,107148.0,113100.0
30000142,104867.0,108798.0,113100.0
30000143,111267.0,108748.0,113100.0
30000144,104867.0,111848.0,113100.0
30000145,107467.0,108798.0,113100.0
30000146,107467.0,111848.0,113100.0
30000147,98067.0,113448.0,113100.0
30000148,101067.0,110448.0,113100.0
30000149,101067.0,113448.0,113100.0
30000150,98067.0,114848.0,113100.0
30000151,107467.0,114848.0,113100.0
30000152,101067.0,114848.0,113100.0
30000153,104867.0,114848.0,113100.0
30000154,107467.0,106298.0,113100.0
30000155,98067.0,101548.0,113100.0
30000156,98067.0,104348.0,113100.0
30000157,107467.0,109893.0,113100.0
30000158,104867.0,113648.0,113100.0
30000159,98067.0,98548.0,113100.0
30000160,56347.0,98548.0,113100.0
30000161,63747.0,98548.0,113100.0
30000162,56347.0,114848.0,113100.0
30000163,63747.0,114848.0,113100.0
30000164,60347.0,98548.0,113100.0
30000165,60347.0,114848.0,113100.0
30000166,16867.0,126298.0,113100.0
30000167,16867.0,87098.0,113100.0
30000168,16867.0,106698.0,113100.0
30000169,30067.0,87098.0,113100.0
30000170,30067.0,126298.0,113100.0
30000171,16867.0,114848.0,113100.0
30000172,16867.0,98548.0,113100.0
30000173,111267.0,87098.0,113100.0
30000174,111267.0,126298.0,113100.0
30000175,98067.0,87098.0,113100.0
30000176,98067.0,126298.0,113100.0
30000177,111267.0,106698.0,113100.0
30000178,111267.0,114848.0,113100.0
30000179,111267.0,98548.0,113100.0
30000180,41507.0,87098.0,113100.0
30000181,41507.0,126298.0,113100.0
30000182,52947.0,87098.0,113100.0
30000183,52947.0,126298.0,113100.0
30000184,75187.0,87098.0,113100.0
30000185,75187.0,126298.0,113100.0
30000186,86627.0,126298.0,113100.0
30000187,86627.0,87098.0,113100.0
30000188,102700.0,87048.0,113100.0
30000189,102700.0,98548.0,113100.0
30000190,102700.0,126348.0,113100.0
30000191,102700.0,114848.0,113100.0
30000192,107467.0,87048.0,113100.0
30000193,107467.0,126348.0,113100.0
30000194,119800.0,126348.0,113100.0
30000195,115533.0,126348.0,113100.0
30000196,92347.0,126348.0,113100.0
30000197,92347.0,87048.0,113100.0
30000198,80907.0,126348.0,113100.0
30000199,80907.0,87048.0,113100.0
30000200,69467.0,126348.0,113100.0
30000201,69467.0,87048.0,113100.0
30000202,47227.0,126348.0,113100.0
30000203,47227.0,87048.0,113100.0
30000204,35787.0,126348.0,113100.0
30000205,35787.0,87048.0,113100.0
30000206,58347.0,114848.0,113100.0
30000207,58347.0,126348.0,113100.0
30000208,58347.0,98548.0,113100.0
30000209,58347.0,87048.0,113100.0
30000210,20667.0,87048.0,113100.0
30000211,25167.0,98548.0,113100.0
30000212,25167.0,87048.0,113100.0
30000213,25167.0,114848.0,113100.0
30000214,25167.0,126348.0,113100.0
30000215,20667.0,126348.0,113100.0
30000216,119800.0,106698.0,113100.0
30000217,119800.0,98548.0,113100.0
30000218,119800.0,114848.0,113100.0
30000219,115533.0,106698.0,113100.0
30000220,115533.0,98548.0,113100.0
30000221,115533.0,114848.0,113100.0
30000222,92347.0,107148.0,113100.0
30000223,92347.0,98548.0,113100.0
30000224,92347.0,114848.0,113100.0
30000225,80907.0,107148.0,113100.0
30000226,80907.0,98548.0,113100.0
30000227,80907.0,114848.0,113100.0
30000228,69467.0,107148.0,113100.0
30000229,69467.0,98548.0,113100.0
30000230,69467.0,114848.0,113100.0
30000231,47227.0,107148.0,113100.0
30000232,47227.0,98548.0,113100.0
30000233,47227.0,114848.0,113100.0
30000234,35787.0,107148.0,113100.0
30000235,35787.0,98548.0,113100.0
30000236,35787.0,114848.0,113100.0
30000237,41507.0,107148.0,113100.0
30000238,75187.0,107148.0,113100.0
30000239,86627.0,107148.0,113100.0
30000240,13067.0,106698.0,113100.0
30000241,9467.0,106698.0,113100.0
30000242,75187.0,98548.0,113100.0
30000243,86627.0,98548.0,113100.0
30000244,41507.0,98548.0,113100.0
30000245,13067.0,98548.0,113100.0
30000246,9467.0,98548.0,113100.0
30000247,75187.0,114848.0,113100.0
30000248,86627.0,114848.0,113100.0
30000249,41507.0,114848.0,113100.0
30000250,13067.0,114848.0,113100.0
30000251,9467.0,114848.0,113100.0
30000252,63747.0,126298.0,113100.0
30000253,63747.0,87098.0,113100.0
30000254,16867.0,108748.0,112299.0
30000255,16867.0,110198.0,112299.0
30000256,27067.0,113448.0,112500.0
30000257,27067.0,114848.0,112500.0
30000258,20667.0,107123.0,112500.0
30000259,20667.0,108798.0,112500.0
30000260,28067.0,110448.0,112500.0
30000261,30067.0,110448.0,112500.0
30000262,16867.0,107148.0,112299.0
30000263,23267.0,107148.0,112500.0
30000264,23267.0,108798.0,112500.0
30000265,17767.0,107148.0,112400.0
30000266,20167.0,107098.0,112400.0
30000267,18417.0,98548.0,112299.0
30000268,19467.0,98548.0,112299.0
30000269,28467.0,113448.0,112500.0
30000270,30067.0,113448.0,112500.0
30000271,20667.0,98548.0,112299.0
30000272,56347.0,113448.0,112400.0
30000273,56347.0,114848.0,112400.0
30000274,53847.0,107148.0,112400.0
30000275,55947.0,107048.0,112400.0
30000276,54497.0,98548.0,112299.0
30000277,56347.0,98548.0,112299.0
30000278,107467.0,98548.0,112299.0
30000279,108667.0,98548.0,112299.0
30000280,98067.0,113448.0,112500.0
30000281,99667.0,113448.0,112500.0
30000282,107967.0,107098.0,112400.0
30000283,110367.0,107148.0,112400.0
30000284,104867.0,107148.0,112500.0
30000285,104867.0,108798.0,112500.0
30000286,111267.0,107148.0,112299.0
30000287,111267.0,108748.0,112299.0
30000288,107467.0,107123.0,112500.0
30000289,107467.0,108798.0,112500.0
30000290,101067.0,113448.0,112500.0
30000291,101067.0,114848.0,112500.0
30000292,111267.0,110198.0,112299.0
30000293,98067.0,110448.0,112500.0
30000294,100067.0,110448.0,112500.0
30000295,109717.0,98548.0,112299.0
30000296,17367.0,114848.0,113100.0
30000297,21533.0,114848.0,113100.0
30000298,22400.0,114848.0,113100.0
30000299,27767.0,114848.0,113100.0
30000300,16867.0,111060.0,113100.0
30000301,16867.0,111923.0,113100.0
30000302,16867.0,112785.0,113100.0
30000303,16867.0,109110.0,113100.0
30000304,16867.0,109473.0,113100.0
30000305,16867.0,109835.0,113100.0
30000306,27067.0,113798.0,113100.0
30000307,27067.0,114148.0,113100.0
30000308,27067.0,114498.0,113100.0
30000309,30067.0,114148.0,113100.0
30000310,27067.0,111448.0,113099.0
30000311,27067.0,112448.0,113100.0
30000312,27767.0,113448.0,113100.0
30000313,27567.0,110448.0,113100.0
30000314,30067.0,111448.0,113099.0
30000315,30067.0,112448.0,113100.0
30000316,20667.0,109345.0,113100.0
30000317,20667.0,107541.0,113100.0
30000318,20667.0,107960.0,113100.0
30000319,20667.0,108379.0,113100.0
30000320,21533.0,108798.0,113100.0
30000321,22400.0,108798.0,113100.0
30000322,23267.0,109345.0,113100.0
30000323,28567.0,110448.0,113100.0
30000324,29067.0,110448.0,113100.0
30000325,29567.0,110448.0,113100.0
30000326,16867.0,107548.0,113100.0
30000327,16867.0,107948.0,113100.0
30000328,16867.0,108348.0,113100.0
30000329,23267.0,107560.0,113100.0
30000330,23267.0,107973.0,113100.0
30000331,23267.0,108385.0,113100.0
30000332,17317.0,107148.0,113100.0
30000333,21533.0,107131.0,113100.0
30000334,22400.0,107139.0,113100.0
30000335,23267.0,106723.0,113100.0
30000336,27067.0,106723.0,113100.0
30000337,28067.0,107148.0,113099.0
30000338,29067.0,107148.0,113100.0
30000339,16867.0,101931.0,113100.0
30000340,16867.0,102814.0,113100.0
30000341,16867.0,99381.0,113100.0
30000342,16867.0,100214.0,113100.0
30000343,17317.0,101048.0,113100.0
30000344,18167.0,107139.0,113100.0
30000345,18567.0,107131.0,113099.0
30000346,18967.0,107123.0,113100.0
30000347,19367.0,107114.0,113100.0
30000348,19767.0,107106.0,113100.0
30000349,18617.0,101048.0,113100.0
30000350,20667.0,99381.0,113100.0
30000351,20667.0,100214.0,113100.0
30000352,17642.0,98548.0,113100.0
30000353,18942.0,98548.0,113100.0
30000354,21533.0,98548.0,113100.0
30000355,22400.0,98548.0,113100.0
30000356,23267.0,99070.0,113100.0
30000357,27067.0,99070.0,113100.0
30000358,28067.0,98548.0,113099.0
30000359,29067.0,98548.0,113100.0
30000360,16867.0,114248.0,113100.0
30000361,20667.0,114248.0,113100.0
30000362,20292.0,114848.0,113100.0
30000363,18142.0,114848.0,113100.0
30000364,18642.0,114848.0,113099.0
30000365,19142.0,114848.0,113100.0
30000366,19642.0,114848.0,113100.0
30000367,29267.0,114848.0,113100.0
30000368,28867.0,113448.0,113100.0
30000369,29267.0,113448.0,113100.0
30000370,29667.0,113448.0,113100.0
30000371,20067.0,101048.0,113100.0
30000372,20067.0,98548.0,113100.0
30000373,16867.0,104698.0,113099.0
30000374,16867.0,105698.0,113100.0
30000375,20667.0,106710.0,113100.0
30000376,23267.0,114248.0,113100.0
30000377,30067.0,99381.0,113100.0
30000378,30067.0,100214.0,113100.0
30000379,30067.0,100881.0,113100.0
30000380,30067.0,105281.0,113100.0
30000381,30067.0,106214.0,113100.0
30000382,30067.0,102481.0,113100.0
30000383,30067.0,103414.0,113100.0
30000384,60347.0,101873.0,113100.0
30000385,60347.0,102698.0,113100.0
30000386,60347.0,103523.0,113100.0
30000387,63747.0,111328.0,113100.0
30000388,63747.0,112208.0,113100.0
30000389,63747.0,113088.0,113100.0
30000390,63747.0,113968.0,113100.0
30000391,61022.0,114848.0,113100.0
30000392,61697.0,114848.0,113100.0
30000393,62197.0,114848.0,113099.0
30000394,62697.0,114848.0,113100.0
30000395,63197.0,114848.0,113100.0
30000396,52947.0,104560.0,113100.0
30000397,52947.0,105423.0,113100.0
30000398,52947.0,106285.0,113100.0
30000399,53722.0,98548.0,113100.0
30000400,52947.0,99381.0,113100.0
30000401,52947.0,100214.0,113100.0
30000402,52947.0,101931.0,113100.0
30000403,52947.0,102814.0,113100.0
30000404,53397.0,101048.0,113100.0
30000405,53397.0,107148.0,113100.0
30000406,56347.0,111328.0,113100.0
30000407,56347.0,112208.0,113100.0
30000408,56347.0,113088.0,113100.0
30000409,56347.0,113798.0,113100.0
30000410,56347.0,114148.0,113100.0
30000411,56347.0,114498.0,113100.0
30000412,52947.0,111128.0,113100.0
30000413,52947.0,112058.0,113100.0
30000414,52947.0,112988.0,113100.0
30000415,52947.0,113918.0,113100.0
30000416,53622.0,114848.0,113100.0
30000417,54297.0,114848.0,113100.0
30000418,54797.0,114848.0,113099.0
30000419,55297.0,114848.0,113100.0
30000420,55797.0,114848.0,113100.0
30000421,54372.0,107123.0,113100.0
30000422,54897.0,107098.0,113100.0
30000423,55422.0,107073.0,113100.0
30000424,61197.0,110448.0,113100.0
30000425,62047.0,110448.0,113100.0
30000426,62897.0,110448.0,113100.0
30000427,56347.0,106673.0,113100.0
30000428,56347.0,99381.0,113100.0
30000429,56347.0,100214.0,113100.0
30000430,54959.0,98548.0,113100.0
30000431,55422.0,98548.0,113100.0
30000432,55884.0,98548.0,113100.0
30000433,63747.0,102064.0,113100.0
30000434,63747.0,103081.0,113100.0
30000435,63747.0,104098.0,113100.0
30000436,63747.0,105114.0,113100.0
30000437,63747.0,106131.0,113100.0
30000438,63747.0,99381.0,113100.0
30000439,63747.0,100214.0,113100.0
30000440,54680.0,101048.0,113100.0
30000441,55513.0,101048.0,113100.0
30000442,60822.0,98548.0,113100.0
30000443,61297.0,98548.0,113099.0
30000444,61797.0,98548.0,113099.0
30000445,62297.0,98548.0,113100.0
30000446,62797.0,98548.0,113100.0
30000447,63272.0,98548.0,113100.0
30000448,61197.0,101048.0,113100.0
30000449,62047.0,101048.0,113100.0
30000450,62897.0,101048.0,113100.0
30000451,111267.0,104698.0,113099.0
30000452,111267.0,105698.0,113100.0
30000453,108067.0,98548.0,113100.0
30000454,108067.0,101048.0,113100.0
30000455,98467.0,113448.0,113100.0
30000456,98867.0,113448.0,113100.0
30000457,99267.0,113448.0,113100.0
30000458,98867.0,114848.0,113100.0
30000459,108492.0,114848.0,113100.0
30000460,108992.0,114848.0,113099.0
30000461,109492.0,114848.0,113100.0
30000462,109992.0,114848.0,113100.0
30000463,107842.0,114848.0,113100.0
30000464,107467.0,114248.0,113100.0
30000465,111267.0,114248.0,113100.0
30000466,110767.0,114848.0,113100.0
30000467,110492.0,98548.0,113100.0
30000468,99067.0,98548.0,113099.0
30000469,100067.0,98548.0,113100.0
30000470,105733.0,98548.0,113100.0
30000471,106600.0,98548.0,113100.0
30000472,101067.0,99070.0,113100.0
30000473,104867.0,99070.0,113100.0
30000474,107467.0,99381.0,113100.0
30000475,107467.0,100214.0,113100.0
30000476,109517.0,101048.0,113100.0
30000477,108367.0,107106.0,113100.0
30000478,108767.0,107114.0,113099.0
30000479,109167.0,107123.0,113100.0
30000480,109567.0,107131.0,113100.0
30000481,109967.0,107139.0,113100.0
30000482,110817.0,101048.0,113100.0
30000483,111267.0,99381.0,113100.0
30000484,111267.0,100214.0,113100.0
30000485,111267.0,101931.0,113100.0
30000486,111267.0,102814.0,113100.0
30000487,99067.0,107148.0,113099.0
30000488,100067.0,107148.0,113100.0
30000489,101067.0,106723.0,113100.0
30000490,104867.0,106723.0,113100.0
30000491,105733.0,107139.0,113100.0
30000492,106600.0,107131.0,113100.0
30000493,110817.0,107148.0,113100.0
30000494,104867.0,107560.0,113100.0
30000495,104867.0,107973.0,113100.0
30000496,104867.0,108385.0,113100.0
30000497,111267.0,107548.0,113100.0
30000498,111267.0,107948.0,113100.0
30000499,111267.0,108348.0,113100.0
30000500,104867.0,109345.0,113100.0
30000501,105733.0,108798.0,113100.0
30000502,106600.0,108798.0,113100.0
30000503,107467.0,107541.0,113100.0
30000504,107467.0,107960.0,113100.0
30000505,107467.0,108379.0,113100.0
30000506,107467.0,109345.0,113100.0
30000507,98067.0,111448.0,113099.0
30000508,98067.0,112448.0,113100.0
30000509,100567.0,110448.0,113100.0
30000510,100367.0,113448.0,113100.0
30000511,101067.0,111448.0,113099.0
30000512,101067.0,112448.0,113100.0
30000513,98067.0,114148.0,113100.0
30000514,101067.0,113798.0,113100.0
30000515,101067.0,114148.0,113100.0
30000516,101067.0,114498.0,113100.0
30000517,111267.0,109110.0,113100.0
30000518,111267.0,109473.0,113100.0
30000519,111267.0,109835.0,113100.0
30000520,111267.0,111060.0,113100.0
30000521,111267.0,111923.0,113100.0
30000522,111267.0,112785.0,113100.0
30000523,100367.0,114848.0,113100.0
30000524,105733.0,114848.0,113100.0
30000525,106600.0,114848.0,113100.0
30000526,107467.0,106710.0,113100.0
30000527,98067.0,102481.0,113100.0
30000528,98067.0,103414.0,113100.0
30000529,98067.0,105281.0,113100.0
30000530,98067.0,106214.0,113100.0
30000531,104867.0,114248.0,113100.0
30000532,98067.0,99381.0,113100.0
30000533,98067.0,100214.0,113100.0
30000534,98067.0,100881.0,113100.0
30000535,98567.0,110448.0,113100.0
30000536,99067.0,110448.0,113100.0
30000537,99567.0,110448.0,113100.0
30000538,109192.0,98548.0,113100.0
30000539,16867.0,114848.0,112000.0
30000540,16867.0,114848.0,111166.0
30000541,16867.0,114848.0,110333.0
30000542,17867.0,114848.0,112000.0
30000543,17867.0,114848.0,111166.0
30000544,17867.0,114848.0,110333.0
30000545,20667.0,114848.0,112000.0
30000546,20667.0,114848.0,111166.0
30000547,20667.0,114848.0,110333.0
30000548,23267.0,114848.0,112100.0
30000549,23267.0,114848.0,111233.0
30000550,23267.0,114848.0,110366.0
30000551,28467.0,114848.0,112200.0
30000552,28467.0,114848.0,111300.0
30000553,28467.0,114848.0,110400.0
30000554,27067.0,110448.0,112200.0
30000555,27067.0,110448.0,111300.0
30000556,27067.0,110448.0,110400.0
30000557,20667.0,109893.0,112200.0
30000558,20667.0,109893.0,111300.0
30000559,20667.0,109893.0,110400.0
30000560,16867.0,113648.0,112000.0
30000561,16867.0,113648.0,111166.0
30000562,16867.0,113648.0,110333.0
30000563,23267.0,109893.0,112200.0
30000564,23267.0,109893.0,111300.0
30000565,23267.0,109893.0,110400.0
30000566,16867.0,106698.0,112200.0
30000567,16867.0,106698.0,111300.0
30000568,16867.0,106698.0,110400.0
30000569,23267.0,106298.0,112200.0
30000570,23267.0,106298.0,111300.0
30000571,23267.0,106298.0,110400.0
30000572,27067.0,106298.0,112200.0
30000573,27067.0,106298.0,111300.0
30000574,27067.0,106298.0,110400.0
30000575,27067.0,107148.0,112200.0
30000576,27067.0,107148.0,111300.0
30000577,27067.0,107148.0,110400.0
30000578,16867.0,101048.0,112200.0
30000579,16867.0,101048.0,111300.0
30000580,16867.0,101048.0,110400.0
30000581,16867.0,103698.0,112200.0
30000582,16867.0,103698.0,111300.0
30000583,16867.0,103698.0,110400.0
30000584,16867.0,98548.0,112200.0
30000585,16867.0,98548.0,111300.0
30000586,16867.0,98548.0,110400.0
30000587,17767.0,101048.0,112200.0
30000588,17767.0,101048.0,111300.0
30000589,17767.0,101048.0,110400.0
30000590,19467.0,101048.0,112200.0
30000591,19467.0,101048.0,111300.0
30000592,19467.0,101048.0,110400.0
30000593,20667.0,101048.0,112200.0
30000594,20667.0,101048.0,111300.0
30000595,20667.0,101048.0,110400.0
30000596,23267.0,98548.0,112200.0
30000597,23267.0,98548.0,111300.0
30000598,23267.0,98548.0,110400.0
30000599,23267.0,99593.0,112200.0
30000600,23267.0,99593.0,111300.0
30000601,23267.0,99593.0,110400.0
30000602,27067.0,98548.0,112200.0
30000603,27067.0,98548.0,111300.0
30000604,27067.0,98548.0,110400.0
30000605,27067.0,99593.0,112200.0
30000606,27067.0,99593.0,111300.0
30000607,27067.0,99593.0,110400.0
30000608,30067.0,98548.0,112200.0
30000609,30067.0,98548.0,111300.0
30000610,30067.0,98548.0,110400.0
30000611,19917.0,114848.0,112000.0
30000612,19917.0,114848.0,111166.0
30000613,19917.0,114848.0,110333.0
30000614,30067.0,114848.0,112200.0
30000615,30067.0,114848.0,111300.0
30000616,30067.0,114848.0,110400.0
30000617,20667.0,106298.0,112200.0
30000618,20667.0,106298.0,111300.0
30000619,20667.0,106298.0,110400.0
30000620,20667.0,113648.0,112000.0
30000621,20667.0,113648.0,111166.0
30000622,20667.0,113648.0,110333.0
30000623,23267.0,113648.0,112200.0
30000624,23267.0,113648.0,111300.0
30000625,23267.0,113648.0,110400.0
30000626,20667.0,101548.0,112200.0
30000627,20667.0,101548.0,111300.0
30000628,20667.0,101548.0,110400.0
30000629,30067.0,107148.0,112200.0
30000630,30067.0,107148.0,111300.0
30000631,30067.0,107148.0,110400.0
30000632,30067.0,104348.0,112200.0
30000633,30067.0,104348.0,111300.0
30000634,30067.0,104348.0,110400.0
30000635,30067.0,101548.0,112200.0
30000636,30067.0,101548.0,111300.0
30000637,30067.0,101548.0,110400.0
30000638,60347.0,101048.0,112000.0
30000639,60347.0,101048.0,111166.0
30000640,60347.0,101048.0,110333.0
30000641,60347.0,104348.0,112000.0
30000642,60347.0,104348.0,111166.0
30000643,60347.0,104348.0,110333.0
30000644,63747.0,110448.0,112000.0
30000645,63747.0,110448.0,111166.0
30000646,63747.0,110448.0,110333.0
30000647,63747.0,114848.0,112000.0
30000648,63747.0,114848.0,111166.0
30000649,63747.0,114848.0,110333.0
30000650,60347.0,114848.0,112000.0
30000651,60347.0,114848.0,111166.0
30000652,60347.0,114848.0,110333.0
30000653,52947.0,103698.0,112200.0
30000654,52947.0,103698.0,111300.0
30000655,52947.0,103698.0,110400.0
30000656,52947.0,107148.0,112200.0
30000657,52947.0,107148.0,111300.0
30000658,52947.0,107148.0,110400.0
30000659,52947.0,98548.0,112200.0
30000660,52947.0,98548.0,111300.0
30000661,52947.0,98548.0,110400.0
30000662,52947.0,101048.0,112200.0
30000663,52947.0,101048.0,111300.0
30000664,52947.0,101048.0,110400.0
30000665,53847.0,101048.0,112200.0
30000666,53847.0,101048.0,111300.0
30000667,53847.0,101048.0,110400.0
30000668,56347.0,107048.0,112200.0
30000669,56347.0,107048.0,111300.0
30000670,56347.0,107048.0,110400.0
30000671,56347.0,110448.0,112200.0
30000672,56347.0,110448.0,111300.0
30000673,56347.0,110448.0,110400.0
30000674,52947.0,110198.0,112000.0
30000675,52947.0,110198.0,111166.0
30000676,52947.0,110198.0,110333.0
30000677,52947.0,114848.0,112000.0
30000678,52947.0,114848.0,111166.0
30000679,52947.0,114848.0,110333.0
30000680,60347.0,110448.0,112000.0
30000681,60347.0,110448.0,111166.0
30000682,60347.0,110448.0,110333.0
30000683,56347.0,106298.0,112200.0
30000684,56347.0,106298.0,111300.0
30000685,56347.0,106298.0,110400.0
30000686,56347.0,101048.0,112200.0
30000687,56347.0,101048.0,111300.0
30000688,56347.0,101048.0,110400.0
30000689,56347.0,101548.0,112200.0
30000690,56347.0,101548.0,111300.0
30000691,56347.0,101548.0,110400.0
30000692,63747.0,101048.0,112000.0
30000693,63747.0,101048.0,111166.0
30000694,63747.0,101048.0,110333.0
30000695,63747.0,107148.0,112000.0
30000696,63747.0,107148.0,111166.0
30000697,63747.0,107148.0,110333.0
30000698,63747.0,98548.0,112000.0
30000699,63747.0,98548.0,111166.0
30000700,63747.0,98548.0,110333.0
30000701,60347.0,98548.0,112000.0
30000702,60347.0,98548.0,111166.0
30000703,60347.0,98548.0,110333.0
30000704,111267.0,103698.0,112200.0
30000705,111267.0,103698.0,111300.0
30000706,111267.0,103698.0,110400.0
30000707,111267.0,106698.0,112200.0
30000708,111267.0,106698.0,111300.0
30000709,111267.0,106698.0,110400.0
30000710,107467.0,101048.0,112200.0
30000711,107467.0,101048.0,111300.0
30000712,107467.0,101048.0,110400.0
30000713,108667.0,101048.0,112200.0
30000714,108667.0,101048.0,111300.0
30000715,108667.0,101048.0,110400.0
30000716,98067.0,114848.0,112200.0
30000717,98067.0,114848.0,111300.0
30000718,98067.0,114848.0,110400.0
30000719,99667.0,114848.0,112200.0
30000720,99667.0,114848.0,111300.0
30000721,99667.0,114848.0,110400.0
30000722,108217.0,114848.0,112000.0
30000723,108217.0,114848.0,111166.0
30000724,108217.0,114848.0,110333.0
30000725,110267.0,114848.0,112000.0
30000726,110267.0,114848.0,111166.0
30000727,110267.0,114848.0,110333.0
30000728,107467.0,114848.0,112100.0
30000729,107467.0,114848.0,111233.0
30000730,107467.0,114848.0,110366.0
30000731,107467.0,113648.0,112000.0
30000732,107467.0,113648.0,111166.0
30000733,107467.0,113648.0,110333.0
30000734,111267.0,113648.0,112200.0
30000735,111267.0,113648.0,111300.0
30000736,111267.0,113648.0,110400.0
30000737,111267.0,114848.0,112100.0
30000738,111267.0,114848.0,111233.0
30000739,111267.0,114848.0,110366.0
30000740,111267.0,98548.0,112200.0
30000741,111267.0,98548.0,111300.0
30000742,111267.0,98548.0,110400.0
30000743,98067.0,98548.0,112200.0
30000744,98067.0,98548.0,111300.0
30000745,98067.0,98548.0,110400.0
30000746,101067.0,98548.0,112200.0
30000747,101067.0,98548.0,111300.0
30000748,101067.0,98548.0,110400.0
30000749,104867.0,98548.0,112200.0
30000750,104867.0,98548.0,111300.0
30000751,104867.0,98548.0,110400.0
30000752,101067.0,99593.0,112200.0
30000753,101067.0,99593.0,111300.0
30000754,101067.0,99593.0,110400.0
30000755,104867.0,99593.0,112200.0
30000756,104867.0,99593.0,111300.0
30000757,104867.0,99593.0,110400.0
30000758,107467.0,101548.0,112200.0
30000759,107467.0,101548.0,111300.0
30000760,107467.0,101548.0,110400.0
30000761,110367.0,101048.0,112200.0
30000762,110367.0,101048.0,111300.0
30000763,110367.0,101048.0,110400.0
30000764,111267.0,101048.0,112200.0
30000765,111267.0,101048.0,111300.0
30000766,111267.0,101048.0,110400.0
30000767,98067.0,107148.0,112200.0
30000768,98067.0,107148.0,111300.0
30000769,98067.0,107148.0,110400.0
30000770,101067.0,107148.0,112200.0
30000771,101067.0,107148.0,111300.0
30000772,101067.0,107148.0,110400.0
30000773,101067.0,106298.0,112200.0
30000774,101067.0,106298.0,111300.0
30000775,101067.0,106298.0,110400.0
30000776,104867.0,106298.0,112200.0
30000777,104867.0,106298.0,111300.0
30000778,104867.0,106298.0,110400.0
30000779,104867.0,109893.0,112200.0
30000780,104867.0,109893.0,111300.0
30000781,104867.0,109893.0,110400.0
30000782,107467.0,109893.0,112200.0
30000783,107467.0,109893.0,111300.0
30000784,107467.0,109893.0,110400.0
30000785,101067.0,110448.0,112200.0
30000786,101067.0,110448.0,111300.0
30000787,101067.0,110448.0,110400.0
30000788,104867.0,114848.0,112200.0
30000789,104867.0,114848.0,111300.0
30000790,104867.0,114848.0,110400.0
30000791,107467.0,106298.0,112200.0
30000792,107467.0,106298.0,111300.0
30000793,107467.0,106298.0,110400.0
30000794,98067.0,101548.0,112200.0
30000795,98067.0,101548.0,111300.0
30000796,98067.0,101548.0,110400.0
30000797,98067.0,104348.0,112200.0
30000798,98067.0,104348.0,111300.0
30000799,98067.0,104348.0,110400.0
30000800,104867.0,113648.0,112200.0
30000801,104867.0,113648.0,111300.0
30000802,104867.0,113648.0,110400.0
30000803,16867.0,109110.0,112299.0
30000804,16867.0,109473.0,112299.0
30000805,16867.0,109835.0,112299.0
30000806,27067.0,113798.0,112500.0
30000807,27067.0,114148.0,112500.0
30000808,27067.0,114498.0,112500.0
30000809,20667.0,107541.0,112500.0
30000810,20667.0,107960.0,112500.0
30000811,20667.0,108379.0,112500.0
30000812,28567.0,110448.0,112500.0
30000813,29067.0,110448.0,112500.0
30000814,29567.0,110448.0,112500.0
30000815,16867.0,107548.0,112299.0
30000816,16867.0,107948.0,112299.0
30000817,16867.0,108348.0,112299.0
30000818,23267.0,107560.0,112500.0
30000819,23267.0,107973.0,112500.0
30000820,23267.0,108385.0,112500.0
30000821,18167.0,107139.0,112400.0
30000822,18567.0,107131.0,112400.0
30000823,18967.0,107123.0,112400.0
30000824,19367.0,107114.0,112400.0
30000825,19767.0,107106.0,112400.0
30000826,18942.0,98548.0,112299.0
30000827,28867.0,113448.0,112500.0
30000828,29267.0,113448.0,112500.0
30000829,29667.0,113448.0,112500.0
30000830,20067.0,98548.0,112299.0
30000831,56347.0,113798.0,112400.0
30000832,56347.0,114148.0,112400.0
30000833,56347.0,114498.0,112400.0
30000834,54372.0,107123.0,112400.0
30000835,54897.0,107098.0,112400.0
30000836,55422.0,107073.0,112400.0
30000837,54959.0,98548.0,112299.0
30000838,55422.0,98548.0,112299.0
30000839,55884.0,98548.0,112299.0
30000840,108067.0,98548.0,112299.0
30000841,98467.0,113448.0,112500.0
30000842,98867.0,113448.0,112500.0
30000843,99267.0,113448.0,112500.0
30000844,108367.0,107106.0,112400.0
30000845,108767.0,107114.0,112400.0
30000846,109167.0,107123.0,112400.0
30000847,109567.0,107131.0,112400.0
30000848,109967.0,107139.0,112400.0
30000849,104867.0,107560.0,112500.0
30000850,104867.0,107973.0,112500.0
30000851,104867.0,108385.0,112500.0
30000852,111267.0,107548.0,112299.0
30000853,111267.0,107948.0,112299.0
30000854,111267.0,108348.0,112299.0
30000855,107467.0,107541.0,112500.0
30000856,107467.0,107960.0,112500.0
30000857,107467.0,108379.0,112500.0
30000858,101067.0,113798.0,112500.0
30000859,101067.0,114148.0,112500.0
30000860,101067.0,114498.0,112500.0
30000861,111267.0,109110.0,112299.0
30000862,111267.0,109473.0,112299.0
30000863,111267.0,109835.0,112299.0
30000864,98567.0,110448.0,112500.0
30000865,99067.0,110448.0,112500.0
30000866,99567.0,110448.0,112500.0
30000867,109192.0,98548.0,112299.0
30000868,27067.0,114848.0,111300.0
30000869,27067.0,114848.0,110400.0
30000870,27067.0,113448.0,111300.0
30000871,27067.0,113448.0,110400.0
30000872,28467.0,113448.0,111300.0
30000873,28467.0,113448.0,110400.0
30000874,20667.0,108798.0,111300.0
30000875,20667.0,108798.0,110400.0
30000876,16867.0,110198.0,111166.0
30000877,16867.0,110198.0,110333.0
30000878,28067.0,110448.0,111300.0
30000879,28067.0,110448.0,110400.0
30000880,23267.0,108798.0,111300.0
30000881,23267.0,108798.0,110400.0
30000882,16867.0,107148.0,111300.0
30000883,16867.0,107148.0,110400.0
30000884,20167.0,107098.0,111300.0
30000885,20167.0,107098.0,110400.0
30000886,20667.0,107123.0,111300.0
30000887,20667.0,107123.0,110400.0
30000888,23267.0,107148.0,111300.0
30000889,23267.0,107148.0,110400.0
30000890,20667.0,98548.0,111300.0
30000891,20667.0,98548.0,110400.0
30000892,18417.0,98548.0,111300.0
30000893,18417.0,98548.0,110400.0
30000894,17767.0,107148.0,111300.0
30000895,17767.0,107148.0,110400.0
30000896,30067.0,113448.0,111300.0
30000897,30067.0,113448.0,110400.0
30000898,30067.0,110448.0,111300.0
30000899,30067.0,110448.0,110400.0
30000900,54497.0,98548.0,111300.0
30000901,54497.0,98548.0,110400.0
30000902,53847.0,107148.0,111300.0
30000903,53847.0,107148.0,110400.0
30000904,55947.0,107048.0,111300.0
30000905,55947.0,107048.0,110400.0
30000906,56347.0,113448.0,111300.0
30000907,56347.0,113448.0,110400.0
30000908,56347.0,114848.0,111166.0
30000909,56347.0,114848.0,110333.0
30000910,56347.0,98548.0,111300.0
30000911,56347.0,98548.0,110400.0
30000912,109717.0,98548.0,111300.0
30000913,109717.0,98548.0,110400.0
30000914,107467.0,98548.0,111300.0
30000915,107467.0,98548.0,110400.0
30000916,107467.0,107123.0,111300.0
30000917,107467.0,107123.0,110400.0
30000918,107967.0,107098.0,111300.0
30000919,107967.0,107098.0,110400.0
30000920,104867.0,107148.0,111300.0
30000921,104867.0,107148.0,110400.0
30000922,110367.0,107148.0,111300.0
30000923,110367.0,107148.0,110400.0
30000924,111267.0,107148.0,111300.0
30000925,111267.0,107148.0,110400.0
30000926,104867.0,108798.0,111300.0
30000927,104867.0,108798.0,110400.0
30000928,107467.0,108798.0,111300.0
30000929,107467.0,108798.0,110400.0
30000930,98067.0,110448.0,111300.0
30000931,98067.0,110448.0,110400.0
30000932,98067.0,113448.0,111300.0
30000933,98067.0,113448.0,110400.0
30000934,100067.0,110448.0,111300.0
30000935,100067.0,110448.0,110400.0
30000936,99667.0,113448.0,111300.0
30000937,99667.0,113448.0,110400.0
30000938,101067.0,113448.0,111300.0
30000939,101067.0,113448.0,110400.0
30000940,111267.0,110198.0,111300.0
30000941,111267.0,110198.0,110400.0
30000942,101067.0,114848.0,111300.0
30000943,101067.0,114848.0,110400.0
30000944,24217.0,107148.0,113100.0
30000945,25167.0,107148.0,113100.0
30000946,26117.0,107148.0,113100.0
30000947,27067.0,108248.0,113099.0
30000948,27067.0,109348.0,113100.0
30000949,26117.0,114848.0,113100.0
30000950,24217.0,114848.0,113100.0
30000951,23267.0,112748.0,113100.0
30000952,23267.0,110870.0,113100.0
30000953,28467.0,114148.0,113100.0
30000954,17817.0,108760.0,113100.0
30000955,18767.0,108773.0,113100.0
30000956,19717.0,108785.0,113100.0
30000957,20667.0,110870.0,113100.0
30000958,20667.0,112748.0,113100.0
30000959,18892.0,113648.0,113100.0
30000960,24217.0,104348.0,113100.0
30000961,25167.0,104348.0,113100.0
30000962,26117.0,104348.0,113100.0
30000963,27067.0,105323.0,113100.0
30000964,23267.0,105323.0,113100.0
30000965,19467.0,99381.0,113100.0
30000966,19467.0,100214.0,113100.0
30000967,24217.0,101548.0,113100.0
30000968,25167.0,101548.0,113100.0
30000969,26117.0,101548.0,113100.0
30000970,27067.0,102481.0,113100.0
30000971,27067.0,103414.0,113100.0
30000972,23267.0,102481.0,113100.0
30000973,23267.0,103414.0,113100.0
30000974,24217.0,98548.0,113100.0
30000975,26117.0,98548.0,113100.0
30000976,27067.0,100570.0,113100.0
30000977,23267.0,100570.0,113100.0
30000978,56347.0,107898.0,113100.0
30000979,53797.0,108748.0,113100.0
30000980,54647.0,108748.0,113100.0
30000981,55497.0,108748.0,113100.0
30000982,52947.0,107948.0,113100.0
30000983,108667.0,99381.0,113100.0
30000984,108667.0,100214.0,113100.0
30000985,99667.0,114148.0,113100.0
30000986,109242.0,113648.0,113100.0
30000987,108417.0,108785.0,113100.0
30000988,109367.0,108773.0,113100.0
30000989,110317.0,108760.0,113100.0
30000990,107467.0,112748.0,113100.0
30000991,107467.0,110870.0,113100.0
30000992,101883.0,98548.0,113100.0
30000993,103783.0,98548.0,113100.0
30000994,104867.0,100570.0,113100.0
30000995,102017.0,101548.0,113100.0
30000996,102967.0,101548.0,113100.0
30000997,103917.0,101548.0,113100.0
30000998,101067.0,100570.0,113100.0
30000999,102017.0,104348.0,113100.0
30001000,102967.0,104348.0,113100.0
30001001,103917.0,104348.0,113100.0
30001002,104867.0,105323.0,113100.0
30001003,102017.0,107148.0,113100.0
30001004,102967.0,107148.0,113100.0
30001005,103917.0,107148.0,113100.0
30001006,101067.0,105323.0,113100.0
30001007,104867.0,110870.0,113100.0
30001008,104867.0,112748.0,113100.0
30001009,103783.0,114848.0,113100.0
30001010,101883.0,114848.0,113100.0
30001011,101067.0,108248.0,113099.0
30001012,101067.0,109348.0,113100.0
30001013,104867.0,102481.0,113100.0
30001014,104867.0,103414.0,113100.0
30001015,101067.0,102481.0,113100.0
30001016,101067.0,103414.0,113100.0
30001019,64105.0,106303.0,113099.0
30001020,108667.0,98548.0,112699.0
30001021,109192.0,98548.0,112699.0
30001022,109717.0,98548.0,112699.0
30001023,98067.0,110448.0,112800.0
30001024,98567.0,110448.0,112800.0
30001025,99067.0,110448.0,112800.0
30001026,99567.0,110448.0,112800.0
30001027,100067.0,110448.0,112800.0
30001028,111267.0,108748.0,112699.0
30001029,111267.0,109110.0,112699.0
30001030,111267.0,109473.0,112699.0
30001031,111267.0,109835.0,112699.0
30001032,111267.0,110198.0,112699.0
30001033,101067.0,113448.0,112800.0
30001034,101067.0,113798.0,112800.0
30001035,101067.0,114148.0,112800.0
30001036,101067.0,114498.0,112800.0
30001037,101067.0,114848.0,112800.0
30001038,107467.0,107123.0,112800.0
30001039,107467.0,107541.0,112800.0
30001040,107467.0,107960.0,112800.0
30001041,107467.0,108379.0,112800.0
30001042,107467.0,108798.0,112800.0
30001043,111267.0,107148.0,112699.0
30001044,111267.0,107548.0,112699.0
30001045,111267.0,107948.0,112699.0
30001046,111267.0,108348.0,112699.0
30001047,104867.0,107148.0,112800.0
30001048,104867.0,107560.0,112800.0
30001049,104867.0,107973.0,112800.0
30001050,104867.0,108385.0,112800.0
30001051,104867.0,108798.0,112800.0
30001052,107967.0,107098.0,112750.0
30001053,108367.0,107106.0,112750.0
30001054,108767.0,107114.0,112750.0
30001055,109167.0,107123.0,112750.0
30001056,109567.0,107131.0,112750.0
30001057,109967.0,107139.0,112750.0
30001058,110367.0,107148.0,112750.0
30001059,98067.0,113448.0,112800.0
30001060,98467.0,113448.0,112800.0
30001061,98867.0,113448.0,112800.0
30001062,99267.0,113448.0,112800.0
30001063,99667.0,113448.0,112800.0
30001064,107467.0,98548.0,112699.0
30001065,108067.0,98548.0,112699.0
30001066,54497.0,98548.0,112699.0
30001067,54959.0,98548.0,112699.0
30001068,55422.0,98548.0,112699.0
30001069,55884.0,98548.0,112699.0
30001070,56347.0,98548.0,112699.0
30001071,53847.0,107148.0,112750.0
30001072,54372.0,107123.0,112750.0
30001073,54897.0,107098.0,112750.0
30001074,55422.0,107073.0,112750.0
30001075,55947.0,107048.0,112750.0
30001076,56347.0,113448.0,112750.0
30001077,56347.0,113798.0,112750.0
30001078,56347.0,114148.0,112750.0
30001079,56347.0,114498.0,112750.0
30001080,56347.0,114848.0,112750.0
30001081,19467.0,98548.0,112699.0
30001082,20067.0,98548.0,112699.0
30001083,20667.0,98548.0,112699.0
30001084,28467.0,113448.0,112800.0
30001085,28867.0,113448.0,112800.0
30001086,29267.0,113448.0,112800.0
30001087,29667.0,113448.0,112800.0
30001088,30067.0,113448.0,112800.0
30001089,18417.0,98548.0,112699.0
30001090,18942.0,98548.0,112699.0
30001091,17767.0,107148.0,112750.0
30001092,18167.0,107139.0,112750.0
30001093,18567.0,107131.0,112750.0
30001094,18967.0,107123.0,112750.0
30001095,19367.0,107114.0,112750.0
30001096,19767.0,107106.0,112750.0
30001097,20167.0,107098.0,112750.0
30001098,23267.0,107148.0,112800.0
30001099,23267.0,107560.0,112800.0
30001100,23267.0,107973.0,112800.0
30001101,23267.0,108385.0,112800.0
30001102,23267.0,108798.0,112800.0
30001103,16867.0,107148.0,112699.0
30001104,16867.0,107548.0,112699.0
30001105,16867.0,107948.0,112699.0
30001106,16867.0,108348.0,112699.0
30001107,16867.0,108748.0,112699.0
30001108,28067.0,110448.0,112800.0
30001109,28567.0,110448.0,112800.0
30001110,29067.0,110448.0,112800.0
30001111,29567.0,110448.0,112800.0
30001112,30067.0,110448.0,112800.0
30001113,20667.0,107123.0,112800.0
30001114,20667.0,107541.0,112800.0
30001115,20667.0,107960.0,112800.0
30001116,20667.0,108379.0,112800.0
30001117,20667.0,108798.0,112800.0
30001118,27067.0,113448.0,112800.0
30001119,27067.0,113798.0,112800.0
30001120,27067.0,114148.0,112800.0
30001121,27067.0,114498.0,112800.0
30001122,27067.0,114848.0,112800.0
30001123,16867.0,109110.0,112699.0
30001124,16867.0,109473.0,112699.0
30001125,16867.0,109835.0,112699.0
30001126,16867.0,110198.0,112699.0
30001127,17367.0,114848.0,112000.0
30001128,17367.0,114848.0,110333.0
30001129,17367.0,114848.0,111166.0
30001130,21533.0,114848.0,112100.0
30001131,22400.0,114848.0,112100.0
30001132,21533.0,114848.0,110366.0
30001133,22400.0,114848.0,110366.0
30001134,21533.0,114848.0,111233.0
30001135,22400.0,114848.0,111233.0
30001136,27767.0,114848.0,112200.0
30001137,27767.0,114848.0,110400.0
30001138,27767.0,114848.0,111300.0
30001139,16867.0,111060.0,112299.0
30001140,16867.0,111923.0,112299.0
30001141,16867.0,112785.0,112299.0
30001142,16867.0,111060.0,110333.0
30001143,16867.0,111923.0,110333.0
30001144,16867.0,112785.0,110333.0
30001145,16867.0,111060.0,111166.0
30001146,16867.0,112785.0,111166.0
30001147,16867.0,111923.0,111166.0
30001148,30067.0,114148.0,112200.0
30001149,30067.0,114148.0,110400.0
30001150,30067.0,114148.0,111300.0
30001151,27067.0,111448.0,112200.0
30001152,27067.0,112448.0,112200.0
30001153,27067.0,111448.0,110400.0
30001154,27067.0,112448.0,110400.0
30001155,27067.0,111448.0,111300.0
30001156,27067.0,112448.0,111300.0
30001157,27767.0,113448.0,112500.0
30001158,27767.0,113448.0,110400.0
30001159,27767.0,113448.0,111300.0
30001160,27567.0,110448.0,112200.0
30001161,27567.0,110448.0,110400.0
30001162,27567.0,110448.0,111300.0
30001163,30067.0,111448.0,112500.0
30001164,30067.0,112448.0,112500.0
30001165,30067.0,111448.0,110400.0
30001166,30067.0,112448.0,110400.0
30001167,30067.0,111448.0,111300.0
30001168,30067.0,112448.0,111300.0
30001169,20667.0,109345.0,112200.0
30001170,20667.0,109345.0,110400.0
30001171,20667.0,109345.0,111300.0
30001172,21533.0,108798.0,112500.0
30001173,22400.0,108798.0,112500.0
30001174,21533.0,108798.0,110400.0
30001175,22400.0,108798.0,110400.0
30001176,21533.0,108798.0,111300.0
30001177,22400.0,108798.0,111300.0
30001178,23267.0,109345.0,112200.0
30001179,23267.0,109345.0,110400.0
30001180,23267.0,109345.0,111300.0
30001181,17317.0,107148.0,112299.0
30001182,17317.0,107148.0,110400.0
30001183,17317.0,107148.0,111300.0
30001184,21533.0,107131.0,112500.0
30001185,22400.0,107139.0,112500.0
30001186,21533.0,107131.0,110400.0
30001187,22400.0,107139.0,110400.0
30001188,21533.0,107131.0,111300.0
30001189,22400.0,107139.0,111300.0
30001190,23267.0,106723.0,112200.0
30001191,23267.0,106723.0,110400.0
30001192,23267.0,106723.0,111300.0
30001193,27067.0,106723.0,112200.0
30001194,27067.0,106723.0,110400.0
30001195,27067.0,106723.0,111300.0
30001196,28067.0,107148.0,112200.0
30001197,29067.0,107148.0,112200.0
30001198,28067.0,107148.0,110400.0
30001199,29067.0,107148.0,110400.0
30001200,28067.0,107148.0,111300.0
30001201,29067.0,107148.0,111300.0
30001202,16867.0,101931.0,112200.0
30001203,16867.0,102814.0,112200.0
30001204,16867.0,101931.0,110400.0
30001205,16867.0,102814.0,110400.0
30001206,16867.0,101931.0,111300.0
30001207,16867.0,102814.0,111300.0
30001208,16867.0,99381.0,112200.0
30001209,16867.0,100214.0,112200.0
30001210,16867.0,99381.0,110400.0
30001211,16867.0,100214.0,110400.0
30001212,16867.0,99381.0,111300.0
30001213,16867.0,100214.0,111300.0
30001214,17317.0,101048.0,112200.0
30001215,17317.0,101048.0,110400.0
30001216,17317.0,101048.0,111300.0
30001217,18617.0,101048.0,112200.0
30001218,18617.0,101048.0,110400.0
30001219,18617.0,101048.0,111300.0
30001220,20667.0,99381.0,112200.0
30001221,20667.0,100214.0,112200.0
30001222,20667.0,99381.0,110400.0
30001223,20667.0,100214.0,110400.0
30001224,20667.0,99381.0,111300.0
30001225,20667.0,100214.0,111300.0
30001226,17642.0,98548.0,112200.0
30001227,17642.0,98548.0,110400.0
30001228,17642.0,98548.0,111300.0
30001229,21533.0,98548.0,112200.0
30001230,22400.0,98548.0,112200.0
30001231,21533.0,98548.0,110400.0
30001232,22400.0,98548.0,110400.0
30001233,21533.0,98548.0,111300.0
30001234,22400.0,98548.0,111300.0
30001235,23267.0,99070.0,112200.0
30001236,23267.0,99070.0,110400.0
30001237,23267.0,99070.0,111300.0
30001238,27067.0,99070.0,112200.0
30001239,27067.0,99070.0,110400.0
30001240,27067.0,99070.0,111300.0
30001241,28067.0,98548.0,112200.0
30001242,29067.0,98548.0,112200.0
30001243,28067.0,98548.0,110400.0
30001244,29067.0,98548.0,110400.0
30001245,28067.0,98548.0,111300.0
30001246,29067.0,98548.0,111300.0
30001247,16867.0,114248.0,112000.0
30001248,16867.0,114248.0,110333.0
30001249,16867.0,114248.0,111166.0
30001250,20667.0,114248.0,112000.0
30001251,20667.0,114248.0,110333.0
30001252,20667.0,114248.0,111166.0
30001253,20292.0,114848.0,112000.0
30001254,20292.0,114848.0,110333.0
30001255,20292.0,114848.0,111166.0
30001256,18142.0,114848.0,112000.0
30001257,18145.0,114848.0,112550.0
30001258,18642.0,114848.0,112550.0
30001259,19142.0,114848.0,112550.0
30001260,19639.0,114848.0,112550.0
30001261,19642.0,114848.0,112000.0
30001262,18142.0,114848.0,110333.0
30001263,19642.0,114848.0,110333.0
30001264,18142.0,114848.0,111166.0
30001265,19642.0,114848.0,111166.0
30001266,18642.0,114848.0,112000.0
30001267,19142.0,114848.0,112000.0
30001268,29267.0,114848.0,112200.0
30001269,29267.0,114848.0,110400.0
30001270,29267.0,114848.0,111300.0
30001271,20067.0,101048.0,112200.0
30001272,20067.0,101048.0,110400.0
30001273,20067.0,101048.0,111300.0
30001274,16867.0,104698.0,112200.0
30001275,16867.0,105698.0,112200.0
30001276,16867.0,104698.0,110400.0
30001277,16867.0,105698.0,110400.0
30001278,16867.0,104698.0,111300.0
30001279,16867.0,105698.0,111300.0
30001280,20667.0,106710.0,112200.0
30001281,20667.0,106710.0,110400.0
30001282,20667.0,106710.0,111300.0
30001283,23267.0,114248.0,112200.0
30001284,23267.0,114248.0,110400.0
30001285,23267.0,114248.0,111300.0
30001286,30067.0,99381.0,112200.0
30001287,30067.0,100214.0,112200.0
30001288,30067.0,100881.0,112200.0
30001289,30067.0,99381.0,110400.0
30001290,30067.0,100214.0,110400.0
30001291,30067.0,100881.0,110400.0
30001292,30067.0,99381.0,111300.0
30001293,30067.0,100881.0,111300.0
30001294,30067.0,100214.0,111300.0
30001295,30067.0,105281.0,112200.0
30001296,30067.0,106214.0,112200.0
30001297,30067.0,105281.0,110400.0
30001298,30067.0,106214.0,110400.0
30001299,30067.0,105281.0,111300.0
30001300,30067.0,106214.0,111300.0
30001301,30067.0,102481.0,112200.0
30001302,30067.0,103414.0,112200.0
30001303,30067.0,102481.0,110400.0
30001304,30067.0,103414.0,110400.0
30001305,30067.0,102481.0,111300.0
30001306,30067.0,103414.0,111300.0
30001307,60347.0,101873.0,112000.0
30001308,60347.0,102698.0,112000.0
30001309,60347.0,103523.0,112000.0
30001310,60347.0,101873.0,110333.0
30001311,60347.0,102698.0,110333.0
30001312,60347.0,103523.0,110333.0
30001313,60347.0,101873.0,111166.0
30001314,60347.0,103523.0,111166.0
30001315,60347.0,102698.0,111166.0
30001316,63747.0,111328.0,112000.0
30001317,63747.0,112208.0,112000.0
30001318,63747.0,113088.0,112000.0
30001319,63747.0,113968.0,112000.0
30001320,63747.0,111328.0,110333.0
30001321,63747.0,112208.0,110333.0
30001322,63747.0,113088.0,110333.0
30001323,63747.0,113968.0,110333.0
30001324,63747.0,111328.0,111166.0
30001325,63747.0,113968.0,111166.0
30001326,63747.0,112208.0,111166.0
30001327,63747.0,113088.0,111166.0
30001328,61022.0,114848.0,112000.0
30001329,61697.0,114848.0,112000.0
30001330,61700.0,114848.0,112550.0
30001331,62197.0,114848.0,112550.0
30001332,62697.0,114848.0,112550.0
30001333,63194.0,114848.0,112550.0
30001334,63197.0,114848.0,112000.0
30001335,61022.0,114848.0,110333.0
30001336,61697.0,114848.0,110333.0
30001337,63197.0,114848.0,110333.0
30001338,61022.0,114848.0,111166.0
30001339,63197.0,114848.0,111166.0
30001340,62197.0,114848.0,112000.0
30001341,61697.0,114848.0,111166.0
30001342,62697.0,114848.0,112000.0
30001343,52947.0,104560.0,112200.0
30001344,52947.0,105423.0,112200.0
30001345,52947.0,106285.0,112200.0
30001346,52947.0,104560.0,110400.0
30001347,52947.0,105423.0,110400.0
30001348,52947.0,106285.0,110400.0
30001349,52947.0,104560.0,111300.0
30001350,52947.0,106285.0,111300.0
30001351,52947.0,105423.0,111300.0
30001352,53722.0,98548.0,112200.0
30001353,53722.0,98548.0,110400.0
30001354,53722.0,98548.0,111300.0
30001355,52947.0,99381.0,112200.0
30001356,52947.0,100214.0,112200.0
30001357,52947.0,99381.0,110400.0
30001358,52947.0,100214.0,110400.0
30001359,52947.0,99381.0,111300.0
30001360,52947.0,100214.0,111300.0
30001361,52947.0,101931.0,112200.0
30001362,52947.0,102814.0,112200.0
30001363,52947.0,101931.0,110400.0
30001364,52947.0,102814.0,110400.0
30001365,52947.0,101931.0,111300.0
30001366,52947.0,102814.0,111300.0
30001367,53397.0,101048.0,112200.0
30001368,53397.0,101048.0,110400.0
30001369,53397.0,101048.0,111300.0
30001370,53397.0,107148.0,112200.0
30001371,53397.0,107148.0,110400.0
30001372,53397.0,107148.0,111300.0
30001373,56347.0,111328.0,112200.0
30001374,56347.0,112208.0,112200.0
30001375,56347.0,113088.0,112200.0
30001376,56347.0,111328.0,110400.0
30001377,56347.0,112208.0,110400.0
30001378,56347.0,113088.0,110400.0
30001379,56347.0,111328.0,111300.0
30001380,56347.0,113088.0,111300.0
30001381,56347.0,112208.0,111300.0
30001382,52947.0,111128.0,112000.0
30001383,52947.0,112058.0,112000.0
30001384,52947.0,112988.0,112000.0
30001385,52947.0,113918.0,112000.0
30001386,52947.0,111128.0,110333.0
30001387,52947.0,112058.0,110333.0
30001388,52947.0,112988.0,110333.0
30001389,52947.0,113918.0,110333.0
30001390,52947.0,111128.0,111166.0
30001391,52947.0,113918.0,111166.0
30001392,52947.0,112058.0,111166.0
30001393,52947.0,112988.0,111166.0
30001394,53622.0,114848.0,112000.0
30001395,54297.0,114848.0,112000.0
30001396,54300.0,114848.0,112550.0
30001397,54797.0,114848.0,112550.0
30001398,55297.0,114848.0,112550.0
30001399,55794.0,114848.0,112550.0
30001400,55797.0,114848.0,112000.0
30001401,53622.0,114848.0,110333.0
30001402,54297.0,114848.0,110333.0
30001403,55797.0,114848.0,110333.0
30001404,53622.0,114848.0,111166.0
30001405,55797.0,114848.0,111166.0
30001406,54797.0,114848.0,112000.0
30001407,54297.0,114848.0,111166.0
30001408,55297.0,114848.0,112000.0
30001409,61197.0,110448.0,112000.0
30001410,62047.0,110448.0,112000.0
30001411,62897.0,110448.0,112000.0
30001412,61197.0,110448.0,110333.0
30001413,62047.0,110448.0,110333.0
30001414,62897.0,110448.0,110333.0
30001415,61197.0,110448.0,111166.0
30001416,62897.0,110448.0,111166.0
30001417,62047.0,110448.0,111166.0
30001418,56347.0,106673.0,112200.0
30001419,56347.0,106673.0,110400.0
30001420,56347.0,106673.0,111300.0
30001421,56347.0,99381.0,112200.0
30001422,56347.0,100214.0,112200.0
30001423,56347.0,99381.0,110400.0
30001424,56347.0,100214.0,110400.0
30001425,56347.0,99381.0,111300.0
30001426,56347.0,100214.0,111300.0
30001427,63747.0,102064.0,112000.0
30001428,63747.0,103081.0,112000.0
30001429,63747.0,104098.0,112000.0
30001430,63747.0,105114.0,112000.0
30001431,63747.0,106131.0,112000.0
30001432,63747.0,102064.0,110333.0
30001433,63747.0,103081.0,110333.0
30001434,63747.0,104098.0,110333.0
30001435,63747.0,105114.0,110333.0
30001436,63747.0,106131.0,110333.0
30001437,63747.0,102064.0,111166.0
30001438,63747.0,106131.0,111166.0
30001439,63747.0,103081.0,111166.0
30001440,63747.0,104098.0,111166.0
30001441,63747.0,105114.0,111166.0
30001442,63747.0,99381.0,112000.0
30001443,63747.0,100214.0,112000.0
30001444,63747.0,99381.0,110333.0
30001445,63747.0,100214.0,110333.0
30001446,63747.0,99381.0,111166.0
30001447,63747.0,100214.0,111166.0
30001448,54680.0,101048.0,112200.0
30001449,55513.0,101048.0,112200.0
30001450,54680.0,101048.0,110400.0
30001451,55513.0,101048.0,110400.0
30001452,54680.0,101048.0,111300.0
30001453,55513.0,101048.0,111300.0
30001454,60822.0,98548.0,112000.0
30001455,61297.0,98548.0,112000.0
30001456,61300.0,98548.0,112550.0
30001457,61797.0,98548.0,112550.0
30001458,62297.0,98548.0,112550.0
30001459,62794.0,98548.0,112550.0
30001460,62797.0,98548.0,112000.0
30001461,63272.0,98548.0,112000.0
30001462,60822.0,98548.0,110333.0
30001463,61297.0,98548.0,110333.0
30001464,63272.0,98548.0,110333.0
30001465,62797.0,98548.0,110333.0
30001466,60822.0,98548.0,111166.0
30001467,63272.0,98548.0,111166.0
30001468,61797.0,98548.0,112000.0
30001469,61297.0,98548.0,111166.0
30001470,62297.0,98548.0,112000.0
30001471,62797.0,98548.0,111166.0
30001472,61197.0,101048.0,112000.0
30001473,62047.0,101048.0,112000.0
30001474,62897.0,101048.0,112000.0
30001475,61197.0,101048.0,110333.0
30001476,62047.0,101048.0,110333.0
30001477,62897.0,101048.0,110333.0
30001478,61197.0,101048.0,111166.0
30001479,62897.0,101048.0,111166.0
30001480,62047.0,101048.0,111166.0
30001481,111267.0,104698.0,112200.0
30001482,111267.0,105698.0,112200.0
30001483,111267.0,104698.0,110400.0
30001484,111267.0,105698.0,110400.0
30001485,111267.0,104698.0,111300.0
30001486,111267.0,105698.0,111300.0
30001487,108067.0,101048.0,112200.0
30001488,108067.0,101048.0,110400.0
30001489,108067.0,101048.0,111300.0
30001490,98867.0,114848.0,112200.0
30001491,98867.0,114848.0,110400.0
30001492,98867.0,114848.0,111300.0
30001493,108492.0,114848.0,112000.0
30001494,108495.0,114848.0,112550.0
30001495,108992.0,114848.0,112550.0
30001496,109492.0,114848.0,112550.0
30001497,109989.0,114848.0,112550.0
30001498,109992.0,114848.0,112000.0
30001499,108492.0,114848.0,110333.0
30001500,109992.0,114848.0,110333.0
30001501,108492.0,114848.0,111166.0
30001502,109992.0,114848.0,111166.0
30001503,108992.0,114848.0,112000.0
30001504,109492.0,114848.0,112000.0
30001505,107842.0,114848.0,112100.0
30001506,107842.0,114848.0,110366.0
30001507,107842.0,114848.0,111233.0
30001508,107467.0,114248.0,112100.0
30001509,107467.0,114248.0,110366.0
30001510,107467.0,114248.0,111233.0
30001511,111267.0,114248.0,112200.0
30001512,111267.0,114248.0,110400.0
30001513,111267.0,114248.0,111300.0
30001514,110767.0,114848.0,112100.0
30001515,110767.0,114848.0,110366.0
30001516,110767.0,114848.0,111233.0
30001517,110492.0,98548.0,112200.0
30001518,110492.0,98548.0,110400.0
30001519,110492.0,98548.0,111300.0
30001520,99067.0,98548.0,112200.0
30001521,100067.0,98548.0,112200.0
30001522,99067.0,98548.0,110400.0
30001523,100067.0,98548.0,110400.0
30001524,99067.0,98548.0,111300.0
30001525,100067.0,98548.0,111300.0
30001526,105733.0,98548.0,112200.0
30001527,106600.0,98548.0,112200.0
30001528,105733.0,98548.0,110400.0
30001529,106600.0,98548.0,110400.0
30001530,105733.0,98548.0,111300.0
30001531,106600.0,98548.0,111300.0
30001532,101067.0,99070.0,112200.0
30001533,101067.0,99070.0,110400.0
30001534,101067.0,99070.0,111300.0
30001535,104867.0,99070.0,112200.0
30001536,104867.0,99070.0,110400.0
30001537,104867.0,99070.0,111300.0
30001538,107467.0,99381.0,112200.0
30001539,107467.0,100214.0,112200.0
30001540,107467.0,99381.0,110400.0
30001541,107467.0,100214.0,110400.0
30001542,107467.0,99381.0,111300.0
30001543,107467.0,100214.0,111300.0
30001544,109517.0,101048.0,112200.0
30001545,109517.0,101048.0,110400.0
30001546,109517.0,101048.0,111300.0
30001547,110817.0,101048.0,112200.0
30001548,110817.0,101048.0,110400.0
30001549,110817.0,101048.0,111300.0
30001550,111267.0,99381.0,112200.0
30001551,111267.0,100214.0,112200.0
30001552,111267.0,99381.0,110400.0
30001553,111267.0,100214.0,110400.0
30001554,111267.0,99381.0,111300.0
30001555,111267.0,100214.0,111300.0
30001556,111267.0,101931.0,112200.0
30001557,111267.0,102814.0,112200.0
30001558,111267.0,101931.0,110400.0
30001559,111267.0,102814.0,110400.0
30001560,111267.0,101931.0,111300.0
30001561,111267.0,102814.0,111300.0
30001562,99067.0,107148.0,112200.0
30001563,100067.0,107148.0,112200.0
30001564,99067.0,107148.0,110400.0
30001565,100067.0,107148.0,110400.0
30001566,99067.0,107148.0,111300.0
30001567,100067.0,107148.0,111300.0
30001568,101067.0,106723.0,112200.0
30001569,101067.0,106723.0,110400.0
30001570,101067.0,106723.0,111300.0
30001571,104867.0,106723.0,112200.0
30001572,104867.0,106723.0,110400.0
30001573,104867.0,106723.0,111300.0
30001574,105733.0,107139.0,112500.0
30001575,106600.0,107131.0,112500.0
30001576,105733.0,107139.0,110400.0
30001577,106600.0,107131.0,110400.0
30001578,105733.0,107139.0,111300.0
30001579,106600.0,107131.0,111300.0
30001580,110817.0,107148.0,112299.0
30001581,110817.0,107148.0,110400.0
30001582,110817.0,107148.0,111300.0
30001583,104867.0,109345.0,112200.0
30001584,104867.0,109345.0,110400.0
30001585,104867.0,109345.0,111300.0
30001586,105733.0,108798.0,112500.0
30001587,106600.0,108798.0,112500.0
30001588,105733.0,108798.0,110400.0
30001589,106600.0,108798.0,110400.0
30001590,105733.0,108798.0,111300.0
30001591,106600.0,108798.0,111300.0
30001592,107467.0,109345.0,112200.0
30001593,107467.0,109345.0,110400.0
30001594,107467.0,109345.0,111300.0
30001595,98067.0,111448.0,112500.0
30001596,98067.0,112448.0,112500.0
30001597,98067.0,111448.0,110400.0
30001598,98067.0,112448.0,110400.0
30001599,98067.0,111448.0,111300.0
30001600,98067.0,112448.0,111300.0
30001601,100567.0,110448.0,112200.0
30001602,100567.0,110448.0,110400.0
30001603,100567.0,110448.0,111300.0
30001604,100367.0,113448.0,112500.0
30001605,100367.0,113448.0,110400.0
30001606,100367.0,113448.0,111300.0
30001607,101067.0,111448.0,112200.0
30001608,101067.0,112448.0,112200.0
30001609,101067.0,111448.0,110400.0
30001610,101067.0,112448.0,110400.0
30001611,101067.0,111448.0,111300.0
30001612,101067.0,112448.0,111300.0
30001613,98067.0,114148.0,112200.0
30001614,98067.0,114148.0,110400.0
30001615,98067.0,114148.0,111300.0
30001616,111267.0,111060.0,112200.0
30001617,111267.0,111923.0,112200.0
30001618,111267.0,112785.0,112200.0
30001619,111267.0,111060.0,110400.0
30001620,111267.0,111923.0,110400.0
30001621,111267.0,112785.0,110400.0
30001622,111267.0,111060.0,111300.0
30001623,111267.0,112785.0,111300.0
30001624,111267.0,111923.0,111300.0
30001625,100367.0,114848.0,112200.0
30001626,100367.0,114848.0,110400.0
30001627,100367.0,114848.0,111300.0
30001628,105733.0,114848.0,112200.0
30001629,106600.0,114848.0,112200.0
30001630,105733.0,114848.0,110400.0
30001631,106600.0,114848.0,110400.0
30001632,105733.0,114848.0,111300.0
30001633,106600.0,114848.0,111300.0
30001634,107467.0,106710.0,112200.0
30001635,107467.0,106710.0,110400.0
30001636,107467.0,106710.0,111300.0
30001637,98067.0,102481.0,112200.0
30001638,98067.0,103414.0,112200.0
30001639,98067.0,102481.0,110400.0
30001640,98067.0,103414.0,110400.0
30001641,98067.0,102481.0,111300.0
30001642,98067.0,103414.0,111300.0
30001643,98067.0,105281.0,112200.0
30001644,98067.0,106214.0,112200.0
30001645,98067.0,105281.0,110400.0
30001646,98067.0,106214.0,110400.0
30001647,98067.0,105281.0,111300.0
30001648,98067.0,106214.0,111300.0
30001649,104867.0,114248.0,112200.0
30001650,104867.0,114248.0,110400.0
30001651,104867.0,114248.0,111300.0
30001652,98067.0,99381.0,112200.0
30001653,98067.0,100214.0,112200.0
30001654,98067.0,100881.0,112200.0
30001655,98067.0,99381.0,110400.0
30001656,98067.0,100214.0,110400.0
30001657,98067.0,100881.0,110400.0
30001658,98067.0,99381.0,111300.0
30001659,98067.0,100881.0,111300.0
30001660,98067.0,100214.0,111300.0
30001661,24217.0,113842.0,113100.0
30001662,24217.0,112888.0,113100.0
30001663,24217.0,111942.0,113100.0
30001664,24217.0,110977.0,113100.0
30001665,24217.0,109999.0,113100.0
30001666,24217.0,109011.0,113100.0
30001667,24217.0,108071.0,113100.0
30001668,25167.0,113929.0,113100.0
30001669,25167.0,113007.0,113100.0
30001670,25167.0,112066.0,113100.0
30001671,25167.0,111102.0,113100.0
30001672,25167.0,110119.0,113100.0
30001673,25167.0,109126.0,113100.0
30001674,25167.0,108135.0,113100.0
30001675,26117.0,114015.0,113100.0
30001676,26117.0,113157.0,113100.0
30001677,26117.0,112223.0,113100.0
30001678,26117.0,111253.0,113100.0
30001679,26117.0,110256.0,113100.0
30001680,26117.0,109228.0,113100.0
30001681,26117.0,108189.0,113100.0
30001682,27767.0,114148.0,113100.0
30001683,29267.0,114148.0,113100.0
30001684,17833.0,112807.0,113100.0
30001685,17803.0,111978.0,113100.0
30001686,17814.0,109560.0,113100.0
30001687,17803.0,110360.0,113100.0
30001688,17797.0,111175.0,113100.0
30001689,18747.0,110499.0,113100.0
30001690,18711.0,111308.0,113100.0
30001691,18758.0,109644.0,113100.0
30001692,18725.0,111989.0,113100.0
30001693,18796.0,112799.0,113100.0
30001694,19605.0,111720.0,113100.0
30001695,19687.0,110724.0,113100.0
30001696,19711.0,109759.0,113100.0
30001697,19736.0,112715.0,113100.0
30001698,17727.0,107952.0,113100.0
30001699,18522.0,107951.0,113100.0
30001700,19173.0,107945.0,113100.0
30001701,19928.0,107945.0,113100.0
30001702,21533.0,107964.0,113100.0
30001703,22400.0,107968.0,113100.0
30001704,24217.0,106235.0,113100.0
30001705,24217.0,105296.0,113100.0
30001706,25167.0,106224.0,113100.0
30001707,25167.0,105289.0,113100.0
30001708,26117.0,106235.0,113100.0
30001709,26117.0,105296.0,113100.0
30001710,17733.0,100214.0,113100.0
30001711,17704.0,99381.0,113100.0
30001712,18596.0,100214.0,113100.0
30001713,18559.0,99381.0,113100.0
30001714,24217.0,103414.0,113100.0
30001715,24217.0,102481.0,113100.0
30001716,25167.0,103414.0,113100.0
30001717,25167.0,102481.0,113100.0
30001718,26117.0,103414.0,113100.0
30001719,26117.0,102481.0,113100.0
30001720,24217.0,100556.0,113100.0
30001721,24217.0,99559.0,113100.0
30001722,25167.0,100552.0,113100.0
30001723,25167.0,99553.0,113100.0
30001724,26117.0,100556.0,113100.0
30001725,26117.0,99559.0,113100.0
30001726,53835.0,107943.0,113100.0
30001727,54736.0,107923.0,113100.0
30001728,55602.0,107903.0,113100.0
30001729,109538.0,100214.0,113100.0
30001730,109574.0,99381.0,113100.0
30001731,110401.0,100214.0,113100.0
30001732,110429.0,99381.0,113100.0
30001733,98867.0,114148.0,113100.0
30001734,100367.0,114148.0,113100.0
30001735,108372.0,112745.0,113100.0
30001736,108436.0,111814.0,113100.0
30001737,108445.0,109786.0,113100.0
30001738,108536.0,110807.0,113100.0
30001739,109424.0,111113.0,113100.0
30001740,109371.0,111930.0,113100.0
30001741,109425.0,110435.0,113100.0
30001742,109388.0,109627.0,113100.0
30001743,109326.0,112783.0,113100.0
30001744,110341.0,110329.0,113100.0
30001745,110337.0,111124.0,113100.0
30001746,110328.0,109547.0,113100.0
30001747,110293.0,112795.0,113100.0
30001748,110320.0,111948.0,113100.0
30001749,101998.0,100556.0,113100.0
30001750,101962.0,99558.0,113100.0
30001751,102940.0,100552.0,113100.0
30001752,102881.0,99553.0,113100.0
30001753,103898.0,100556.0,113100.0
30001754,103862.0,99559.0,113100.0
30001755,108205.0,107945.0,113100.0
30001756,108960.0,107945.0,113100.0
30001757,109611.0,107951.0,113100.0
30001758,110406.0,107952.0,113100.0
30001759,102017.0,106235.0,113100.0
30001760,102017.0,105296.0,113100.0
30001761,102967.0,106224.0,113100.0
30001762,102967.0,105289.0,113100.0
30001763,103917.0,106235.0,113100.0
30001764,103917.0,105296.0,113100.0
30001765,101960.0,114011.0,113100.0
30001766,101992.0,113153.0,113100.0
30001767,102002.0,112222.0,113100.0
30001768,102007.0,111252.0,113100.0
30001769,102010.0,110256.0,113100.0
30001770,102012.0,109228.0,113100.0
30001771,102014.0,108190.0,113100.0
30001772,102877.0,113924.0,113100.0
30001773,102929.0,113003.0,113100.0
30001774,102946.0,112064.0,113100.0
30001775,102953.0,111102.0,113100.0
30001776,102957.0,110120.0,113100.0
30001777,102960.0,109127.0,113100.0
30001778,102963.0,108135.0,113100.0
30001779,103858.0,113839.0,113100.0
30001780,103890.0,112886.0,113100.0
30001781,103902.0,111941.0,113100.0
30001782,103907.0,110977.0,113100.0
30001783,103910.0,110000.0,113100.0
30001784,103912.0,109011.0,113100.0
30001785,103914.0,108072.0,113100.0
30001786,102017.0,103414.0,113100.0
30001787,102017.0,102481.0,113100.0
30001788,102967.0,103414.0,113100.0
30001789,102967.0,102481.0,113100.0
30001790,103917.0,103414.0,113100.0
30001791,103917.0,102481.0,113100.0
30001792,105733.0,107968.0,113100.0
30001793,106600.0,107964.0,113100.0
31000001,23267.0,114848.0,116700.0
31000002,27067.0,114848.0,116700.0
31000003,20667.0,114848.0,116700.0
31000004,30067.0,114848.0,116700.0
31000005,27067.0,113448.0,116700.0
31000006,27067.0,110448.0,116700.0
31000007,30067.0,113448.0,116700.0
31000008,20667.0,111848.0,116700.0
31000009,20667.0,108798.0,116700.0
31000010,23267.0,111848.0,116700.0
31000011,16867.0,108748.0,116700.0
31000012,23267.0,108798.0,116700.0
31000013,16867.0,107148.0,116700.0
31000014,30067.0,107148.0,116700.0
31000015,23267.0,107148.0,116700.0
31000016,20667.0,107123.0,116700.0
31000017,27067.0,107148.0,116700.0
31000018,16867.0,101048.0,116700.0
31000019,17767.0,107148.0,116700.0
31000020,17767.0,101048.0,116700.0
31000021,20667.0,104348.0,116700.0
31000022,23267.0,104348.0,116700.0
31000023,27067.0,104348.0,116700.0
31000024,20667.0,101548.0,116700.0
31000025,20667.0,101048.0,116700.0
31000026,23267.0,101548.0,116700.0
31000027,27067.0,101548.0,116700.0
31000028,20667.0,98548.0,116700.0
31000029,23267.0,98548.0,116700.0
31000030,27067.0,98548.0,116700.0
31000031,16867.0,110198.0,116700.0
31000032,30067.0,110448.0,116700.0
31000033,23267.0,109893.0,116700.0
31000034,28067.0,110448.0,116700.0
31000035,23267.0,106298.0,116700.0
31000036,27067.0,106298.0,116700.0
31000037,20167.0,107098.0,116700.0
31000038,23267.0,99593.0,116700.0
31000039,27067.0,99593.0,116700.0
31000040,18417.0,98548.0,116700.0
31000041,20667.0,113648.0,116700.0
31000042,16867.0,113648.0,116700.0
31000043,19917.0,113648.0,116700.0
31000044,19917.0,114848.0,116700.0
31000045,17867.0,113648.0,116700.0
31000046,17867.0,114848.0,116700.0
31000047,28467.0,113448.0,116700.0
31000048,28467.0,114848.0,116700.0
31000049,19467.0,98548.0,116700.0
31000050,19467.0,101048.0,116700.0
31000051,17767.0,103698.0,116700.0
31000052,16867.0,103698.0,116700.0
31000053,20667.0,106298.0,116700.0
31000054,23267.0,113648.0,116700.0
31000055,20667.0,109893.0,116700.0
31000056,4867.0,114848.0,116700.0
31000057,4867.0,106698.0,116700.0
31000058,4867.0,98548.0,116700.0
31000059,4867.0,87098.0,116700.0
31000060,4867.0,126298.0,116700.0
31000061,9467.0,126348.0,116700.0
31000062,13067.0,126348.0,116700.0
31000063,124067.0,114848.0,116700.0
31000064,124067.0,106698.0,116700.0
31000065,124067.0,98548.0,116700.0
31000066,124067.0,87098.0,116700.0
31000067,124067.0,126298.0,116700.0
31000068,30067.0,98548.0,116700.0
31000069,30067.0,104348.0,116700.0
31000070,30067.0,101548.0,116700.0
31000071,13067.0,87048.0,116700.0
31000072,9467.0,87048.0,116700.0
31000073,63747.0,110448.0,116700.0
31000074,60347.0,101048.0,116700.0
31000075,60347.0,107048.0,116700.0
31000076,63747.0,107148.0,116700.0
31000077,52947.0,114848.0,116700.0
31000078,56347.0,108748.0,116700.0
31000079,52947.0,103698.0,116700.0
31000080,53847.0,103698.0,116700.0
31000081,54497.0,98548.0,116700.0
31000082,56347.0,110448.0,116700.0
31000083,52947.0,110198.0,116700.0
31000084,56347.0,113448.0,116700.0
31000085,52947.0,101048.0,116700.0
31000086,53847.0,101048.0,116700.0
31000087,53847.0,107148.0,116700.0
31000088,52947.0,107148.0,116700.0
31000089,56347.0,107048.0,116700.0
31000090,52947.0,108748.0,116700.0
31000091,56347.0,101548.0,116700.0
31000092,55947.0,107048.0,116700.0
31000093,56347.0,106298.0,116700.0
31000094,60347.0,110448.0,116700.0
31000095,56347.0,104348.0,116700.0
31000096,56347.0,101048.0,116700.0
31000097,63747.0,101048.0,116700.0
31000098,52947.0,98548.0,116700.0
31000099,60347.0,104348.0,116700.0
31000100,119800.0,87048.0,116700.0
31000101,115533.0,87048.0,116700.0
31000102,111267.0,103698.0,116700.0
31000103,110367.0,103698.0,116700.0
31000104,108667.0,101048.0,116700.0
31000105,108667.0,98548.0,116700.0
31000106,99667.0,114848.0,116700.0
31000107,99667.0,113448.0,116700.0
31000108,110267.0,114848.0,116700.0
31000109,110267.0,113648.0,116700.0
31000110,108217.0,114848.0,116700.0
31000111,108217.0,113648.0,116700.0
31000112,111267.0,113648.0,116700.0
31000113,107467.0,113648.0,116700.0
31000114,109717.0,98548.0,116700.0
31000115,101067.0,99593.0,116700.0
31000116,104867.0,99593.0,116700.0
31000117,107967.0,107098.0,116700.0
31000118,101067.0,106298.0,116700.0
31000119,104867.0,106298.0,116700.0
31000120,100067.0,110448.0,116700.0
31000121,104867.0,109893.0,116700.0
31000122,98067.0,110448.0,116700.0
31000123,111267.0,110198.0,116700.0
31000124,101067.0,98548.0,116700.0
31000125,104867.0,98548.0,116700.0
31000126,107467.0,98548.0,116700.0
31000127,101067.0,101548.0,116700.0
31000128,104867.0,101548.0,116700.0
31000129,107467.0,101048.0,116700.0
31000130,107467.0,101548.0,116700.0
31000131,101067.0,104348.0,116700.0
31000132,104867.0,104348.0,116700.0
31000133,107467.0,104348.0,116700.0
31000134,110367.0,101048.0,116700.0
31000135,110367.0,107148.0,116700.0
31000136,111267.0,101048.0,116700.0
31000137,101067.0,107148.0,116700.0
31000138,107467.0,107123.0,116700.0
31000139,104867.0,107148.0,116700.0
31000140,98067.0,107148.0,116700.0
31000141,111267.0,107148.0,116700.0
31000142,104867.0,108798.0,116700.0
31000143,111267.0,108748.0,116700.0
31000144,104867.0,111848.0,116700.0
31000145,107467.0,108798.0,116700.0
31000146,107467.0,111848.0,116700.0
31000147,98067.0,113448.0,116700.0
31000148,101067.0,110448.0,116700.0
31000149,101067.0,113448.0,116700.0
31000150,98067.0,114848.0,116700.0
31000151,107467.0,114848.0,116700.0
31000152,101067.0,114848.0,116700.0
31000153,104867.0,114848.0,116700.0
31000154,107467.0,106298.0,116700.0
31000155,98067.0,101548.0,116700.0
31000156,98067.0,104348.0,116700.0
31000157,107467.0,109893.0,116700.0
31000158,104867.0,113648.0,116700.0
31000159,98067.0,98548.0,116700.0
31000160,56347.0,98548.0,116700.0
31000161,63747.0,98548.0,116700.0
31000162,56347.0,114848.0,116700.0
31000163,63747.0,114848.0,116700.0
31000164,60347.0,98548.0,116700.0
31000165,60347.0,114848.0,116700.0
31000166,16867.0,126298.0,116700.0
31000167,16867.0,87098.0,116700.0
31000168,16867.0,106698.0,116700.0
31000169,30067.0,87098.0,116700.0
31000170,30067.0,126298.0,116700.0
31000171,16867.0,114848.0,116700.0
31000172,16867.0,98548.0,116700.0
31000173,111267.0,87098.0,116700.0
31000174,111267.0,126298.0,116700.0
31000175,98067.0,87098.0,116700.0
31000176,98067.0,126298.0,116700.0
31000177,111267.0,106698.0,116700.0
31000178,111267.0,114848.0,116700.0
31000179,111267.0,98548.0,116700.0
31000180,41507.0,87098.0,116700.0
31000181,41507.0,126298.0,116700.0
31000182,52947.0,87098.0,116700.0
31000183,52947.0,126298.0,116700.0
31000184,75187.0,87098.0,116700.0
31000185,75187.0,126298.0,116700.0
31000186,86627.0,126298.0,116700.0
31000187,86627.0,87098.0,116700.0
31000188,102700.0,87048.0,116700.0
31000189,102700.0,98548.0,116700.0
31000190,102700.0,126348.0,116700.0
31000191,102700.0,114848.0,116700.0
31000192,107467.0,87048.0,116700.0
31000193,107467.0,126348.0,116700.0
31000194,119800.0,126348.0,116700.0
31000195,115533.0,126348.0,116700.0
31000196,92347.0,126348.0,116700.0
31000197,92347.0,87048.0,116700.0
31000198,80907.0,126348.0,116700.0
31000199,80907.0,87048.0,116700.0
31000200,69467.0,126348.0,116700.0
31000201,69467.0,87048.0,116700.0
31000202,47227.0,126348.0,116700.0
31000203,47227.0,87048.0,116700.0
31000204,35787.0,126348.0,116700.0
31000205,35787.0,87048.0,116700.0
31000206,58347.0,114848.0,116700.0
31000207,58347.0,126348.0,116700.0
31000208,58347.0,98548.0,116700.0
31000209,58347.0,87048.0,116700.0
31000210,20667.0,87048.0,116700.0
31000211,25167.0,98548.0,116700.0
31000212,25167.0,87048.0,116700.0
31000213,25167.0,114848.0,116700.0
31000214,25167.0,126348.0,116700.0
31000215,20667.0,126348.0,116700.0
31000216,119800.0,106698.0,116700.0
31000217,119800.0,98548.0,116700.0
31000218,119800.0,114848.0,116700.0
31000219,115533.0,106698.0,116700.0
31000220,115533.0,98548.0,116700.0
31000221,115533.0,114848.0,116700.0
31000222,92347.0,107148.0,116700.0
31000223,92347.0,98548.0,116700.0
31000224,92347.0,114848.0,116700.0
31000225,80907.0,107148.0,116700.0
31000226,80907.0,98548.0,116700.0
31000227,80907.0,114848.0,116700.0
31000228,69467.0,107148.0,116700.0
31000229,69467.0,98548.0,116700.0
31000230,69467.0,114848.0,116700.0
31000231,47227.0,107148.0,116700.0
31000232,47227.0,98548.0,116700.0
31000233,47227.0,114848.0,116700.0
31000234,35787.0,107148.0,116700.0
31000235,35787.0,98548.0,116700.0
31000236,35787.0,114848.0,116700.0
31000237,41507.0,107148.0,116700.0
31000238,75187.0,107148.0,116700.0
31000239,86627.0,107148.0,116700.0
31000240,13067.0,106698.0,116700.0
31000241,9467.0,106698.0,116700.0
31000242,75187.0,98548.0,116700.0
31000243,86627.0,98548.0,116700.0
31000244,41507.0,98548.0,116700.0
31000245,13067.0,98548.0,116700.0
31000246,9467.0,98548.0,116700.0
31000247,75187.0,114848.0,116700.0
31000248,86627.0,114848.0,116700.0
31000249,41507.0,114848.0,116700.0
31000250,13067.0,114848.0,116700.0
31000251,9467.0,114848.0,116700.0
31000252,63747.0,126298.0,116700.0
31000253,63747.0,87098.0,116700.0
31000254,16867.0,108748.0,115899.0
31000255,16867.0,110198.0,115899.0
31000256,27067.0,113448.0,116100.0
31000257,27067.0,114848.0,116100.0
31000258,20667.0,107123.0,116100.0
31000259,20667.0,108798.0,116100.0
31000260,28067.0,110448.0,116100.0
31000261,30067.0,110448.0,116100.0
31000262,16867.0,107148.0,115899.0
31000263,23267.0,107148.0,116100.0
31000264,23267.0,108798.0,116100.0
31000265,17767.0,107148.0,116000.0
31000266,20167.0,107098.0,116000.0
31000267,18417.0,98548.0,115899.0
31000268,19467.0,98548.0,115899.0
31000269,28467.0,113448.0,116100.0
31000270,30067.0,113448.0,116100.0
31000271,20667.0,98548.0,115899.0
31000272,56347.0,113448.0,116000.0
31000273,56347.0,114848.0,116000.0
31000274,53847.0,107148.0,116000.0
31000275,55947.0,107048.0,116000.0
31000276,54497.0,98548.0,115899.0
31000277,56347.0,98548.0,115899.0
31000278,107467.0,98548.0,115899.0
31000279,108667.0,98548.0,115899.0
31000280,98067.0,113448.0,116100.0
31000281,99667.0,113448.0,116100.0
31000282,107967.0,107098.0,116000.0
31000283,110367.0,107148.0,116000.0
31000284,104867.0,107148.0,116100.0
31000285,104867.0,108798.0,116100.0
31000286,111267.0,107148.0,115899.0
31000287,111267.0,108748.0,115899.0
31000288,107467.0,107123.0,116100.0
31000289,107467.0,108798.0,116100.0
31000290,101067.0,113448.0,116100.0
31000291,101067.0,114848.0,116100.0
31000292,111267.0,110198.0,115899.0
31000293,98067.0,110448.0,116100.0
31000294,100067.0,110448.0,116100.0
31000295,109717.0,98548.0,115899.0
31000296,17367.0,114848.0,116700.0
31000297,21533.0,114848.0,116700.0
31000298,22400.0,114848.0,116700.0
31000299,27767.0,114848.0,116700.0
31000300,16867.0,111060.0,116700.0
31000301,16867.0,111923.0,116700.0
31000302,16867.0,112785.0,116700.0
31000303,16867.0,109110.0,116700.0
31000304,16867.0,109473.0,116700.0
31000305,16867.0,109835.0,116700.0
31000306,27067.0,113798.0,116700.0
31000307,27067.0,114148.0,116700.0
31000308,27067.0,114498.0,116700.0
31000309,30067.0,114148.0,116700.0
31000310,27067.0,111448.0,116700.0
31000311,27067.0,112448.0,116700.0
31000312,27767.0,113448.0,116700.0
31000313,27567.0,110448.0,116700.0
31000314,30067.0,111448.0,116700.0
31000315,30067.0,112448.0,116700.0
31000316,20667.0,109345.0,116700.0
31000317,20667.0,107541.0,116700.0
31000318,20667.0,107960.0,116700.0
31000319,20667.0,108379.0,116700.0
31000320,21533.0,108798.0,116700.0
31000321,22400.0,108798.0,116700.0
31000322,23267.0,109345.0,116700.0
31000323,28567.0,110448.0,116700.0
31000324,29067.0,110448.0,116700.0
31000325,29567.0,110448.0,116700.0
31000326,16867.0,107548.0,116700.0
31000327,16867.0,107948.0,116700.0
31000328,16867.0,108348.0,116700.0
31000329,23267.0,107560.0,116700.0
31000330,23267.0,107973.0,116700.0
31000331,23267.0,108385.0,116700.0
31000332,17317.0,107148.0,116700.0
31000333,21533.0,107131.0,116700.0
31000334,22400.0,107139.0,116700.0
31000335,23267.0,106723.0,116700.0
31000336,27067.0,106723.0,116700.0
31000337,28067.0,107148.0,116699.0
31000338,29067.0,107148.0,116700.0
31000339,16867.0,101931.0,116700.0
31000340,16867.0,102814.0,116700.0
31000341,16867.0,99381.0,116700.0
31000342,16867.0,100214.0,116700.0
31000343,17317.0,101048.0,116700.0
31000344,18167.0,107139.0,116700.0
31000345,18567.0,107131.0,116699.0
31000346,18967.0,107123.0,116700.0
31000347,19367.0,107114.0,116700.0
31000348,19767.0,107106.0,116700.0
31000349,18617.0,101048.0,116700.0
31000350,20667.0,99381.0,116700.0
31000351,20667.0,100214.0,116700.0
31000352,17642.0,98548.0,116700.0
31000353,18942.0,98548.0,116700.0
31000354,21533.0,98548.0,116700.0
31000355,22400.0,98548.0,116700.0
31000356,23267.0,99070.0,116700.0
31000357,27067.0,99070.0,116700.0
31000358,28067.0,98548.0,116699.0
31000359,29067.0,98548.0,116700.0
31000360,16867.0,114248.0,116700.0
31000361,20667.0,114248.0,116700.0
31000362,20292.0,114848.0,116700.0
31000363,18142.0,114848.0,116700.0
31000364,18642.0,114848.0,116699.0
31000365,19142.0,114848.0,116700.0
31000366,19642.0,114848.0,116700.0
31000367,29267.0,114848.0,116700.0
31000368,28867.0,113448.0,116700.0
31000369,29267.0,113448.0,116700.0
31000370,29667.0,113448.0,116700.0
31000371,20067.0,101048.0,116700.0
31000372,20067.0,98548.0,116700.0
31000373,16867.0,104698.0,116700.0
31000374,16867.0,105698.0,116700.0
31000375,20667.0,106710.0,116700.0
31000376,23267.0,114248.0,116700.0
31000377,30067.0,99381.0,116700.0
31000378,30067.0,100214.0,116700.0
31000379,30067.0,100881.0,116700.0
31000380,30067.0,105281.0,116700.0
31000381,30067.0,106214.0,116700.0
31000382,30067.0,102481.0,116700.0
31000383,30067.0,103414.0,116700.0
31000384,60347.0,101873.0,116700.0
31000385,60347.0,102698.0,116700.0
31000386,60347.0,103523.0,116700.0
31000387,63747.0,111328.0,116700.0
31000388,63747.0,112208.0,116700.0
31000389,63747.0,113088.0,116700.0
31000390,63747.0,113968.0,116700.0
31000391,61022.0,114848.0,116700.0
31000392,61697.0,114848.0,116700.0
31000393,62197.0,114848.0,116699.0
31000394,62697.0,114848.0,116700.0
31000395,63197.0,114848.0,116700.0
31000396,52947.0,104560.0,116700.0
31000397,52947.0,105423.0,116700.0
31000398,52947.0,106285.0,116700.0
31000399,53722.0,98548.0,116700.0
31000400,52947.0,99381.0,116700.0
31000401,52947.0,100214.0,116700.0
31000402,52947.0,101931.0,116700.0
31000403,52947.0,102814.0,116700.0
31000404,53397.0,101048.0,116700.0
31000405,53397.0,107148.0,116700.0
31000406,56347.0,111328.0,116700.0
31000407,56347.0,112208.0,116700.0
31000408,56347.0,113088.0,116700.0
31000409,56347.0,113798.0,116700.0
31000410,56347.0,114148.0,116700.0
31000411,56347.0,114498.0,116700.0
31000412,52947.0,111128.0,116699.0
31000413,52947.0,112058.0,116700.0
31000414,52947.0,112988.0,116700.0
31000415,52947.0,113918.0,116700.0
31000416,53622.0,114848.0,116700.0
31000417,54297.0,114848.0,116700.0
31000418,54797.0,114848.0,116699.0
31000419,55297.0,114848.0,116700.0
31000420,55797.0,114848.0,116700.0
31000421,54372.0,107123.0,116700.0
31000422,54897.0,107098.0,116700.0
31000423,55422.0,107073.0,116700.0
31000424,61197.0,110448.0,116700.0
31000425,62047.0,110448.0,116700.0
31000426,62897.0,110448.0,116700.0
31000427,56347.0,106673.0,116700.0
31000428,56347.0,99381.0,116700.0
31000429,56347.0,100214.0,116700.0
31000430,54959.0,98548.0,116700.0
31000431,55422.0,98548.0,116700.0
31000432,55884.0,98548.0,116700.0
31000433,63747.0,102064.0,116700.0
31000434,63747.0,103081.0,116700.0
31000435,63747.0,104098.0,116700.0
31000436,63747.0,105114.0,116700.0
31000437,63747.0,106131.0,116700.0
31000438,63747.0,99381.0,116700.0
31000439,63747.0,100214.0,116700.0
31000440,54680.0,101048.0,116700.0
31000441,55513.0,101048.0,116700.0
31000442,60822.0,98548.0,116700.0
31000443,61297.0,98548.0,116699.0
31000444,61797.0,98548.0,116699.0
31000445,62297.0,98548.0,116700.0
31000446,62797.0,98548.0,116700.0
31000447,63272.0,98548.0,116700.0
31000448,61197.0,101048.0,116700.0
31000449,62047.0,101048.0,116700.0
31000450,62897.0,101048.0,116700.0
31000451,111267.0,104698.0,116700.0
31000452,111267.0,105698.0,116700.0
31000453,108067.0,98548.0,116700.0
31000454,108067.0,101048.0,116700.0
31000455,98467.0,113448.0,116700.0
31000456,98867.0,113448.0,116700.0
31000457,99267.0,113448.0,116700.0
31000458,98867.0,114848.0,116700.0
31000459,108492.0,114848.0,116700.0
31000460,108992.0,114848.0,116699.0
31000461,109492.0,114848.0,116700.0
31000462,109992.0,114848.0,116700.0
31000463,107842.0,114848.0,116700.0
31000464,107467.0,114248.0,116700.0
31000465,111267.0,114248.0,116700.0
31000466,110767.0,114848.0,116700.0
31000467,110492.0,98548.0,116700.0
31000468,99067.0,98548.0,116699.0
31000469,100067.0,98548.0,116700.0
31000470,105733.0,98548.0,116700.0
31000471,106600.0,98548.0,116700.0
31000472,101067.0,99070.0,116700.0
31000473,104867.0,99070.0,116700.0
31000474,107467.0,99381.0,116700.0
31000475,107467.0,100214.0,116700.0
31000476,109517.0,101048.0,116700.0
31000477,108367.0,107106.0,116700.0
31000478,108767.0,107114.0,116699.0
31000479,109167.0,107123.0,116700.0
31000480,109567.0,107131.0,116700.0
31000481,109967.0,107139.0,116700.0
31000482,110817.0,101048.0,116700.0
31000483,111267.0,99381.0,116700.0
31000484,111267.0,100214.0,116700.0
31000485,111267.0,101931.0,116700.0
31000486,111267.0,102814.0,116700.0
31000487,99067.0,107148.0,116699.0
31000488,100067.0,107148.0,116700.0
31000489,101067.0,106723.0,116700.0
31000490,104867.0,106723.0,116700.0
31000491,105733.0,107139.0,116700.0
31000492,106600.0,107131.0,116700.0
31000493,110817.0,107148.0,116700.0
31000494,104867.0,107560.0,116700.0
31000495,104867.0,107973.0,116700.0
31000496,104867.0,108385.0,116700.0
31000497,111267.0,107548.0,116700.0
31000498,111267.0,107948.0,116700.0
31000499,111267.0,108348.0,116700.0
31000500,104867.0,109345.0,116700.0
31000501,105733.0,108798.0,116700.0
31000502,106600.0,108798.0,116700.0
31000503,107467.0,107541.0,116700.0
31000504,107467.0,107960.0,116700.0
31000505,107467.0,108379.0,116700.0
31000506,107467.0,109345.0,116700.0
31000507,98067.0,111448.0,116700.0
31000508,98067.0,112448.0,116700.0
31000509,100567.0,110448.0,116700.0
31000510,100367.0,113448.0,116700.0
31000511,101067.0,111448.0,116700.0
31000512,101067.0,112448.0,116700.0
31000513,98067.0,114148.0,116700.0
31000514,101067.0,113798.0,116700.0
31000515,101067.0,114148.0,116700.0
31000516,101067.0,114498.0,116700.0
31000517,111267.0,109110.0,116700.0
31000518,111267.0,109473.0,116700.0
31000519,111267.0,109835.0,116700.0
31000520,111267.0,111060.0,116700.0
31000521,111267.0,111923.0,116700.0
31000522,111267.0,112785.0,116700.0
31000523,100367.0,114848.0,116700.0
31000524,105733.0,114848.0,116700.0
31000525,106600.0,114848.0,116700.0
31000526,107467.0,106710.0,116700.0
31000527,98067.0,102481.0,116700.0
31000528,98067.0,103414.0,116700.0
31000529,98067.0,105281.0,116700.0
31000530,98067.0,106214.0,116700.0
31000531,104867.0,114248.0,116700.0
31000532,98067.0,99381.0,116700.0
31000533,98067.0,100214.0,116700.0
31000534,98067.0,100881.0,116700.0
31000535,98567.0,110448.0,116700.0
31000536,99067.0,110448.0,116700.0
31000537,99567.0,110448.0,116700.0
31000538,109192.0,98548.0,116700.0
31000539,16867.0,114848.0,115600.0
31000540,16867.0,114848.0,114766.0
31000541,16867.0,114848.0,113933.0
31000542,17867.0,114848.0,115600.0
31000543,17867.0,114848.0,114766.0
31000544,17867.0,114848.0,113933.0
31000545,20667.0,114848.0,115600.0
31000546,20667.0,114848.0,114766.0
31000547,20667.0,114848.0,113933.0
31000548,23267.0,114848.0,115700.0
31000549,23267.0,114848.0,114833.0
31000550,23267.0,114848.0,113966.0
31000551,28467.0,114848.0,115800.0
31000552,28467.0,114848.0,114900.0
31000553,28467.0,114848.0,114000.0
31000554,27067.0,110448.0,115800.0
31000555,27067.0,110448.0,114900.0
31000556,27067.0,110448.0,114000.0
31000557,20667.0,109893.0,115800.0
31000558,20667.0,109893.0,114900.0
31000559,20667.0,109893.0,114000.0
31000560,16867.0,113648.0,115600.0
31000561,16867.0,113648.0,114766.0
31000562,16867.0,113648.0,113933.0
31000563,23267.0,109893.0,115800.0
31000564,23267.0,109893.0,114900.0
31000565,23267.0,109893.0,114000.0
31000566,16867.0,106698.0,115800.0
31000567,16867.0,106698.0,114900.0
31000568,16867.0,106698.0,114000.0
31000569,23267.0,106298.0,115800.0
31000570,23267.0,106298.0,114900.0
31000571,23267.0,106298.0,114000.0
31000572,27067.0,106298.0,115800.0
31000573,27067.0,106298.0,114900.0
31000574,27067.0,106298.0,114000.0
31000575,27067.0,107148.0,115800.0
31000576,27067.0,107148.0,114900.0
31000577,27067.0,107148.0,114000.0
31000578,16867.0,101048.0,115800.0
31000579,16867.0,101048.0,114900.0
31000580,16867.0,101048.0,114000.0
31000581,16867.0,103698.0,115800.0
31000582,16867.0,103698.0,114900.0
31000583,16867.0,103698.0,114000.0
31000584,16867.0,98548.0,115800.0
31000585,16867.0,98548.0,114900.0
31000586,16867.0,98548.0,114000.0
31000587,17767.0,101048.0,115800.0
31000588,17767.0,101048.0,114900.0
31000589,17767.0,101048.0,114000.0
31000590,19467.0,101048.0,115800.0
31000591,19467.0,101048.0,114900.0
31000592,19467.0,101048.0,114000.0
31000593,20667.0,101048.0,115800.0
31000594,20667.0,101048.0,114900.0
31000595,20667.0,101048.0,114000.0
31000596,23267.0,98548.0,115800.0
31000597,23267.0,98548.0,114900.0
31000598,23267.0,98548.0,114000.0
31000599,23267.0,99593.0,115800.0
31000600,23267.0,99593.0,114900.0
31000601,23267.0,99593.0,114000.0
31000602,27067.0,98548.0,115800.0
31000603,27067.0,98548.0,114900.0
31000604,27067.0,98548.0,114000.0
31000605,27067.0,99593.0,115800.0
31000606,27067.0,99593.0,114900.0
31000607,27067.0,99593.0,114000.0
31000608,30067.0,98548.0,115800.0
31000609,30067.0,98548.0,114900.0
31000610,30067.0,98548.0,114000.0
31000611,19917.0,114848.0,115600.0
31000612,19917.0,114848.0,114766.0
31000613,19917.0,114848.0,113933.0
31000614,30067.0,114848.0,115800.0
31000615,30067.0,114848.0,114900.0
31000616,30067.0,114848.0,114000.0
31000617,20667.0,106298.0,115800.0
31000618,20667.0,106298.0,114900.0
31000619,20667.0,106298.0,114000.0
31000620,20667.0,113648.0,115600.0
31000621,20667.0,113648.0,114766.0
31000622,20667.0,113648.0,113933.0
31000623,23267.0,113648.0,115800.0
31000624,23267.0,113648.0,114900.0
31000625,23267.0,113648.0,114000.0
31000626,20667.0,101548.0,115800.0
31000627,20667.0,101548.0,114900.0
31000628,20667.0,101548.0,114000.0
31000629,30067.0,107148.0,115800.0
31000630,30067.0,107148.0,114900.0
31000631,30067.0,107148.0,114000.0
31000632,30067.0,104348.0,115800.0
31000633,30067.0,104348.0,114900.0
31000634,30067.0,104348.0,114000.0
31000635,30067.0,101548.0,115800.0
31000636,30067.0,101548.0,114900.0
31000637,30067.0,101548.0,114000.0
31000638,60347.0,101048.0,115600.0
31000639,60347.0,101048.0,114766.0
31000640,60347.0,101048.0,113933.0
31000641,60347.0,104348.0,115600.0
31000642,60347.0,104348.0,114766.0
31000643,60347.0,104348.0,113933.0
31000644,63747.0,110448.0,115600.0
31000645,63747.0,110448.0,114766.0
31000646,63747.0,110448.0,113933.0
31000647,63747.0,114848.0,115600.0
31000648,63747.0,114848.0,114766.0
31000649,63747.0,114848.0,113933.0
31000650,60347.0,114848.0,115600.0
31000651,60347.0,114848.0,114766.0
31000652,60347.0,114848.0,113933.0
31000653,52947.0,103698.0,115800.0
31000654,52947.0,103698.0,114900.0
31000655,52947.0,103698.0,114000.0
31000656,52947.0,107148.0,115800.0
31000657,52947.0,107148.0,114900.0
31000658,52947.0,107148.0,114000.0
31000659,52947.0,98548.0,115800.0
31000660,52947.0,98548.0,114900.0
31000661,52947.0,98548.0,114000.0
31000662,52947.0,101048.0,115800.0
31000663,52947.0,101048.0,114900.0
31000664,52947.0,101048.0,114000.0
31000665,53847.0,101048.0,115800.0
31000666,53847.0,101048.0,114900.0
31000667,53847.0,101048.0,114000.0
31000668,56347.0,107048.0,115800.0
31000669,56347.0,107048.0,114900.0
31000670,56347.0,107048.0,114000.0
31000671,56347.0,110448.0,115800.0
31000672,56347.0,110448.0,114900.0
31000673,56347.0,110448.0,114000.0
31000674,52947.0,110198.0,115600.0
31000675,52947.0,110198.0,114766.0
31000676,52947.0,110198.0,113933.0
31000677,52947.0,114848.0,115600.0
31000678,52947.0,114848.0,114766.0
31000679,52947.0,114848.0,113933.0
31000680,60347.0,110448.0,115600.0
31000681,60347.0,110448.0,114766.0
31000682,60347.0,110448.0,113933.0
31000683,56347.0,106298.0,115800.0
31000684,56347.0,106298.0,114900.0
31000685,56347.0,106298.0,114000.0
31000686,56347.0,101048.0,115800.0
31000687,56347.0,101048.0,114900.0
31000688,56347.0,101048.0,114000.0
31000689,56347.0,101548.0,115800.0
31000690,56347.0,101548.0,114900.0
31000691,56347.0,101548.0,114000.0
31000692,63747.0,101048.0,115600.0
31000693,63747.0,101048.0,114766.0
31000694,63747.0,101048.0,113933.0
31000695,63747.0,107148.0,115600.0
31000696,63747.0,107148.0,114766.0
31000697,63747.0,107148.0,113933.0
31000698,63747.0,98548.0,115600.0
31000699,63747.0,98548.0,114766.0
31000700,63747.0,98548.0,113933.0
31000701,60347.0,98548.0,115600.0
31000702,60347.0,98548.0,114766.0
31000703,60347.0,98548.0,113933.0
31000704,111267.0,103698.0,115800.0
31000705,111267.0,103698.0,114900.0
31000706,111267.0,103698.0,114000.0
31000707,111267.0,106698.0,115800.0
31000708,111267.0,106698.0,114900.0
31000709,111267.0,106698.0,114000.0
31000710,107467.0,101048.0,115800.0
31000711,107467.0,101048.0,114900.0
31000712,107467.0,101048.0,114000.0
31000713,108667.0,101048.0,115800.0
31000714,108667.0,101048.0,114900.0
31000715,108667.0,101048.0,114000.0
31000716,98067.0,114848.0,115800.0
31000717,98067.0,114848.0,114900.0
31000718,98067.0,114848.0,114000.0
31000719,99667.0,114848.0,115800.0
31000720,99667.0,114848.0,114900.0
31000721,99667.0,114848.0,114000.0
31000722,108217.0,114848.0,115600.0
31000723,108217.0,114848.0,114766.0
31000724,108217.0,114848.0,113933.0
31000725,110267.0,114848.0,115600.0
31000726,110267.0,114848.0,114766.0
31000727,110267.0,114848.0,113933.0
31000728,107467.0,114848.0,115700.0
31000729,107467.0,114848.0,114833.0
31000730,107467.0,114848.0,113966.0
31000731,107467.0,113648.0,115600.0
31000732,107467.0,113648.0,114766.0
31000733,107467.0,113648.0,113933.0
31000734,111267.0,113648.0,115800.0
31000735,111267.0,113648.0,114900.0
31000736,111267.0,113648.0,114000.0
31000737,111267.0,114848.0,115700.0
31000738,111267.0,114848.0,114833.0
31000739,111267.0,114848.0,113966.0
31000740,111267.0,98548.0,115800.0
31000741,111267.0,98548.0,114900.0
31000742,111267.0,98548.0,114000.0
31000743,98067.0,98548.0,115800.0
31000744,98067.0,98548.0,114900.0
31000745,98067.0,98548.0,114000.0
31000746,101067.0,98548.0,115800.0
31000747,101067.0,98548.0,114900.0
31000748,101067.0,98548.0,114000.0
31000749,104867.0,98548.0,115800.0
31000750,104867.0,98548.0,114900.0
31000751,104867.0,98548.0,114000.0
31000752,101067.0,99593.0,115800.0
31000753,101067.0,99593.0,114900.0
31000754,101067.0,99593.0,114000.0
31000755,104867.0,99593.0,115800.0
31000756,104867.0,99593.0,114900.0
31000757,104867.0,99593.0,114000.0
31000758,107467.0,101548.0,115800.0
31000759,107467.0,101548.0,114900.0
31000760,107467.0,101548.0,114000.0
31000761,110367.0,101048.0,115800.0
31000762,110367.0,101048.0,114900.0
31000763,110367.0,101048.0,114000.0
31000764,111267.0,101048.0,115800.0
31000765,111267.0,101048.0,114900.0
31000766,111267.0,101048.0,114000.0
31000767,98067.0,107148.0,115800.0
31000768,98067.0,107148.0,114900.0
31000769,98067.0,107148.0,114000.0
31000770,101067.0,107148.0,115800.0
31000771,101067.0,107148.0,114900.0
31000772,101067.0,107148.0,114000.0
31000773,101067.0,106298.0,115800.0
31000774,101067.0,106298.0,114900.0
31000775,101067.0,106298.0,114000.0
31000776,104867.0,106298.0,115800.0
31000777,104867.0,106298.0,114900.0
31000778,104867.0,106298.0,114000.0
31000779,104867.0,109893.0,115800.0
31000780,104867.0,109893.0,114900.0
31000781,104867.0,109893.0,114000.0
31000782,107467.0,109893.0,115800.0
31000783,107467.0,109893.0,114900.0
31000784,107467.0,109893.0,114000.0
31000785,101067.0,110448.0,115800.0
31000786,101067.0,110448.0,114900.0
31000787,101067.0,110448.0,114000.0
31000788,104867.0,114848.0,115800.0
31000789,104867.0,114848.0,114900.0
31000790,104867.0,114848.0,114000.0
31000791,107467.0,106298.0,115800.0
31000792,107467.0,106298.0,114900.0
31000793,107467.0,106298.0,114000.0
31000794,98067.0,101548.0,115800.0
31000795,98067.0,101548.0,114900.0
31000796,98067.0,101548.0,114000.0
31000797,98067.0,104348.0,115800.0
31000798,98067.0,104348.0,114900.0
31000799,98067.0,104348.0,114000.0
31000800,104867.0,113648.0,115800.0
31000801,104867.0,113648.0,114900.0
31000802,104867.0,113648.0,114000.0
31000803,16867.0,109110.0,115899.0
31000804,16867.0,109473.0,115899.0
31000805,16867.0,109835.0,115899.0
31000806,27067.0,113798.0,116100.0
31000807,27067.0,114148.0,116100.0
31000808,27067.0,114498.0,116100.0
31000809,20667.0,107541.0,116100.0
31000810,20667.0,107960.0,116100.0
31000811,20667.0,108379.0,116100.0
31000812,28567.0,110448.0,116100.0
31000813,29067.0,110448.0,116100.0
31000814,29567.0,110448.0,116100.0
31000815,16867.0,107548.0,115899.0
31000816,16867.0,107948.0,115899.0
31000817,16867.0,108348.0,115899.0
31000818,23267.0,107560.0,116100.0
31000819,23267.0,107973.0,116100.0
31000820,23267.0,108385.0,116100.0
31000821,18167.0,107139.0,116000.0
31000822,18567.0,107131.0,116000.0
31000823,18967.0,107123.0,116000.0
31000824,19367.0,107114.0,116000.0
31000825,19767.0,107106.0,116000.0
31000826,18942.0,98548.0,115899.0
31000827,28867.0,113448.0,116100.0
31000828,29267.0,113448.0,116100.0
31000829,29667.0,113448.0,116100.0
31000830,20067.0,98548.0,115899.0
31000831,56347.0,113798.0,116000.0
31000832,56347.0,114148.0,116000.0
31000833,56347.0,114498.0,116000.0
31000834,54372.0,107123.0,116000.0
31000835,54897.0,107098.0,116000.0
31000836,55422.0,107073.0,116000.0
31000837,54959.0,98548.0,115899.0
31000838,55422.0,98548.0,115899.0
31000839,55884.0,98548.0,115899.0
31000840,108067.0,98548.0,115899.0
31000841,98467.0,113448.0,116100.0
31000842,98867.0,113448.0,116100.0
31000843,99267.0,113448.0,116100.0
31000844,108367.0,107106.0,116000.0
31000845,108767.0,107114.0,116000.0
31000846,109167.0,107123.0,116000.0
31000847,109567.0,107131.0,116000.0
31000848,109967.0,107139.0,116000.0
31000849,104867.0,107560.0,116100.0
31000850,104867.0,107973.0,116100.0
31000851,104867.0,108385.0,116100.0
31000852,111267.0,107548.0,115899.0
31000853,111267.0,107948.0,115899.0
31000854,111267.0,108348.0,115899.0
31000855,107467.0,107541.0,116100.0
31000856,107467.0,107960.0,116100.0
31000857,107467.0,108379.0,116100.0
31000858,101067.0,113798.0,116100.0
31000859,101067.0,114148.0,116100.0
31000860,101067.0,114498.0,116100.0
31000861,111267.0,109110.0,115899.0
31000862,111267.0,109473.0,115899.0
31000863,111267.0,109835.0,115899.0
31000864,98567.0,110448.0,116100.0
31000865,99067.0,110448.0,116100.0
31000866,99567.0,110448.0,116100.0
31000867,109192.0,98548.0,115899.0
31000868,27067.0,114848.0,114900.0
31000869,27067.0,114848.0,114000.0
31000870,27067.0,113448.0,114900.0
31000871,27067.0,113448.0,114000.0
31000872,28467.0,113448.0,114900.0
31000873,28467.0,113448.0,114000.0
31000874,20667.0,108798.0,114900.0
31000875,20667.0,108798.0,114000.0
31000876,16867.0,110198.0,114766.0
31000877,16867.0,110198.0,113933.0
31000878,28067.0,110448.0,114900.0
31000879,28067.0,110448.0,114000.0
31000880,23267.0,108798.0,114900.0
31000881,23267.0,108798.0,114000.0
31000882,16867.0,107148.0,114900.0
31000883,16867.0,107148.0,114000.0
31000884,20167.0,107098.0,114900.0
31000885,20167.0,107098.0,114000.0
31000886,20667.0,107123.0,114900.0
31000887,20667.0,107123.0,114000.0
31000888,23267.0,107148.0,114900.0
31000889,23267.0,107148.0,114000.0
31000890,20667.0,98548.0,114900.0
31000891,20667.0,98548.0,114000.0
31000892,18417.0,98548.0,114900.0
31000893,18417.0,98548.0,114000.0
31000894,17767.0,107148.0,114900.0
31000895,17767.0,107148.0,114000.0
31000896,30067.0,113448.0,114900.0
31000897,30067.0,113448.0,114000.0
31000898,30067.0,110448.0,114900.0
31000899,30067.0,110448.0,114000.0
31000900,54497.0,98548.0,114900.0
31000901,54497.0,98548.0,114000.0
31000902,53847.0,107148.0,114900.0
31000903,53847.0,107148.0,114000.0
31000904,55947.0,107048.0,114900.0
31000905,55947.0,107048.0,114000.0
31000906,56347.0,113448.0,114900.0
31000907,56347.0,113448.0,114000.0
31000908,56347.0,114848.0,114766.0
31000909,56347.0,114848.0,113933.0
31000910,56347.0,98548.0,114900.0
31000911,56347.0,98548.0,114000.0
31000912,109717.0,98548.0,114900.0
31000913,109717.0,98548.0,114000.0
31000914,107467.0,98548.0,114900.0
31000915,107467.0,98548.0,114000.0
31000916,107467.0,107123.0,114900.0
31000917,107467.0,107123.0,114000.0
31000918,107967.0,107098.0,114900.0
31000919,107967.0,107098.0,114000.0
31000920,104867.0,107148.0,114900.0
31000921,104867.0,107148.0,114000.0
31000922,110367.0,107148.0,114900.0
31000923,110367.0,107148.0,114000.0
31000924,111267.0,107148.0,114900.0
31000925,111267.0,107148.0,114000.0
31000926,104867.0,108798.0,114900.0
31000927,104867.0,108798.0,114000.0
31000928,107467.0,108798.0,114900.0
31000929,107467.0,108798.0,114000.0
31000930,98067.0,110448.0,114900.0
31000931,98067.0,110448.0,114000.0
31000932,98067.0,113448.0,114900.0
31000933,98067.0,113448.0,114000.0
31000934,100067.0,110448.0,114900.0
31000935,100067.0,110448.0,114000.0
31000936,99667.0,113448.0,114900.0
31000937,99667.0,113448.0,114000.0
31000938,101067.0,113448.0,114900.0
31000939,101067.0,113448.0,114000.0
31000940,111267.0,110198.0,114900.0
31000941,111267.0,110198.0,114000.0
31000942,101067.0,114848.0,114900.0
31000943,101067.0,114848.0,114000.0
31000944,24217.0,107148.0,116700.0
31000945,25167.0,107148.0,116700.0
31000946,26117.0,107148.0,116700.0
31000947,27067.0,108248.0,116699.0
31000948,27067.0,109348.0,116700.0
31000949,26117.0,114848.0,116700.0
31000950,24217.0,114848.0,116700.0
31000951,23267.0,112748.0,116700.0
31000952,23267.0,110870.0,116700.0
31000953,28467.0,114148.0,116700.0
31000954,17817.0,108760.0,116700.0
31000955,18767.0,108773.0,116700.0
31000956,19717.0,108785.0,116700.0
31000957,20667.0,110870.0,116700.0
31000958,20667.0,112748.0,116700.0
31000959,18892.0,113648.0,116700.0
31000960,24217.0,104348.0,116700.0
31000961,25167.0,104348.0,116700.0
31000962,26117.0,104348.0,116700.0
31000963,27067.0,105323.0,116700.0
31000964,23267.0,105323.0,116700.0
31000965,19467.0,99381.0,116700.0
31000966,19467.0,100214.0,116700.0
31000967,24217.0,101548.0,116700.0
31000968,25167.0,101548.0,116700.0
31000969,26117.0,101548.0,116700.0
31000970,27067.0,102481.0,116700.0
31000971,27067.0,103414.0,116700.0
31000972,23267.0,102481.0,116700.0
31000973,23267.0,103414.0,116700.0
31000974,24217.0,98548.0,116700.0
31000975,26117.0,98548.0,116700.0
31000976,27067.0,100570.0,116700.0
31000977,23267.0,100570.0,116700.0
31000978,56347.0,107898.0,116700.0
31000979,53797.0,108748.0,116700.0
31000980,54647.0,108748.0,116700.0
31000981,55497.0,108748.0,116700.0
31000982,52947.0,107948.0,116700.0
31000983,108667.0,99381.0,116700.0
31000984,108667.0,100214.0,116700.0
31000985,99667.0,114148.0,116700.0
31000986,109242.0,113648.0,116700.0
31000987,108417.0,108785.0,116700.0
31000988,109367.0,108773.0,116700.0
31000989,110317.0,108760.0,116700.0
31000990,107467.0,112748.0,116700.0
31000991,107467.0,110870.0,116700.0
31000992,101883.0,98548.0,116700.0
31000993,103783.0,98548.0,116700.0
31000994,104867.0,100570.0,116700.0
31000995,102017.0,101548.0,116700.0
31000996,102967.0,101548.0,116700.0
31000997,103917.0,101548.0,116700.0
31000998,101067.0,100570.0,116700.0
31000999,102017.0,104348.0,116700.0
31001000,102967.0,104348.0,116700.0
31001001,103917.0,104348.0,116700.0
31001002,104867.0,105323.0,116700.0
31001003,102017.0,107148.0,116700.0
31001004,102967.0,107148.0,116700.0
31001005,103917.0,107148.0,116700.0
31001006,101067.0,105323.0,116700.0
31001007,104867.0,110870.0,116700.0
31001008,104867.0,112748.0,116700.0
31001009,103783.0,114848.0,116700.0
31001010,101883.0,114848.0,116700.0
31001011,101067.0,108248.0,116699.0
31001012,101067.0,109348.0,116700.0
31001013,104867.0,102481.0,116700.0
31001014,104867.0,103414.0,116700.0
31001015,101067.0,102481.0,116700.0
31001016,101067.0,103414.0,116700.0
31001019,64105.0,106303.0,116699.0
31001020,108667.0,98548.0,116299.0
31001021,109192.0,98548.0,116299.0
31001022,109717.0,98548.0,116299.0
31001023,98067.0,110448.0,116400.0
31001024,98567.0,110448.0,116400.0
31001025,99067.0,110448.0,116400.0
31001026,99567.0,110448.0,116400.0
31001027,100067.0,110448.0,116400.0
31001028,111267.0,108748.0,116299.0
31001029,111267.0,109110.0,116299.0
31001030,111267.0,109473.0,116299.0
31001031,111267.0,109835.0,116299.0
31001032,111267.0,110198.0,116299.0
31001033,101067.0,113448.0,116400.0
31001034,101067.0,113798.0,116400.0
31001035,101067.0,114148.0,116400.0
31001036,101067.0,114498.0,116400.0
31001037,101067.0,114848.0,116400.0
31001038,107467.0,107123.0,116400.0
31001039,107467.0,107541.0,116400.0
31001040,107467.0,107960.0,116400.0
31001041,107467.0,108379.0,116400.0
31001042,107467.0,108798.0,116400.0
31001043,111267.0,107148.0,116299.0
31001044,111267.0,107548.0,116299.0
31001045,111267.0,107948.0,116299.0
31001046,111267.0,108348.0,116299.0
31001047,104867.0,107148.0,116400.0
31001048,104867.0,107560.0,116400.0
31001049,104867.0,107973.0,116400.0
31001050,104867.0,108385.0,116400.0
31001051,104867.0,108798.0,116400.0
31001052,107967.0,107098.0,116350.0
31001053,108367.0,107106.0,116350.0
31001054,108767.0,107114.0,116350.0
31001055,109167.0,107123.0,116350.0
31001056,109567.0,107131.0,116350.0
31001057,109967.0,107139.0,116350.0
31001058,110367.0,107148.0,116350.0
31001059,98067.0,113448.0,116400.0
31001060,98467.0,113448.0,116400.0
31001061,98867.0,113448.0,116400.0
31001062,99267.0,113448.0,116400.0
31001063,99667.0,113448.0,116400.0
31001064,107467.0,98548.0,116299.0
31001065,108067.0,98548.0,116299.0
31001066,54497.0,98548.0,116299.0
31001067,54959.0,98548.0,116299.0
31001068,55422.0,98548.0,116299.0
31001069,55884.0,98548.0,116299.0
31001070,56347.0,98548.0,116299.0
31001071,53847.0,107148.0,116350.0
31001072,54372.0,107123.0,116350.0
31001073,54897.0,107098.0,116350.0
31001074,55422.0,107073.0,116350.0
31001075,55947.0,107048.0,116350.0
31001076,56347.0,113448.0,116350.0
31001077,56347.0,113798.0,116350.0
31001078,56347.0,114148.0,116350.0
31001079,56347.0,114498.0,116350.0
31001080,56347.0,114848.0,116350.0
31001081,19467.0,98548.0,116299.0
31001082,20067.0,98548.0,116299.0
31001083,20667.0,98548.0,116299.0
31001084,28467.0,113448.0,116400.0
31001085,28867.0,113448.0,116400.0
31001086,29267.0,113448.0,116400.0
31001087,29667.0,113448.0,116400.0
31001088,30067.0,113448.0,116400.0
31001089,18417.0,98548.0,116299.0
31001090,18942.0,98548.0,116299.0
31001091,17767.0,107148.0,116350.0
31001092,18167.0,107139.0,116350.0
31001093,18567.0,107131.0,116350.0
31001094,18967.0,107123.0,116350.0
31001095,19367.0,107114.0,116350.0
31001096,19767.0,107106.0,116350.0
31001097,20167.0,107098.0,116350.0
31001098,23267.0,107148.0,116400.0
31001099,23267.0,107560.0,116400.0
31001100,23267.0,107973.0,116400.0
31001101,23267.0,108385.0,116400.0
31001102,23267.0,108798.0,116400.0
31001103,16867.0,107148.0,116299.0
31001104,16867.0,107548.0,116299.0
31001105,16867.0,107948.0,116299.0
31001106,16867.0,108348.0,116299.0
31001107,16867.0,108748.0,116299.0
31001108,28067.0,110448.0,116400.0
31001109,28567.0,110448.0,116400.0
31001110,29067.0,110448.0,116400.0
31001111,29567.0,110448.0,116400.0
31001112,30067.0,110448.0,116400.0
31001113,20667.0,107123.0,116400.0
31001114,20667.0,107541.0,116400.0
31001115,20667.0,107960.0,116400.0
31001116,20667.0,108379.0,116400.0
31001117,20667.0,108798.0,116400.0
31001118,27067.0,113448.0,116400.0
31001119,27067.0,113798.0,116400.0
31001120,27067.0,114148.0,116400.0
31001121,27067.0,114498.0,116400.0
31001122,27067.0,114848.0,116400.0
31001123,16867.0,109110.0,116299.0
31001124,16867.0,109473.0,116299.0
31001125,16867.0,109835.0,116299.0
31001126,16867.0,110198.0,116299.0
31001127,17367.0,114848.0,115600.0
31001128,17367.0,114848.0,113933.0
31001129,17367.0,114848.0,114766.0
31001130,21533.0,114848.0,115700.0
31001131,22400.0,114848.0,115700.0
31001132,21533.0,114848.0,113966.0
31001133,22400.0,114848.0,113966.0
31001134,21533.0,114848.0,114833.0
31001135,22400.0,114848.0,114833.0
31001136,27767.0,114848.0,115800.0
31001137,27767.0,114848.0,114000.0
31001138,27767.0,114848.0,114900.0
31001139,16867.0,111060.0,115899.0
31001140,16867.0,111923.0,115899.0
31001141,16867.0,112785.0,115899.0
31001142,16867.0,111060.0,113933.0
31001143,16867.0,111923.0,113933.0
31001144,16867.0,112785.0,113933.0
31001145,16867.0,111060.0,114766.0
31001146,16867.0,112785.0,114766.0
31001147,16867.0,111923.0,114766.0
31001148,30067.0,114148.0,115800.0
31001149,30067.0,114148.0,114000.0
31001150,30067.0,114148.0,114900.0
31001151,27067.0,111448.0,115800.0
31001152,27067.0,112448.0,115800.0
31001153,27067.0,111448.0,114000.0
31001154,27067.0,112448.0,114000.0
31001155,27067.0,111448.0,114900.0
31001156,27067.0,112448.0,114900.0
31001157,27767.0,113448.0,116100.0
31001158,27767.0,113448.0,114000.0
31001159,27767.0,113448.0,114900.0
31001160,27567.0,110448.0,115800.0
31001161,27567.0,110448.0,114000.0
31001162,27567.0,110448.0,114900.0
31001163,30067.0,111448.0,116100.0
31001164,30067.0,112448.0,116100.0
31001165,30067.0,111448.0,114000.0
31001166,30067.0,112448.0,114000.0
31001167,30067.0,111448.0,114900.0
31001168,30067.0,112448.0,114900.0
31001169,20667.0,109345.0,115800.0
31001170,20667.0,109345.0,114000.0
31001171,20667.0,109345.0,114900.0
31001172,21533.0,108798.0,116100.0
31001173,22400.0,108798.0,116100.0
31001174,21533.0,108798.0,114000.0
31001175,22400.0,108798.0,114000.0
31001176,21533.0,108798.0,114900.0
31001177,22400.0,108798.0,114900.0
31001178,23267.0,109345.0,115800.0
31001179,23267.0,109345.0,114000.0
31001180,23267.0,109345.0,114900.0
31001181,17317.0,107148.0,115899.0
31001182,17317.0,107148.0,114000.0
31001183,17317.0,107148.0,114900.0
31001184,21533.0,107131.0,116100.0
31001185,22400.0,107139.0,116100.0
31001186,21533.0,107131.0,114000.0
31001187,22400.0,107139.0,114000.0
31001188,21533.0,107131.0,114900.0
31001189,22400.0,107139.0,114900.0
31001190,23267.0,106723.0,115800.0
31001191,23267.0,106723.0,114000.0
31001192,23267.0,106723.0,114900.0
31001193,27067.0,106723.0,115800.0
31001194,27067.0,106723.0,114000.0
31001195,27067.0,106723.0,114900.0
31001196,28067.0,107148.0,115800.0
31001197,29067.0,107148.0,115800.0
31001198,28067.0,107148.0,114000.0
31001199,29067.0,107148.0,114000.0
31001200,28067.0,107148.0,114900.0
31001201,29067.0,107148.0,114900.0
31001202,16867.0,101931.0,115800.0
31001203,16867.0,102814.0,115800.0
31001204,16867.0,101931.0,114000.0
31001205,16867.0,102814.0,114000.0
31001206,16867.0,101931.0,114900.0
31001207,16867.0,102814.0,114900.0
31001208,16867.0,99381.0,115800.0
31001209,16867.0,100214.0,115800.0
31001210,16867.0,99381.0,114000.0
31001211,16867.0,100214.0,114000.0
31001212,16867.0,99381.0,114900.0
31001213,16867.0,100214.0,114900.0
31001214,17317.0,101048.0,115800.0
31001215,17317.0,101048.0,114000.0
31001216,17317.0,101048.0,114900.0
31001217,18617.0,101048.0,115800.0
31001218,18617.0,101048.0,114000.0
31001219,18617.0,101048.0,114900.0
31001220,20667.0,99381.0,115800.0
31001221,20667.0,100214.0,115800.0
31001222,20667.0,99381.0,114000.0
31001223,20667.0,100214.0,114000.0
31001224,20667.0,99381.0,114900.0
31001225,20667.0,100214.0,114900.0
31001226,17642.0,98548.0,115800.0
31001227,17642.0,98548.0,114000.0
31001228,17642.0,98548.0,114900.0
31001229,21533.0,98548.0,115800.0
31001230,22400.0,98548.0,115800.0
31001231,21533.0,98548.0,114000.0
31001232,22400.0,98548.0,114000.0
31001233,21533.0,98548.0,114900.0
31001234,22400.0,98548.0,114900.0
31001235,23267.0,99070.0,115800.0
31001236,23267.0,99070.0,114000.0
31001237,23267.0,99070.0,114900.0
31001238,27067.0,99070.0,115800.0
31001239,27067.0,99070.0,114000.0
31001240,27067.0,99070.0,114900.0
31001241,28067.0,98548.0,115800.0
31001242,29067.0,98548.0,115800.0
31001243,28067.0,98548.0,114000.0
31001244,29067.0,98548.0,114000.0
31001245,28067.0,98548.0,114900.0
31001246,29067.0,98548.0,114900.0
31001247,16867.0,114248.0,115600.0
31001248,16867.0,114248.0,113933.0
31001249,16867.0,114248.0,114766.0
31001250,20667.0,114248.0,115600.0
31001251,20667.0,114248.0,113933.0
31001252,20667.0,114248.0,114766.0
31001253,20292.0,114848.0,115600.0
31001254,20292.0,114848.0,113933.0
31001255,20292.0,114848.0,114766.0
31001256,18142.0,114848.0,115600.0
31001257,18145.0,114848.0,116150.0
31001258,18642.0,114848.0,116150.0
31001259,19142.0,114848.0,116150.0
31001260,19639.0,114848.0,116150.0
31001261,19642.0,114848.0,115600.0
31001262,18142.0,114848.0,113933.0
31001263,19642.0,114848.0,113933.0
31001264,18142.0,114848.0,114766.0
31001265,19642.0,114848.0,114766.0
31001266,18642.0,114848.0,115600.0
31001267,19142.0,114848.0,115600.0
31001268,29267.0,114848.0,115800.0
31001269,29267.0,114848.0,114000.0
31001270,29267.0,114848.0,114900.0
31001271,20067.0,101048.0,115800.0
31001272,20067.0,101048.0,114000.0
31001273,20067.0,101048.0,114900.0
31001274,16867.0,104698.0,115800.0
31001275,16867.0,105698.0,115800.0
31001276,16867.0,104698.0,114000.0
31001277,16867.0,105698.0,114000.0
31001278,16867.0,104698.0,114900.0
31001279,16867.0,105698.0,114900.0
31001280,20667.0,106710.0,115800.0
31001281,20667.0,106710.0,114000.0
31001282,20667.0,106710.0,114900.0
31001283,23267.0,114248.0,115800.0
31001284,23267.0,114248.0,114000.0
31001285,23267.0,114248.0,114900.0
31001286,30067.0,99381.0,115800.0
31001287,30067.0,100214.0,115800.0
31001288,30067.0,100881.0,115800.0
31001289,30067.0,99381.0,114000.0
31001290,30067.0,100214.0,114000.0
31001291,30067.0,100881.0,114000.0
31001292,30067.0,99381.0,114900.0
31001293,30067.0,100881.0,114900.0
31001294,30067.0,100214.0,114900.0
31001295,30067.0,105281.0,115800.0
31001296,30067.0,106214.0,115800.0
31001297,30067.0,105281.0,114000.0
31001298,30067.0,106214.0,114000.0
31001299,30067.0,105281.0,114900.0
31001300,30067.0,106214.0,114900.0
31001301,30067.0,102481.0,115800.0
31001302,30067.0,103414.0,115800.0
31001303,30067.0,102481.0,114000.0
31001304,30067.0,103414.0,114000.0
31001305,30067.0,102481.0,114900.0
31001306,30067.0,103414.0,114900.0
31001307,60347.0,101873.0,115600.0
31001308,60347.0,102698.0,115600.0
31001309,60347.0,103523.0,115600.0
31001310,60347.0,101873.0,113933.0
31001311,60347.0,102698.0,113933.0
31001312,60347.0,103523.0,113933.0
31001313,60347.0,101873.0,114766.0
31001314,60347.0,103523.0,114766.0
31001315,60347.0,102698.0,114766.0
31001316,63747.0,111328.0,115600.0
31001317,63747.0,112208.0,115600.0
31001318,63747.0,113088.0,115600.0
31001319,63747.0,113968.0,115600.0
31001320,63747.0,111328.0,113933.0
31001321,63747.0,112208.0,113933.0
31001322,63747.0,113088.0,113933.0
31001323,63747.0,113968.0,113933.0
31001324,63747.0,111328.0,114766.0
31001325,63747.0,113968.0,114766.0
31001326,63747.0,112208.0,114766.0
31001327,63747.0,113088.0,114766.0
31001328,61022.0,114848.0,115600.0
31001329,61697.0,114848.0,115600.0
31001330,61700.0,114848.0,116150.0
31001331,62197.0,114848.0,116150.0
31001332,62697.0,114848.0,116150.0
31001333,63194.0,114848.0,116150.0
31001334,63197.0,114848.0,115600.0
31001335,61022.0,114848.0,113933.0
31001336,61697.0,114848.0,113933.0
31001337,63197.0,114848.0,113933.0
31001338,61022.0,114848.0,114766.0
31001339,63197.0,114848.0,114766.0
31001340,62197.0,114848.0,115600.0
31001341,61697.0,114848.0,114766.0
31001342,62697.0,114848.0,115600.0
31001343,52947.0,104560.0,115800.0
31001344,52947.0,105423.0,115800.0
31001345,52947.0,106285.0,115800.0
31001346,52947.0,104560.0,114000.0
31001347,52947.0,105423.0,114000.0
31001348,52947.0,106285.0,114000.0
31001349,52947.0,104560.0,114900.0
31001350,52947.0,106285.0,114900.0
31001351,52947.0,105423.0,114900.0
31001352,53722.0,98548.0,115800.0
31001353,53722.0,98548.0,114000.0
31001354,53722.0,98548.0,114900.0
31001355,52947.0,99381.0,115800.0
31001356,52947.0,100214.0,115800.0
31001357,52947.0,99381.0,114000.0
31001358,52947.0,100214.0,114000.0
31001359,52947.0,99381.0,114900.0
31001360,52947.0,100214.0,114900.0
31001361,52947.0,101931.0,115800.0
31001362,52947.0,102814.0,115800.0
31001363,52947.0,101931.0,114000.0
31001364,52947.0,102814.0,114000.0
31001365,52947.0,101931.0,114900.0
31001366,52947.0,102814.0,114900.0
31001367,53397.0,101048.0,115800.0
31001368,53397.0,101048.0,114000.0
31001369,53397.0,101048.0,114900.0
31001370,53397.0,107148.0,115800.0
31001371,53397.0,107148.0,114000.0
31001372,53397.0,107148.0,114900.0
31001373,56347.0,111328.0,115800.0
31001374,56347.0,112208.0,115800.0
31001375,56347.0,113088.0,115800.0
31001376,56347.0,111328.0,114000.0
31001377,56347.0,112208.0,114000.0
31001378,56347.0,113088.0,114000.0
31001379,56347.0,111328.0,114900.0
31001380,56347.0,113088.0,114900.0
31001381,56347.0,112208.0,114900.0
31001382,52947.0,111128.0,115600.0
31001383,52947.0,112058.0,115600.0
31001384,52947.0,112988.0,115600.0
31001385,52947.0,113918.0,115600.0
31001386,52947.0,111128.0,113933.0
31001387,52947.0,112058.0,113933.0
31001388,52947.0,112988.0,113933.0
31001389,52947.0,113918.0,113933.0
31001390,52947.0,111128.0,114766.0
31001391,52947.0,113918.0,114766.0
31001392,52947.0,112058.0,114766.0
31001393,52947.0,112988.0,114766.0
31001394,53622.0,114848.0,115600.0
31001395,54297.0,114848.0,115600.0
31001396,54300.0,114848.0,116150.0
31001397,54797.0,114848.0,116150.0
31001398,55297.0,114848.0,116150.0
31001399,55794.0,114848.0,116150.0
31001400,55797.0,114848.0,115600.0
31001401,53622.0,114848.0,113933.0
31001402,54297.0,114848.0,113933.0
31001403,55797.0,114848.0,113933.0
31001404,53622.0,114848.0,114766.0
31001405,55797.0,114848.0,114766.0
31001406,54797.0,114848.0,115600.0
31001407,54297.0,114848.0,114766.0
31001408,55297.0,114848.0,115600.0
31001409,61197.0,110448.0,115600.0
31001410,62047.0,110448.0,115600.0
31001411,62897.0,110448.0,115600.0
31001412,61197.0,110448.0,113933.0
31001413,62047.0,110448.0,113933.0
31001414,62897.0,110448.0,113933.0
31001415,61197.0,110448.0,114766.0
31001416,62897.0,110448.0,114766.0
31001417,62047.0,110448.0,114766.0
31001418,56347.0,106673.0,115800.0
31001419,56347.0,106673.0,114000.0
31001420,56347.0,106673.0,114900.0
31001421,56347.0,99381.0,115800.0
31001422,56347.0,100214.0,115800.0
31001423,56347.0,99381.0,114000.0
31001424,56347.0,100214.0,114000.0
31001425,56347.0,99381.0,114900.0
31001426,56347.0,100214.0,114900.0
31001427,63747.0,102064.0,115600.0
31001428,63747.0,103081.0,115600.0
31001429,63747.0,104098.0,115600.0
31001430,63747.0,105114.0,115600.0
31001431,63747.0,106131.0,115600.0
31001432,63747.0,102064.0,113933.0
31001433,63747.0,103081.0,113933.0
31001434,63747.0,104098.0,113933.0
31001435,63747.0,105114.0,113933.0
31001436,63747.0,106131.0,113933.0
31001437,63747.0,102064.0,114766.0
31001438,63747.0,106131.0,114766.0
31001439,63747.0,103081.0,114766.0
31001440,63747.0,104098.0,114766.0
31001441,63747.0,105114.0,114766.0
31001442,63747.0,99381.0,115600.0
31001443,63747.0,100214.0,115600.0
31001444,63747.0,99381.0,113933.0
31001445,63747.0,100214.0,113933.0
31001446,63747.0,99381.0,114766.0
31001447,63747.0,100214.0,114766.0
31001448,54680.0,101048.0,115800.0
31001449,55513.0,101048.0,115800.0
31001450,54680.0,101048.0,114000.0
31001451,55513.0,101048.0,114000.0
31001452,54680.0,101048.0,114900.0
31001453,55513.0,101048.0,114900.0
31001454,60822.0,98548.0,115600.0
31001455,61297.0,98548.0,115600.0
31001456,61300.0,98548.0,116150.0
31001457,61797.0,98548.0,116150.0
31001458,62297.0,98548.0,116150.0
31001459,62794.0,98548.0,116150.0
31001460,62797.0,98548.0,115600.0
31001461,63272.0,98548.0,115600.0
31001462,60822.0,98548.0,113933.0
31001463,61297.0,98548.0,113933.0
31001464,63272.0,98548.0,113933.0
31001465,62797.0,98548.0,113933.0
31001466,60822.0,98548.0,114766.0
31001467,63272.0,98548.0,114766.0
31001468,61797.0,98548.0,115600.0
31001469,61297.0,98548.0,114766.0
31001470,62297.0,98548.0,115600.0
31001471,62797.0,98548.0,114766.0
31001472,61197.0,101048.0,115600.0
31001473,62047.0,101048.0,115600.0
31001474,62897.0,101048.0,115600.0
31001475,61197.0,101048.0,113933.0
31001476,62047.0,101048.0,113933.0
31001477,62897.0,101048.0,113933.0
31001478,61197.0,101048.0,114766.0
31001479,62897.0,101048.0,114766.0
31001480,62047.0,101048.0,114766.0
31001481,111267.0,104698.0,115800.0
31001482,111267.0,105698.0,115800.0
31001483,111267.0,104698.0,114000.0
31001484,111267.0,105698.0,114000.0
31001485,111267.0,104698.0,114900.0
31001486,111267.0,105698.0,114900.0
31001487,108067.0,101048.0,115800.0
31001488,108067.0,101048.0,114000.0
31001489,108067.0,101048.0,114900.0
31001490,98867.0,114848.0,115800.0
31001491,98867.0,114848.0,114000.0
31001492,98867.0,114848.0,114900.0
31001493,108492.0,114848.0,115600.0
31001494,108495.0,114848.0,116150.0
31001495,108992.0,114848.0,116150.0
31001496,109492.0,114848.0,116150.0
31001497,109989.0,114848.0,116150.0
31001498,109992.0,114848.0,115600.0
31001499,108492.0,114848.0,113933.0
31001500,109992.0,114848.0,113933.0
31001501,108492.0,114848.0,114766.0
31001502,109992.0,114848.0,114766.0
31001503,108992.0,114848.0,115600.0
31001504,109492.0,114848.0,115600.0
31001505,107842.0,114848.0,115700.0
31001506,107842.0,114848.0,113966.0
31001507,107842.0,114848.0,114833.0
31001508,107467.0,114248.0,115700.0
31001509,107467.0,114248.0,113966.0
31001510,107467.0,114248.0,114833.0
31001511,111267.0,114248.0,115800.0
31001512,111267.0,114248.0,114000.0
31001513,111267.0,114248.0,114900.0
31001514,110767.0,114848.0,115700.0
31001515,110767.0,114848.0,113966.0
31001516,110767.0,114848.0,114833.0
31001517,110492.0,98548.0,115800.0
31001518,110492.0,98548.0,114000.0
31001519,110492.0,98548.0,114900.0
31001520,99067.0,98548.0,115800.0
31001521,100067.0,98548.0,115800.0
31001522,99067.0,98548.0,114000.0
31001523,100067.0,98548.0,114000.0
31001524,99067.0,98548.0,114900.0
31001525,100067.0,98548.0,114900.0
31001526,105733.0,98548.0,115800.0
31001527,106600.0,98548.0,115800.0
31001528,105733.0,98548.0,114000.0
31001529,106600.0,98548.0,114000.0
31001530,105733.0,98548.0,114900.0
31001531,106600.0,98548.0,114900.0
31001532,101067.0,99070.0,115800.0
31001533,101067.0,99070.0,114000.0
31001534,101067.0,99070.0,114900.0
31001535,104867.0,99070.0,115800.0
31001536,104867.0,99070.0,114000.0
31001537,104867.0,99070.0,114900.0
31001538,107467.0,99381.0,115800.0
31001539,107467.0,100214.0,115800.0
31001540,107467.0,99381.0,114000.0
31001541,107467.0,100214.0,114000.0
31001542,107467.0,99381.0,114900.0
31001543,107467.0,100214.0,114900.0
31001544,109517.0,101048.0,115800.0
31001545,109517.0,101048.0,114000.0
31001546,109517.0,101048.0,114900.0
31001547,110817.0,101048.0,115800.0
31001548,110817.0,101048.0,114000.0
31001549,110817.0,101048.0,114900.0
31001550,111267.0,99381.0,115800.0
31001551,111267.0,100214.0,115800.0
31001552,111267.0,99381.0,114000.0
31001553,111267.0,100214.0,114000.0
31001554,111267.0,99381.0,114900.0
31001555,111267.0,100214.0,114900.0
31001556,111267.0,101931.0,115800.0
31001557,111267.0,102814.0,115800.0
31001558,111267.0,101931.0,114000.0
31001559,111267.0,102814.0,114000.0
31001560,111267.0,101931.0,114900.0
31001561,111267.0,102814.0,114900.0
31001562,99067.0,107148.0,115800.0
31001563,100067.0,107148.0,115800.0
31001564,99067.0,107148.0,114000.0
31001565,100067.0,107148.0,114000.0
31001566,99067.0,107148.0,114900.0
31001567,100067.0,107148.0,114900.0
31001568,101067.0,106723.0,115800.0
31001569,101067.0,106723.0,114000.0
31001570,101067.0,106723.0,114900.0
31001571,104867.0,106723.0,115800.0
31001572,104867.0,106723.0,114000.0
31001573,104867.0,106723.0,114900.0
31001574,105733.0,107139.0,116100.0
31001575,106600.0,107131.0,116100.0
31001576,105733.0,107139.0,114000.0
31001577,106600.0,107131.0,114000.0
31001578,105733.0,107139.0,114900.0
31001579,106600.0,107131.0,114900.0
31001580,110817.0,107148.0,115899.0
31001581,110817.0,107148.0,114000.0
31001582,110817.0,107148.0,114900.0
31001583,104867.0,109345.0,115800.0
31001584,104867.0,109345.0,114000.0
31001585,104867.0,109345.0,114900.0
31001586,105733.0,108798.0,116100.0
31001587,106600.0,108798.0,116100.0
31001588,105733.0,108798.0,114000.0
31001589,106600.0,108798.0,114000.0
31001590,105733.0,108798.0,114900.0
31001591,106600.0,108798.0,114900.0
31001592,107467.0,109345.0,115800.0
31001593,107467.0,109345.0,114000.0
31001594,107467.0,109345.0,114900.0
31001595,98067.0,111448.0,116100.0
31001596,98067.0,112448.0,116100.0
31001597,98067.0,111448.0,114000.0
31001598,98067.0,112448.0,114000.0
31001599,98067.0,111448.0,114900.0
31001600,98067.0,112448.0,114900.0
31001601,100567.0,110448.0,115800.0
31001602,100567.0,110448.0,114000.0
31001603,100567.0,110448.0,114900.0
31001604,100367.0,113448.0,116100.0
31001605,100367.0,113448.0,114000.0
31001606,100367.0,113448.0,114900.0
31001607,101067.0,111448.0,115800.0
31001608,101067.0,112448.0,115800.0
31001609,101067.0,111448.0,114000.0
31001610,101067.0,112448.0,114000.0
31001611,101067.0,111448.0,114900.0
31001612,101067.0,112448.0,114900.0
31001613,98067.0,114148.0,115800.0
31001614,98067.0,114148.0,114000.0
31001615,98067.0,114148.0,114900.0
31001616,111267.0,111060.0,115800.0
31001617,111267.0,111923.0,115800.0
31001618,111267.0,112785.0,115800.0
31001619,111267.0,111060.0,114000.0
31001620,111267.0,111923.0,114000.0
31001621,111267.0,112785.0,114000.0
31001622,111267.0,111060.0,114900.0
31001623,111267.0,112785.0,114900.0
31001624,111267.0,111923.0,114900.0
31001625,100367.0,114848.0,115800.0
31001626,100367.0,114848.0,114000.0
31001627,100367.0,114848.0,114900.0
31001628,105733.0,114848.0,115800.0
31001629,106600.0,114848.0,115800.0
31001630,105733.0,114848.0,114000.0
31001631,106600.0,114848.0,114000.0
31001632,105733.0,114848.0,114900.0
31001633,106600.0,114848.0,114900.0
31001634,107467.0,106710.0,115800.0
31001635,107467.0,106710.0,114000.0
31001636,107467.0,106710.0,114900.0
31001637,98067.0,102481.0,115800.0
31001638,98067.0,103414.0,115800.0
31001639,98067.0,102481.0,114000.0
31001640,98067.0,103414.0,114000.0
31001641,98067.0,102481.0,114900.0
31001642,98067.0,103414.0,114900.0
31001643,98067.0,105281.0,115800.0
31001644,98067.0,106214.0,115800.0
31001645,98067.0,105281.0,114000.0
31001646,98067.0,106214.0,114000.0
31001647,98067.0,105281.0,114900.0
31001648,98067.0,106214.0,114900.0
31001649,104867.0,114248.0,115800.0
31001650,104867.0,114248.0,114000.0
31001651,104867.0,114248.0,114900.0
31001652,98067.0,99381.0,115800.0
31001653,98067.0,100214.0,115800.0
31001654,98067.0,100881.0,115800.0
31001655,98067.0,99381.0,114000.0
31001656,98067.0,100214.0,114000.0
31001657,98067.0,100881.0,114000.0
31001658,98067.0,99381.0,114900.0
31001659,98067.0,100881.0,114900.0
31001660,98067.0,100214.0,114900.0
31001661,24217.0,113842.0,116700.0
31001662,24217.0,112888.0,116700.0
31001663,24217.0,111942.0,116700.0
31001664,24217.0,110977.0,116700.0
31001665,24217.0,109999.0,116700.0
31001666,24217.0,109011.0,116700.0
31001667,24217.0,108071.0,116700.0
31001668,25167.0,113929.0,116700.0
31001669,25167.0,113007.0,116700.0
31001670,25167.0,112066.0,116700.0
31001671,25167.0,111102.0,116700.0
31001672,25167.0,110119.0,116700.0
31001673,25167.0,109126.0,116700.0
31001674,25167.0,108135.0,116700.0
31001675,26117.0,114015.0,116700.0
31001676,26117.0,113157.0,116700.0
31001677,26117.0,112223.0,116700.0
31001678,26117.0,111253.0,116700.0
31001679,26117.0,110256.0,116700.0
31001680,26117.0,109228.0,116700.0
31001681,26117.0,108189.0,116700.0
31001682,27767.0,114148.0,116700.0
31001683,29267.0,114148.0,116700.0
31001684,17833.0,112807.0,116700.0
31001685,17803.0,111978.0,116700.0
31001686,17814.0,109560.0,116700.0
31001687,17803.0,110360.0,116700.0
31001688,17797.0,111175.0,116700.0
31001689,18747.0,110499.0,116700.0
31001690,18711.0,111308.0,116700.0
31001691,18758.0,109644.0,116700.0
31001692,18725.0,111989.0,116700.0
31001693,18796.0,112799.0,116700.0
31001694,19605.0,111720.0,116700.0
31001695,19687.0,110724.0,116700.0
31001696,19711.0,109759.0,116700.0
31001697,19736.0,112715.0,116700.0
31001698,17727.0,107952.0,116700.0
31001699,18522.0,107951.0,116700.0
31001700,19173.0,107945.0,116700.0
31001701,19928.0,107945.0,116700.0
31001702,21533.0,107964.0,116700.0
31001703,22400.0,107968.0,116700.0
31001704,24217.0,106235.0,116700.0
31001705,24217.0,105296.0,116700.0
31001706,25167.0,106224.0,116700.0
31001707,25167.0,105289.0,116700.0
31001708,26117.0,106235.0,116700.0
31001709,26117.0,105296.0,116700.0
31001710,17733.0,100214.0,116700.0
31001711,17704.0,99381.0,116700.0
31001712,18596.0,100214.0,116700.0
31001713,18559.0,99381.0,116700.0
31001714,24217.0,103414.0,116700.0
31001715,24217.0,102481.0,116700.0
31001716,25167.0,103414.0,116700.0
31001717,25167.0,102481.0,116700.0
31001718,26117.0,103414.0,116700.0
31001719,26117.0,102481.0,116700.0
31001720,24217.0,100556.0,116700.0
31001721,24217.0,99559.0,116700.0
31001722,25167.0,100552.0,116700.0
31001723,25167.0,99553.0,116700.0
31001724,26117.0,100556.0,116700.0
31001725,26117.0,99559.0,116700.0
31001726,53835.0,107943.0,116700.0
31001727,54736.0,107923.0,116700.0
31001728,55602.0,107903.0,116700.0
31001729,109538.0,100214.0,116700.0
31001730,109574.0,99381.0,116700.0
31001731,110401.0,100214.0,116700.0
31001732,110429.0,99381.0,116700.0
31001733,98867.0,114148.0,116700.0
31001734,100367.0,114148.0,116700.0
31001735,108372.0,112745.0,116700.0
31001736,108436.0,111814.0,116700.0
31001737,108445.0,109786.0,116700.0
31001738,108536.0,110807.0,116700.0
31001739,109424.0,111113.0,116700.0
31001740,109371.0,111930.0,116700.0
31001741,109425.0,110435.0,116700.0
31001742,109388.0,109627.0,116700.0
31001743,109326.0,112783.0,116700.0
31001744,110341.0,110329.0,116700.0
31001745,110337.0,111124.0,116700.0
31001746,110328.0,109547.0,116700.0
31001747,110293.0,112795.0,116700.0
31001748,110320.0,111948.0,116700.0
31001749,101998.0,100556.0,116700.0
31001750,101962.0,99558.0,116700.0
31001751,102940.0,100552.0,116700.0
31001752,102881.0,99553.0,116700.0
31001753,103898.0,100556.0,116700.0
31001754,103862.0,99559.0,116700.0
31001755,108205.0,107945.0,116700.0
31001756,108960.0,107945.0,116700.0
31001757,109611.0,107951.0,116700.0
31001758,110406.0,107952.0,116700.0
31001759,102017.0,106235.0,116700.0
31001760,102017.0,105296.0,116700.0
31001761,102967.0,106224.0,116700.0
31001762,102967.0,105289.0,116700.0
31001763,103917.0,106235.0,116700.0
31001764,103917.0,105296.0,116700.0
31001765,101960.0,114011.0,116700.0
31001766,101992.0,113153.0,116700.0
31001767,102002.0,112222.0,116700.0
31001768,102007.0,111252.0,116700.0
31001769,102010.0,110256.0,116700.0
31001770,102012.0,109228.0,116700.0
31001771,102014.0,108190.0,116700.0
31001772,102877.0,113924.0,116700.0
31001773,102929.0,113003.0,116700.0
31001774,102946.0,112064.0,116700.0
31001775,102953.0,111102.0,116700.0
31001776,102957.0,110120.0,116700.0
31001777,102960.0,109127.0,116700.0
31001778,102963.0,108135.0,116700.0
31001779,103858.0,113839.0,116700.0
31001780,103890.0,112886.0,116700.0
31001781,103902.0,111941.0,116700.0
31001782,103907.0,110977.0,116700.0
31001783,103910.0,110000.0,116700.0
31001784,103912.0,109011.0,116700.0
31001785,103914.0,108072.0,116700.0
31001786,102017.0,103414.0,116700.0
31001787,102017.0,102481.0,116700.0
31001788,102967.0,103414.0,116700.0
31001789,102967.0,102481.0,116700.0
31001790,103917.0,103414.0,116700.0
31001791,103917.0,102481.0,116700.0
31001792,105733.0,107968.0,116700.0
31001793,106600.0,107964.0,116700.0
32000001,23267.0,114848.0,120299.0
32000002,27067.0,114848.0,120299.0
32000003,20667.0,114848.0,120299.0
32000004,30067.0,114848.0,120299.0
32000005,27067.0,113448.0,120299.0
32000006,27067.0,110448.0,120299.0
32000007,30067.0,113448.0,120299.0
32000008,20667.0,111848.0,120299.0
32000009,20667.0,108798.0,120299.0
32000010,23267.0,111848.0,120299.0
32000011,16867.0,108748.0,120299.0
32000012,23267.0,108798.0,120299.0
32000013,16867.0,107148.0,120299.0
32000014,30067.0,107148.0,120299.0
32000015,23267.0,107148.0,120299.0
32000016,20667.0,107123.0,120299.0
32000017,27067.0,107148.0,120299.0
32000018,16867.0,101048.0,120299.0
32000019,17767.0,107148.0,120299.0
32000020,17767.0,101048.0,120299.0
32000021,20667.0,104348.0,120299.0
32000022,23267.0,104348.0,120299.0
32000023,27067.0,104348.0,120299.0
32000024,20667.0,101548.0,120299.0
32000025,20667.0,101048.0,120299.0
32000026,23267.0,101548.0,120299.0
32000027,27067.0,101548.0,120299.0
32000028,20667.0,98548.0,120299.0
32000029,23267.0,98548.0,120299.0
32000030,27067.0,98548.0,120299.0
32000031,16867.0,110198.0,120299.0
32000032,30067.0,110448.0,120299.0
32000033,23267.0,109893.0,120299.0
32000034,28067.0,110448.0,120299.0
32000035,23267.0,106298.0,120299.0
32000036,27067.0,106298.0,120299.0
32000037,20167.0,107098.0,120299.0
32000038,23267.0,99593.0,120299.0
32000039,27067.0,99593.0,120299.0
32000040,18417.0,98548.0,120299.0
32000041,20667.0,113648.0,120299.0
32000042,16867.0,113648.0,120299.0
32000043,19917.0,113648.0,120299.0
32000044,19917.0,114848.0,120299.0
32000045,17867.0,113648.0,120299.0
32000046,17867.0,114848.0,120299.0
32000047,28467.0,113448.0,120299.0
32000048,28467.0,114848.0,120299.0
32000049,19467.0,98548.0,120299.0
32000050,19467.0,101048.0,120299.0
32000051,17767.0,103698.0,120299.0
32000052,16867.0,103698.0,120299.0
32000053,20667.0,106298.0,120299.0
32000054,23267.0,113648.0,120299.0
32000055,20667.0,109893.0,120299.0
32000056,4867.0,114848.0,120299.0
32000057,4867.0,106698.0,120299.0
32000058,4867.0,98548.0,120299.0
32000059,4867.0,87098.0,120299.0
32000060,4867.0,126298.0,120299.0
32000061,9467.0,126348.0,120299.0
32000062,13067.0,126348.0,120299.0
32000063,124067.0,114848.0,120299.0
32000064,124067.0,106698.0,120299.0
32000065,124067.0,98548.0,120299.0
32000066,124067.0,87098.0,120299.0
32000067,124067.0,126298.0,120299.0
32000068,30067.0,98548.0,120299.0
32000069,30067.0,104348.0,120299.0
32000070,30067.0,101548.0,120299.0
32000071,13067.0,87048.0,120299.0
32000072,9467.0,87048.0,120299.0
32000073,63747.0,110448.0,120299.0
32000074,60347.0,101048.0,120299.0
32000075,60347.0,107048.0,120299.0
32000076,63747.0,107148.0,120299.0
32000077,52947.0,114848.0,120299.0
32000078,56347.0,108748.0,120299.0
32000079,52947.0,103698.0,120299.0
32000080,53847.0,103698.0,120299.0
32000081,54497.0,98548.0,120299.0
32000082,56347.0,110448.0,120299.0
32000083,52947.0,110198.0,120299.0
32000084,56347.0,113448.0,120299.0
32000085,52947.0,101048.0,120299.0
32000086,53847.0,101048.0,120299.0
32000087,53847.0,107148.0,120299.0
32000088,52947.0,107148.0,120299.0
32000089,56347.0,107048.0,120299.0
32000090,52947.0,108748.0,120299.0
32000091,56347.0,101548.0,120299.0
32000092,55947.0,107048.0,120299.0
32000093,56347.0,106298.0,120299.0
32000094,60347.0,110448.0,120299.0
32000095,56347.0,104348.0,120299.0
32000096,56347.0,101048.0,120299.0
32000097,63747.0,101048.0,120299.0
32000098,52947.0,98548.0,120299.0
32000099,60347.0,104348.0,120299.0
32000100,119800.0,87048.0,120299.0
32000101,115533.0,87048.0,120299.0
32000102,111267.0,103698.0,120299.0
32000103,110367.0,103698.0,120299.0
32000104,108667.0,101048.0,120299.0
32000105,108667.0,98548.0,120299.0
32000106,99667.0,114848.0,120299.0
32000107,99667.0,113448.0,120299.0
32000108,110267.0,114848.0,120299.0
32000109,110267.0,113648.0,120299.0
32000110,108217.0,114848.0,120299.0
32000111,108217.0,113648.0,120299.0
32000112,111267.0,113648.0,120299.0
32000113,107467.0,113648.0,120299.0
32000114,109717.0,98548.0,120299.0
32000115,101067.0,99593.0,120299.0
32000116,104867.0,99593.0,120299.0
32000117,107967.0,107098.0,120299.0
32000118,101067.0,106298.0,120299.0
32000119,104867.0,106298.0,120299.0
32000120,100067.0,110448.0,120299.0
32000121,104867.0,109893.0,120299.0
32000122,98067.0,110448.0,120299.0
32000123,111267.0,110198.0,120299.0
32000124,101067.0,98548.0,120299.0
32000125,104867.0,98548.0,120299.0
32000126,107467.0,98548.0,120299.0
32000127,101067.0,101548.0,120299.0
32000128,104867.0,101548.0,120299.0
32000129,107467.0,101048.0,120299.0
32000130,107467.0,101548.0,120299.0
32000131,101067.0,104348.0,120299.0
32000132,104867.0,104348.0,120299.0
32000133,107467.0,104348.0,120299.0
32000134,110367.0,101048.0,120299.0
32000135,110367.0,107148.0,120299.0
32000136,111267.0,101048.0,120299.0
32000137,101067.0,107148.0,120299.0
32000138,107467.0,107123.0,120299.0
32000139,104867.0,107148.0,120299.0
32000140,98067.0,107148.0,120299.0
32000141,111267.0,107148.0,120299.0
32000142,104867.0,108798.0,120299.0
32000143,111267.0,108748.0,120299.0
32000144,104867.0,111848.0,120299.0
32000145,107467.0,108798.0,120299.0
32000146,107467.0,111848.0,120299.0
32000147,98067.0,113448.0,120299.0
32000148,101067.0,110448.0,120299.0
32000149,101067.0,113448.0,120299.0
32000150,98067.0,114848.0,120299.0
32000151,107467.0,114848.0,120299.0
32000152,101067.0,114848.0,120299.0
32000153,104867.0,114848.0,120299.0
32000154,107467.0,106298.0,120299.0
32000155,98067.0,101548.0,120299.0
32000156,98067.0,104348.0,120299.0
32000157,107467.0,109893.0,120299.0
32000158,104867.0,113648.0,120299.0
32000159,98067.0,98548.0,120299.0
32000160,56347.0,98548.0,120299.0
32000161,63747.0,98548.0,120299.0
32000162,56347.0,114848.0,120299.0
32000163,63747.0,114848.0,120299.0
32000164,60347.0,98548.0,120299.0
32000165,60347.0,114848.0,120299.0
32000166,16867.0,126298.0,120299.0
32000167,16867.0,87098.0,120299.0
32000168,16867.0,106698.0,120299.0
32000169,30067.0,87098.0,120299.0
32000170,30067.0,126298.0,120299.0
32000171,16867.0,114848.0,120299.0
32000172,16867.0,98548.0,120299.0
32000173,111267.0,87098.0,120299.0
32000174,111267.0,126298.0,120299.0
32000175,98067.0,87098.0,120299.0
32000176,98067.0,126298.0,120299.0
32000177,111267.0,106698.0,120299.0
32000178,111267.0,114848.0,120299.0
32000179,111267.0,98548.0,120299.0
32000180,41507.0,87098.0,120299.0
32000181,41507.0,126298.0,120299.0
32000182,52947.0,87098.0,120299.0
32000183,52947.0,126298.0,120299.0
32000184,75187.0,87098.0,120299.0
32000185,75187.0,126298.0,120299.0
32000186,86627.0,126298.0,120299.0
32000187,86627.0,87098.0,120299.0
32000188,102700.0,87048.0,120299.0
32000189,102700.0,98548.0,120299.0
32000190,102700.0,126348.0,120299.0
32000191,102700.0,114848.0,120299.0
32000192,107467.0,87048.0,120299.0
32000193,107467.0,126348.0,120299.0
32000194,119800.0,126348.0,120299.0
32000195,115533.0,126348.0,120299.0
32000196,92347.0,126348.0,120299.0
32000197,92347.0,87048.0,120299.0
32000198,80907.0,126348.0,120299.0
32000199,80907.0,87048.0,120299.0
32000200,69467.0,126348.0,120299.0
32000201,69467.0,87048.0,120299.0
32000202,47227.0,126348.0,120299.0
32000203,47227.0,87048.0,120299.0
32000204,35787.0,126348.0,120299.0
32000205,35787.0,87048.0,120299.0
32000206,58347.0,114848.0,120299.0
32000207,58347.0,126348.0,120299.0
32000208,58347.0,98548.0,120299.0
32000209,58347.0,87048.0,120299.0
32000210,20667.0,87048.0,120299.0
32000211,25167.0,98548.0,120299.0
32000212,25167.0,87048.0,120299.0
32000213,25167.0,114848.0,120299.0
32000214,25167.0,126348.0,120299.0
32000215,20667.0,126348.0,120299.0
32000216,119800.0,106698.0,120299.0
32000217,119800.0,98548.0,120299.0
32000218,119800.0,114848.0,120299.0
32000219,115533.0,106698.0,120299.0
32000220,115533.0,98548.0,120299.0
32000221,115533.0,114848.0,120299.0
32000222,92347.0,107148.0,120299.0
32000223,92347.0,98548.0,120299.0
32000224,92347.0,114848.0,120299.0
32000225,80907.0,107148.0,120299.0
32000226,80907.0,98548.0,120299.0
32000227,80907.0,114848.0,120299.0
32000228,69467.0,107148.0,120299.0
32000229,69467.0,98548.0,120299.0
32000230,69467.0,114848.0,120299.0
32000231,47227.0,107148.0,120299.0
32000232,47227.0,98548.0,120299.0
32000233,47227.0,114848.0,120299.0
32000234,35787.0,107148.0,120299.0
32000235,35787.0,98548.0,120299.0
32000236,35787.0,114848.0,120299.0
32000237,41507.0,107148.0,120299.0
32000238,75187.0,107148.0,120299.0
32000239,86627.0,107148.0,120299.0
32000240,13067.0,106698.0,120299.0
32000241,9467.0,106698.0,120299.0
32000242,75187.0,98548.0,120299.0
32000243,86627.0,98548.0,120299.0
32000244,41507.0,98548.0,120299.0
32000245,13067.0,98548.0,120299.0
32000246,9467.0,98548.0,120299.0
32000247,75187.0,114848.0,120299.0
32000248,86627.0,114848.0,120299.0
32000249,41507.0,114848.0,120299.0
32000250,13067.0,114848.0,120299.0
32000251,9467.0,114848.0,120299.0
32000252,63747.0,126298.0,120299.0
32000253,63747.0,87098.0,120299.0
32000254,16867.0,108748.0,119498.0
32000255,16867.0,110198.0,119498.0
32000256,27067.0,113448.0,119699.0
32000257,27067.0,114848.0,119699.0
32000258,20667.0,107123.0,119699.0
32000259,20667.0,108798.0,119699.0
32000260,28067.0,110448.0,119699.0
32000261,30067.0,110448.0,119699.0
32000262,16867.0,107148.0,119498.0
32000263,23267.0,107148.0,119699.0
32000264,23267.0,108798.0,119699.0
32000265,17767.0,107148.0,119599.0
32000266,20167.0,107098.0,119599.0
32000267,18417.0,98548.0,119498.0
32000268,19467.0,98548.0,119498.0
32000269,28467.0,113448.0,119699.0
32000270,30067.0,113448.0,119699.0
32000271,20667.0,98548.0,119498.0
32000272,56347.0,113448.0,119599.0
32000273,56347.0,114848.0,119599.0
32000274,53847.0,107148.0,119599.0
32000275,55947.0,107048.0,119599.0
32000276,54497.0,98548.0,119498.0
32000277,56347.0,98548.0,119498.0
32000278,107467.0,98548.0,119498.0
32000279,108667.0,98548.0,119498.0
32000280,98067.0,113448.0,119699.0
32000281,99667.0,113448.0,119699.0
32000282,107967.0,107098.0,119599.0
32000283,110367.0,107148.0,119599.0
32000284,104867.0,107148.0,119699.0
32000285,104867.0,108798.0,119699.0
32000286,111267.0,107148.0,119498.0
32000287,111267.0,108748.0,119498.0
32000288,107467.0,107123.0,119699.0
32000289,107467.0,108798.0,119699.0
32000290,101067.0,113448.0,119699.0
32000291,101067.0,114848.0,119699.0
32000292,111267.0,110198.0,119498.0
32000293,98067.0,110448.0,119699.0
32000294,100067.0,110448.0,119699.0
32000295,109717.0,98548.0,119498.0
32000296,17367.0,114848.0,120299.0
32000297,21533.0,114848.0,120299.0
32000298,22400.0,114848.0,120299.0
32000299,27767.0,114848.0,120299.0
32000300,16867.0,111060.0,120299.0
32000301,16867.0,111923.0,120299.0
32000302,16867.0,112785.0,120299.0
32000303,16867.0,109110.0,120299.0
32000304,16867.0,109473.0,120299.0
32000305,16867.0,109835.0,120299.0
32000306,27067.0,113798.0,120299.0
32000307,27067.0,114148.0,120299.0
32000308,27067.0,114498.0,120299.0
32000309,30067.0,114148.0,120299.0
32000310,27067.0,111448.0,120299.0
32000311,27067.0,112448.0,120299.0
32000312,27767.0,113448.0,120299.0
32000313,27567.0,110448.0,120299.0
32000314,30067.0,111448.0,120299.0
32000315,30067.0,112448.0,120299.0
32000316,20667.0,109345.0,120299.0
32000317,20667.0,107541.0,120299.0
32000318,20667.0,107960.0,120299.0
32000319,20667.0,108379.0,120299.0
32000320,21533.0,108798.0,120299.0
32000321,22400.0,108798.0,120299.0
32000322,23267.0,109345.0,120299.0
32000323,28567.0,110448.0,120299.0
32000324,29067.0,110448.0,120299.0
32000325,29567.0,110448.0,120299.0
32000326,16867.0,107548.0,120299.0
32000327,16867.0,107948.0,120299.0
32000328,16867.0,108348.0,120299.0
32000329,23267.0,107560.0,120299.0
32000330,23267.0,107973.0,120299.0
32000331,23267.0,108385.0,120299.0
32000332,17317.0,107148.0,120299.0
32000333,21533.0,107131.0,120299.0
32000334,22400.0,107139.0,120299.0
32000335,23267.0,106723.0,120299.0
32000336,27067.0,106723.0,120299.0
32000337,28067.0,107148.0,120299.0
32000338,29067.0,107148.0,120300.0
32000339,16867.0,101931.0,120299.0
32000340,16867.0,102814.0,120299.0
32000341,16867.0,99381.0,120299.0
32000342,16867.0,100214.0,120299.0
32000343,17317.0,101048.0,120299.0
32000344,18167.0,107139.0,120299.0
32000345,18567.0,107131.0,120299.0
32000346,18967.0,107123.0,120299.0
32000347,19367.0,107114.0,120300.0
32000348,19767.0,107106.0,120299.0
32000349,18617.0,101048.0,120299.0
32000350,20667.0,99381.0,120299.0
32000351,20667.0,100214.0,120299.0
32000352,17642.0,98548.0,120299.0
32000353,18942.0,98548.0,120299.0
32000354,21533.0,98548.0,120299.0
32000355,22400.0,98548.0,120299.0
32000356,23267.0,99070.0,120299.0
32000357,27067.0,99070.0,120299.0
32000358,28067.0,98548.0,120299.0
32000359,29067.0,98548.0,120300.0
32000360,16867.0,114248.0,120299.0
32000361,20667.0,114248.0,120299.0
32000362,20292.0,114848.0,120299.0
32000363,18142.0,114848.0,120299.0
32000364,18642.0,114848.0,120299.0
32000365,19142.0,114848.0,120300.0
32000366,19642.0,114848.0,120299.0
32000367,29267.0,114848.0,120299.0
32000368,28867.0,113448.0,120299.0
32000369,29267.0,113448.0,120299.0
32000370,29667.0,113448.0,120299.0
32000371,20067.0,101048.0,120299.0
32000372,20067.0,98548.0,120299.0
32000373,16867.0,104698.0,120299.0
32000374,16867.0,105698.0,120299.0
32000375,20667.0,106710.0,120299.0
32000376,23267.0,114248.0,120299.0
32000377,30067.0,99381.0,120300.0
32000378,30067.0,100214.0,120299.0
32000379,30067.0,100881.0,120300.0
32000380,30067.0,105281.0,120299.0
32000381,30067.0,106214.0,120299.0
32000382,30067.0,102481.0,120299.0
32000383,30067.0,103414.0,120299.0
32000384,60347.0,101873.0,120299.0
32000385,60347.0,102698.0,120299.0
32000386,60347.0,103523.0,120299.0
32000387,63747.0,111328.0,120299.0
32000388,63747.0,112208.0,120299.0
32000389,63747.0,113088.0,120299.0
32000390,63747.0,113968.0,120299.0
32000391,61022.0,114848.0,120299.0
32000392,61697.0,114848.0,120299.0
32000393,62197.0,114848.0,120299.0
32000394,62697.0,114848.0,120299.0
32000395,63197.0,114848.0,120299.0
32000396,52947.0,104560.0,120299.0
32000397,52947.0,105423.0,120299.0
32000398,52947.0,106285.0,120299.0
32000399,53722.0,98548.0,120299.0
32000400,52947.0,99381.0,120299.0
32000401,52947.0,100214.0,120299.0
32000402,52947.0,101931.0,120299.0
32000403,52947.0,102814.0,120299.0
32000404,53397.0,101048.0,120299.0
32000405,53397.0,107148.0,120299.0
32000406,56347.0,111328.0,120299.0
32000407,56347.0,112208.0,120299.0
32000408,56347.0,113088.0,120299.0
32000409,56347.0,113798.0,120299.0
32000410,56347.0,114148.0,120299.0
32000411,56347.0,114498.0,120299.0
32000412,52947.0,111128.0,120299.0
32000413,52947.0,112058.0,120299.0
32000414,52947.0,112988.0,120299.0
32000415,52947.0,113918.0,120299.0
32000416,53622.0,114848.0,120299.0
32000417,54297.0,114848.0,120299.0
32000418,54797.0,114848.0,120299.0
32000419,55297.0,114848.0,120299.0
32000420,55797.0,114848.0,120299.0
32000421,54372.0,107123.0,120299.0
32000422,54897.0,107098.0,120299.0
32000423,55422.0,107073.0,120299.0
32000424,61197.0,110448.0,120299.0
32000425,62047.0,110448.0,120299.0
32000426,62897.0,110448.0,120299.0
32000427,56347.0,106673.0,120299.0
32000428,56347.0,99381.0,120299.0
32000429,56347.0,100214.0,120299.0
32000430,54959.0,98548.0,120299.0
32000431,55422.0,98548.0,120299.0
32000432,55884.0,98548.0,120299.0
32000433,63747.0,102064.0,120299.0
32000434,63747.0,103081.0,120299.0
32000435,63747.0,104098.0,120299.0
32000436,63747.0,105114.0,120299.0
32000437,63747.0,106131.0,120299.0
32000438,63747.0,99381.0,120299.0
32000439,63747.0,100214.0,120299.0
32000440,54680.0,101048.0,120299.0
32000441,55513.0,101048.0,120299.0
32000442,60822.0,98548.0,120299.0
32000443,61297.0,98548.0,120299.0
32000444,61797.0,98548.0,120299.0
32000445,62297.0,98548.0,120300.0
32000446,62797.0,98548.0,120300.0
32000447,63272.0,98548.0,120300.0
32000448,61197.0,101048.0,120299.0
32000449,62047.0,101048.0,120299.0
32000450,62897.0,101048.0,120299.0
32000451,111267.0,104698.0,120299.0
32000452,111267.0,105698.0,120299.0
32000453,108067.0,98548.0,120299.0
32000454,108067.0,101048.0,120299.0
32000455,98467.0,113448.0,120299.0
32000456,98867.0,113448.0,120299.0
32000457,99267.0,113448.0,120299.0
32000458,98867.0,114848.0,120299.0
32000459,108492.0,114848.0,120299.0
32000460,108992.0,114848.0,120299.0
32000461,109492.0,114848.0,120300.0
32000462,109992.0,114848.0,120299.0
32000463,107842.0,114848.0,120299.0
32000464,107467.0,114248.0,120299.0
32000465,111267.0,114248.0,120299.0
32000466,110767.0,114848.0,120299.0
32000467,110492.0,98548.0,120299.0
32000468,99067.0,98548.0,120299.0
32000469,100067.0,98548.0,120299.0
32000470,105733.0,98548.0,120299.0
32000471,106600.0,98548.0,120299.0
32000472,101067.0,99070.0,120299.0
32000473,104867.0,99070.0,120299.0
32000474,107467.0,99381.0,120299.0
32000475,107467.0,100214.0,120299.0
32000476,109517.0,101048.0,120299.0
32000477,108367.0,107106.0,120299.0
32000478,108767.0,107114.0,120299.0
32000479,109167.0,107123.0,120299.0
32000480,109567.0,107131.0,120300.0
32000481,109967.0,107139.0,120299.0
32000482,110817.0,101048.0,120299.0
32000483,111267.0,99381.0,120299.0
32000484,111267.0,100214.0,120299.0
32000485,111267.0,101931.0,120299.0
32000486,111267.0,102814.0,120299.0
32000487,99067.0,107148.0,120299.0
32000488,100067.0,107148.0,120299.0
32000489,101067.0,106723.0,120299.0
32000490,104867.0,106723.0,120299.0
32000491,105733.0,107139.0,120299.0
32000492,106600.0,107131.0,120299.0
32000493,110817.0,107148.0,120299.0
32000494,104867.0,107560.0,120299.0
32000495,104867.0,107973.0,120299.0
32000496,104867.0,108385.0,120299.0
32000497,111267.0,107548.0,120299.0
32000498,111267.0,107948.0,120299.0
32000499,111267.0,108348.0,120299.0
32000500,104867.0,109345.0,120299.0
32000501,105733.0,108798.0,120299.0
32000502,106600.0,108798.0,120299.0
32000503,107467.0,107541.0,120299.0
32000504,107467.0,107960.0,120299.0
32000505,107467.0,108379.0,120299.0
32000506,107467.0,109345.0,120299.0
32000507,98067.0,111448.0,120299.0
32000508,98067.0,112448.0,120299.0
32000509,100567.0,110448.0,120299.0
32000510,100367.0,113448.0,120299.0
32000511,101067.0,111448.0,120299.0
32000512,101067.0,112448.0,120299.0
32000513,98067.0,114148.0,120299.0
32000514,101067.0,113798.0,120299.0
32000515,101067.0,114148.0,120299.0
32000516,101067.0,114498.0,120299.0
32000517,111267.0,109110.0,120299.0
32000518,111267.0,109473.0,120299.0
32000519,111267.0,109835.0,120299.0
32000520,111267.0,111060.0,120299.0
32000521,111267.0,111923.0,120299.0
32000522,111267.0,112785.0,120299.0
32000523,100367.0,114848.0,120299.0
32000524,105733.0,114848.0,120299.0
32000525,106600.0,114848.0,120299.0
32000526,107467.0,106710.0,120299.0
32000527,98067.0,102481.0,120299.0
32000528,98067.0,103414.0,120299.0
32000529,98067.0,105281.0,120299.0
32000530,98067.0,106214.0,120299.0
32000531,104867.0,114248.0,120299.0
32000532,98067.0,99381.0,120300.0
32000533,98067.0,100214.0,120299.0
32000534,98067.0,100881.0,120300.0
32000535,98567.0,110448.0,120299.0
32000536,99067.0,110448.0,120299.0
32000537,99567.0,110448.0,120299.0
32000538,109192.0,98548.0,120299.0
32000539,16867.0,114848.0,119200.0
32000540,16867.0,114848.0,118366.0
32000541,16867.0,114848.0,117533.0
32000542,17867.0,114848.0,119200.0
32000543,17867.0,114848.0,118366.0
32000544,17867.0,114848.0,117533.0
32000545,20667.0,114848.0,119200.0
32000546,20667.0,114848.0,118366.0
32000547,20667.0,114848.0,117533.0
32000548,23267.0,114848.0,119300.0
32000549,23267.0,114848.0,118433.0
32000550,23267.0,114848.0,117566.0
32000551,28467.0,114848.0,119399.0
32000552,28467.0,114848.0,118500.0
32000553,28467.0,114848.0,117600.0
32000554,27067.0,110448.0,119399.0
32000555,27067.0,110448.0,118500.0
32000556,27067.0,110448.0,117600.0
32000557,20667.0,109893.0,119399.0
32000558,20667.0,109893.0,118500.0
32000559,20667.0,109893.0,117600.0
32000560,16867.0,113648.0,119200.0
32000561,16867.0,113648.0,118366.0
32000562,16867.0,113648.0,117533.0
32000563,23267.0,109893.0,119399.0
32000564,23267.0,109893.0,118500.0
32000565,23267.0,109893.0,117600.0
32000566,16867.0,106698.0,119399.0
32000567,16867.0,106698.0,118500.0
32000568,16867.0,106698.0,117600.0
32000569,23267.0,106298.0,119399.0
32000570,23267.0,106298.0,118500.0
32000571,23267.0,106298.0,117600.0
32000572,27067.0,106298.0,119399.0
32000573,27067.0,106298.0,118500.0
32000574,27067.0,106298.0,117600.0
32000575,27067.0,107148.0,119399.0
32000576,27067.0,107148.0,118500.0
32000577,27067.0,107148.0,117600.0
32000578,16867.0,101048.0,119399.0
32000579,16867.0,101048.0,118500.0
32000580,16867.0,101048.0,117600.0
32000581,16867.0,103698.0,119399.0
32000582,16867.0,103698.0,118500.0
32000583,16867.0,103698.0,117600.0
32000584,16867.0,98548.0,119399.0
32000585,16867.0,98548.0,118500.0
32000586,16867.0,98548.0,117600.0
32000587,17767.0,101048.0,119399.0
32000588,17767.0,101048.0,118500.0
32000589,17767.0,101048.0,117600.0
32000590,19467.0,101048.0,119399.0
32000591,19467.0,101048.0,118500.0
32000592,19467.0,101048.0,117600.0
32000593,20667.0,101048.0,119399.0
32000594,20667.0,101048.0,118500.0
32000595,20667.0,101048.0,117600.0
32000596,23267.0,98548.0,119399.0
32000597,23267.0,98548.0,118500.0
32000598,23267.0,98548.0,117600.0
32000599,23267.0,99593.0,119399.0
32000600,23267.0,99593.0,118500.0
32000601,23267.0,99593.0,117600.0
32000602,27067.0,98548.0,119399.0
32000603,27067.0,98548.0,118500.0
32000604,27067.0,98548.0,117600.0
32000605,27067.0,99593.0,119399.0
32000606,27067.0,99593.0,118500.0
32000607,27067.0,99593.0,117600.0
32000608,30067.0,98548.0,119399.0
32000609,30067.0,98548.0,118500.0
32000610,30067.0,98548.0,117600.0
32000611,19917.0,114848.0,119200.0
32000612,19917.0,114848.0,118366.0
32000613,19917.0,114848.0,117533.0
32000614,30067.0,114848.0,119399.0
32000615,30067.0,114848.0,118500.0
32000616,30067.0,114848.0,117600.0
32000617,20667.0,106298.0,119399.0
32000618,20667.0,106298.0,118500.0
32000619,20667.0,106298.0,117600.0
32000620,20667.0,113648.0,119200.0
32000621,20667.0,113648.0,118366.0
32000622,20667.0,113648.0,117533.0
32000623,23267.0,113648.0,119399.0
32000624,23267.0,113648.0,118500.0
32000625,23267.0,113648.0,117600.0
32000626,20667.0,101548.0,119399.0
32000627,20667.0,101548.0,118500.0
32000628,20667.0,101548.0,117600.0
32000629,30067.0,107148.0,119399.0
32000630,30067.0,107148.0,118500.0
32000631,30067.0,107148.0,117600.0
32000632,30067.0,104348.0,119399.0
32000633,30067.0,104348.0,118500.0
32000634,30067.0,104348.0,117600.0
32000635,30067.0,101548.0,119399.0
32000636,30067.0,101548.0,118500.0
32000637,30067.0,101548.0,117600.0
32000638,60347.0,101048.0,119200.0
32000639,60347.0,101048.0,118366.0
32000640,60347.0,101048.0,117533.0
32000641,60347.0,104348.0,119200.0
32000642,60347.0,104348.0,118366.0
32000643,60347.0,104348.0,117533.0
32000644,63747.0,110448.0,119200.0
32000645,63747.0,110448.0,118366.0
32000646,63747.0,110448.0,117533.0
32000647,63747.0,114848.0,119200.0
32000648,63747.0,114848.0,118366.0
32000649,63747.0,114848.0,117533.0
32000650,60347.0,114848.0,119200.0
32000651,60347.0,114848.0,118366.0
32000652,60347.0,114848.0,117533.0
32000653,52947.0,103698.0,119399.0
32000654,52947.0,103698.0,118500.0
32000655,52947.0,103698.0,117600.0
32000656,52947.0,107148.0,119399.0
32000657,52947.0,107148.0,118500.0
32000658,52947.0,107148.0,117600.0
32000659,52947.0,98548.0,119399.0
32000660,52947.0,98548.0,118500.0
32000661,52947.0,98548.0,117600.0
32000662,52947.0,101048.0,119399.0
32000663,52947.0,101048.0,118500.0
32000664,52947.0,101048.0,117600.0
32000665,53847.0,101048.0,119399.0
32000666,53847.0,101048.0,118500.0
32000667,53847.0,101048.0,117600.0
32000668,56347.0,107048.0,119399.0
32000669,56347.0,107048.0,118500.0
32000670,56347.0,107048.0,117600.0
32000671,56347.0,110448.0,119399.0
32000672,56347.0,110448.0,118500.0
32000673,56347.0,110448.0,117600.0
32000674,52947.0,110198.0,119200.0
32000675,52947.0,110198.0,118366.0
32000676,52947.0,110198.0,117533.0
32000677,52947.0,114848.0,119200.0
32000678,52947.0,114848.0,118366.0
32000679,52947.0,114848.0,117533.0
32000680,60347.0,110448.0,119200.0
32000681,60347.0,110448.0,118366.0
32000682,60347.0,110448.0,117533.0
32000683,56347.0,106298.0,119399.0
32000684,56347.0,106298.0,118500.0
32000685,56347.0,106298.0,117600.0
32000686,56347.0,101048.0,119399.0
32000687,56347.0,101048.0,118500.0
32000688,56347.0,101048.0,117600.0
32000689,56347.0,101548.0,119399.0
32000690,56347.0,101548.0,118500.0
32000691,56347.0,101548.0,117600.0
32000692,63747.0,101048.0,119200.0
32000693,63747.0,101048.0,118366.0
32000694,63747.0,101048.0,117533.0
32000695,63747.0,107148.0,119200.0
32000696,63747.0,107148.0,118366.0
32000697,63747.0,107148.0,117533.0
32000698,63747.0,98548.0,119200.0
32000699,63747.0,98548.0,118366.0
32000700,63747.0,98548.0,117533.0
32000701,60347.0,98548.0,119200.0
32000702,60347.0,98548.0,118366.0
32000703,60347.0,98548.0,117533.0
32000704,111267.0,103698.0,119399.0
32000705,111267.0,103698.0,118500.0
32000706,111267.0,103698.0,117600.0
32000707,111267.0,106698.0,119399.0
32000708,111267.0,106698.0,118500.0
32000709,111267.0,106698.0,117600.0
32000710,107467.0,101048.0,119399.0
32000711,107467.0,101048.0,118500.0
32000712,107467.0,101048.0,117600.0
32000713,108667.0,101048.0,119399.0
32000714,108667.0,101048.0,118500.0
32000715,108667.0,101048.0,117600.0
32000716,98067.0,114848.0,119399.0
32000717,98067.0,114848.0,118500.0
32000718,98067.0,114848.0,117600.0
32000719,99667.0,114848.0,119399.0
32000720,99667.0,114848.0,118500.0
32000721,99667.0,114848.0,117600.0
32000722,108217.0,114848.0,119200.0
32000723,108217.0,114848.0,118366.0
32000724,108217.0,114848.0,117533.0
32000725,110267.0,114848.0,119200.0
32000726,110267.0,114848.0,118366.0
32000727,110267.0,114848.0,117533.0
32000728,107467.0,114848.0,119300.0
32000729,107467.0,114848.0,118433.0
32000730,107467.0,114848.0,117566.0
32000731,107467.0,113648.0,119200.0
32000732,107467.0,113648.0,118366.0
32000733,107467.0,113648.0,117533.0
32000734,111267.0,113648.0,119399.0
32000735,111267.0,113648.0,118500.0
32000736,111267.0,113648.0,117600.0
32000737,111267.0,114848.0,119300.0
32000738,111267.0,114848.0,118433.0
32000739,111267.0,114848.0,117566.0
32000740,111267.0,98548.0,119399.0
32000741,111267.0,98548.0,118500.0
32000742,111267.0,98548.0,117600.0
32000743,98067.0,98548.0,119399.0
32000744,98067.0,98548.0,118500.0
32000745,98067.0,98548.0,117600.0
32000746,101067.0,98548.0,119399.0
32000747,101067.0,98548.0,118500.0
32000748,101067.0,98548.0,117600.0
32000749,104867.0,98548.0,119399.0
32000750,104867.0,98548.0,118500.0
32000751,104867.0,98548.0,117600.0
32000752,101067.0,99593.0,119399.0
32000753,101067.0,99593.0,118500.0
32000754,101067.0,99593.0,117600.0
32000755,104867.0,99593.0,119399.0
32000756,104867.0,99593.0,118500.0
32000757,104867.0,99593.0,117600.0
32000758,107467.0,101548.0,119399.0
32000759,107467.0,101548.0,118500.0
32000760,107467.0,101548.0,117600.0
32000761,110367.0,101048.0,119399.0
32000762,110367.0,101048.0,118500.0
32000763,110367.0,101048.0,117600.0
32000764,111267.0,101048.0,119399.0
32000765,111267.0,101048.0,118500.0
32000766,111267.0,101048.0,117600.0
32000767,98067.0,107148.0,119399.0
32000768,98067.0,107148.0,118500.0
32000769,98067.0,107148.0,117600.0
32000770,101067.0,107148.0,119399.0
32000771,101067.0,107148.0,118500.0
32000772,101067.0,107148.0,117600.0
32000773,101067.0,106298.0,119399.0
32000774,101067.0,106298.0,118500.0
32000775,101067.0,106298.0,117600.0
32000776,104867.0,106298.0,119399.0
32000777,104867.0,106298.0,118500.0
32000778,104867.0,106298.0,117600.0
32000779,104867.0,109893.0,119399.0
32000780,104867.0,109893.0,118500.0
32000781,104867.0,109893.0,117600.0
32000782,107467.0,109893.0,119399.0
32000783,107467.0,109893.0,118500.0
32000784,107467.0,109893.0,117600.0
32000785,101067.0,110448.0,119399.0
32000786,101067.0,110448.0,118500.0
32000787,101067.0,110448.0,117600.0
32000788,104867.0,114848.0,119399.0
32000789,104867.0,114848.0,118500.0
32000790,104867.0,114848.0,117600.0
32000791,107467.0,106298.0,119399.0
32000792,107467.0,106298.0,118500.0
32000793,107467.0,106298.0,117600.0
32000794,98067.0,101548.0,119399.0
32000795,98067.0,101548.0,118500.0
32000796,98067.0,101548.0,117600.0
32000797,98067.0,104348.0,119399.0
32000798,98067.0,104348.0,118500.0
32000799,98067.0,104348.0,117600.0
32000800,104867.0,113648.0,119399.0
32000801,104867.0,113648.0,118500.0
32000802,104867.0,113648.0,117600.0
32000803,16867.0,109110.0,119498.0
32000804,16867.0,109473.0,119498.0
32000805,16867.0,109835.0,119498.0
32000806,27067.0,113798.0,119699.0
32000807,27067.0,114148.0,119699.0
32000808,27067.0,114498.0,119699.0
32000809,20667.0,107541.0,119699.0
32000810,20667.0,107960.0,119699.0
32000811,20667.0,108379.0,119699.0
32000812,28567.0,110448.0,119699.0
32000813,29067.0,110448.0,119699.0
32000814,29567.0,110448.0,119699.0
32000815,16867.0,107548.0,119498.0
32000816,16867.0,107948.0,119498.0
32000817,16867.0,108348.0,119498.0
32000818,23267.0,107560.0,119699.0
32000819,23267.0,107973.0,119699.0
32000820,23267.0,108385.0,119699.0
32000821,18167.0,107139.0,119599.0
32000822,18567.0,107131.0,119599.0
32000823,18967.0,107123.0,119599.0
32000824,19367.0,107114.0,119599.0
32000825,19767.0,107106.0,119599.0
32000826,18942.0,98548.0,119498.0
32000827,28867.0,113448.0,119699.0
32000828,29267.0,113448.0,119699.0
32000829,29667.0,113448.0,119699.0
32000830,20067.0,98548.0,119498.0
32000831,56347.0,113798.0,119599.0
32000832,56347.0,114148.0,119599.0
32000833,56347.0,114498.0,119599.0
32000834,54372.0,107123.0,119599.0
32000835,54897.0,107098.0,119599.0
32000836,55422.0,107073.0,119599.0
32000837,54959.0,98548.0,119498.0
32000838,55422.0,98548.0,119498.0
32000839,55884.0,98548.0,119498.0
32000840,108067.0,98548.0,119498.0
32000841,98467.0,113448.0,119699.0
32000842,98867.0,113448.0,119699.0
32000843,99267.0,113448.0,119699.0
32000844,108367.0,107106.0,119599.0
32000845,108767.0,107114.0,119599.0
32000846,109167.0,107123.0,119599.0
32000847,109567.0,107131.0,119599.0
32000848,109967.0,107139.0,119599.0
32000849,104867.0,107560.0,119699.0
32000850,104867.0,107973.0,119699.0
32000851,104867.0,108385.0,119699.0
32000852,111267.0,107548.0,119498.0
32000853,111267.0,107948.0,119498.0
32000854,111267.0,108348.0,119498.0
32000855,107467.0,107541.0,119699.0
32000856,107467.0,107960.0,119699.0
32000857,107467.0,108379.0,119699.0
32000858,101067.0,113798.0,119699.0
32000859,101067.0,114148.0,119699.0
32000860,101067.0,114498.0,119699.0
32000861,111267.0,109110.0,119498.0
32000862,111267.0,109473.0,119498.0
32000863,111267.0,109835.0,119498.0
32000864,98567.0,110448.0,119699.0
32000865,99067.0,110448.0,119699.0
32000866,99567.0,110448.0,119699.0
32000867,109192.0,98548.0,119498.0
32000868,27067.0,114848.0,118500.0
32000869,27067.0,114848.0,117600.0
32000870,27067.0,113448.0,118500.0
32000871,27067.0,113448.0,117600.0
32000872,28467.0,113448.0,118500.0
32000873,28467.0,113448.0,117600.0
32000874,20667.0,108798.0,118500.0
32000875,20667.0,108798.0,117600.0
32000876,16867.0,110198.0,118366.0
32000877,16867.0,110198.0,117533.0
32000878,28067.0,110448.0,118500.0
32000879,28067.0,110448.0,117600.0
32000880,23267.0,108798.0,118500.0
32000881,23267.0,108798.0,117600.0
32000882,16867.0,107148.0,118500.0
32000883,16867.0,107148.0,117600.0
32000884,20167.0,107098.0,118500.0
32000885,20167.0,107098.0,117600.0
32000886,20667.0,107123.0,118500.0
32000887,20667.0,107123.0,117600.0
32000888,23267.0,107148.0,118500.0
32000889,23267.0,107148.0,117600.0
32000890,20667.0,98548.0,118500.0
32000891,20667.0,98548.0,117600.0
32000892,18417.0,98548.0,118500.0
32000893,18417.0,98548.0,117600.0
32000894,17767.0,107148.0,118500.0
32000895,17767.0,107148.0,117600.0
32000896,30067.0,113448.0,118500.0
32000897,30067.0,113448.0,117600.0
32000898,30067.0,110448.0,118500.0
32000899,30067.0,110448.0,117600.0
32000900,54497.0,98548.0,118500.0
32000901,54497.0,98548.0,117600.0
32000902,53847.0,107148.0,118500.0
32000903,53847.0,107148.0,117600.0
32000904,55947.0,107048.0,118500.0
32000905,55947.0,107048.0,117600.0
32000906,56347.0,113448.0,118500.0
32000907,56347.0,113448.0,117600.0
32000908,56347.0,114848.0,118366.0
32000909,56347.0,114848.0,117533.0
32000910,56347.0,98548.0,118500.0
32000911,56347.0,98548.0,117600.0
32000912,109717.0,98548.0,118500.0
32000913,109717.0,98548.0,117600.0
32000914,107467.0,98548.0,118500.0
32000915,107467.0,98548.0,117600.0
32000916,107467.0,107123.0,118500.0
32000917,107467.0,107123.0,117600.0
32000918,107967.0,107098.0,118500.0
32000919,107967.0,107098.0,117600.0
32000920,104867.0,107148.0,118500.0
32000921,104867.0,107148.0,117600.0
32000922,110367.0,107148.0,118500.0
32000923,110367.0,107148.0,117600.0
32000924,111267.0,107148.0,118500.0
32000925,111267.0,107148.0,117600.0
32000926,104867.0,108798.0,118500.0
32000927,104867.0,108798.0,117600.0
32000928,107467.0,108798.0,118500.0
32000929,107467.0,108798.0,117600.0
32000930,98067.0,110448.0,118500.0
32000931,98067.0,110448.0,117600.0
32000932,98067.0,113448.0,118500.0
32000933,98067.0,113448.0,117600.0
32000934,100067.0,110448.0,118500.0
32000935,100067.0,110448.0,117600.0
32000936,99667.0,113448.0,118500.0
32000937,99667.0,113448.0,117600.0
32000938,101067.0,113448.0,118500.0
32000939,101067.0,113448.0,117600.0
32000940,111267.0,110198.0,118500.0
32000941,111267.0,110198.0,117600.0
32000942,101067.0,114848.0,118500.0
32000943,101067.0,114848.0,117600.0
32000944,24217.0,107148.0,120299.0
32000945,25167.0,107148.0,120299.0
32000946,26117.0,107148.0,120299.0
32000947,27067.0,108248.0,120299.0
32000948,27067.0,109348.0,120300.0
32000949,26117.0,114848.0,120299.0
32000950,24217.0,114848.0,120299.0
32000951,23267.0,112748.0,120299.0
32000952,23267.0,110870.0,120299.0
32000953,28467.0,114148.0,120299.0
32000954,17817.0,108760.0,120299.0
32000955,18767.0,108773.0,120299.0
32000956,19717.0,108785.0,120299.0
32000957,20667.0,110870.0,120299.0
32000958,20667.0,112748.0,120299.0
32000959,18892.0,113648.0,120299.0
32000960,24217.0,104348.0,120299.0
32000961,25167.0,104348.0,120299.0
32000962,26117.0,104348.0,120299.0
32000963,27067.0,105323.0,120299.0
32000964,23267.0,105323.0,120299.0
32000965,19467.0,99381.0,120300.0
32000966,19467.0,100214.0,120300.0
32000967,24217.0,101548.0,120299.0
32000968,25167.0,101548.0,120299.0
32000969,26117.0,101548.0,120299.0
32000970,27067.0,102481.0,120300.0
32000971,27067.0,103414.0,120300.0
32000972,23267.0,102481.0,120300.0
32000973,23267.0,103414.0,120300.0
32000974,24217.0,98548.0,120299.0
32000975,26117.0,98548.0,120299.0
32000976,27067.0,100570.0,120299.0
32000977,23267.0,100570.0,120299.0
32000978,56347.0,107898.0,120299.0
32000979,53797.0,108748.0,120299.0
32000980,54647.0,108748.0,120299.0
32000981,55497.0,108748.0,120299.0
32000982,52947.0,107948.0,120299.0
32000983,108667.0,99381.0,120300.0
32000984,108667.0,100214.0,120300.0
32000985,99667.0,114148.0,120299.0
32000986,109242.0,113648.0,120299.0
32000987,108417.0,108785.0,120299.0
32000988,109367.0,108773.0,120299.0
32000989,110317.0,108760.0,120299.0
32000990,107467.0,112748.0,120299.0
32000991,107467.0,110870.0,120299.0
32000992,101883.0,98548.0,120299.0
32000993,103783.0,98548.0,120299.0
32000994,104867.0,100570.0,120299.0
32000995,102017.0,101548.0,120299.0
32000996,102967.0,101548.0,120299.0
32000997,103917.0,101548.0,120299.0
32000998,101067.0,100570.0,120299.0
32000999,102017.0,104348.0,120299.0
32001000,102967.0,104348.0,120299.0
32001001,103917.0,104348.0,120299.0
32001002,104867.0,105323.0,120299.0
32001003,102017.0,107148.0,120299.0
32001004,102967.0,107148.0,120299.0
32001005,103917.0,107148.0,120299.0
32001006,101067.0,105323.0,120299.0
32001007,104867.0,110870.0,120299.0
32001008,104867.0,112748.0,120299.0
32001009,103783.0,114848.0,120299.0
32001010,101883.0,114848.0,120299.0
32001011,101067.0,108248.0,120299.0
32001012,101067.0,109348.0,120300.0
32001013,104867.0,102481.0,120300.0
32001014,104867.0,103414.0,120300.0
32001015,101067.0,102481.0,120300.0
32001016,101067.0,103414.0,120300.0
32001019,64105.0,106303.0,120299.0
32001020,108667.0,98548.0,119899.0
32001021,109192.0,98548.0,119899.0
32001022,109717.0,98548.0,119899.0
32001023,98067.0,110448.0,119999.0
32001024,98567.0,110448.0,119999.0
32001025,99067.0,110448.0,119999.0
32001026,99567.0,110448.0,119999.0
32001027,100067.0,110448.0,119999.0
32001028,111267.0,108748.0,119899.0
32001029,111267.0,109110.0,119899.0
32001030,111267.0,109473.0,119899.0
32001031,111267.0,109835.0,119899.0
32001032,111267.0,110198.0,119899.0
32001033,101067.0,113448.0,119999.0
32001034,101067.0,113798.0,119999.0
32001035,101067.0,114148.0,119999.0
32001036,101067.0,114498.0,119999.0
32001037,101067.0,114848.0,119999.0
32001038,107467.0,107123.0,119999.0
32001039,107467.0,107541.0,119999.0
32001040,107467.0,107960.0,119999.0
32001041,107467.0,108379.0,119999.0
32001042,107467.0,108798.0,119999.0
32001043,111267.0,107148.0,119899.0
32001044,111267.0,107548.0,119899.0
32001045,111267.0,107948.0,119899.0
32001046,111267.0,108348.0,119899.0
32001047,104867.0,107148.0,119999.0
32001048,104867.0,107560.0,119999.0
32001049,104867.0,107973.0,119999.0
32001050,104867.0,108385.0,119999.0
32001051,104867.0,108798.0,119999.0
32001052,107967.0,107098.0,119949.0
32001053,108367.0,107106.0,119949.0
32001054,108767.0,107114.0,119949.0
32001055,109167.0,107123.0,119949.0
32001056,109567.0,107131.0,119949.0
32001057,109967.0,107139.0,119949.0
32001058,110367.0,107148.0,119949.0
32001059,98067.0,113448.0,119999.0
32001060,98467.0,113448.0,119999.0
32001061,98867.0,113448.0,119999.0
32001062,99267.0,113448.0,119999.0
32001063,99667.0,113448.0,119999.0
32001064,107467.0,98548.0,119899.0
32001065,108067.0,98548.0,119899.0
32001066,54497.0,98548.0,119899.0
32001067,54959.0,98548.0,119899.0
32001068,55422.0,98548.0,119899.0
32001069,55884.0,98548.0,119899.0
32001070,56347.0,98548.0,119899.0
32001071,53847.0,107148.0,119949.0
32001072,54372.0,107123.0,119949.0
32001073,54897.0,107098.0,119949.0
32001074,55422.0,107073.0,119949.0
32001075,55947.0,107048.0,119949.0
32001076,56347.0,113448.0,119949.0
32001077,56347.0,113798.0,119949.0
32001078,56347.0,114148.0,119949.0
32001079,56347.0,114498.0,119949.0
32001080,56347.0,114848.0,119949.0
32001081,19467.0,98548.0,119899.0
32001082,20067.0,98548.0,119899.0
32001083,20667.0,98548.0,119899.0
32001084,28467.0,113448.0,119999.0
32001085,28867.0,113448.0,119999.0
32001086,29267.0,113448.0,119999.0
32001087,29667.0,113448.0,119999.0
32001088,30067.0,113448.0,119999.0
32001089,18417.0,98548.0,119899.0
32001090,18942.0,98548.0,119899.0
32001091,17767.0,107148.0,119949.0
32001092,18167.0,107139.0,119949.0
32001093,18567.0,107131.0,119949.0
32001094,18967.0,107123.0,119949.0
32001095,19367.0,107114.0,119949.0
32001096,19767.0,107106.0,119949.0
32001097,20167.0,107098.0,119949.0
32001098,23267.0,107148.0,119999.0
32001099,23267.0,107560.0,119999.0
32001100,23267.0,107973.0,119999.0
32001101,23267.0,108385.0,119999.0
32001102,23267.0,108798.0,119999.0
32001103,16867.0,107148.0,119899.0
32001104,16867.0,107548.0,119899.0
32001105,16867.0,107948.0,119899.0
32001106,16867.0,108348.0,119899.0
32001107,16867.0,108748.0,119899.0
32001108,28067.0,110448.0,119999.0
32001109,28567.0,110448.0,119999.0
32001110,29067.0,110448.0,119999.0
32001111,29567.0,110448.0,119999.0
32001112,30067.0,110448.0,119999.0
32001113,20667.0,107123.0,119999.0
32001114,20667.0,107541.0,119999.0
32001115,20667.0,107960.0,119999.0
32001116,20667.0,108379.0,119999.0
32001117,20667.0,108798.0,119999.0
32001118,27067.0,113448.0,119999.0
32001119,27067.0,113798.0,119999.0
32001120,27067.0,114148.0,119999.0
32001121,27067.0,114498.0,119999.0
32001122,27067.0,114848.0,119999.0
32001123,16867.0,109110.0,119899.0
32001124,16867.0,109473.0,119899.0
32001125,16867.0,109835.0,119899.0
32001126,16867.0,110198.0,119899.0
32001127,17367.0,114848.0,119200.0
32001128,17367.0,114848.0,117533.0
32001129,17367.0,114848.0,118366.0
32001130,21533.0,114848.0,119300.0
32001131,22400.0,114848.0,119300.0
32001132,21533.0,114848.0,117566.0
32001133,22400.0,114848.0,117566.0
32001134,21533.0,114848.0,118433.0
32001135,22400.0,114848.0,118433.0
32001136,27767.0,114848.0,119399.0
32001137,27767.0,114848.0,117600.0
32001138,27767.0,114848.0,118500.0
32001139,16867.0,111060.0,119498.0
32001140,16867.0,111923.0,119498.0
32001141,16867.0,112785.0,119498.0
32001142,16867.0,111060.0,117533.0
32001143,16867.0,111923.0,117533.0
32001144,16867.0,112785.0,117533.0
32001145,16867.0,111060.0,118366.0
32001146,16867.0,112785.0,118366.0
32001147,16867.0,111923.0,118366.0
32001148,30067.0,114148.0,119399.0
32001149,30067.0,114148.0,117600.0
32001150,30067.0,114148.0,118500.0
32001151,27067.0,111448.0,119399.0
32001152,27067.0,112448.0,119399.0
32001153,27067.0,111448.0,117600.0
32001154,27067.0,112448.0,117600.0
32001155,27067.0,111448.0,118500.0
32001156,27067.0,112448.0,118500.0
32001157,27767.0,113448.0,119699.0
32001158,27767.0,113448.0,117600.0
32001159,27767.0,113448.0,118500.0
32001160,27567.0,110448.0,119399.0
32001161,27567.0,110448.0,117600.0
32001162,27567.0,110448.0,118500.0
32001163,30067.0,111448.0,119699.0
32001164,30067.0,112448.0,119699.0
32001165,30067.0,111448.0,117600.0
32001166,30067.0,112448.0,117600.0
32001167,30067.0,111448.0,118500.0
32001168,30067.0,112448.0,118500.0
32001169,20667.0,109345.0,119399.0
32001170,20667.0,109345.0,117600.0
32001171,20667.0,109345.0,118500.0
32001172,21533.0,108798.0,119699.0
32001173,22400.0,108798.0,119699.0
32001174,21533.0,108798.0,117600.0
32001175,22400.0,108798.0,117600.0
32001176,21533.0,108798.0,118500.0
32001177,22400.0,108798.0,118500.0
32001178,23267.0,109345.0,119399.0
32001179,23267.0,109345.0,117600.0
32001180,23267.0,109345.0,118500.0
32001181,17317.0,107148.0,119498.0
32001182,17317.0,107148.0,117600.0
32001183,17317.0,107148.0,118500.0
32001184,21533.0,107131.0,119699.0
32001185,22400.0,107139.0,119699.0
32001186,21533.0,107131.0,117600.0
32001187,22400.0,107139.0,117600.0
32001188,21533.0,107131.0,118500.0
32001189,22400.0,107139.0,118500.0
32001190,23267.0,106723.0,119399.0
32001191,23267.0,106723.0,117600.0
32001192,23267.0,106723.0,118500.0
32001193,27067.0,106723.0,119399.0
32001194,27067.0,106723.0,117600.0
32001195,27067.0,106723.0,118500.0
32001196,28067.0,107148.0,119399.0
32001197,29067.0,107148.0,119399.0
32001198,28067.0,107148.0,117600.0
32001199,29067.0,107148.0,117600.0
32001200,28067.0,107148.0,118500.0
32001201,29067.0,107148.0,118500.0
32001202,16867.0,101931.0,119399.0
32001203,16867.0,102814.0,119399.0
32001204,16867.0,101931.0,117600.0
32001205,16867.0,102814.0,117600.0
32001206,16867.0,101931.0,118500.0
32001207,16867.0,102814.0,118500.0
32001208,16867.0,99381.0,119399.0
32001209,16867.0,100214.0,119399.0
32001210,16867.0,99381.0,117600.0
32001211,16867.0,100214.0,117600.0
32001212,16867.0,99381.0,118500.0
32001213,16867.0,100214.0,118500.0
32001214,17317.0,101048.0,119399.0
32001215,17317.0,101048.0,117600.0
32001216,17317.0,101048.0,118500.0
32001217,18617.0,101048.0,119399.0
32001218,18617.0,101048.0,117600.0
32001219,18617.0,101048.0,118500.0
32001220,20667.0,99381.0,119399.0
32001221,20667.0,100214.0,119399.0
32001222,20667.0,99381.0,117600.0
32001223,20667.0,100214.0,117600.0
32001224,20667.0,99381.0,118500.0
32001225,20667.0,100214.0,118500.0
32001226,17642.0,98548.0,119399.0
32001227,17642.0,98548.0,117600.0
32001228,17642.0,98548.0,118500.0
32001229,21533.0,98548.0,119399.0
32001230,22400.0,98548.0,119399.0
32001231,21533.0,98548.0,117600.0
32001232,22400.0,98548.0,117600.0
32001233,21533.0,98548.0,118500.0
32001234,22400.0,98548.0,118500.0
32001235,23267.0,99070.0,119399.0
32001236,23267.0,99070.0,117600.0
32001237,23267.0,99070.0,118500.0
32001238,27067.0,99070.0,119399.0
32001239,27067.0,99070.0,117600.0
32001240,27067.0,99070.0,118500.0
32001241,28067.0,98548.0,119399.0
32001242,29067.0,98548.0,119399.0
32001243,28067.0,98548.0,117600.0
32001244,29067.0,98548.0,117600.0
32001245,28067.0,98548.0,118500.0
32001246,29067.0,98548.0,118500.0
32001247,16867.0,114248.0,119200.0
32001248,16867.0,114248.0,117533.0
32001249,16867.0,114248.0,118366.0
32001250,20667.0,114248.0,119200.0
32001251,20667.0,114248.0,117533.0
32001252,20667.0,114248.0,118366.0
32001253,20292.0,114848.0,119200.0
32001254,20292.0,114848.0,117533.0
32001255,20292.0,114848.0,118366.0
32001256,18142.0,114848.0,119200.0
32001257,18145.0,114848.0,119750.0
32001258,18642.0,114848.0,119750.0
32001259,19142.0,114848.0,119750.0
32001260,19639.0,114848.0,119750.0
32001261,19642.0,114848.0,119200.0
32001262,18142.0,114848.0,117533.0
32001263,19642.0,114848.0,117533.0
32001264,18142.0,114848.0,118366.0
32001265,19642.0,114848.0,118366.0
32001266,18642.0,114848.0,119200.0
32001267,19142.0,114848.0,119200.0
32001268,29267.0,114848.0,119399.0
32001269,29267.0,114848.0,117600.0
32001270,29267.0,114848.0,118500.0
32001271,20067.0,101048.0,119399.0
32001272,20067.0,101048.0,117600.0
32001273,20067.0,101048.0,118500.0
32001274,16867.0,104698.0,119399.0
32001275,16867.0,105698.0,119399.0
32001276,16867.0,104698.0,117600.0
32001277,16867.0,105698.0,117600.0
32001278,16867.0,104698.0,118500.0
32001279,16867.0,105698.0,118500.0
32001280,20667.0,106710.0,119399.0
32001281,20667.0,106710.0,117600.0
32001282,20667.0,106710.0,118500.0
32001283,23267.0,114248.0,119399.0
32001284,23267.0,114248.0,117600.0
32001285,23267.0,114248.0,118500.0
32001286,30067.0,99381.0,119399.0
32001287,30067.0,100214.0,119399.0
32001288,30067.0,100881.0,119399.0
32001289,30067.0,99381.0,117600.0
32001290,30067.0,100214.0,117600.0
32001291,30067.0,100881.0,117600.0
32001292,30067.0,99381.0,118500.0
32001293,30067.0,100881.0,118500.0
32001294,30067.0,100214.0,118500.0
32001295,30067.0,105281.0,119399.0
32001296,30067.0,106214.0,119399.0
32001297,30067.0,105281.0,117600.0
32001298,30067.0,106214.0,117600.0
32001299,30067.0,105281.0,118500.0
32001300,30067.0,106214.0,118500.0
32001301,30067.0,102481.0,119399.0
32001302,30067.0,103414.0,119399.0
32001303,30067.0,102481.0,117600.0
32001304,30067.0,103414.0,117600.0
32001305,30067.0,102481.0,118500.0
32001306,30067.0,103414.0,118500.0
32001307,60347.0,101873.0,119200.0
32001308,60347.0,102698.0,119200.0
32001309,60347.0,103523.0,119200.0
32001310,60347.0,101873.0,117533.0
32001311,60347.0,102698.0,117533.0
32001312,60347.0,103523.0,117533.0
32001313,60347.0,101873.0,118366.0
32001314,60347.0,103523.0,118366.0
32001315,60347.0,102698.0,118366.0
32001316,63747.0,111328.0,119200.0
32001317,63747.0,112208.0,119200.0
32001318,63747.0,113088.0,119200.0
32001319,63747.0,113968.0,119200.0
32001320,63747.0,111328.0,117533.0
32001321,63747.0,112208.0,117533.0
32001322,63747.0,113088.0,117533.0
32001323,63747.0,113968.0,117533.0
32001324,63747.0,111328.0,118366.0
32001325,63747.0,113968.0,118366.0
32001326,63747.0,112208.0,118366.0
32001327,63747.0,113088.0,118366.0
32001328,61022.0,114848.0,119200.0
32001329,61697.0,114848.0,119200.0
32001330,61700.0,114848.0,119750.0
32001331,62197.0,114848.0,119750.0
32001332,62697.0,114848.0,119750.0
32001333,63194.0,114848.0,119750.0
32001334,63197.0,114848.0,119200.0
32001335,61022.0,114848.0,117533.0
32001336,61697.0,114848.0,117533.0
32001337,63197.0,114848.0,117533.0
32001338,61022.0,114848.0,118366.0
32001339,63197.0,114848.0,118366.0
32001340,62197.0,114848.0,119200.0
32001341,61697.0,114848.0,118366.0
32001342,62697.0,114848.0,119200.0
32001343,52947.0,104560.0,119399.0
32001344,52947.0,105423.0,119399.0
32001345,52947.0,106285.0,119399.0
32001346,52947.0,104560.0,117600.0
32001347,52947.0,105423.0,117600.0
32001348,52947.0,106285.0,117600.0
32001349,52947.0,104560.0,118500.0
32001350,52947.0,106285.0,118500.0
32001351,52947.0,105423.0,118500.0
32001352,53722.0,98548.0,119399.0
32001353,53722.0,98548.0,117600.0
32001354,53722.0,98548.0,118500.0
32001355,52947.0,99381.0,119399.0
32001356,52947.0,100214.0,119399.0
32001357,52947.0,99381.0,117600.0
32001358,52947.0,100214.0,117600.0
32001359,52947.0,99381.0,118500.0
32001360,52947.0,100214.0,118500.0
32001361,52947.0,101931.0,119399.0
32001362,52947.0,102814.0,119399.0
32001363,52947.0,101931.0,117600.0
32001364,52947.0,102814.0,117600.0
32001365,52947.0,101931.0,118500.0
32001366,52947.0,102814.0,118500.0
32001367,53397.0,101048.0,119399.0
32001368,53397.0,101048.0,117600.0
32001369,53397.0,101048.0,118500.0
32001370,53397.0,107148.0,119399.0
32001371,53397.0,107148.0,117600.0
32001372,53397.0,107148.0,118500.0
32001373,56347.0,111328.0,119399.0
32001374,56347.0,112208.0,119399.0
32001375,56347.0,113088.0,119399.0
32001376,56347.0,111328.0,117600.0
32001377,56347.0,112208.0,117600.0
32001378,56347.0,113088.0,117600.0
32001379,56347.0,111328.0,118500.0
32001380,56347.0,113088.0,118500.0
32001381,56347.0,112208.0,118500.0
32001382,52947.0,111128.0,119200.0
32001383,52947.0,112058.0,119200.0
32001384,52947.0,112988.0,119200.0
32001385,52947.0,113918.0,119200.0
32001386,52947.0,111128.0,117533.0
32001387,52947.0,112058.0,117533.0
32001388,52947.0,112988.0,117533.0
32001389,52947.0,113918.0,117533.0
32001390,52947.0,111128.0,118366.0
32001391,52947.0,113918.0,118366.0
32001392,52947.0,112058.0,118366.0
32001393,52947.0,112988.0,118366.0
32001394,53622.0,114848.0,119200.0
32001395,54297.0,114848.0,119200.0
32001396,54300.0,114848.0,119750.0
32001397,54797.0,114848.0,119750.0
32001398,55297.0,114848.0,119750.0
32001399,55794.0,114848.0,119750.0
32001400,55797.0,114848.0,119200.0
32001401,53622.0,114848.0,117533.0
32001402,54297.0,114848.0,117533.0
32001403,55797.0,114848.0,117533.0
32001404,53622.0,114848.0,118366.0
32001405,55797.0,114848.0,118366.0
32001406,54797.0,114848.0,119200.0
32001407,54297.0,114848.0,118366.0
32001408,55297.0,114848.0,119200.0
32001409,61197.0,110448.0,119200.0
32001410,62047.0,110448.0,119200.0
32001411,62897.0,110448.0,119200.0
32001412,61197.0,110448.0,117533.0
32001413,62047.0,110448.0,117533.0
32001414,62897.0,110448.0,117533.0
32001415,61197.0,110448.0,118366.0
32001416,62897.0,110448.0,118366.0
32001417,62047.0,110448.0,118366.0
32001418,56347.0,106673.0,119399.0
32001419,56347.0,106673.0,117600.0
32001420,56347.0,106673.0,118500.0
32001421,56347.0,99381.0,119399.0
32001422,56347.0,100214.0,119399.0
32001423,56347.0,99381.0,117600.0
32001424,56347.0,100214.0,117600.0
32001425,56347.0,99381.0,118500.0
32001426,56347.0,100214.0,118500.0
32001427,63747.0,102064.0,119200.0
32001428,63747.0,103081.0,119200.0
32001429,63747.0,104098.0,119200.0
32001430,63747.0,105114.0,119200.0
32001431,63747.0,106131.0,119200.0
32001432,63747.0,102064.0,117533.0
32001433,63747.0,103081.0,117533.0
32001434,63747.0,104098.0,117533.0
32001435,63747.0,105114.0,117533.0
32001436,63747.0,106131.0,117533.0
32001437,63747.0,102064.0,118366.0
32001438,63747.0,106131.0,118366.0
32001439,63747.0,103081.0,118366.0
32001440,63747.0,104098.0,118366.0
32001441,63747.0,105114.0,118366.0
32001442,63747.0,99381.0,119200.0
32001443,63747.0,100214.0,119200.0
32001444,63747.0,99381.0,117533.0
32001445,63747.0,100214.0,117533.0
32001446,63747.0,99381.0,118366.0
32001447,63747.0,100214.0,118366.0
32001448,54680.0,101048.0,119399.0
32001449,55513.0,101048.0,119399.0
32001450,54680.0,101048.0,117600.0
32001451,55513.0,101048.0,117600.0
32001452,54680.0,101048.0,118500.0
32001453,55513.0,101048.0,118500.0
32001454,60822.0,98548.0,119200.0
32001455,61297.0,98548.0,119200.0
32001456,61300.0,98548.0,119750.0
32001457,61797.0,98548.0,119750.0
32001458,62297.0,98548.0,119750.0
32001459,62794.0,98548.0,119750.0
32001460,62797.0,98548.0,119200.0
32001461,63272.0,98548.0,119200.0
32001462,60822.0,98548.0,117533.0
32001463,61297.0,98548.0,117533.0
32001464,63272.0,98548.0,117533.0
32001465,62797.0,98548.0,117533.0
32001466,60822.0,98548.0,118366.0
32001467,63272.0,98548.0,118366.0
32001468,61797.0,98548.0,119200.0
32001469,61297.0,98548.0,118366.0
32001470,62297.0,98548.0,119200.0
32001471,62797.0,98548.0,118366.0
32001472,61197.0,101048.0,119200.0
32001473,62047.0,101048.0,119200.0
32001474,62897.0,101048.0,119200.0
32001475,61197.0,101048.0,117533.0
32001476,62047.0,101048.0,117533.0
32001477,62897.0,101048.0,117533.0
32001478,61197.0,101048.0,118366.0
32001479,62897.0,101048.0,118366.0
32001480,62047.0,101048.0,118366.0
32001481,111267.0,104698.0,119399.0
32001482,111267.0,105698.0,119399.0
32001483,111267.0,104698.0,117600.0
32001484,111267.0,105698.0,117600.0
32001485,111267.0,104698.0,118500.0
32001486,111267.0,105698.0,118500.0
32001487,108067.0,101048.0,119399.0
32001488,108067.0,101048.0,117600.0
32001489,108067.0,101048.0,118500.0
32001490,98867.0,114848.0,119399.0
32001491,98867.0,114848.0,117600.0
32001492,98867.0,114848.0,118500.0
32001493,108492.0,114848.0,119200.0
32001494,108495.0,114848.0,119750.0
32001495,108992.0,114848.0,119750.0
32001496,109492.0,114848.0,119750.0
32001497,109989.0,114848.0,119750.0
32001498,109992.0,114848.0,119200.0
32001499,108492.0,114848.0,117533.0
32001500,109992.0,114848.0,117533.0
32001501,108492.0,114848.0,118366.0
32001502,109992.0,114848.0,118366.0
32001503,108992.0,114848.0,119200.0
32001504,109492.0,114848.0,119200.0
32001505,107842.0,114848.0,119300.0
32001506,107842.0,114848.0,117566.0
32001507,107842.0,114848.0,118433.0
32001508,107467.0,114248.0,119300.0
32001509,107467.0,114248.0,117566.0
32001510,107467.0,114248.0,118433.0
32001511,111267.0,114248.0,119399.0
32001512,111267.0,114248.0,117600.0
32001513,111267.0,114248.0,118500.0
32001514,110767.0,114848.0,119300.0
32001515,110767.0,114848.0,117566.0
32001516,110767.0,114848.0,118433.0
32001517,110492.0,98548.0,119399.0
32001518,110492.0,98548.0,117600.0
32001519,110492.0,98548.0,118500.0
32001520,99067.0,98548.0,119399.0
32001521,100067.0,98548.0,119399.0
32001522,99067.0,98548.0,117600.0
32001523,100067.0,98548.0,117600.0
32001524,99067.0,98548.0,118500.0
32001525,100067.0,98548.0,118500.0
32001526,105733.0,98548.0,119399.0
32001527,106600.0,98548.0,119399.0
32001528,105733.0,98548.0,117600.0
32001529,106600.0,98548.0,117600.0
32001530,105733.0,98548.0,118500.0
32001531,106600.0,98548.0,118500.0
32001532,101067.0,99070.0,119399.0
32001533,101067.0,99070.0,117600.0
32001534,101067.0,99070.0,118500.0
32001535,104867.0,99070.0,119399.0
32001536,104867.0,99070.0,117600.0
32001537,104867.0,99070.0,118500.0
32001538,107467.0,99381.0,119399.0
32001539,107467.0,100214.0,119399.0
32001540,107467.0,99381.0,117600.0
32001541,107467.0,100214.0,117600.0
32001542,107467.0,99381.0,118500.0
32001543,107467.0,100214.0,118500.0
32001544,109517.0,101048.0,119399.0
32001545,109517.0,101048.0,117600.0
32001546,109517.0,101048.0,118500.0
32001547,110817.0,101048.0,119399.0
32001548,110817.0,101048.0,117600.0
32001549,110817.0,101048.0,118500.0
32001550,111267.0,99381.0,119399.0
32001551,111267.0,100214.0,119399.0
32001552,111267.0,99381.0,117600.0
32001553,111267.0,100214.0,117600.0
32001554,111267.0,99381.0,118500.0
32001555,111267.0,100214.0,118500.0
32001556,111267.0,101931.0,119399.0
32001557,111267.0,102814.0,119399.0
32001558,111267.0,101931.0,117600.0
32001559,111267.0,102814.0,117600.0
32001560,111267.0,101931.0,118500.0
32001561,111267.0,102814.0,118500.0
32001562,99067.0,107148.0,119399.0
32001563,100067.0,107148.0,119399.0
32001564,99067.0,107148.0,117600.0
32001565,100067.0,107148.0,117600.0
32001566,99067.0,107148.0,118500.0
32001567,100067.0,107148.0,118500.0
32001568,101067.0,106723.0,119399.0
32001569,101067.0,106723.0,117600.0
32001570,101067.0,106723.0,118500.0
32001571,104867.0,106723.0,119399.0
32001572,104867.0,106723.0,117600.0
32001573,104867.0,106723.0,118500.0
32001574,105733.0,107139.0,119699.0
32001575,106600.0,107131.0,119699.0
32001576,105733.0,107139.0,117600.0
32001577,106600.0,107131.0,117600.0
32001578,105733.0,107139.0,118500.0
32001579,106600.0,107131.0,118500.0
32001580,110817.0,107148.0,119498.0
32001581,110817.0,107148.0,117600.0
32001582,110817.0,107148.0,118500.0
32001583,104867.0,109345.0,119399.0
32001584,104867.0,109345.0,117600.0
32001585,104867.0,109345.0,118500.0
32001586,105733.0,108798.0,119699.0
32001587,106600.0,108798.0,119699.0
32001588,105733.0,108798.0,117600.0
32001589,106600.0,108798.0,117600.0
32001590,105733.0,108798.0,118500.0
32001591,106600.0,108798.0,118500.0
32001592,107467.0,109345.0,119399.0
32001593,107467.0,109345.0,117600.0
32001594,107467.0,109345.0,118500.0
32001595,98067.0,111448.0,119699.0
32001596,98067.0,112448.0,119699.0
32001597,98067.0,111448.0,117600.0
32001598,98067.0,112448.0,117600.0
32001599,98067.0,111448.0,118500.0
32001600,98067.0,112448.0,118500.0
32001601,100567.0,110448.0,119399.0
32001602,100567.0,110448.0,117600.0
32001603,100567.0,110448.0,118500.0
32001604,100367.0,113448.0,119699.0
32001605,100367.0,113448.0,117600.0
32001606,100367.0,113448.0,118500.0
32001607,101067.0,111448.0,119399.0
32001608,101067.0,112448.0,119399.0
32001609,101067.0,111448.0,117600.0
32001610,101067.0,112448.0,117600.0
32001611,101067.0,111448.0,118500.0
32001612,101067.0,112448.0,118500.0
32001613,98067.0,114148.0,119399.0
32001614,98067.0,114148.0,117600.0
32001615,98067.0,114148.0,118500.0
32001616,111267.0,111060.0,119399.0
32001617,111267.0,111923.0,119399.0
32001618,111267.0,112785.0,119399.0
32001619,111267.0,111060.0,117600.0
32001620,111267.0,111923.0,117600.0
32001621,111267.0,112785.0,117600.0
32001622,111267.0,111060.0,118500.0
32001623,111267.0,112785.0,118500.0
32001624,111267.0,111923.0,118500.0
32001625,100367.0,114848.0,119399.0
32001626,100367.0,114848.0,117600.0
32001627,100367.0,114848.0,118500.0
32001628,105733.0,114848.0,119399.0
32001629,106600.0,114848.0,119399.0
32001630,105733.0,114848.0,117600.0
32001631,106600.0,114848.0,117600.0
32001632,105733.0,114848.0,118500.0
32001633,106600.0,114848.0,118500.0
32001634,107467.0,106710.0,119399.0
32001635,107467.0,106710.0,117600.0
32001636,107467.0,106710.0,118500.0
32001637,98067.0,102481.0,119399.0
32001638,98067.0,103414.0,119399.0
32001639,98067.0,102481.0,117600.0
32001640,98067.0,103414.0,117600.0
32001641,98067.0,102481.0,118500.0
32001642,98067.0,103414.0,118500.0
32001643,98067.0,105281.0,119399.0
32001644,98067.0,106214.0,119399.0
32001645,98067.0,105281.0,117600.0
32001646,98067.0,106214.0,117600.0
32001647,98067.0,105281.0,118500.0
32001648,98067.0,106214.0,118500.0
32001649,104867.0,114248.0,119399.0
32001650,104867.0,114248.0,117600.0
32001651,104867.0,114248.0,118500.0
32001652,98067.0,99381.0,119399.0
32001653,98067.0,100214.0,119399.0
32001654,98067.0,100881.0,119399.0
32001655,98067.0,99381.0,117600.0
32001656,98067.0,100214.0,117600.0
32001657,98067.0,100881.0,117600.0
32001658,98067.0,99381.0,118500.0
32001659,98067.0,100881.0,118500.0
32001660,98067.0,100214.0,118500.0
32001661,24217.0,113842.0,120299.0
32001662,24217.0,112888.0,120299.0
32001663,24217.0,111942.0,120299.0
32001664,24217.0,110977.0,120299.0
32001665,24217.0,109999.0,120299.0
32001666,24217.0,109011.0,120299.0
32001667,24217.0,108071.0,120299.0
32001668,25167.0,113929.0,120299.0
32001669,25167.0,113007.0,120299.0
32001670,25167.0,112066.0,120299.0
32001671,25167.0,111102.0,120299.0
32001672,25167.0,110119.0,120299.0
32001673,25167.0,109126.0,120299.0
32001674,25167.0,108135.0,120299.0
32001675,26117.0,114015.0,120299.0
32001676,26117.0,113157.0,120299.0
32001677,26117.0,112223.0,120299.0
32001678,26117.0,111253.0,120299.0
32001679,26117.0,110256.0,120299.0
32001680,26117.0,109228.0,120299.0
32001681,26117.0,108189.0,120299.0
32001682,27767.0,114148.0,120299.0
32001683,29267.0,114148.0,120299.0
32001684,17833.0,112807.0,120299.0
32001685,17803.0,111978.0,120299.0
32001686,17814.0,109560.0,120299.0
32001687,17803.0,110360.0,120299.0
32001688,17797.0,111175.0,120299.0
32001689,18747.0,110499.0,120299.0
32001690,18711.0,111308.0,120299.0
32001691,18758.0,109644.0,120299.0
32001692,18725.0,111989.0,120299.0
32001693,18796.0,112799.0,120299.0
32001694,19605.0,111720.0,120299.0
32001695,19687.0,110724.0,120299.0
32001696,19711.0,109759.0,120299.0
32001697,19736.0,112715.0,120299.0
32001698,17727.0,107952.0,120299.0
32001699,18522.0,107951.0,120299.0
32001700,19173.0,107945.0,120299.0
32001701,19928.0,107945.0,120299.0
32001702,21533.0,107964.0,120299.0
32001703,22400.0,107968.0,120299.0
32001704,24217.0,106235.0,120299.0
32001705,24217.0,105296.0,120299.0
32001706,25167.0,106224.0,120299.0
32001707,25167.0,105289.0,120299.0
32001708,26117.0,106235.0,120299.0
32001709,26117.0,105296.0,120299.0
32001710,17733.0,100214.0,120299.0
32001711,17704.0,99381.0,120299.0
32001712,18596.0,100214.0,120299.0
32001713,18559.0,99381.0,120299.0
32001714,24217.0,103414.0,120299.0
32001715,24217.0,102481.0,120299.0
32001716,25167.0,103414.0,120299.0
32001717,25167.0,102481.0,120299.0
32001718,26117.0,103414.0,120299.0
32001719,26117.0,102481.0,120299.0
32001720,24217.0,100556.0,120299.0
32001721,24217.0,99559.0,120299.0
32001722,25167.0,100552.0,120299.0
32001723,25167.0,99553.0,120299.0
32001724,26117.0,100556.0,120299.0
32001725,26117.0,99559.0,120299.0
32001726,53835.0,107943.0,120299.0
32001727,54736.0,107923.0,120299.0
32001728,55602.0,107903.0,120299.0
32001729,109538.0,100214.0,120299.0
32001730,109574.0,99381.0,120299.0
32001731,110401.0,100214.0,120299.0
32001732,110429.0,99381.0,120299.0
32001733,98867.0,114148.0,120299.0
32001734,100367.0,114148.0,120299.0
32001735,108372.0,112745.0,120299.0
32001736,108436.0,111814.0,120299.0
32001737,108445.0,109786.0,120299.0
32001738,108536.0,110807.0,120299.0
32001739,109424.0,111113.0,120299.0
32001740,109371.0,111930.0,120299.0
32001741,109425.0,110435.0,120299.0
32001742,109388.0,109627.0,120299.0
32001743,109326.0,112783.0,120299.0
32001744,110341.0,110329.0,120299.0
32001745,110337.0,111124.0,120299.0
32001746,110328.0,109547.0,120299.0
32001747,110293.0,112795.0,120299.0
32001748,110320.0,111948.0,120299.0
32001749,101998.0,100556.0,120299.0
32001750,101962.0,99558.0,120299.0
32001751,102940.0,100552.0,120299.0
32001752,102881.0,99553.0,120299.0
32001753,103898.0,100556.0,120299.0
32001754,103862.0,99559.0,120299.0
32001755,108205.0,107945.0,120299.0
32001756,108960.0,107945.0,120299.0
32001757,109611.0,107951.0,120299.0
32001758,110406.0,107952.0,120299.0
32001759,102017.0,106235.0,120299.0
32001760,102017.0,105296.0,120299.0
32001761,102967.0,106224.0,120299.0
32001762,102967.0,105289.0,120299.0
32001763,103917.0,106235.0,120299.0
32001764,103917.0,105296.0,120299.0
32001765,101960.0,114011.0,120299.0
32001766,101992.0,113153.0,120299.0
32001767,102002.0,112222.0,120299.0
32001768,102007.0,111252.0,120299.0
32001769,102010.0,110256.0,120299.0
32001770,102012.0,109228.0,120299.0
32001771,102014.0,108190.0,120299.0
32001772,102877.0,113924.0,120299.0
32001773,102929.0,113003.0,120299.0
32001774,102946.0,112064.0,120299.0
32001775,102953.0,111102.0,120299.0
32001776,102957.0,110120.0,120299.0
32001777,102960.0,109127.0,120299.0
32001778,102963.0,108135.0,120299.0
32001779,103858.0,113839.0,120299.0
32001780,103890.0,112886.0,120299.0
32001781,103902.0,111941.0,120299.0
32001782,103907.0,110977.0,120299.0
32001783,103910.0,110000.0,120299.0
32001784,103912.0,109011.0,120299.0
32001785,103914.0,108072.0,120299.0
32001786,102017.0,103414.0,120299.0
32001787,102017.0,102481.0,120299.0
32001788,102967.0,103414.0,120299.0
32001789,102967.0,102481.0,120299.0
32001790,103917.0,103414.0,120299.0
32001791,103917.0,102481.0,120299.0
32001792,105733.0,107968.0,120299.0
32001793,106600.0,107964.0,120299.0
33000001,23267.0,114848.0,123900.0
33000002,27067.0,114848.0,123900.0
33000003,20667.0,114848.0,123900.0
33000004,30067.0,114848.0,123900.0
33000005,27067.0,113448.0,123900.0
33000006,27067.0,110448.0,123900.0
33000007,30067.0,113448.0,123900.0
33000008,20667.0,111848.0,123900.0
33000009,20667.0,108798.0,123900.0
33000010,23267.0,111848.0,123900.0
33000011,16867.0,108748.0,123900.0
33000012,23267.0,108798.0,123900.0
33000013,16867.0,107148.0,123900.0
33000014,30067.0,107148.0,123900.0
33000015,23267.0,107148.0,123900.0
33000016,20667.0,107123.0,123900.0
33000017,27067.0,107148.0,123900.0
33000018,16867.0,101048.0,123900.0
33000019,17767.0,107148.0,123900.0
33000020,17767.0,101048.0,123900.0
33000021,20667.0,104348.0,123900.0
33000022,23267.0,104348.0,123900.0
33000023,27067.0,104348.0,123900.0
33000024,20667.0,101548.0,123900.0
33000025,20667.0,101048.0,123900.0
33000026,23267.0,101548.0,123900.0
33000027,27067.0,101548.0,123900.0
33000028,20667.0,98548.0,123900.0
33000029,23267.0,98548.0,123900.0
33000030,27067.0,98548.0,123900.0
33000031,16867.0,110198.0,123900.0
33000032,30067.0,110448.0,123900.0
33000033,23267.0,109893.0,123900.0
33000034,28067.0,110448.0,123900.0
33000035,23267.0,106298.0,123900.0
33000036,27067.0,106298.0,123900.0
33000037,20167.0,107098.0,123900.0
33000038,23267.0,99593.0,123900.0
33000039,27067.0,99593.0,123900.0
33000040,18417.0,98548.0,123900.0
33000041,20667.0,113648.0,123900.0
33000042,16867.0,113648.0,123900.0
33000043,19917.0,113648.0,123900.0
33000044,19917.0,114848.0,123900.0
33000045,17867.0,113648.0,123900.0
33000046,17867.0,114848.0,123900.0
33000047,28467.0,113448.0,123900.0
33000048,28467.0,114848.0,123900.0
33000049,19467.0,98548.0,123900.0
33000050,19467.0,101048.0,123900.0
33000051,17767.0,103698.0,123900.0
33000052,16867.0,103698.0,123900.0
33000053,20667.0,106298.0,123900.0
33000054,23267.0,113648.0,123900.0
33000055,20667.0,109893.0,123900.0
33000056,4867.0,114848.0,123900.0
33000057,4867.0,106698.0,123900.0
33000058,4867.0,98548.0,123900.0
33000059,4867.0,87098.0,123900.0
33000060,4867.0,126298.0,123900.0
33000061,9467.0,126348.0,123900.0
33000062,13067.0,126348.0,123900.0
33000063,124067.0,114848.0,123900.0
33000064,124067.0,106698.0,123900.0
33000065,124067.0,98548.0,123900.0
33000066,124067.0,87098.0,123900.0
33000067,124067.0,126298.0,123900.0
33000068,30067.0,98548.0,123900.0
33000069,30067.0,104348.0,123900.0
33000070,30067.0,101548.0,123900.0
33000071,13067.0,87048.0,123900.0
33000072,9467.0,87048.0,123900.0
33000073,63747.0,110448.0,123900.0
33000074,60347.0,101048.0,123900.0
33000075,60347.0,107048.0,123900.0
33000076,63747.0,107148.0,123900.0
33000077,52947.0,114848.0,123900.0
33000078,56347.0,108748.0,123900.0
33000079,52947.0,103698.0,123900.0
33000080,53847.0,103698.0,123900.0
33000081,54497.0,98548.0,123900.0
33000082,56347.0,110448.0,123900.0
33000083,52947.0,110198.0,123900.0
33000084,56347.0,113448.0,123900.0
33000085,52947.0,101048.0,123900.0
33000086,53847.0,101048.0,123900.0
33000087,53847.0,107148.0,123900.0
33000088,52947.0,107148.0,123900.0
33000089,56347.0,107048.0,123900.0
33000090,52947.0,108748.0,123900.0
33000091,56347.0,101548.0,123900.0
33000092,55947.0,107048.0,123900.0
33000093,56347.0,106298.0,123900.0
33000094,60347.0,110448.0,123900.0
33000095,56347.0,104348.0,123900.0
33000096,56347.0,101048.0,123900.0
33000097,63747.0,101048.0,123900.0
33000098,52947.0,98548.0,123900.0
33000099,60347.0,104348.0,123900.0
33000100,119800.0,87048.0,123900.0
33000101,115533.0,87048.0,123900.0
33000102,111267.0,103698.0,123900.0
33000103,110367.0,103698.0,123900.0
33000104,108667.0,101048.0,123900.0
33000105,108667.0,98548.0,123900.0
33000106,99667.0,114848.0,123900.0
33000107,99667.0,113448.0,123900.0
33000108,110267.0,114848.0,123900.0
33000109,110267.0,113648.0,123900.0
33000110,108217.0,114848.0,123900.0
33000111,108217.0,113648.0,123900.0
33000112,111267.0,113648.0,123900.0
33000113,107467.0,113648.0,123900.0
33000114,109717.0,98548.0,123900.0
33000115,101067.0,99593.0,123900.0
33000116,104867.0,99593.0,123900.0
33000117,107967.0,107098.0,123900.0
33000118,101067.0,106298.0,123900.0
33000119,104867.0,106298.0,123900.0
33000120,100067.0,110448.0,123900.0
33000121,104867.0,109893.0,123900.0
33000122,98067.0,110448.0,123900.0
33000123,111267.0,110198.0,123900.0
33000124,101067.0,98548.0,123900.0
33000125,104867.0,98548.0,123900.0
33000126,107467.0,98548.0,123900.0
33000127,101067.0,101548.0,123900.0
33000128,104867.0,101548.0,123900.0
33000129,107467.0,101048.0,123900.0
33000130,107467.0,101548.0,123900.0
33000131,101067.0,104348.0,123900.0
33000132,104867.0,104348.0,123900.0
33000133,107467.0,104348.0,123900.0
33000134,110367.0,101048.0,123900.0
33000135,110367.0,107148.0,123900.0
33000136,111267.0,101048.0,123900.0
33000137,101067.0,107148.0,123900.0
33000138,107467.0,107123.0,123900.0
33000139,104867.0,107148.0,123900.0
33000140,98067.0,107148.0,123900.0
33000141,111267.0,107148.0,123900.0
33000142,104867.0,108798.0,123900.0
33000143,111267.0,108748.0,123900.0
33000144,104867.0,111848.0,123900.0
33000145,107467.0,108798.0,123900.0
33000146,107467.0,111848.0,123900.0
33000147,98067.0,113448.0,123900.0
33000148,101067.0,110448.0,123900.0
33000149,101067.0,113448.0,123900.0
33000150,98067.0,114848.0,123900.0
33000151,107467.0,114848.0,123900.0
33000152,101067.0,114848.0,123900.0
33000153,104867.0,114848.0,123900.0
33000154,107467.0,106298.0,123900.0
33000155,98067.0,101548.0,123900.0
33000156,98067.0,104348.0,123900.0
33000157,107467.0,109893.0,123900.0
33000158,104867.0,113648.0,123900.0
33000159,98067.0,98548.0,123900.0
33000160,56347.0,98548.0,123900.0
33000161,63747.0,98548.0,123900.0
33000162,56347.0,114848.0,123900.0
33000163,63747.0,114848.0,123900.0
33000164,60347.0,98548.0,123900.0
33000165,60347.0,114848.0,123900.0
33000166,16867.0,126298.0,123900.0
33000167,16867.0,87098.0,123900.0
33000168,16867.0,106698.0,123900.0
33000169,30067.0,87098.0,123900.0
33000170,30067.0,126298.0,123900.0
33000171,16867.0,114848.0,123900.0
33000172,16867.0,98548.0,123900.0
33000173,111267.0,87098.0,123900.0
33000174,111267.0,126298.0,123900.0
33000175,98067.0,87098.0,123900.0
33000176,98067.0,126298.0,123900.0
33000177,111267.0,106698.0,123900.0
33000178,111267.0,114848.0,123900.0
33000179,111267.0,98548.0,123900.0
33000180,41507.0,87098.0,123900.0
33000181,41507.0,126298.0,123900.0
33000182,52947.0,87098.0,123900.0
33000183,52947.0,126298.0,123900.0
33000184,75187.0,87098.0,123900.0
33000185,75187.0,126298.0,123900.0
33000186,86627.0,126298.0,123900.0
33000187,86627.0,87098.0,123900.0
33000188,102700.0,87048.0,123900.0
33000189,102700.0,98548.0,123900.0
33000190,102700.0,126348.0,123900.0
33000191,102700.0,114848.0,123900.0
33000192,107467.0,87048.0,123900.0
33000193,107467.0,126348.0,123900.0
33000194,119800.0,126348.0,123900.0
33000195,115533.0,126348.0,123900.0
33000196,92347.0,126348.0,123900.0
33000197,92347.0,87048.0,123900.0
33000198,80907.0,126348.0,123900.0
33000199,80907.0,87048.0,123900.0
33000200,69467.0,126348.0,123900.0
33000201,69467.0,87048.0,123900.0
33000202,47227.0,126348.0,123900.0
33000203,47227.0,87048.0,123900.0
33000204,35787.0,126348.0,123900.0
33000205,35787.0,87048.0,123900.0
33000206,58347.0,114848.0,123900.0
33000207,58347.0,126348.0,123900.0
33000208,58347.0,98548.0,123900.0
33000209,58347.0,87048.0,123900.0
33000210,20667.0,87048.0,123900.0
33000211,25167.0,98548.0,123900.0
33000212,25167.0,87048.0,123900.0
33000213,25167.0,114848.0,123900.0
33000214,25167.0,126348.0,123900.0
33000215,20667.0,126348.0,123900.0
33000216,119800.0,106698.0,123900.0
33000217,119800.0,98548.0,123900.0
33000218,119800.0,114848.0,123900.0
33000219,115533.0,106698.0,123900.0
33000220,115533.0,98548.0,123900.0
33000221,115533.0,114848.0,123900.0
33000222,92347.0,107148.0,123900.0
33000223,92347.0,98548.0,123900.0
33000224,92347.0,114848.0,123900.0
33000225,80907.0,107148.0,123900.0
33000226,80907.0,98548.0,123900.0
33000227,80907.0,114848.0,123900.0
33000228,69467.0,107148.0,123900.0
33000229,69467.0,98548.0,123900.0
33000230,69467.0,114848.0,123900.0
33000231,47227.0,107148.0,123900.0
33000232,47227.0,98548.0,123900.0
33000233,47227.0,114848.0,123900.0
33000234,35787.0,107148.0,123900.0
33000235,35787.0,98548.0,123900.0
33000236,35787.0,114848.0,123900.0
33000237,41507.0,107148.0,123900.0
33000238,75187.0,107148.0,123900.0
33000239,86627.0,107148.0,123900.0
33000240,13067.0,106698.0,123900.0
33000241,9467.0,106698.0,123900.0
33000242,75187.0,98548.0,123900.0
33000243,86627.0,98548.0,123900.0
33000244,41507.0,98548.0,123900.0
33000245,13067.0,98548.0,123900.0
33000246,9467.0,98548.0,123900.0
33000247,75187.0,114848.0,123900.0
33000248,86627.0,114848.0,123900.0
33000249,41507.0,114848.0,123900.0
33000250,13067.0,114848.0,123900.0
33000251,9467.0,114848.0,123900.0
33000252,63747.0,126298.0,123900.0
33000253,63747.0,87098.0,123900.0
33000254,16867.0,108748.0,123099.0
33000255,16867.0,110198.0,123099.0
33000256,27067.0,113448.0,123300.0
33000257,27067.0,114848.0,123300.0
33000258,20667.0,107123.0,123300.0
33000259,20667.0,108798.0,123300.0
33000260,28067.0,110448.0,123300.0
33000261,30067.0,110448.0,123300.0
33000262,16867.0,107148.0,123099.0
33000263,23267.0,107148.0,123300.0
33000264,23267.0,108798.0,123300.0
33000265,17767.0,107148.0,123200.0
33000266,20167.0,107098.0,123200.0
33000267,18417.0,98548.0,123099.0
33000268,19467.0,98548.0,123099.0
33000269,28467.0,113448.0,123300.0
33000270,30067.0,113448.0,123300.0
33000271,20667.0,98548.0,123099.0
33000272,56347.0,113448.0,123200.0
33000273,56347.0,114848.0,123200.0
33000274,53847.0,107148.0,123200.0
33000275,55947.0,107048.0,123200.0
33000276,54497.0,98548.0,123099.0
33000277,56347.0,98548.0,123099.0
33000278,107467.0,98548.0,123099.0
33000279,108667.0,98548.0,123099.0
33000280,98067.0,113448.0,123300.0
33000281,99667.0,113448.0,123300.0
33000282,107967.0,107098.0,123200.0
33000283,110367.0,107148.0,123200.0
33000284,104867.0,107148.0,123300.0
33000285,104867.0,108798.0,123300.0
33000286,111267.0,107148.0,123099.0
33000287,111267.0,108748.0,123099.0
33000288,107467.0,107123.0,123300.0
33000289,107467.0,108798.0,123300.0
33000290,101067.0,113448.0,123300.0
33000291,101067.0,114848.0,123300.0
33000292,111267.0,110198.0,123099.0
33000293,98067.0,110448.0,123300.0
33000294,100067.0,110448.0,123300.0
33000295,109717.0,98548.0,123099.0
33000296,17367.0,114848.0,123900.0
33000297,21533.0,114848.0,123900.0
33000298,22400.0,114848.0,123900.0
33000299,27767.0,114848.0,123900.0
33000300,16867.0,111060.0,123900.0
33000301,16867.0,111923.0,123900.0
33000302,16867.0,112785.0,123900.0
33000303,16867.0,109110.0,123900.0
33000304,16867.0,109473.0,123900.0
33000305,16867.0,109835.0,123900.0
33000306,27067.0,113798.0,123900.0
33000307,27067.0,114148.0,123900.0
33000308,27067.0,114498.0,123900.0
33000309,30067.0,114148.0,123900.0
33000310,27067.0,111448.0,123900.0
33000311,27067.0,112448.0,123900.0
33000312,27767.0,113448.0,123900.0
33000313,27567.0,110448.0,123900.0
33000314,30067.0,111448.0,123900.0
33000315,30067.0,112448.0,123900.0
33000316,20667.0,109345.0,123900.0
33000317,20667.0,107541.0,123900.0
33000318,20667.0,107960.0,123900.0
33000319,20667.0,108379.0,123900.0
33000320,21533.0,108798.0,123900.0
33000321,22400.0,108798.0,123900.0
33000322,23267.0,109345.0,123900.0
33000323,28567.0,110448.0,123900.0
33000324,29067.0,110448.0,123900.0
33000325,29567.0,110448.0,123900.0
33000326,16867.0,107548.0,123900.0
33000327,16867.0,107948.0,123900.0
33000328,16867.0,108348.0,123900.0
33000329,23267.0,107560.0,123900.0
33000330,23267.0,107973.0,123900.0
33000331,23267.0,108385.0,123900.0
33000332,17317.0,107148.0,123900.0
33000333,21533.0,107131.0,123900.0
33000334,22400.0,107139.0,123900.0
33000335,23267.0,106723.0,123900.0
33000336,27067.0,106723.0,123900.0
33000337,28067.0,107148.0,123899.0
33000338,29067.0,107148.0,123900.0
33000339,16867.0,101931.0,123900.0
33000340,16867.0,102814.0,123900.0
33000341,16867.0,99381.0,123900.0
33000342,16867.0,100214.0,123900.0
33000343,17317.0,101048.0,123900.0
33000344,18167.0,107139.0,123900.0
33000345,18567.0,107131.0,123899.0
33000346,18967.0,107123.0,123900.0
33000347,19367.0,107114.0,123900.0
33000348,19767.0,107106.0,123900.0
33000349,18617.0,101048.0,123900.0
33000350,20667.0,99381.0,123900.0
33000351,20667.0,100214.0,123900.0
33000352,17642.0,98548.0,123900.0
33000353,18942.0,98548.0,123900.0
33000354,21533.0,98548.0,123900.0
33000355,22400.0,98548.0,123900.0
33000356,23267.0,99070.0,123900.0
33000357,27067.0,99070.0,123900.0
33000358,28067.0,98548.0,123899.0
33000359,29067.0,98548.0,123900.0
33000360,16867.0,114248.0,123900.0
33000361,20667.0,114248.0,123900.0
33000362,20292.0,114848.0,123900.0
33000363,18142.0,114848.0,123900.0
33000364,18642.0,114848.0,123899.0
33000365,19142.0,114848.0,123900.0
33000366,19642.0,114848.0,123900.0
33000367,29267.0,114848.0,123900.0
33000368,28867.0,113448.0,123900.0
33000369,29267.0,113448.0,123900.0
33000370,29667.0,113448.0,123900.0
33000371,20067.0,101048.0,123900.0
33000372,20067.0,98548.0,123900.0
33000373,16867.0,104698.0,123900.0
33000374,16867.0,105698.0,123900.0
33000375,20667.0,106710.0,123900.0
33000376,23267.0,114248.0,123900.0
33000377,30067.0,99381.0,123900.0
33000378,30067.0,100214.0,123900.0
33000379,30067.0,100881.0,123900.0
33000380,30067.0,105281.0,123900.0
33000381,30067.0,106214.0,123900.0
33000382,30067.0,102481.0,123900.0
33000383,30067.0,103414.0,123900.0
33000384,60347.0,101873.0,123900.0
33000385,60347.0,102698.0,123900.0
33000386,60347.0,103523.0,123900.0
33000387,63747.0,111328.0,123900.0
33000388,63747.0,112208.0,123900.0
33000389,63747.0,113088.0,123900.0
33000390,63747.0,113968.0,123900.0
33000391,61022.0,114848.0,123900.0
33000392,61697.0,114848.0,123899.0
33000393,62197.0,114848.0,123899.0
33000394,62697.0,114848.0,123900.0
33000395,63197.0,114848.0,123900.0
33000396,52947.0,104560.0,123900.0
33000397,52947.0,105423.0,123900.0
33000398,52947.0,106285.0,123900.0
33000399,53722.0,98548.0,123900.0
33000400,52947.0,99381.0,123900.0
33000401,52947.0,100214.0,123900.0
33000402,52947.0,101931.0,123900.0
33000403,52947.0,102814.0,123900.0
33000404,53397.0,101048.0,123900.0
33000405,53397.0,107148.0,123900.0
33000406,56347.0,111328.0,123900.0
33000407,56347.0,112208.0,123900.0
33000408,56347.0,113088.0,123900.0
33000409,56347.0,113798.0,123900.0
33000410,56347.0,114148.0,123900.0
33000411,56347.0,114498.0,123900.0
33000412,52947.0,111128.0,123900.0
33000413,52947.0,112058.0,123900.0
33000414,52947.0,112988.0,123900.0
33000415,52947.0,113918.0,123900.0
33000416,53622.0,114848.0,123900.0
33000417,54297.0,114848.0,123899.0
33000418,54797.0,114848.0,123899.0
33000419,55297.0,114848.0,123900.0
33000420,55797.0,114848.0,123900.0
33000421,54372.0,107123.0,123900.0
33000422,54897.0,107098.0,123900.0
33000423,55422.0,107073.0,123900.0
33000424,61197.0,110448.0,123900.0
33000425,62047.0,110448.0,123900.0
33000426,62897.0,110448.0,123900.0
33000427,56347.0,106673.0,123900.0
33000428,56347.0,99381.0,123900.0
33000429,56347.0,100214.0,123900.0
33000430,54959.0,98548.0,123900.0
33000431,55422.0,98548.0,123900.0
33000432,55884.0,98548.0,123900.0
33000433,63747.0,102064.0,123899.0
33000434,63747.0,103081.0,123900.0
33000435,63747.0,104098.0,123900.0
33000436,63747.0,105114.0,123900.0
33000437,63747.0,106131.0,123900.0
33000438,63747.0,99381.0,123900.0
33000439,63747.0,100214.0,123900.0
33000440,54680.0,101048.0,123900.0
33000441,55513.0,101048.0,123900.0
33000442,60822.0,98548.0,123900.0
33000443,61297.0,98548.0,123899.0
33000444,61797.0,98548.0,123899.0
33000445,62297.0,98548.0,123900.0
33000446,62797.0,98548.0,123900.0
33000447,63272.0,98548.0,123900.0
33000448,61197.0,101048.0,123900.0
33000449,62047.0,101048.0,123900.0
33000450,62897.0,101048.0,123900.0
33000451,111267.0,104698.0,123900.0
33000452,111267.0,105698.0,123900.0
33000453,108067.0,98548.0,123900.0
33000454,108067.0,101048.0,123900.0
33000455,98467.0,113448.0,123900.0
33000456,98867.0,113448.0,123900.0
33000457,99267.0,113448.0,123900.0
33000458,98867.0,114848.0,123900.0
33000459,108492.0,114848.0,123900.0
33000460,108992.0,114848.0,123899.0
33000461,109492.0,114848.0,123900.0
33000462,109992.0,114848.0,123900.0
33000463,107842.0,114848.0,123900.0
33000464,107467.0,114248.0,123900.0
33000465,111267.0,114248.0,123900.0
33000466,110767.0,114848.0,123900.0
33000467,110492.0,98548.0,123900.0
33000468,99067.0,98548.0,123899.0
33000469,100067.0,98548.0,123900.0
33000470,105733.0,98548.0,123900.0
33000471,106600.0,98548.0,123900.0
33000472,101067.0,99070.0,123900.0
33000473,104867.0,99070.0,123900.0
33000474,107467.0,99381.0,123900.0
33000475,107467.0,100214.0,123900.0
33000476,109517.0,101048.0,123900.0
33000477,108367.0,107106.0,123900.0
33000478,108767.0,107114.0,123899.0
33000479,109167.0,107123.0,123900.0
33000480,109567.0,107131.0,123900.0
33000481,109967.0,107139.0,123900.0
33000482,110817.0,101048.0,123900.0
33000483,111267.0,99381.0,123900.0
33000484,111267.0,100214.0,123900.0
33000485,111267.0,101931.0,123900.0
33000486,111267.0,102814.0,123900.0
33000487,99067.0,107148.0,123899.0
33000488,100067.0,107148.0,123900.0
33000489,101067.0,106723.0,123900.0
33000490,104867.0,106723.0,123900.0
33000491,105733.0,107139.0,123900.0
33000492,106600.0,107131.0,123900.0
33000493,110817.0,107148.0,123900.0
33000494,104867.0,107560.0,123900.0
33000495,104867.0,107973.0,123900.0
33000496,104867.0,108385.0,123900.0
33000497,111267.0,107548.0,123900.0
33000498,111267.0,107948.0,123900.0
33000499,111267.0,108348.0,123900.0
33000500,104867.0,109345.0,123900.0
33000501,105733.0,108798.0,123900.0
33000502,106600.0,108798.0,123900.0
33000503,107467.0,107541.0,123900.0
33000504,107467.0,107960.0,123900.0
33000505,107467.0,108379.0,123900.0
33000506,107467.0,109345.0,123900.0
33000507,98067.0,111448.0,123900.0
33000508,98067.0,112448.0,123900.0
33000509,100567.0,110448.0,123900.0
33000510,100367.0,113448.0,123900.0
33000511,101067.0,111448.0,123900.0
33000512,101067.0,112448.0,123900.0
33000513,98067.0,114148.0,123900.0
33000514,101067.0,113798.0,123900.0
33000515,101067.0,114148.0,123900.0
33000516,101067.0,114498.0,123900.0
33000517,111267.0,109110.0,123900.0
33000518,111267.0,109473.0,123900.0
33000519,111267.0,109835.0,123900.0
33000520,111267.0,111060.0,123900.0
33000521,111267.0,111923.0,123900.0
33000522,111267.0,112785.0,123900.0
33000523,100367.0,114848.0,123900.0
33000524,105733.0,114848.0,123900.0
33000525,106600.0,114848.0,123900.0
33000526,107467.0,106710.0,123900.0
33000527,98067.0,102481.0,123900.0
33000528,98067.0,103414.0,123900.0
33000529,98067.0,105281.0,123900.0
33000530,98067.0,106214.0,123900.0
33000531,104867.0,114248.0,123900.0
33000532,98067.0,99381.0,123900.0
33000533,98067.0,100214.0,123900.0
33000534,98067.0,100881.0,123900.0
33000535,98567.0,110448.0,123900.0
33000536,99067.0,110448.0,123900.0
33000537,99567.0,110448.0,123900.0
33000538,109192.0,98548.0,123900.0
33000539,16867.0,114848.0,122799.0
33000540,16867.0,114848.0,121966.0
33000541,16867.0,114848.0,121133.0
33000542,17867.0,114848.0,122799.0
33000543,17867.0,114848.0,121966.0
33000544,17867.0,114848.0,121133.0
33000545,20667.0,114848.0,122799.0
33000546,20667.0,114848.0,121966.0
33000547,20667.0,114848.0,121133.0
33000548,23267.0,114848.0,122899.0
33000549,23267.0,114848.0,122033.0
33000550,23267.0,114848.0,121166.0
33000551,28467.0,114848.0,123000.0
33000552,28467.0,114848.0,122100.0
33000553,28467.0,114848.0,121200.0
33000554,27067.0,110448.0,123000.0
33000555,27067.0,110448.0,122100.0
33000556,27067.0,110448.0,121200.0
33000557,20667.0,109893.0,123000.0
33000558,20667.0,109893.0,122100.0
33000559,20667.0,109893.0,121200.0
33000560,16867.0,113648.0,122799.0
33000561,16867.0,113648.0,121966.0
33000562,16867.0,113648.0,121133.0
33000563,23267.0,109893.0,123000.0
33000564,23267.0,109893.0,122100.0
33000565,23267.0,109893.0,121200.0
33000566,16867.0,106698.0,123000.0
33000567,16867.0,106698.0,122100.0
33000568,16867.0,106698.0,121200.0
33000569,23267.0,106298.0,123000.0
33000570,23267.0,106298.0,122100.0
33000571,23267.0,106298.0,121200.0
33000572,27067.0,106298.0,123000.0
33000573,27067.0,106298.0,122100.0
33000574,27067.0,106298.0,121200.0
33000575,27067.0,107148.0,123000.0
33000576,27067.0,107148.0,122100.0
33000577,27067.0,107148.0,121200.0
33000578,16867.0,101048.0,123000.0
33000579,16867.0,101048.0,122100.0
33000580,16867.0,101048.0,121200.0
33000581,16867.0,103698.0,123000.0
33000582,16867.0,103698.0,122100.0
33000583,16867.0,103698.0,121200.0
33000584,16867.0,98548.0,123000.0
33000585,16867.0,98548.0,122100.0
33000586,16867.0,98548.0,121200.0
33000587,17767.0,101048.0,123000.0
33000588,17767.0,101048.0,122100.0
33000589,17767.0,101048.0,121200.0
33000590,19467.0,101048.0,123000.0
33000591,19467.0,101048.0,122100.0
33000592,19467.0,101048.0,121200.0
33000593,20667.0,101048.0,123000.0
33000594,20667.0,101048.0,122100.0
33000595,20667.0,101048.0,121200.0
33000596,23267.0,98548.0,123000.0
33000597,23267.0,98548.0,122100.0
33000598,23267.0,98548.0,121200.0
33000599,23267.0,99593.0,123000.0
33000600,23267.0,99593.0,122100.0
33000601,23267.0,99593.0,121200.0
33000602,27067.0,98548.0,123000.0
33000603,27067.0,98548.0,122100.0
33000604,27067.0,98548.0,121200.0
33000605,27067.0,99593.0,123000.0
33000606,27067.0,99593.0,122100.0
33000607,27067.0,99593.0,121200.0
33000608,30067.0,98548.0,123000.0
33000609,30067.0,98548.0,122100.0
33000610,30067.0,98548.0,121200.0
33000611,19917.0,114848.0,122799.0
33000612,19917.0,114848.0,121966.0
33000613,19917.0,114848.0,121133.0
33000614,30067.0,114848.0,123000.0
33000615,30067.0,114848.0,122100.0
33000616,30067.0,114848.0,121200.0
33000617,20667.0,106298.0,123000.0
33000618,20667.0,106298.0,122100.0
33000619,20667.0,106298.0,121200.0
33000620,20667.0,113648.0,122799.0
33000621,20667.0,113648.0,121966.0
33000622,20667.0,113648.0,121133.0
33000623,23267.0,113648.0,123000.0
33000624,23267.0,113648.0,122100.0
33000625,23267.0,113648.0,121200.0
33000626,20667.0,101548.0,123000.0
33000627,20667.0,101548.0,122100.0
33000628,20667.0,101548.0,121200.0
33000629,30067.0,107148.0,123000.0
33000630,30067.0,107148.0,122100.0
33000631,30067.0,107148.0,121200.0
33000632,30067.0,104348.0,123000.0
33000633,30067.0,104348.0,122100.0
33000634,30067.0,104348.0,121200.0
33000635,30067.0,101548.0,123000.0
33000636,30067.0,101548.0,122100.0
33000637,30067.0,101548.0,121200.0
33000638,60347.0,101048.0,122799.0
33000639,60347.0,101048.0,121966.0
33000640,60347.0,101048.0,121133.0
33000641,60347.0,104348.0,122799.0
33000642,60347.0,104348.0,121966.0
33000643,60347.0,104348.0,121133.0
33000644,63747.0,110448.0,122799.0
33000645,63747.0,110448.0,121966.0
33000646,63747.0,110448.0,121133.0
33000647,63747.0,114848.0,122799.0
33000648,63747.0,114848.0,121966.0
33000649,63747.0,114848.0,121133.0
33000650,60347.0,114848.0,122799.0
33000651,60347.0,114848.0,121966.0
33000652,60347.0,114848.0,121133.0
33000653,52947.0,103698.0,123000.0
33000654,52947.0,103698.0,122100.0
33000655,52947.0,103698.0,121200.0
33000656,52947.0,107148.0,123000.0
33000657,52947.0,107148.0,122100.0
33000658,52947.0,107148.0,121200.0
33000659,52947.0,98548.0,123000.0
33000660,52947.0,98548.0,122100.0
33000661,52947.0,98548.0,121200.0
33000662,52947.0,101048.0,123000.0
33000663,52947.0,101048.0,122100.0
33000664,52947.0,101048.0,121200.0
33000665,53847.0,101048.0,123000.0
33000666,53847.0,101048.0,122100.0
33000667,53847.0,101048.0,121200.0
33000668,56347.0,107048.0,123000.0
33000669,56347.0,107048.0,122100.0
33000670,56347.0,107048.0,121200.0
33000671,56347.0,110448.0,123000.0
33000672,56347.0,110448.0,122100.0
33000673,56347.0,110448.0,121200.0
33000674,52947.0,110198.0,122799.0
33000675,52947.0,110198.0,121966.0
33000676,52947.0,110198.0,121133.0
33000677,52947.0,114848.0,122799.0
33000678,52947.0,114848.0,121966.0
33000679,52947.0,114848.0,121133.0
33000680,60347.0,110448.0,122799.0
33000681,60347.0,110448.0,121966.0
33000682,60347.0,110448.0,121133.0
33000683,56347.0,106298.0,123000.0
33000684,56347.0,106298.0,122100.0
33000685,56347.0,106298.0,121200.0
33000686,56347.0,101048.0,123000.0
33000687,56347.0,101048.0,122100.0
33000688,56347.0,101048.0,121200.0
33000689,56347.0,101548.0,123000.0
33000690,56347.0,101548.0,122100.0
33000691,56347.0,101548.0,121200.0
33000692,63747.0,101048.0,122799.0
33000693,63747.0,101048.0,121966.0
33000694,63747.0,101048.0,121133.0
33000695,63747.0,107148.0,122799.0
33000696,63747.0,107148.0,121966.0
33000697,63747.0,107148.0,121133.0
33000698,63747.0,98548.0,122799.0
33000699,63747.0,98548.0,121966.0
33000700,63747.0,98548.0,121133.0
33000701,60347.0,98548.0,122799.0
33000702,60347.0,98548.0,121966.0
33000703,60347.0,98548.0,121133.0
33000704,111267.0,103698.0,123000.0
33000705,111267.0,103698.0,122100.0
33000706,111267.0,103698.0,121200.0
33000707,111267.0,106698.0,123000.0
33000708,111267.0,106698.0,122100.0
33000709,111267.0,106698.0,121200.0
33000710,107467.0,101048.0,123000.0
33000711,107467.0,101048.0,122100.0
33000712,107467.0,101048.0,121200.0
33000713,108667.0,101048.0,123000.0
33000714,108667.0,101048.0,122100.0
33000715,108667.0,101048.0,121200.0
33000716,98067.0,114848.0,123000.0
33000717,98067.0,114848.0,122100.0
33000718,98067.0,114848.0,121200.0
33000719,99667.0,114848.0,123000.0
33000720,99667.0,114848.0,122100.0
33000721,99667.0,114848.0,121200.0
33000722,108217.0,114848.0,122799.0
33000723,108217.0,114848.0,121966.0
33000724,108217.0,114848.0,121133.0
33000725,110267.0,114848.0,122799.0
33000726,110267.0,114848.0,121966.0
33000727,110267.0,114848.0,121133.0
33000728,107467.0,114848.0,122899.0
33000729,107467.0,114848.0,122033.0
33000730,107467.0,114848.0,121166.0
33000731,107467.0,113648.0,122799.0
33000732,107467.0,113648.0,121966.0
33000733,107467.0,113648.0,121133.0
33000734,111267.0,113648.0,123000.0
33000735,111267.0,113648.0,122100.0
33000736,111267.0,113648.0,121200.0
33000737,111267.0,114848.0,122899.0
33000738,111267.0,114848.0,122033.0
33000739,111267.0,114848.0,121166.0
33000740,111267.0,98548.0,123000.0
33000741,111267.0,98548.0,122100.0
33000742,111267.0,98548.0,121200.0
33000743,98067.0,98548.0,123000.0
33000744,98067.0,98548.0,122100.0
33000745,98067.0,98548.0,121200.0
33000746,101067.0,98548.0,123000.0
33000747,101067.0,98548.0,122100.0
33000748,101067.0,98548.0,121200.0
33000749,104867.0,98548.0,123000.0
33000750,104867.0,98548.0,122100.0
33000751,104867.0,98548.0,121200.0
33000752,101067.0,99593.0,123000.0
33000753,101067.0,99593.0,122100.0
33000754,101067.0,99593.0,121200.0
33000755,104867.0,99593.0,123000.0
33000756,104867.0,99593.0,122100.0
33000757,104867.0,99593.0,121200.0
33000758,107467.0,101548.0,123000.0
33000759,107467.0,101548.0,122100.0
33000760,107467.0,101548.0,121200.0
33000761,110367.0,101048.0,123000.0
33000762,110367.0,101048.0,122100.0
33000763,110367.0,101048.0,121200.0
33000764,111267.0,101048.0,123000.0
33000765,111267.0,101048.0,122100.0
33000766,111267.0,101048.0,121200.0
33000767,98067.0,107148.0,123000.0
33000768,98067.0,107148.0,122100.0
33000769,98067.0,107148.0,121200.0
33000770,101067.0,107148.0,123000.0
33000771,101067.0,107148.0,122100.0
33000772,101067.0,107148.0,121200.0
33000773,101067.0,106298.0,123000.0
33000774,101067.0,106298.0,122100.0
33000775,101067.0,106298.0,121200.0
33000776,104867.0,106298.0,123000.0
33000777,104867.0,106298.0,122100.0
33000778,104867.0,106298.0,121200.0
33000779,104867.0,109893.0,123000.0
33000780,104867.0,109893.0,122100.0
33000781,104867.0,109893.0,121200.0
33000782,107467.0,109893.0,123000.0
33000783,107467.0,109893.0,122100.0
33000784,107467.0,109893.0,121200.0
33000785,101067.0,110448.0,123000.0
33000786,101067.0,110448.0,122100.0
33000787,101067.0,110448.0,121200.0
33000788,104867.0,114848.0,123000.0
33000789,104867.0,114848.0,122100.0
33000790,104867.0,114848.0,121200.0
33000791,107467.0,106298.0,123000.0
33000792,107467.0,106298.0,122100.0
33000793,107467.0,106298.0,121200.0
33000794,98067.0,101548.0,123000.0
33000795,98067.0,101548.0,122100.0
33000796,98067.0,101548.0,121200.0
33000797,98067.0,104348.0,123000.0
33000798,98067.0,104348.0,122100.0
33000799,98067.0,104348.0,121200.0
33000800,104867.0,113648.0,123000.0
33000801,104867.0,113648.0,122100.0
33000802,104867.0,113648.0,121200.0
33000803,16867.0,109110.0,123099.0
33000804,16867.0,109473.0,123099.0
33000805,16867.0,109835.0,123099.0
33000806,27067.0,113798.0,123300.0
33000807,27067.0,114148.0,123300.0
33000808,27067.0,114498.0,123300.0
33000809,20667.0,107541.0,123300.0
33000810,20667.0,107960.0,123300.0
33000811,20667.0,108379.0,123300.0
33000812,28567.0,110448.0,123300.0
33000813,29067.0,110448.0,123300.0
33000814,29567.0,110448.0,123300.0
33000815,16867.0,107548.0,123099.0
33000816,16867.0,107948.0,123099.0
33000817,16867.0,108348.0,123099.0
33000818,23267.0,107560.0,123300.0
33000819,23267.0,107973.0,123300.0
33000820,23267.0,108385.0,123300.0
33000821,18167.0,107139.0,123200.0
33000822,18567.0,107131.0,123200.0
33000823,18967.0,107123.0,123200.0
33000824,19367.0,107114.0,123200.0
33000825,19767.0,107106.0,123200.0
33000826,18942.0,98548.0,123099.0
33000827,28867.0,113448.0,123300.0
33000828,29267.0,113448.0,123300.0
33000829,29667.0,113448.0,123300.0
33000830,20067.0,98548.0,123099.0
33000831,56347.0,113798.0,123200.0
33000832,56347.0,114148.0,123200.0
33000833,56347.0,114498.0,123200.0
33000834,54372.0,107123.0,123200.0
33000835,54897.0,107098.0,123200.0
33000836,55422.0,107073.0,123200.0
33000837,54959.0,98548.0,123099.0
33000838,55422.0,98548.0,123099.0
33000839,55884.0,98548.0,123099.0
33000840,108067.0,98548.0,123099.0
33000841,98467.0,113448.0,123300.0
33000842,98867.0,113448.0,123300.0
33000843,99267.0,113448.0,123300.0
33000844,108367.0,107106.0,123200.0
33000845,108767.0,107114.0,123200.0
33000846,109167.0,107123.0,123200.0
33000847,109567.0,107131.0,123200.0
33000848,109967.0,107139.0,123200.0
33000849,104867.0,107560.0,123300.0
33000850,104867.0,107973.0,123300.0
33000851,104867.0,108385.0,123300.0
33000852,111267.0,107548.0,123099.0
33000853,111267.0,107948.0,123099.0
33000854,111267.0,108348.0,123099.0
33000855,107467.0,107541.0,123300.0
33000856,107467.0,107960.0,123300.0
33000857,107467.0,108379.0,123300.0
33000858,101067.0,113798.0,123300.0
33000859,101067.0,114148.0,123300.0
33000860,101067.0,114498.0,123300.0
33000861,111267.0,109110.0,123099.0
33000862,111267.0,109473.0,123099.0
33000863,111267.0,109835.0,123099.0
33000864,98567.0,110448.0,123300.0
33000865,99067.0,110448.0,123300.0
33000866,99567.0,110448.0,123300.0
33000867,109192.0,98548.0,123099.0
33000868,27067.0,114848.0,122100.0
33000869,27067.0,114848.0,121200.0
33000870,27067.0,113448.0,122100.0
33000871,27067.0,113448.0,121200.0
33000872,28467.0,113448.0,122100.0
33000873,28467.0,113448.0,121200.0
33000874,20667.0,108798.0,122100.0
33000875,20667.0,108798.0,121200.0
33000876,16867.0,110198.0,121966.0
33000877,16867.0,110198.0,121133.0
33000878,28067.0,110448.0,122100.0
33000879,28067.0,110448.0,121200.0
33000880,23267.0,108798.0,122100.0
33000881,23267.0,108798.0,121200.0
33000882,16867.0,107148.0,122100.0
33000883,16867.0,107148.0,121200.0
33000884,20167.0,107098.0,122100.0
33000885,20167.0,107098.0,121200.0
33000886,20667.0,107123.0,122100.0
33000887,20667.0,107123.0,121200.0
33000888,23267.0,107148.0,122100.0
33000889,23267.0,107148.0,121200.0
33000890,20667.0,98548.0,122100.0
33000891,20667.0,98548.0,121200.0
33000892,18417.0,98548.0,122100.0
33000893,18417.0,98548.0,121200.0
33000894,17767.0,107148.0,122100.0
33000895,17767.0,107148.0,121200.0
33000896,30067.0,113448.0,122100.0
33000897,30067.0,113448.0,121200.0
33000898,30067.0,110448.0,122100.0
33000899,30067.0,110448.0,121200.0
33000900,54497.0,98548.0,122100.0
33000901,54497.0,98548.0,121200.0
33000902,53847.0,107148.0,122100.0
33000903,53847.0,107148.0,121200.0
33000904,55947.0,107048.0,122100.0
33000905,55947.0,107048.0,121200.0
33000906,56347.0,113448.0,122100.0
33000907,56347.0,113448.0,121200.0
33000908,56347.0,114848.0,121966.0
33000909,56347.0,114848.0,121133.0
33000910,56347.0,98548.0,122100.0
33000911,56347.0,98548.0,121200.0
33000912,109717.0,98548.0,122100.0
33000913,109717.0,98548.0,121200.0
33000914,107467.0,98548.0,122100.0
33000915,107467.0,98548.0,121200.0
33000916,107467.0,107123.0,122100.0
33000917,107467.0,107123.0,121200.0
33000918,107967.0,107098.0,122100.0
33000919,107967.0,107098.0,121200.0
33000920,104867.0,107148.0,122100.0
33000921,104867.0,107148.0,121200.0
33000922,110367.0,107148.0,122100.0
33000923,110367.0,107148.0,121200.0
33000924,111267.0,107148.0,122100.0
33000925,111267.0,107148.0,121200.0
33000926,104867.0,108798.0,122100.0
33000927,104867.0,108798.0,121200.0
33000928,107467.0,108798.0,122100.0
33000929,107467.0,108798.0,121200.0
33000930,98067.0,110448.0,122100.0
33000931,98067.0,110448.0,121200.0
33000932,98067.0,113448.0,122100.0
33000933,98067.0,113448.0,121200.0
33000934,100067.0,110448.0,122100.0
33000935,100067.0,110448.0,121200.0
33000936,99667.0,113448.0,122100.0
33000937,99667.0,113448.0,121200.0
33000938,101067.0,113448.0,122100.0
33000939,101067.0,113448.0,121200.0
33000940,111267.0,110198.0,122100.0
33000941,111267.0,110198.0,121200.0
33000942,101067.0,114848.0,122100.0
33000943,101067.0,114848.0,121200.0
33000944,24217.0,107148.0,123900.0
33000945,25167.0,107148.0,123900.0
33000946,26117.0,107148.0,123900.0
33000947,27067.0,108248.0,123899.0
33000948,27067.0,109348.0,123900.0
33000949,26117.0,114848.0,123900.0
33000950,24217.0,114848.0,123900.0
33000951,23267.0,112748.0,123900.0
33000952,23267.0,110870.0,123900.0
33000953,28467.0,114148.0,123900.0
33000954,17817.0,108760.0,123900.0
33000955,18767.0,108773.0,123900.0
33000956,19717.0,108785.0,123900.0
33000957,20667.0,110870.0,123900.0
33000958,20667.0,112748.0,123900.0
33000959,18892.0,113648.0,123900.0
33000960,24217.0,104348.0,123900.0
33000961,25167.0,104348.0,123900.0
33000962,26117.0,104348.0,123900.0
33000963,27067.0,105323.0,123900.0
33000964,23267.0,105323.0,123900.0
33000965,19467.0,99381.0,123900.0
33000966,19467.0,100214.0,123900.0
33000967,24217.0,101548.0,123900.0
33000968,25167.0,101548.0,123900.0
33000969,26117.0,101548.0,123900.0
33000970,27067.0,102481.0,123900.0
33000971,27067.0,103414.0,123900.0
33000972,23267.0,102481.0,123900.0
33000973,23267.0,103414.0,123900.0
33000974,24217.0,98548.0,123900.0
33000975,26117.0,98548.0,123900.0
33000976,27067.0,100570.0,123900.0
33000977,23267.0,100570.0,123900.0
33000978,56347.0,107898.0,123900.0
33000979,53797.0,108748.0,123900.0
33000980,54647.0,108748.0,123900.0
33000981,55497.0,108748.0,123900.0
33000982,52947.0,107948.0,123900.0
33000983,108667.0,99381.0,123900.0
33000984,108667.0,100214.0,123900.0
33000985,99667.0,114148.0,123900.0
33000986,109242.0,113648.0,123900.0
33000987,108417.0,108785.0,123900.0
33000988,109367.0,108773.0,123900.0
33000989,110317.0,108760.0,123900.0
33000990,107467.0,112748.0,123900.0
33000991,107467.0,110870.0,123900.0
33000992,101883.0,98548.0,123900.0
33000993,103783.0,98548.0,123900.0
33000994,104867.0,100570.0,123900.0
33000995,102017.0,101548.0,123900.0
33000996,102967.0,101548.0,123900.0
33000997,103917.0,101548.0,123900.0
33000998,101067.0,100570.0,123900.0
33000999,102017.0,104348.0,123900.0
33001000,102967.0,104348.0,123900.0
33001001,103917.0,104348.0,123900.0
33001002,104867.0,105323.0,123900.0
33001003,102017.0,107148.0,123900.0
33001004,102967.0,107148.0,123900.0
33001005,103917.0,107148.0,123900.0
33001006,101067.0,105323.0,123900.0
33001007,104867.0,110870.0,123900.0
33001008,104867.0,112748.0,123900.0
33001009,103783.0,114848.0,123900.0
33001010,101883.0,114848.0,123900.0
33001011,101067.0,108248.0,123899.0
33001012,101067.0,109348.0,123900.0
33001013,104867.0,102481.0,123900.0
33001014,104867.0,103414.0,123900.0
33001015,101067.0,102481.0,123900.0
33001016,101067.0,103414.0,123900.0
33001019,64105.0,106303.0,123899.0
33001020,108667.0,98548.0,123499.0
33001021,109192.0,98548.0,123499.0
33001022,109717.0,98548.0,123499.0
33001023,98067.0,110448.0,123600.0
33001024,98567.0,110448.0,123600.0
33001025,99067.0,110448.0,123600.0
33001026,99567.0,110448.0,123600.0
33001027,100067.0,110448.0,123600.0
33001028,111267.0,108748.0,123499.0
33001029,111267.0,109110.0,123499.0
33001030,111267.0,109473.0,123499.0
33001031,111267.0,109835.0,123499.0
33001032,111267.0,110198.0,123499.0
33001033,101067.0,113448.0,123600.0
33001034,101067.0,113798.0,123600.0
33001035,101067.0,114148.0,123600.0
33001036,101067.0,114498.0,123600.0
33001037,101067.0,114848.0,123600.0
33001038,107467.0,107123.0,123600.0
33001039,107467.0,107541.0,123600.0
33001040,107467.0,107960.0,123600.0
33001041,107467.0,108379.0,123600.0
33001042,107467.0,108798.0,123600.0
33001043,111267.0,107148.0,123499.0
33001044,111267.0,107548.0,123499.0
33001045,111267.0,107948.0,123499.0
33001046,111267.0,108348.0,123499.0
33001047,104867.0,107148.0,123600.0
33001048,104867.0,107560.0,123600.0
33001049,104867.0,107973.0,123600.0
33001050,104867.0,108385.0,123600.0
33001051,104867.0,108798.0,123600.0
33001052,107967.0,107098.0,123550.0
33001053,108367.0,107106.0,123550.0
33001054,108767.0,107114.0,123550.0
33001055,109167.0,107123.0,123550.0
33001056,109567.0,107131.0,123550.0
33001057,109967.0,107139.0,123550.0
33001058,110367.0,107148.0,123550.0
33001059,98067.0,113448.0,123600.0
33001060,98467.0,113448.0,123600.0
33001061,98867.0,113448.0,123600.0
33001062,99267.0,113448.0,123600.0
33001063,99667.0,113448.0,123600.0
33001064,107467.0,98548.0,123499.0
33001065,108067.0,98548.0,123499.0
33001066,54497.0,98548.0,123499.0
33001067,54959.0,98548.0,123499.0
33001068,55422.0,98548.0,123499.0
33001069,55884.0,98548.0,123499.0
33001070,56347.0,98548.0,123499.0
33001071,53847.0,107148.0,123550.0
33001072,54372.0,107123.0,123550.0
33001073,54897.0,107098.0,123550.0
33001074,55422.0,107073.0,123550.0
33001075,55947.0,107048.0,123550.0
33001076,56347.0,113448.0,123550.0
33001077,56347.0,113798.0,123550.0
33001078,56347.0,114148.0,123550.0
33001079,56347.0,114498.0,123550.0
33001080,56347.0,114848.0,123550.0
33001081,19467.0,98548.0,123499.0
33001082,20067.0,98548.0,123499.0
33001083,20667.0,98548.0,123499.0
33001084,28467.0,113448.0,123600.0
33001085,28867.0,113448.0,123600.0
33001086,29267.0,113448.0,123600.0
33001087,29667.0,113448.0,123600.0
33001088,30067.0,113448.0,123600.0
33001089,18417.0,98548.0,123499.0
33001090,18942.0,98548.0,123499.0
33001091,17767.0,107148.0,123550.0
33001092,18167.0,107139.0,123550.0
33001093,18567.0,107131.0,123550.0
33001094,18967.0,107123.0,123550.0
33001095,19367.0,107114.0,123550.0
33001096,19767.0,107106.0,123550.0
33001097,20167.0,107098.0,123550.0
33001098,23267.0,107148.0,123600.0
33001099,23267.0,107560.0,123600.0
33001100,23267.0,107973.0,123600.0
33001101,23267.0,108385.0,123600.0
33001102,23267.0,108798.0,123600.0
33001103,16867.0,107148.0,123499.0
33001104,16867.0,107548.0,123499.0
33001105,16867.0,107948.0,123499.0
33001106,16867.0,108348.0,123499.0
33001107,16867.0,108748.0,123499.0
33001108,28067.0,110448.0,123600.0
33001109,28567.0,110448.0,123600.0
33001110,29067.0,110448.0,123600.0
33001111,29567.0,110448.0,123600.0
33001112,30067.0,110448.0,123600.0
33001113,20667.0,107123.0,123600.0
33001114,20667.0,107541.0,123600.0
33001115,20667.0,107960.0,123600.0
33001116,20667.0,108379.0,123600.0
33001117,20667.0,108798.0,123600.0
33001118,27067.0,113448.0,123600.0
33001119,27067.0,113798.0,123600.0
33001120,27067.0,114148.0,123600.0
33001121,27067.0,114498.0,123600.0
33001122,27067.0,114848.0,123600.0
33001123,16867.0,109110.0,123499.0
33001124,16867.0,109473.0,123499.0
33001125,16867.0,109835.0,123499.0
33001126,16867.0,110198.0,123499.0
33001127,17367.0,114848.0,122799.0
33001128,17367.0,114848.0,121133.0
33001129,17367.0,114848.0,121966.0
33001130,21533.0,114848.0,122899.0
33001131,22400.0,114848.0,122899.0
33001132,21533.0,114848.0,121166.0
33001133,22400.0,114848.0,121166.0
33001134,21533.0,114848.0,122033.0
33001135,22400.0,114848.0,122033.0
33001136,27767.0,114848.0,123000.0
33001137,27767.0,114848.0,121200.0
33001138,27767.0,114848.0,122100.0
33001139,16867.0,111060.0,123099.0
33001140,16867.0,111923.0,123099.0
33001141,16867.0,112785.0,123099.0
33001142,16867.0,111060.0,121133.0
33001143,16867.0,111923.0,121133.0
33001144,16867.0,112785.0,121133.0
33001145,16867.0,111060.0,121966.0
33001146,16867.0,112785.0,121966.0
33001147,16867.0,111923.0,121966.0
33001148,30067.0,114148.0,123000.0
33001149,30067.0,114148.0,121200.0
33001150,30067.0,114148.0,122100.0
33001151,27067.0,111448.0,123000.0
33001152,27067.0,112448.0,123000.0
33001153,27067.0,111448.0,121200.0
33001154,27067.0,112448.0,121200.0
33001155,27067.0,111448.0,122100.0
33001156,27067.0,112448.0,122100.0
33001157,27767.0,113448.0,123300.0
33001158,27767.0,113448.0,121200.0
33001159,27767.0,113448.0,122100.0
33001160,27567.0,110448.0,123000.0
33001161,27567.0,110448.0,121200.0
33001162,27567.0,110448.0,122100.0
33001163,30067.0,111448.0,123300.0
33001164,30067.0,112448.0,123300.0
33001165,30067.0,111448.0,121200.0
33001166,30067.0,112448.0,121200.0
33001167,30067.0,111448.0,122100.0
33001168,30067.0,112448.0,122100.0
33001169,20667.0,109345.0,123000.0
33001170,20667.0,109345.0,121200.0
33001171,20667.0,109345.0,122100.0
33001172,21533.0,108798.0,123300.0
33001173,22400.0,108798.0,123300.0
33001174,21533.0,108798.0,121200.0
33001175,22400.0,108798.0,121200.0
33001176,21533.0,108798.0,122100.0
33001177,22400.0,108798.0,122100.0
33001178,23267.0,109345.0,123000.0
33001179,23267.0,109345.0,121200.0
33001180,23267.0,109345.0,122100.0
33001181,17317.0,107148.0,123099.0
33001182,17317.0,107148.0,121200.0
33001183,17317.0,107148.0,122100.0
33001184,21533.0,107131.0,123300.0
33001185,22400.0,107139.0,123300.0
33001186,21533.0,107131.0,121200.0
33001187,22400.0,107139.0,121200.0
33001188,21533.0,107131.0,122100.0
33001189,22400.0,107139.0,122100.0
33001190,23267.0,106723.0,123000.0
33001191,23267.0,106723.0,121200.0
33001192,23267.0,106723.0,122100.0
33001193,27067.0,106723.0,123000.0
33001194,27067.0,106723.0,121200.0
33001195,27067.0,106723.0,122100.0
33001196,28067.0,107148.0,123000.0
33001197,29067.0,107148.0,123000.0
33001198,28067.0,107148.0,121200.0
33001199,29067.0,107148.0,121200.0
33001200,28067.0,107148.0,122100.0
33001201,29067.0,107148.0,122100.0
33001202,16867.0,101931.0,123000.0
33001203,16867.0,102814.0,123000.0
33001204,16867.0,101931.0,121200.0
33001205,16867.0,102814.0,121200.0
33001206,16867.0,101931.0,122100.0
33001207,16867.0,102814.0,122100.0
33001208,16867.0,99381.0,123000.0
33001209,16867.0,100214.0,123000.0
33001210,16867.0,99381.0,121200.0
33001211,16867.0,100214.0,121200.0
33001212,16867.0,99381.0,122100.0
33001213,16867.0,100214.0,122100.0
33001214,17317.0,101048.0,123000.0
33001215,17317.0,101048.0,121200.0
33001216,17317.0,101048.0,122100.0
33001217,18617.0,101048.0,123000.0
33001218,18617.0,101048.0,121200.0
33001219,18617.0,101048.0,122100.0
33001220,20667.0,99381.0,123000.0
33001221,20667.0,100214.0,123000.0
33001222,20667.0,99381.0,121200.0
33001223,20667.0,100214.0,121200.0
33001224,20667.0,99381.0,122100.0
33001225,20667.0,100214.0,122100.0
33001226,17642.0,98548.0,123000.0
33001227,17642.0,98548.0,121200.0
33001228,17642.0,98548.0,122100.0
33001229,21533.0,98548.0,123000.0
33001230,22400.0,98548.0,123000.0
33001231,21533.0,98548.0,121200.0
33001232,22400.0,98548.0,121200.0
33001233,21533.0,98548.0,122100.0
33001234,22400.0,98548.0,122100.0
33001235,23267.0,99070.0,123000.0
33001236,23267.0,99070.0,121200.0
33001237,23267.0,99070.0,122100.0
33001238,27067.0,99070.0,123000.0
33001239,27067.0,99070.0,121200.0
33001240,27067.0,99070.0,122100.0
33001241,28067.0,98548.0,123000.0
33001242,29067.0,98548.0,123000.0
33001243,28067.0,98548.0,121200.0
33001244,29067.0,98548.0,121200.0
33001245,28067.0,98548.0,122100.0
33001246,29067.0,98548.0,122100.0
33001247,16867.0,114248.0,122799.0
33001248,16867.0,114248.0,121133.0
33001249,16867.0,114248.0,121966.0
33001250,20667.0,114248.0,122799.0
33001251,20667.0,114248.0,121133.0
33001252,20667.0,114248.0,121966.0
33001253,20292.0,114848.0,122799.0
33001254,20292.0,114848.0,121133.0
33001255,20292.0,114848.0,121966.0
33001256,18142.0,114848.0,122799.0
33001257,18145.0,114848.0,123350.0
33001258,18642.0,114848.0,123350.0
33001259,19142.0,114848.0,123350.0
33001260,19639.0,114848.0,123350.0
33001261,19642.0,114848.0,122799.0
33001262,18142.0,114848.0,121133.0
33001263,19642.0,114848.0,121133.0
33001264,18142.0,114848.0,121966.0
33001265,19642.0,114848.0,121966.0
33001266,18642.0,114848.0,122799.0
33001267,19142.0,114848.0,122799.0
33001268,29267.0,114848.0,123000.0
33001269,29267.0,114848.0,121200.0
33001270,29267.0,114848.0,122100.0
33001271,20067.0,101048.0,123000.0
33001272,20067.0,101048.0,121200.0
33001273,20067.0,101048.0,122100.0
33001274,16867.0,104698.0,123000.0
33001275,16867.0,105698.0,123000.0
33001276,16867.0,104698.0,121200.0
33001277,16867.0,105698.0,121200.0
33001278,16867.0,104698.0,122100.0
33001279,16867.0,105698.0,122100.0
33001280,20667.0,106710.0,123000.0
33001281,20667.0,106710.0,121200.0
33001282,20667.0,106710.0,122100.0
33001283,23267.0,114248.0,123000.0
33001284,23267.0,114248.0,121200.0
33001285,23267.0,114248.0,122100.0
33001286,30067.0,99381.0,123000.0
33001287,30067.0,100214.0,123000.0
33001288,30067.0,100881.0,123000.0
33001289,30067.0,99381.0,121200.0
33001290,30067.0,100214.0,121200.0
33001291,30067.0,100881.0,121200.0
33001292,30067.0,99381.0,122100.0
33001293,30067.0,100881.0,122100.0
33001294,30067.0,100214.0,122100.0
33001295,30067.0,105281.0,123000.0
33001296,30067.0,106214.0,123000.0
33001297,30067.0,105281.0,121200.0
33001298,30067.0,106214.0,121200.0
33001299,30067.0,105281.0,122100.0
33001300,30067.0,106214.0,122100.0
33001301,30067.0,102481.0,123000.0
33001302,30067.0,103414.0,123000.0
33001303,30067.0,102481.0,121200.0
33001304,30067.0,103414.0,121200.0
33001305,30067.0,102481.0,122100.0
33001306,30067.0,103414.0,122100.0
33001307,60347.0,101873.0,122799.0
33001308,60347.0,102698.0,122799.0
33001309,60347.0,103523.0,122799.0
33001310,60347.0,101873.0,121133.0
33001311,60347.0,102698.0,121133.0
33001312,60347.0,103523.0,121133.0
33001313,60347.0,101873.0,121966.0
33001314,60347.0,103523.0,121966.0
33001315,60347.0,102698.0,121966.0
33001316,63747.0,111328.0,122799.0
33001317,63747.0,112208.0,122799.0
33001318,63747.0,113088.0,122799.0
33001319,63747.0,113968.0,122799.0
33001320,63747.0,111328.0,121133.0
33001321,63747.0,112208.0,121133.0
33001322,63747.0,113088.0,121133.0
33001323,63747.0,113968.0,121133.0
33001324,63747.0,111328.0,121966.0
33001325,63747.0,113968.0,121966.0
33001326,63747.0,112208.0,121966.0
33001327,63747.0,113088.0,121966.0
33001328,61022.0,114848.0,122799.0
33001329,61697.0,114848.0,122799.0
33001330,61700.0,114848.0,123350.0
33001331,62197.0,114848.0,123350.0
33001332,62697.0,114848.0,123350.0
33001333,63194.0,114848.0,123350.0
33001334,63197.0,114848.0,122799.0
33001335,61022.0,114848.0,121133.0
33001336,61697.0,114848.0,121133.0
33001337,63197.0,114848.0,121133.0
33001338,61022.0,114848.0,121966.0
33001339,63197.0,114848.0,121966.0
33001340,62197.0,114848.0,122799.0
33001341,61697.0,114848.0,121966.0
33001342,62697.0,114848.0,122799.0
33001343,52947.0,104560.0,123000.0
33001344,52947.0,105423.0,123000.0
33001345,52947.0,106285.0,123000.0
33001346,52947.0,104560.0,121200.0
33001347,52947.0,105423.0,121200.0
33001348,52947.0,106285.0,121200.0
33001349,52947.0,104560.0,122100.0
33001350,52947.0,106285.0,122100.0
33001351,52947.0,105423.0,122100.0
33001352,53722.0,98548.0,123000.0
33001353,53722.0,98548.0,121200.0
33001354,53722.0,98548.0,122100.0
33001355,52947.0,99381.0,123000.0
33001356,52947.0,100214.0,123000.0
33001357,52947.0,99381.0,121200.0
33001358,52947.0,100214.0,121200.0
33001359,52947.0,99381.0,122100.0
33001360,52947.0,100214.0,122100.0
33001361,52947.0,101931.0,123000.0
33001362,52947.0,102814.0,123000.0
33001363,52947.0,101931.0,121200.0
33001364,52947.0,102814.0,121200.0
33001365,52947.0,101931.0,122100.0
33001366,52947.0,102814.0,122100.0
33001367,53397.0,101048.0,123000.0
33001368,53397.0,101048.0,121200.0
33001369,53397.0,101048.0,122100.0
33001370,53397.0,107148.0,123000.0
33001371,53397.0,107148.0,121200.0
33001372,53397.0,107148.0,122100.0
33001373,56347.0,111328.0,123000.0
33001374,56347.0,112208.0,123000.0
33001375,56347.0,113088.0,123000.0
33001376,56347.0,111328.0,121200.0
33001377,56347.0,112208.0,121200.0
33001378,56347.0,113088.0,121200.0
33001379,56347.0,111328.0,122100.0
33001380,56347.0,113088.0,122100.0
33001381,56347.0,112208.0,122100.0
33001382,52947.0,111128.0,122799.0
33001383,52947.0,112058.0,122799.0
33001384,52947.0,112988.0,122799.0
33001385,52947.0,113918.0,122799.0
33001386,52947.0,111128.0,121133.0
33001387,52947.0,112058.0,121133.0
33001388,52947.0,112988.0,121133.0
33001389,52947.0,113918.0,121133.0
33001390,52947.0,111128.0,121966.0
33001391,52947.0,113918.0,121966.0
33001392,52947.0,112058.0,121966.0
33001393,52947.0,112988.0,121966.0
33001394,53622.0,114848.0,122799.0
33001395,54297.0,114848.0,122799.0
33001396,54300.0,114848.0,123350.0
33001397,54797.0,114848.0,123350.0
33001398,55297.0,114848.0,123350.0
33001399,55794.0,114848.0,123350.0
33001400,55797.0,114848.0,122799.0
33001401,53622.0,114848.0,121133.0
33001402,54297.0,114848.0,121133.0
33001403,55797.0,114848.0,121133.0
33001404,53622.0,114848.0,121966.0
33001405,55797.0,114848.0,121966.0
33001406,54797.0,114848.0,122799.0
33001407,54297.0,114848.0,121966.0
33001408,55297.0,114848.0,122799.0
33001409,61197.0,110448.0,122799.0
33001410,62047.0,110448.0,122799.0
33001411,62897.0,110448.0,122799.0
33001412,61197.0,110448.0,121133.0
33001413,62047.0,110448.0,121133.0
33001414,62897.0,110448.0,121133.0
33001415,61197.0,110448.0,121966.0
33001416,62897.0,110448.0,121966.0
33001417,62047.0,110448.0,121966.0
33001418,56347.0,106673.0,123000.0
33001419,56347.0,106673.0,121200.0
33001420,56347.0,106673.0,122100.0
33001421,56347.0,99381.0,123000.0
33001422,56347.0,100214.0,123000.0
33001423,56347.0,99381.0,121200.0
33001424,56347.0,100214.0,121200.0
33001425,56347.0,99381.0,122100.0
33001426,56347.0,100214.0,122100.0
33001427,63747.0,102064.0,122799.0
33001428,63747.0,103081.0,122799.0
33001429,63747.0,104098.0,122799.0
33001430,63747.0,105114.0,122799.0
33001431,63747.0,106131.0,122799.0
33001432,63747.0,102064.0,121133.0
33001433,63747.0,103081.0,121133.0
33001434,63747.0,104098.0,121133.0
33001435,63747.0,105114.0,121133.0
33001436,63747.0,106131.0,121133.0
33001437,63747.0,102064.0,121966.0
33001438,63747.0,106131.0,121966.0
33001439,63747.0,103081.0,121966.0
33001440,63747.0,104098.0,121966.0
33001441,63747.0,105114.0,121966.0
33001442,63747.0,99381.0,122799.0
33001443,63747.0,100214.0,122799.0
33001444,63747.0,99381.0,121133.0
33001445,63747.0,100214.0,121133.0
33001446,63747.0,99381.0,121966.0
33001447,63747.0,100214.0,121966.0
33001448,54680.0,101048.0,123000.0
33001449,55513.0,101048.0,123000.0
33001450,54680.0,101048.0,121200.0
33001451,55513.0,101048.0,121200.0
33001452,54680.0,101048.0,122100.0
33001453,55513.0,101048.0,122100.0
33001454,60822.0,98548.0,122799.0
33001455,61297.0,98548.0,122799.0
33001456,61300.0,98548.0,123350.0
33001457,61797.0,98548.0,123350.0
33001458,62297.0,98548.0,123350.0
33001459,62794.0,98548.0,123350.0
33001460,62797.0,98548.0,122799.0
33001461,63272.0,98548.0,122799.0
33001462,60822.0,98548.0,121133.0
33001463,61297.0,98548.0,121133.0
33001464,63272.0,98548.0,121133.0
33001465,62797.0,98548.0,121133.0
33001466,60822.0,98548.0,121966.0
33001467,63272.0,98548.0,121966.0
33001468,61797.0,98548.0,122799.0
33001469,61297.0,98548.0,121966.0
33001470,62297.0,98548.0,122799.0
33001471,62797.0,98548.0,121966.0
33001472,61197.0,101048.0,122799.0
33001473,62047.0,101048.0,122799.0
33001474,62897.0,101048.0,122799.0
33001475,61197.0,101048.0,121133.0
33001476,62047.0,101048.0,121133.0
33001477,62897.0,101048.0,121133.0
33001478,61197.0,101048.0,121966.0
33001479,62897.0,101048.0,121966.0
33001480,62047.0,101048.0,121966.0
33001481,111267.0,104698.0,123000.0
33001482,111267.0,105698.0,123000.0
33001483,111267.0,104698.0,121200.0
33001484,111267.0,105698.0,121200.0
33001485,111267.0,104698.0,122100.0
33001486,111267.0,105698.0,122100.0
33001487,108067.0,101048.0,123000.0
33001488,108067.0,101048.0,121200.0
33001489,108067.0,101048.0,122100.0
33001490,98867.0,114848.0,123000.0
33001491,98867.0,114848.0,121200.0
33001492,98867.0,114848.0,122100.0
33001493,108492.0,114848.0,122799.0
33001494,108495.0,114848.0,123350.0
33001495,108992.0,114848.0,123350.0
33001496,109492.0,114848.0,123350.0
33001497,109989.0,114848.0,123350.0
33001498,109992.0,114848.0,122799.0
33001499,108492.0,114848.0,121133.0
33001500,109992.0,114848.0,121133.0
33001501,108492.0,114848.0,121966.0
33001502,109992.0,114848.0,121966.0
33001503,108992.0,114848.0,122799.0
33001504,109492.0,114848.0,122799.0
33001505,107842.0,114848.0,122899.0
33001506,107842.0,114848.0,121166.0
33001507,107842.0,114848.0,122033.0
33001508,107467.0,114248.0,122899.0
33001509,107467.0,114248.0,121166.0
33001510,107467.0,114248.0,122033.0
33001511,111267.0,114248.0,123000.0
33001512,111267.0,114248.0,121200.0
33001513,111267.0,114248.0,122100.0
33001514,110767.0,114848.0,122899.0
33001515,110767.0,114848.0,121166.0
33001516,110767.0,114848.0,122033.0
33001517,110492.0,98548.0,123000.0
33001518,110492.0,98548.0,121200.0
33001519,110492.0,98548.0,122100.0
33001520,99067.0,98548.0,123000.0
33001521,100067.0,98548.0,123000.0
33001522,99067.0,98548.0,121200.0
33001523,100067.0,98548.0,121200.0
33001524,99067.0,98548.0,122100.0
33001525,100067.0,98548.0,122100.0
33001526,105733.0,98548.0,123000.0
33001527,106600.0,98548.0,123000.0
33001528,105733.0,98548.0,121200.0
33001529,106600.0,98548.0,121200.0
33001530,105733.0,98548.0,122100.0
33001531,106600.0,98548.0,122100.0
33001532,101067.0,99070.0,123000.0
33001533,101067.0,99070.0,121200.0
33001534,101067.0,99070.0,122100.0
33001535,104867.0,99070.0,123000.0
33001536,104867.0,99070.0,121200.0
33001537,104867.0,99070.0,122100.0
33001538,107467.0,99381.0,123000.0
33001539,107467.0,100214.0,123000.0
33001540,107467.0,99381.0,121200.0
33001541,107467.0,100214.0,121200.0
33001542,107467.0,99381.0,122100.0
33001543,107467.0,100214.0,122100.0
33001544,109517.0,101048.0,123000.0
33001545,109517.0,101048.0,121200.0
33001546,109517.0,101048.0,122100.0
33001547,110817.0,101048.0,123000.0
33001548,110817.0,101048.0,121200.0
33001549,110817.0,101048.0,122100.0
33001550,111267.0,99381.0,123000.0
33001551,111267.0,100214.0,123000.0
33001552,111267.0,99381.0,121200.0
33001553,111267.0,100214.0,121200.0
33001554,111267.0,99381.0,122100.0
33001555,111267.0,100214.0,122100.0
33001556,111267.0,101931.0,123000.0
33001557,111267.0,102814.0,123000.0
33001558,111267.0,101931.0,121200.0
33001559,111267.0,102814.0,121200.0
33001560,111267.0,101931.0,122100.0
33001561,111267.0,102814.0,122100.0
33001562,99067.0,107148.0,123000.0
33001563,100067.0,107148.0,123000.0
33001564,99067.0,107148.0,121200.0
33001565,100067.0,107148.0,121200.0
33001566,99067.0,107148.0,122100.0
33001567,100067.0,107148.0,122100.0
33001568,101067.0,106723.0,123000.0
33001569,101067.0,106723.0,121200.0
33001570,101067.0,106723.0,122100.0
33001571,104867.0,106723.0,123000.0
33001572,104867.0,106723.0,121200.0
33001573,104867.0,106723.0,122100.0
33001574,105733.0,107139.0,123300.0
33001575,106600.0,107131.0,123300.0
33001576,105733.0,107139.0,121200.0
33001577,106600.0,107131.0,121200.0
33001578,105733.0,107139.0,122100.0
33001579,106600.0,107131.0,122100.0
33001580,110817.0,107148.0,123099.0
33001581,110817.0,107148.0,121200.0
33001582,110817.0,107148.0,122100.0
33001583,104867.0,109345.0,123000.0
33001584,104867.0,109345.0,121200.0
33001585,104867.0,109345.0,122100.0
33001586,105733.0,108798.0,123300.0
33001587,106600.0,108798.0,123300.0
33001588,105733.0,108798.0,121200.0
33001589,106600.0,108798.0,121200.0
33001590,105733.0,108798.0,122100.0
33001591,106600.0,108798.0,122100.0
33001592,107467.0,109345.0,123000.0
33001593,107467.0,109345.0,121200.0
33001594,107467.0,109345.0,122100.0
33001595,98067.0,111448.0,123300.0
33001596,98067.0,112448.0,123300.0
33001597,98067.0,111448.0,121200.0
33001598,98067.0,112448.0,121200.0
33001599,98067.0,111448.0,122100.0
33001600,98067.0,112448.0,122100.0
33001601,100567.0,110448.0,123000.0
33001602,100567.0,110448.0,121200.0
33001603,100567.0,110448.0,122100.0
33001604,100367.0,113448.0,123300.0
33001605,100367.0,113448.0,121200.0
33001606,100367.0,113448.0,122100.0
33001607,101067.0,111448.0,123000.0
33001608,101067.0,112448.0,123000.0
33001609,101067.0,111448.0,121200.0
33001610,101067.0,112448.0,121200.0
33001611,101067.0,111448.0,122100.0
33001612,101067.0,112448.0,122100.0
33001613,98067.0,114148.0,123000.0
33001614,98067.0,114148.0,121200.0
33001615,98067.0,114148.0,122100.0
33001616,111267.0,111060.0,123000.0
33001617,111267.0,111923.0,123000.0
33001618,111267.0,112785.0,123000.0
33001619,111267.0,111060.0,121200.0
33001620,111267.0,111923.0,121200.0
33001621,111267.0,112785.0,121200.0
33001622,111267.0,111060.0,122100.0
33001623,111267.0,112785.0,122100.0
33001624,111267.0,111923.0,122100.0
33001625,100367.0,114848.0,123000.0
33001626,100367.0,114848.0,121200.0
33001627,100367.0,114848.0,122100.0
33001628,105733.0,114848.0,123000.0
33001629,106600.0,114848.0,123000.0
33001630,105733.0,114848.0,121200.0
33001631,106600.0,114848.0,121200.0
33001632,105733.0,114848.0,122100.0
33001633,106600.0,114848.0,122100.0
33001634,107467.0,106710.0,123000.0
33001635,107467.0,106710.0,121200.0
33001636,107467.0,106710.0,122100.0
33001637,98067.0,102481.0,123000.0
33001638,98067.0,103414.0,123000.0
33001639,98067.0,102481.0,121200.0
33001640,98067.0,103414.0,121200.0
33001641,98067.0,102481.0,122100.0
33001642,98067.0,103414.0,122100.0
33001643,98067.0,105281.0,123000.0
33001644,98067.0,106214.0,123000.0
33001645,98067.0,105281.0,121200.0
33001646,98067.0,106214.0,121200.0
33001647,98067.0,105281.0,122100.0
33001648,98067.0,106214.0,122100.0
33001649,104867.0,114248.0,123000.0
33001650,104867.0,114248.0,121200.0
33001651,104867.0,114248.0,122100.0
33001652,98067.0,99381.0,123000.0
33001653,98067.0,100214.0,123000.0
33001654,98067.0,100881.0,123000.0
33001655,98067.0,99381.0,121200.0
33001656,98067.0,100214.0,121200.0
33001657,98067.0,100881.0,121200.0
33001658,98067.0,99381.0,122100.0
33001659,98067.0,100881.0,122100.0
33001660,98067.0,100214.0,122100.0
33001661,24217.0,113842.0,123900.0
33001662,24217.0,112888.0,123900.0
33001663,24217.0,111942.0,123900.0
33001664,24217.0,110977.0,123900.0
33001665,24217.0,109999.0,123900.0
33001666,24217.0,109011.0,123900.0
33001667,24217.0,108071.0,123900.0
33001668,25167.0,113929.0,123900.0
33001669,25167.0,113007.0,123900.0
33001670,25167.0,112066.0,123900.0
33001671,25167.0,111102.0,123900.0
33001672,25167.0,110119.0,123900.0
33001673,25167.0,109126.0,123900.0
33001674,25167.0,108135.0,123900.0
33001675,26117.0,114015.0,123900.0
33001676,26117.0,113157.0,123900.0
33001677,26117.0,112223.0,123900.0
33001678,26117.0,111253.0,123900.0
33001679,26117.0,110256.0,123900.0
33001680,26117.0,109228.0,123900.0
33001681,26117.0,108189.0,123900.0
33001682,27767.0,114148.0,123900.0
33001683,29267.0,114148.0,123900.0
33001684,17833.0,112807.0,123900.0
33001685,17803.0,111978.0,123900.0
33001686,17814.0,109560.0,123900.0
33001687,17803.0,110360.0,123900.0
33001688,17797.0,111175.0,123900.0
33001689,18747.0,110499.0,123900.0
33001690,18711.0,111308.0,123900.0
33001691,18758.0,109644.0,123900.0
33001692,18725.0,111989.0,123900.0
33001693,18796.0,112799.0,123900.0
33001694,19605.0,111720.0,123900.0
33001695,19687.0,110724.0,123900.0
33001696,19711.0,109759.0,123900.0
33001697,19736.0,112715.0,123900.0
33001698,17727.0,107952.0,123900.0
33001699,18522.0,107951.0,123900.0
33001700,19173.0,107945.0,123900.0
33001701,19928.0,107945.0,123900.0
33001702,21533.0,107964.0,123900.0
33001703,22400.0,107968.0,123900.0
33001704,24217.0,106235.0,123900.0
33001705,24217.0,105296.0,123900.0
33001706,25167.0,106224.0,123900.0
33001707,25167.0,105289.0,123900.0
33001708,26117.0,106235.0,123900.0
33001709,26117.0,105296.0,123900.0
33001710,17733.0,100214.0,123900.0
33001711,17704.0,99381.0,123900.0
33001712,18596.0,100214.0,123900.0
33001713,18559.0,99381.0,123900.0
33001714,24217.0,103414.0,123900.0
33001715,24217.0,102481.0,123900.0
33001716,25167.0,103414.0,123900.0
33001717,25167.0,102481.0,123900.0
33001718,26117.0,103414.0,123900.0
33001719,26117.0,102481.0,123900.0
33001720,24217.0,100556.0,123900.0
33001721,24217.0,99559.0,123900.0
33001722,25167.0,100552.0,123900.0
33001723,25167.0,99553.0,123900.0
33001724,26117.0,100556.0,123900.0
33001725,26117.0,99559.0,123900.0
33001726,53835.0,107943.0,123900.0
33001727,54736.0,107923.0,123900.0
33001728,55602.0,107903.0,123900.0
33001729,109538.0,100214.0,123900.0
33001730,109574.0,99381.0,123900.0
33001731,110401.0,100214.0,123900.0
33001732,110429.0,99381.0,123900.0
33001733,98867.0,114148.0,123900.0
33001734,100367.0,114148.0,123900.0
33001735,108372.0,112745.0,123900.0
33001736,108436.0,111814.0,123900.0
33001737,108445.0,109786.0,123900.0
33001738,108536.0,110807.0,123900.0
33001739,109424.0,111113.0,123900.0
33001740,109371.0,111930.0,123900.0
33001741,109425.0,110435.0,123900.0
33001742,109388.0,109627.0,123900.0
33001743,109326.0,112783.0,123900.0
33001744,110341.0,110329.0,123900.0
33001745,110337.0,111124.0,123900.0
33001746,110328.0,109547.0,123900.0
33001747,110293.0,112795.0,123900.0
33001748,110320.0,111948.0,123900.0
33001749,101998.0,100556.0,123900.0
33001750,101962.0,99558.0,123900.0
33001751,102940.0,100552.0,123900.0
33001752,102881.0,99553.0,123900.0
33001753,103898.0,100556.0,123900.0
33001754,103862.0,99559.0,123900.0
33001755,108205.0,107945.0,123900.0
33001756,108960.0,107945.0,123900.0
33001757,109611.0,107951.0,123900.0
33001758,110406.0,107952.0,123900.0
33001759,102017.0,106235.0,123900.0
33001760,102017.0,105296.0,123900.0
33001761,102967.0,106224.0,123900.0
33001762,102967.0,105289.0,123900.0
33001763,103917.0,106235.0,123900.0
33001764,103917.0,105296.0,123900.0
33001765,101960.0,114011.0,123900.0
33001766,101992.0,113153.0,123900.0
33001767,102002.0,112222.0,123900.0
33001768,102007.0,111252.0,123900.0
33001769,102010.0,110256.0,123900.0
33001770,102012.0,109228.0,123900.0
33001771,102014.0,108190.0,123900.0
33001772,102877.0,113924.0,123900.0
33001773,102929.0,113003.0,123900.0
33001774,102946.0,112064.0,123900.0
33001775,102953.0,111102.0,123900.0
33001776,102957.0,110120.0,123900.0
33001777,102960.0,109127.0,123900.0
33001778,102963.0,108135.0,123900.0
33001779,103858.0,113839.0,123900.0
33001780,103890.0,112886.0,123900.0
33001781,103902.0,111941.0,123900.0
33001782,103907.0,110977.0,123900.0
33001783,103910.0,110000.0,123900.0
33001784,103912.0,109011.0,123900.0
33001785,103914.0,108072.0,123900.0
33001786,102017.0,103414.0,123900.0
33001787,102017.0,102481.0,123900.0
33001788,102967.0,103414.0,123900.0
33001789,102967.0,102481.0,123900.0
33001790,103917.0,103414.0,123900.0
33001791,103917.0,102481.0,123900.0
33001792,105733.0,107968.0,123900.0
33001793,106600.0,107964.0,123900.0
34000001,23267.0,114848.0,127500.0
34000002,27067.0,114848.0,127500.0
34000003,20667.0,114848.0,127500.0
34000004,30067.0,114848.0,127500.0
34000005,27067.0,113448.0,127500.0
34000006,27067.0,110448.0,127500.0
34000007,30067.0,113448.0,127500.0
34000008,20667.0,111848.0,127500.0
34000009,20667.0,108798.0,127500.0
34000010,23267.0,111848.0,127500.0
34000011,16867.0,108748.0,127500.0
34000012,23267.0,108798.0,127500.0
34000013,16867.0,107148.0,127500.0
34000014,30067.0,107148.0,127500.0
34000015,23267.0,107148.0,127500.0
34000016,20667.0,107123.0,127500.0
34000017,27067.0,107148.0,127500.0
34000018,16867.0,101048.0,127500.0
34000019,17767.0,107148.0,127500.0
34000020,17767.0,101048.0,127500.0
34000021,20667.0,104348.0,127500.0
34000022,23267.0,104348.0,127500.0
34000023,27067.0,104348.0,127500.0
34000024,20667.0,101548.0,127500.0
34000025,20667.0,101048.0,127500.0
34000026,23267.0,101548.0,127500.0
34000027,27067.0,101548.0,127500.0
34000028,20667.0,98548.0,127500.0
34000029,23267.0,98548.0,127500.0
34000030,27067.0,98548.0,127500.0
34000031,16867.0,110198.0,127500.0
34000032,30067.0,110448.0,127500.0
34000033,23267.0,109893.0,127500.0
34000034,28067.0,110448.0,127500.0
34000035,23267.0,106298.0,127500.0
34000036,27067.0,106298.0,127500.0
34000037,20167.0,107098.0,127500.0
34000038,23267.0,99593.0,127500.0
34000039,27067.0,99593.0,127500.0
34000040,18417.0,98548.0,127500.0
34000041,20667.0,113648.0,127500.0
34000042,16867.0,113648.0,127500.0
34000043,19917.0,113648.0,127500.0
34000044,19917.0,114848.0,127500.0
34000045,17867.0,113648.0,127500.0
34000046,17867.0,114848.0,127500.0
34000047,28467.0,113448.0,127500.0
34000048,28467.0,114848.0,127500.0
34000049,19467.0,98548.0,127500.0
34000050,19467.0,101048.0,127500.0
34000051,17767.0,103698.0,127500.0
34000052,16867.0,103698.0,127500.0
34000053,20667.0,106298.0,127500.0
34000054,23267.0,113648.0,127500.0
34000055,20667.0,109893.0,127500.0
34000056,4867.0,114848.0,127500.0
34000057,4867.0,106698.0,127500.0
34000058,4867.0,98548.0,127500.0
34000059,4867.0,87098.0,127500.0
34000060,4867.0,126298.0,127500.0
34000061,9467.0,126348.0,127500.0
34000062,13067.0,126348.0,127500.0
34000063,124067.0,114848.0,127500.0
34000064,124067.0,106698.0,127500.0
34000065,124067.0,98548.0,127500.0
34000066,124067.0,87098.0,127500.0
34000067,124067.0,126298.0,127500.0
34000068,30067.0,98548.0,127500.0
34000069,30067.0,104348.0,127500.0
34000070,30067.0,101548.0,127500.0
34000071,13067.0,87048.0,127500.0
34000072,9467.0,87048.0,127500.0
34000073,63747.0,110448.0,127500.0
34000074,60347.0,101048.0,127500.0
34000075,60347.0,107048.0,127500.0
34000076,63747.0,107148.0,127500.0
34000077,52947.0,114848.0,127500.0
34000078,56347.0,108748.0,127500.0
34000079,52947.0,103698.0,127500.0
34000080,53847.0,103698.0,127500.0
34000081,54497.0,98548.0,127500.0
34000082,56347.0,110448.0,127500.0
34000083,52947.0,110198.0,127500.0
34000084,56347.0,113448.0,127500.0
34000085,52947.0,101048.0,127500.0
34000086,53847.0,101048.0,127500.0
34000087,53847.0,107148.0,127500.0
34000088,52947.0,107148.0,127500.0
34000089,56347.0,107048.0,127500.0
34000090,52947.0,108748.0,127500.0
34000091,56347.0,101548.0,127500.0
34000092,55947.0,107048.0,127500.0
34000093,56347.0,106298.0,127500.0
34000094,60347.0,110448.0,127500.0
34000095,56347.0,104348.0,127500.0
34000096,56347.0,101048.0,127500.0
34000097,63747.0,101048.0,127500.0
34000098,52947.0,98548.0,127500.0
34000099,60347.0,104348.0,127500.0
34000100,119800.0,87048.0,127500.0
34000101,115533.0,87048.0,127500.0
34000102,111267.0,103698.0,127500.0
34000103,110367.0,103698.0,127500.0
34000104,108667.0,101048.0,127500.0
34000105,108667.0,98548.0,127500.0
34000106,99667.0,114848.0,127500.0
34000107,99667.0,113448.0,127500.0
34000108,110267.0,114848.0,127500.0
34000109,110267.0,113648.0,127500.0
34000110,108217.0,114848.0,127500.0
34000111,108217.0,113648.0,127500.0
34000112,111267.0,113648.0,127500.0
34000113,107467.0,113648.0,127500.0
34000114,109717.0,98548.0,127500.0
34000115,101067.0,99593.0,127500.0
34000116,104867.0,99593.0,127500.0
34000117,107967.0,107098.0,127500.0
34000118,101067.0,106298.0,127500.0
34000119,104867.0,106298.0,127500.0
34000120,100067.0,110448.0,127500.0
34000121,104867.0,109893.0,127500.0
34000122,98067.0,110448.0,127500.0
34000123,111267.0,110198.0,127500.0
34000124,101067.0,98548.0,127500.0
34000125,104867.0,98548.0,127500.0
34000126,107467.0,98548.0,127500.0
34000127,101067.0,101548.0,127500.0
34000128,104867.0,101548.0,127500.0
34000129,107467.0,101048.0,127500.0
34000130,107467.0,101548.0,127500.0
34000131,101067.0,104348.0,127500.0
34000132,104867.0,104348.0,127500.0
34000133,107467.0,104348.0,127500.0
34000134,110367.0,101048.0,127500.0
34000135,110367.0,107148.0,127500.0
34000136,111267.0,101048.0,127500.0
34000137,101067.0,107148.0,127500.0
34000138,107467.0,107123.0,127500.0
34000139,104867.0,107148.0,127500.0
34000140,98067.0,107148.0,127500.0
34000141,111267.0,107148.0,127500.0
34000142,104867.0,108798.0,127500.0
34000143,111267.0,108748.0,127500.0
34000144,104867.0,111848.0,127500.0
34000145,107467.0,108798.0,127500.0
34000146,107467.0,111848.0,127500.0
34000147,98067.0,113448.0,127500.0
34000148,101067.0,110448.0,127500.0
34000149,101067.0,113448.0,127500.0
34000150,98067.0,114848.0,127500.0
34000151,107467.0,114848.0,127500.0
34000152,101067.0,114848.0,127500.0
34000153,104867.0,114848.0,127500.0
34000154,107467.0,106298.0,127500.0
34000155,98067.0,101548.0,127500.0
34000156,98067.0,104348.0,127500.0
34000157,107467.0,109893.0,127500.0
34000158,104867.0,113648.0,127500.0
34000159,98067.0,98548.0,127500.0
34000160,56347.0,98548.0,127500.0
34000161,63747.0,98548.0,127500.0
34000162,56347.0,114848.0,127500.0
34000163,63747.0,114848.0,127500.0
34000164,60347.0,98548.0,127500.0
34000165,60347.0,114848.0,127500.0
34000166,16867.0,126298.0,127500.0
34000167,16867.0,87098.0,127500.0
34000168,16867.0,106698.0,127500.0
34000169,30067.0,87098.0,127500.0
34000170,30067.0,126298.0,127500.0
34000171,16867.0,114848.0,127500.0
34000172,16867.0,98548.0,127500.0
34000173,111267.0,87098.0,127500.0
34000174,111267.0,126298.0,127500.0
34000175,98067.0,87098.0,127500.0
34000176,98067.0,126298.0,127500.0
34000177,111267.0,106698.0,127500.0
34000178,111267.0,114848.0,127500.0
34000179,111267.0,98548.0,127500.0
34000180,41507.0,87098.0,127500.0
34000181,41507.0,126298.0,127500.0
34000182,52947.0,87098.0,127500.0
34000183,52947.0,126298.0,127500.0
34000184,75187.0,87098.0,127500.0
34000185,75187.0,126298.0,127500.0
34000186,86627.0,126298.0,127500.0
34000187,86627.0,87098.0,127500.0
34000188,102700.0,87048.0,127500.0
34000189,102700.0,98548.0,127500.0
34000190,102700.0,126348.0,127500.0
34000191,102700.0,114848.0,127500.0
34000192,107467.0,87048.0,127500.0
34000193,107467.0,126348.0,127500.0
34000194,119800.0,126348.0,127500.0
34000195,115533.0,126348.0,127500.0
34000196,92347.0,126348.0,127500.0
34000197,92347.0,87048.0,127500.0
34000198,80907.0,126348.0,127500.0
34000199,80907.0,87048.0,127500.0
34000200,69467.0,126348.0,127500.0
34000201,69467.0,87048.0,127500.0
34000202,47227.0,126348.0,127500.0
34000203,47227.0,87048.0,127500.0
34000204,35787.0,126348.0,127500.0
34000205,35787.0,87048.0,127500.0
34000206,58347.0,114848.0,127500.0
34000207,58347.0,126348.0,127500.0
34000208,58347.0,98548.0,127500.0
34000209,58347.0,87048.0,127500.0
34000210,20667.0,87048.0,127500.0
34000211,25167.0,98548.0,127500.0
34000212,25167.0,87048.0,127500.0
34000213,25167.0,114848.0,127500.0
34000214,25167.0,126348.0,127500.0
34000215,20667.0,126348.0,127500.0
34000216,119800.0,106698.0,127500.0
34000217,119800.0,98548.0,127500.0
34000218,119800.0,114848.0,127500.0
34000219,115533.0,106698.0,127500.0
34000220,115533.0,98548.0,127500.0
34000221,115533.0,114848.0,127500.0
34000222,92347.0,107148.0,127500.0
34000223,92347.0,98548.0,127500.0
34000224,92347.0,114848.0,127500.0
34000225,80907.0,107148.0,127500.0
34000226,80907.0,98548.0,127500.0
34000227,80907.0,114848.0,127500.0
34000228,69467.0,107148.0,127500.0
34000229,69467.0,98548.0,127500.0
34000230,69467.0,114848.0,127500.0
34000231,47227.0,107148.0,127500.0
34000232,47227.0,98548.0,127500.0
34000233,47227.0,114848.0,127500.0
34000234,35787.0,107148.0,127500.0
34000235,35787.0,98548.0,127500.0
34000236,35787.0,114848.0,127500.0
34000237,41507.0,107148.0,127500.0
34000238,75187.0,107148.0,127500.0
34000239,86627.0,107148.0,127500.0
34000240,13067.0,106698.0,127500.0
34000241,9467.0,106698.0,127500.0
34000242,75187.0,98548.0,127500.0
34000243,86627.0,98548.0,127500.0
34000244,41507.0,98548.0,127500.0
34000245,13067.0,98548.0,127500.0
34000246,9467.0,98548.0,127500.0
34000247,75187.0,114848.0,127500.0
34000248,86627.0,114848.0,127500.0
34000249,41507.0,114848.0,127500.0
34000250,13067.0,114848.0,127500.0
34000251,9467.0,114848.0,127500.0
34000252,63747.0,126298.0,127500.0
34000253,63747.0,87098.0,127500.0
34000254,16867.0,108748.0,126699.0
34000255,16867.0,110198.0,126699.0
34000256,27067.0,113448.0,126900.0
34000257,27067.0,114848.0,126900.0
34000258,20667.0,107123.0,126900.0
34000259,20667.0,108798.0,126900.0
34000260,28067.0,110448.0,126900.0
34000261,30067.0,110448.0,126900.0
34000262,16867.0,107148.0,126699.0
34000263,23267.0,107148.0,126900.0
34000264,23267.0,108798.0,126900.0
34000265,17767.0,107148.0,126800.0
34000266,20167.0,107098.0,126800.0
34000267,18417.0,98548.0,126699.0
34000268,19467.0,98548.0,126699.0
34000269,28467.0,113448.0,126900.0
34000270,30067.0,113448.0,126900.0
34000271,20667.0,98548.0,126699.0
34000272,56347.0,113448.0,126800.0
34000273,56347.0,114848.0,126800.0
34000274,53847.0,107148.0,126800.0
34000275,55947.0,107048.0,126800.0
34000276,54497.0,98548.0,126699.0
34000277,56347.0,98548.0,126699.0
34000278,107467.0,98548.0,126699.0
34000279,108667.0,98548.0,126699.0
34000280,98067.0,113448.0,126900.0
34000281,99667.0,113448.0,126900.0
34000282,107967.0,107098.0,126800.0
34000283,110367.0,107148.0,126800.0
34000284,104867.0,107148.0,126900.0
34000285,104867.0,108798.0,126900.0
34000286,111267.0,107148.0,126699.0
34000287,111267.0,108748.0,126699.0
34000288,107467.0,107123.0,126900.0
34000289,107467.0,108798.0,126900.0
34000290,101067.0,113448.0,126900.0
34000291,101067.0,114848.0,126900.0
34000292,111267.0,110198.0,126699.0
34000293,98067.0,110448.0,126900.0
34000294,100067.0,110448.0,126900.0
34000295,109717.0,98548.0,126699.0
34000296,17367.0,114848.0,127500.0
34000297,21533.0,114848.0,127500.0
34000298,22400.0,114848.0,127500.0
34000299,27767.0,114848.0,127500.0
34000300,16867.0,111060.0,127500.0
34000301,16867.0,111923.0,127500.0
34000302,16867.0,112785.0,127500.0
34000303,16867.0,109110.0,127500.0
34000304,16867.0,109473.0,127500.0
34000305,16867.0,109835.0,127500.0
34000306,27067.0,113798.0,127500.0
34000307,27067.0,114148.0,127500.0
34000308,27067.0,114498.0,127500.0
34000309,30067.0,114148.0,127500.0
34000310,27067.0,111448.0,127500.0
34000311,27067.0,112448.0,127500.0
34000312,27767.0,113448.0,127500.0
34000313,27567.0,110448.0,127500.0
34000314,30067.0,111448.0,127500.0
34000315,30067.0,112448.0,127500.0
34000316,20667.0,109345.0,127500.0
34000317,20667.0,107541.0,127500.0
34000318,20667.0,107960.0,127500.0
34000319,20667.0,108379.0,127500.0
34000320,21533.0,108798.0,127500.0
34000321,22400.0,108798.0,127500.0
34000322,23267.0,109345.0,127500.0
34000323,28567.0,110448.0,127500.0
34000324,29067.0,110448.0,127500.0
34000325,29567.0,110448.0,127500.0
34000326,16867.0,107548.0,127500.0
34000327,16867.0,107948.0,127500.0
34000328,16867.0,108348.0,127500.0
34000329,23267.0,107560.0,127500.0
34000330,23267.0,107973.0,127500.0
34000331,23267.0,108385.0,127500.0
34000332,17317.0,107148.0,127500.0
34000333,21533.0,107131.0,127500.0
34000334,22400.0,107139.0,127500.0
34000335,23267.0,106723.0,127500.0
34000336,27067.0,106723.0,127500.0
34000337,28067.0,107148.0,127499.0
34000338,29067.0,107148.0,127500.0
34000339,16867.0,101931.0,127500.0
34000340,16867.0,102814.0,127500.0
34000341,16867.0,99381.0,127500.0
34000342,16867.0,100214.0,127500.0
34000343,17317.0,101048.0,127500.0
34000344,18167.0,107139.0,127500.0
34000345,18567.0,107131.0,127499.0
34000346,18967.0,107123.0,127500.0
34000347,19367.0,107114.0,127500.0
34000348,19767.0,107106.0,127500.0
34000349,18617.0,101048.0,127500.0
34000350,20667.0,99381.0,127500.0
34000351,20667.0,100214.0,127500.0
34000352,17642.0,98548.0,127500.0
34000353,18942.0,98548.0,127500.0
34000354,21533.0,98548.0,127500.0
34000355,22400.0,98548.0,127500.0
34000356,23267.0,99070.0,127500.0
34000357,27067.0,99070.0,127500.0
34000358,28067.0,98548.0,127499.0
34000359,29067.0,98548.0,127500.0
34000360,16867.0,114248.0,127500.0
34000361,20667.0,114248.0,127500.0
34000362,20292.0,114848.0,127500.0
34000363,18142.0,114848.0,127500.0
34000364,18642.0,114848.0,127499.0
34000365,19142.0,114848.0,127500.0
34000366,19642.0,114848.0,127500.0
34000367,29267.0,114848.0,127500.0
34000368,28867.0,113448.0,127500.0
34000369,29267.0,113448.0,127500.0
34000370,29667.0,113448.0,127500.0
34000371,20067.0,101048.0,127500.0
34000372,20067.0,98548.0,127500.0
34000373,16867.0,104698.0,127500.0
34000374,16867.0,105698.0,127500.0
34000375,20667.0,106710.0,127500.0
34000376,23267.0,114248.0,127500.0
34000377,30067.0,99381.0,127500.0
34000378,30067.0,100214.0,127500.0
34000379,30067.0,100881.0,127500.0
34000380,30067.0,105281.0,127500.0
34000381,30067.0,106214.0,127500.0
34000382,30067.0,102481.0,127500.0
34000383,30067.0,103414.0,127500.0
34000384,60347.0,101873.0,127500.0
34000385,60347.0,102698.0,127500.0
34000386,60347.0,103523.0,127500.0
34000387,63747.0,111328.0,127500.0
34000388,63747.0,112208.0,127500.0
34000389,63747.0,113088.0,127500.0
34000390,63747.0,113968.0,127500.0
34000391,61022.0,114848.0,127500.0
34000392,61697.0,114848.0,127500.0
34000393,62197.0,114848.0,127499.0
34000394,62697.0,114848.0,127500.0
34000395,63197.0,114848.0,127500.0
34000396,52947.0,104560.0,127500.0
34000397,52947.0,105423.0,127500.0
34000398,52947.0,106285.0,127500.0
34000399,53722.0,98548.0,127500.0
34000400,52947.0,99381.0,127500.0
34000401,52947.0,100214.0,127500.0
34000402,52947.0,101931.0,127500.0
34000403,52947.0,102814.0,127500.0
34000404,53397.0,101048.0,127500.0
34000405,53397.0,107148.0,127500.0
34000406,56347.0,111328.0,127500.0
34000407,56347.0,112208.0,127500.0
34000408,56347.0,113088.0,127500.0
34000409,56347.0,113798.0,127500.0
34000410,56347.0,114148.0,127500.0
34000411,56347.0,114498.0,127500.0
34000412,52947.0,111128.0,127500.0
34000413,52947.0,112058.0,127500.0
34000414,52947.0,112988.0,127500.0
34000415,52947.0,113918.0,127500.0
34000416,53622.0,114848.0,127500.0
34000417,54297.0,114848.0,127500.0
34000418,54797.0,114848.0,127499.0
34000419,55297.0,114848.0,127500.0
34000420,55797.0,114848.0,127500.0
34000421,54372.0,107123.0,127500.0
34000422,54897.0,107098.0,127500.0
34000423,55422.0,107073.0,127500.0
34000424,61197.0,110448.0,127500.0
34000425,62047.0,110448.0,127500.0
34000426,62897.0,110448.0,127500.0
34000427,56347.0,106673.0,127500.0
34000428,56347.0,99381.0,127500.0
34000429,56347.0,100214.0,127500.0
34000430,54959.0,98548.0,127500.0
34000431,55422.0,98548.0,127500.0
34000432,55884.0,98548.0,127500.0
34000433,63747.0,102064.0,127499.0
34000434,63747.0,103081.0,127500.0
34000435,63747.0,104098.0,127500.0
34000436,63747.0,105114.0,127500.0
34000437,63747.0,106131.0,127500.0
34000438,63747.0,99381.0,127500.0
34000439,63747.0,100214.0,127500.0
34000440,54680.0,101048.0,127500.0
34000441,55513.0,101048.0,127500.0
34000442,60822.0,98548.0,127500.0
34000443,61297.0,98548.0,127500.0
34000444,61797.0,98548.0,127499.0
34000445,62297.0,98548.0,127500.0
34000446,62797.0,98548.0,127500.0
34000447,63272.0,98548.0,127500.0
34000448,61197.0,101048.0,127500.0
34000449,62047.0,101048.0,127500.0
34000450,62897.0,101048.0,127500.0
34000451,111267.0,104698.0,127500.0
34000452,111267.0,105698.0,127500.0
34000453,108067.0,98548.0,127500.0
34000454,108067.0,101048.0,127500.0
34000455,98467.0,113448.0,127500.0
34000456,98867.0,113448.0,127500.0
34000457,99267.0,113448.0,127500.0
34000458,98867.0,114848.0,127500.0
34000459,108492.0,114848.0,127500.0
34000460,108992.0,114848.0,127499.0
34000461,109492.0,114848.0,127500.0
34000462,109992.0,114848.0,127500.0
34000463,107842.0,114848.0,127500.0
34000464,107467.0,114248.0,127500.0
34000465,111267.0,114248.0,127500.0
34000466,110767.0,114848.0,127500.0
34000467,110492.0,98548.0,127500.0
34000468,99067.0,98548.0,127499.0
34000469,100067.0,98548.0,127500.0
34000470,105733.0,98548.0,127500.0
34000471,106600.0,98548.0,127500.0
34000472,101067.0,99070.0,127500.0
34000473,104867.0,99070.0,127500.0
34000474,107467.0,99381.0,127500.0
34000475,107467.0,100214.0,127500.0
34000476,109517.0,101048.0,127500.0
34000477,108367.0,107106.0,127500.0
34000478,108767.0,107114.0,127499.0
34000479,109167.0,107123.0,127500.0
34000480,109567.0,107131.0,127500.0
34000481,109967.0,107139.0,127500.0
34000482,110817.0,101048.0,127500.0
34000483,111267.0,99381.0,127500.0
34000484,111267.0,100214.0,127500.0
34000485,111267.0,101931.0,127500.0
34000486,111267.0,102814.0,127500.0
34000487,99067.0,107148.0,127499.0
34000488,100067.0,107148.0,127500.0
34000489,101067.0,106723.0,127500.0
34000490,104867.0,106723.0,127500.0
34000491,105733.0,107139.0,127500.0
34000492,106600.0,107131.0,127500.0
34000493,110817.0,107148.0,127500.0
34000494,104867.0,107560.0,127500.0
34000495,104867.0,107973.0,127500.0
34000496,104867.0,108385.0,127500.0
34000497,111267.0,107548.0,127500.0
34000498,111267.0,107948.0,127500.0
34000499,111267.0,108348.0,127500.0
34000500,104867.0,109345.0,127500.0
34000501,105733.0,108798.0,127500.0
34000502,106600.0,108798.0,127500.0
34000503,107467.0,107541.0,127500.0
34000504,107467.0,107960.0,127500.0
34000505,107467.0,108379.0,127500.0
34000506,107467.0,109345.0,127500.0
34000507,98067.0,111448.0,127500.0
34000508,98067.0,112448.0,127500.0
34000509,100567.0,110448.0,127500.0
34000510,100367.0,113448.0,127500.0
34000511,101067.0,111448.0,127500.0
34000512,101067.0,112448.0,127500.0
34000513,98067.0,114148.0,127500.0
34000514,101067.0,113798.0,127500.0
34000515,101067.0,114148.0,127500.0
34000516,101067.0,114498.0,127500.0
34000517,111267.0,109110.0,127500.0
34000518,111267.0,109473.0,127500.0
34000519,111267.0,109835.0,127500.0
34000520,111267.0,111060.0,127500.0
34000521,111267.0,111923.0,127500.0
34000522,111267.0,112785.0,127500.0
34000523,100367.0,114848.0,127500.0
34000524,105733.0,114848.0,127500.0
34000525,106600.0,114848.0,127500.0
34000526,107467.0,106710.0,127500.0
34000527,98067.0,102481.0,127500.0
34000528,98067.0,103414.0,127500.0
34000529,98067.0,105281.0,127500.0
34000530,98067.0,106214.0,127500.0
34000531,104867.0,114248.0,127500.0
34000532,98067.0,99381.0,127500.0
34000533,98067.0,100214.0,127500.0
34000534,98067.0,100881.0,127500.0
34000535,98567.0,110448.0,127500.0
34000536,99067.0,110448.0,127500.0
34000537,99567.0,110448.0,127500.0
34000538,109192.0,98548.0,127500.0
34000539,16867.0,114848.0,126400.0
34000540,16867.0,114848.0,125566.0
34000541,16867.0,114848.0,124733.0
34000542,17867.0,114848.0,126400.0
34000543,17867.0,114848.0,125566.0
34000544,17867.0,114848.0,124733.0
34000545,20667.0,114848.0,126400.0
34000546,20667.0,114848.0,125566.0
34000547,20667.0,114848.0,124733.0
34000548,23267.0,114848.0,126500.0
34000549,23267.0,114848.0,125633.0
34000550,23267.0,114848.0,124766.0
34000551,28467.0,114848.0,126600.0
34000552,28467.0,114848.0,125700.0
34000553,28467.0,114848.0,124800.0
34000554,27067.0,110448.0,126600.0
34000555,27067.0,110448.0,125700.0
34000556,27067.0,110448.0,124800.0
34000557,20667.0,109893.0,126600.0
34000558,20667.0,109893.0,125700.0
34000559,20667.0,109893.0,124800.0
34000560,16867.0,113648.0,126400.0
34000561,16867.0,113648.0,125566.0
34000562,16867.0,113648.0,124733.0
34000563,23267.0,109893.0,126600.0
34000564,23267.0,109893.0,125700.0
34000565,23267.0,109893.0,124800.0
34000566,16867.0,106698.0,126600.0
34000567,16867.0,106698.0,125700.0
34000568,16867.0,106698.0,124800.0
34000569,23267.0,106298.0,126600.0
34000570,23267.0,106298.0,125700.0
34000571,23267.0,106298.0,124800.0
34000572,27067.0,106298.0,126600.0
34000573,27067.0,106298.0,125700.0
34000574,27067.0,106298.0,124800.0
34000575,27067.0,107148.0,126600.0
34000576,27067.0,107148.0,125700.0
34000577,27067.0,107148.0,124800.0
34000578,16867.0,101048.0,126600.0
34000579,16867.0,101048.0,125700.0
34000580,16867.0,101048.0,124800.0
34000581,16867.0,103698.0,126600.0
34000582,16867.0,103698.0,125700.0
34000583,16867.0,103698.0,124800.0
34000584,16867.0,98548.0,126600.0
34000585,16867.0,98548.0,125700.0
34000586,16867.0,98548.0,124800.0
34000587,17767.0,101048.0,126600.0
34000588,17767.0,101048.0,125700.0
34000589,17767.0,101048.0,124800.0
34000590,19467.0,101048.0,126600.0
34000591,19467.0,101048.0,125700.0
34000592,19467.0,101048.0,124800.0
34000593,20667.0,101048.0,126600.0
34000594,20667.0,101048.0,125700.0
34000595,20667.0,101048.0,124800.0
34000596,23267.0,98548.0,126600.0
34000597,23267.0,98548.0,125700.0
34000598,23267.0,98548.0,124800.0
34000599,23267.0,99593.0,126600.0
34000600,23267.0,99593.0,125700.0
34000601,23267.0,99593.0,124800.0
34000602,27067.0,98548.0,126600.0
34000603,27067.0,98548.0,125700.0
34000604,27067.0,98548.0,124800.0
34000605,27067.0,99593.0,126600.0
34000606,27067.0,99593.0,125700.0
34000607,27067.0,99593.0,124800.0
34000608,30067.0,98548.0,126600.0
34000609,30067.0,98548.0,125700.0
34000610,30067.0,98548.0,124800.0
34000611,19917.0,114848.0,126400.0
34000612,19917.0,114848.0,125566.0
34000613,19917.0,114848.0,124733.0
34000614,30067.0,114848.0,126600.0
34000615,30067.0,114848.0,125700.0
34000616,30067.0,114848.0,124800.0
34000617,20667.0,106298.0,126600.0
34000618,20667.0,106298.0,125700.0
34000619,20667.0,106298.0,124800.0
34000620,20667.0,113648.0,126400.0
34000621,20667.0,113648.0,125566.0
34000622,20667.0,113648.0,124733.0
34000623,23267.0,113648.0,126600.0
34000624,23267.0,113648.0,125700.0
34000625,23267.0,113648.0,124800.0
34000626,20667.0,101548.0,126600.0
34000627,20667.0,101548.0,125700.0
34000628,20667.0,101548.0,124800.0
34000629,30067.0,107148.0,126600.0
34000630,30067.0,107148.0,125700.0
34000631,30067.0,107148.0,124800.0
34000632,30067.0,104348.0,126600.0
34000633,30067.0,104348.0,125700.0
34000634,30067.0,104348.0,124800.0
34000635,30067.0,101548.0,126600.0
34000636,30067.0,101548.0,125700.0
34000637,30067.0,101548.0,124800.0
34000638,60347.0,101048.0,126400.0
34000639,60347.0,101048.0,125566.0
34000640,60347.0,101048.0,124733.0
34000641,60347.0,104348.0,126400.0
34000642,60347.0,104348.0,125566.0
34000643,60347.0,104348.0,124733.0
34000644,63747.0,110448.0,126400.0
34000645,63747.0,110448.0,125566.0
34000646,63747.0,110448.0,124733.0
34000647,63747.0,114848.0,126400.0
34000648,63747.0,114848.0,125566.0
34000649,63747.0,114848.0,124733.0
34000650,60347.0,114848.0,126400.0
34000651,60347.0,114848.0,125566.0
34000652,60347.0,114848.0,124733.0
34000653,52947.0,103698.0,126600.0
34000654,52947.0,103698.0,125700.0
34000655,52947.0,103698.0,124800.0
34000656,52947.0,107148.0,126600.0
34000657,52947.0,107148.0,125700.0
34000658,52947.0,107148.0,124800.0
34000659,52947.0,98548.0,126600.0
34000660,52947.0,98548.0,125700.0
34000661,52947.0,98548.0,124800.0
34000662,52947.0,101048.0,126600.0
34000663,52947.0,101048.0,125700.0
34000664,52947.0,101048.0,124800.0
34000665,53847.0,101048.0,126600.0
34000666,53847.0,101048.0,125700.0
34000667,53847.0,101048.0,124800.0
34000668,56347.0,107048.0,126600.0
34000669,56347.0,107048.0,125700.0
34000670,56347.0,107048.0,124800.0
34000671,56347.0,110448.0,126600.0
34000672,56347.0,110448.0,125700.0
34000673,56347.0,110448.0,124800.0
34000674,52947.0,110198.0,126400.0
34000675,52947.0,110198.0,125566.0
34000676,52947.0,110198.0,124733.0
34000677,52947.0,114848.0,126400.0
34000678,52947.0,114848.0,125566.0
34000679,52947.0,114848.0,124733.0
34000680,60347.0,110448.0,126400.0
34000681,60347.0,110448.0,125566.0
34000682,60347.0,110448.0,124733.0
34000683,56347.0,106298.0,126600.0
34000684,56347.0,106298.0,125700.0
34000685,56347.0,106298.0,124800.0
34000686,56347.0,101048.0,126600.0
34000687,56347.0,101048.0,125700.0
34000688,56347.0,101048.0,124800.0
34000689,56347.0,101548.0,126600.0
34000690,56347.0,101548.0,125700.0
34000691,56347.0,101548.0,124800.0
34000692,63747.0,101048.0,126400.0
34000693,63747.0,101048.0,125566.0
34000694,63747.0,101048.0,124733.0
34000695,63747.0,107148.0,126400.0
34000696,63747.0,107148.0,125566.0
34000697,63747.0,107148.0,124733.0
34000698,63747.0,98548.0,126400.0
34000699,63747.0,98548.0,125566.0
34000700,63747.0,98548.0,124733.0
34000701,60347.0,98548.0,126400.0
34000702,60347.0,98548.0,125566.0
34000703,60347.0,98548.0,124733.0
34000704,111267.0,103698.0,126600.0
34000705,111267.0,103698.0,125700.0
34000706,111267.0,103698.0,124800.0
34000707,111267.0,106698.0,126600.0
34000708,111267.0,106698.0,125700.0
34000709,111267.0,106698.0,124800.0
34000710,107467.0,101048.0,126600.0
34000711,107467.0,101048.0,125700.0
34000712,107467.0,101048.0,124800.0
34000713,108667.0,101048.0,126600.0
34000714,108667.0,101048.0,125700.0
34000715,108667.0,101048.0,124800.0
34000716,98067.0,114848.0,126600.0
34000717,98067.0,114848.0,125700.0
34000718,98067.0,114848.0,124800.0
34000719,99667.0,114848.0,126600.0
34000720,99667.0,114848.0,125700.0
34000721,99667.0,114848.0,124800.0
34000722,108217.0,114848.0,126400.0
34000723,108217.0,114848.0,125566.0
34000724,108217.0,114848.0,124733.0
34000725,110267.0,114848.0,126400.0
34000726,110267.0,114848.0,125566.0
34000727,110267.0,114848.0,124733.0
34000728,107467.0,114848.0,126500.0
34000729,107467.0,114848.0,125633.0
34000730,107467.0,114848.0,124766.0
34000731,107467.0,113648.0,126400.0
34000732,107467.0,113648.0,125566.0
34000733,107467.0,113648.0,124733.0
34000734,111267.0,113648.0,126600.0
34000735,111267.0,113648.0,125700.0
34000736,111267.0,113648.0,124800.0
34000737,111267.0,114848.0,126500.0
34000738,111267.0,114848.0,125633.0
34000739,111267.0,114848.0,124766.0
34000740,111267.0,98548.0,126600.0
34000741,111267.0,98548.0,125700.0
34000742,111267.0,98548.0,124800.0
34000743,98067.0,98548.0,126600.0
34000744,98067.0,98548.0,125700.0
34000745,98067.0,98548.0,124800.0
34000746,101067.0,98548.0,126600.0
34000747,101067.0,98548.0,125700.0
34000748,101067.0,98548.0,124800.0
34000749,104867.0,98548.0,126600.0
34000750,104867.0,98548.0,125700.0
34000751,104867.0,98548.0,124800.0
34000752,101067.0,99593.0,126600.0
34000753,101067.0,99593.0,125700.0
34000754,101067.0,99593.0,124800.0
34000755,104867.0,99593.0,126600.0
34000756,104867.0,99593.0,125700.0
34000757,104867.0,99593.0,124800.0
34000758,107467.0,101548.0,126600.0
34000759,107467.0,101548.0,125700.0
34000760,107467.0,101548.0,124800.0
34000761,110367.0,101048.0,126600.0
34000762,110367.0,101048.0,125700.0
34000763,110367.0,101048.0,124800.0
34000764,111267.0,101048.0,126600.0
34000765,111267.0,101048.0,125700.0
34000766,111267.0,101048.0,124800.0
34000767,98067.0,107148.0,126600.0
34000768,98067.0,107148.0,125700.0
34000769,98067.0,107148.0,124800.0
34000770,101067.0,107148.0,126600.0
34000771,101067.0,107148.0,125700.0
34000772,101067.0,107148.0,124800.0
34000773,101067.0,106298.0,126600.0
34000774,101067.0,106298.0,125700.0
34000775,101067.0,106298.0,124800.0
34000776,104867.0,106298.0,126600.0
34000777,104867.0,106298.0,125700.0
34000778,104867.0,106298.0,124800.0
34000779,104867.0,109893.0,126600.0
34000780,104867.0,109893.0,125700.0
34000781,104867.0,109893.0,124800.0
34000782,107467.0,109893.0,126600.0
34000783,107467.0,109893.0,125700.0
34000784,107467.0,109893.0,124800.0
34000785,101067.0,110448.0,126600.0
34000786,101067.0,110448.0,125700.0
34000787,101067.0,110448.0,124800.0
34000788,104867.0,114848.0,126600.0
34000789,104867.0,114848.0,125700.0
34000790,104867.0,114848.0,124800.0
34000791,107467.0,106298.0,126600.0
34000792,107467.0,106298.0,125700.0
34000793,107467.0,106298.0,124800.0
34000794,98067.0,101548.0,126600.0
34000795,98067.0,101548.0,125700.0
34000796,98067.0,101548.0,124800.0
34000797,98067.0,104348.0,126600.0
34000798,98067.0,104348.0,125700.0
34000799,98067.0,104348.0,124800.0
34000800,104867.0,113648.0,126600.0
34000801,104867.0,113648.0,125700.0
34000802,104867.0,113648.0,124800.0
34000803,16867.0,109110.0,126699.0
34000804,16867.0,109473.0,126699.0
34000805,16867.0,109835.0,126699.0
34000806,27067.0,113798.0,126900.0
34000807,27067.0,114148.0,126900.0
34000808,27067.0,114498.0,126900.0
34000809,20667.0,107541.0,126900.0
34000810,20667.0,107960.0,126900.0
34000811,20667.0,108379.0,126900.0
34000812,28567.0,110448.0,126900.0
34000813,29067.0,110448.0,126900.0
34000814,29567.0,110448.0,126900.0
34000815,16867.0,107548.0,126699.0
34000816,16867.0,107948.0,126699.0
34000817,16867.0,108348.0,126699.0
34000818,23267.0,107560.0,126900.0
34000819,23267.0,107973.0,126900.0
34000820,23267.0,108385.0,126900.0
34000821,18167.0,107139.0,126800.0
34000822,18567.0,107131.0,126800.0
34000823,18967.0,107123.0,126800.0
34000824,19367.0,107114.0,126800.0
34000825,19767.0,107106.0,126800.0
34000826,18942.0,98548.0,126699.0
34000827,28867.0,113448.0,126900.0
34000828,29267.0,113448.0,126900.0
34000829,29667.0,113448.0,126900.0
34000830,20067.0,98548.0,126699.0
34000831,56347.0,113798.0,126800.0
34000832,56347.0,114148.0,126800.0
34000833,56347.0,114498.0,126800.0
34000834,54372.0,107123.0,126800.0
34000835,54897.0,107098.0,126800.0
34000836,55422.0,107073.0,126800.0
34000837,54959.0,98548.0,126699.0
34000838,55422.0,98548.0,126699.0
34000839,55884.0,98548.0,126699.0
34000840,108067.0,98548.0,126699.0
34000841,98467.0,113448.0,126900.0
34000842,98867.0,113448.0,126900.0
34000843,99267.0,113448.0,126900.0
34000844,108367.0,107106.0,126800.0
34000845,108767.0,107114.0,126800.0
34000846,109167.0,107123.0,126800.0
34000847,109567.0,107131.0,126800.0
34000848,109967.0,107139.0,126800.0
34000849,104867.0,107560.0,126900.0
34000850,104867.0,107973.0,126900.0
34000851,104867.0,108385.0,126900.0
34000852,111267.0,107548.0,126699.0
34000853,111267.0,107948.0,126699.0
34000854,111267.0,108348.0,126699.0
34000855,107467.0,107541.0,126900.0
34000856,107467.0,107960.0,126900.0
34000857,107467.0,108379.0,126900.0
34000858,101067.0,113798.0,126900.0
34000859,101067.0,114148.0,126900.0
34000860,101067.0,114498.0,126900.0
34000861,111267.0,109110.0,126699.0
34000862,111267.0,109473.0,126699.0
34000863,111267.0,109835.0,126699.0
34000864,98567.0,110448.0,126900.0
34000865,99067.0,110448.0,126900.0
34000866,99567.0,110448.0,126900.0
34000867,109192.0,98548.0,126699.0
34000868,27067.0,114848.0,125700.0
34000869,27067.0,114848.0,124800.0
34000870,27067.0,113448.0,125700.0
34000871,27067.0,113448.0,124800.0
34000872,28467.0,113448.0,125700.0
34000873,28467.0,113448.0,124800.0
34000874,20667.0,108798.0,125700.0
34000875,20667.0,108798.0,124800.0
34000876,16867.0,110198.0,125566.0
34000877,16867.0,110198.0,124733.0
34000878,28067.0,110448.0,125700.0
34000879,28067.0,110448.0,124800.0
34000880,23267.0,108798.0,125700.0
34000881,23267.0,108798.0,124800.0
34000882,16867.0,107148.0,125700.0
34000883,16867.0,107148.0,124800.0
34000884,20167.0,107098.0,125700.0
34000885,20167.0,107098.0,124800.0
34000886,20667.0,107123.0,125700.0
34000887,20667.0,107123.0,124800.0
34000888,23267.0,107148.0,125700.0
34000889,23267.0,107148.0,124800.0
34000890,20667.0,98548.0,125700.0
34000891,20667.0,98548.0,124800.0
34000892,18417.0,98548.0,125700.0
34000893,18417.0,98548.0,124800.0
34000894,17767.0,107148.0,125700.0
34000895,17767.0,107148.0,124800.0
34000896,30067.0,113448.0,125700.0
34000897,30067.0,113448.0,124800.0
34000898,30067.0,110448.0,125700.0
34000899,30067.0,110448.0,124800.0
34000900,54497.0,98548.0,125700.0
34000901,54497.0,98548.0,124800.0
34000902,53847.0,107148.0,125700.0
34000903,53847.0,107148.0,124800.0
34000904,55947.0,107048.0,125700.0
34000905,55947.0,107048.0,124800.0
34000906,56347.0,113448.0,125700.0
34000907,56347.0,113448.0,124800.0
34000908,56347.0,114848.0,125566.0
34000909,56347.0,114848.0,124733.0
34000910,56347.0,98548.0,125700.0
34000911,56347.0,98548.0,124800.0
34000912,109717.0,98548.0,125700.0
34000913,109717.0,98548.0,124800.0
34000914,107467.0,98548.0,125700.0
34000915,107467.0,98548.0,124800.0
34000916,107467.0,107123.0,125700.0
34000917,107467.0,107123.0,124800.0
34000918,107967.0,107098.0,125700.0
34000919,107967.0,107098.0,124800.0
34000920,104867.0,107148.0,125700.0
34000921,104867.0,107148.0,124800.0
34000922,110367.0,107148.0,125700.0
34000923,110367.0,107148.0,124800.0
34000924,111267.0,107148.0,125700.0
34000925,111267.0,107148.0,124800.0
34000926,104867.0,108798.0,125700.0
34000927,104867.0,108798.0,124800.0
34000928,107467.0,108798.0,125700.0
34000929,107467.0,108798.0,124800.0
34000930,98067.0,110448.0,125700.0
34000931,98067.0,110448.0,124800.0
34000932,98067.0,113448.0,125700.0
34000933,98067.0,113448.0,124800.0
34000934,100067.0,110448.0,125700.0
34000935,100067.0,110448.0,124800.0
34000936,99667.0,113448.0,125700.0
34000937,99667.0,113448.0,124800.0
34000938,101067.0,113448.0,125700.0
34000939,101067.0,113448.0,124800.0
34000940,111267.0,110198.0,125700.0
34000941,111267.0,110198.0,124800.0
34000942,101067.0,114848.0,125700.0
34000943,101067.0,114848.0,124800.0
34000944,24217.0,107148.0,127500.0
34000945,25167.0,107148.0,127500.0
34000946,26117.0,107148.0,127500.0
34000947,27067.0,108248.0,127499.0
34000948,27067.0,109348.0,127500.0
34000949,26117.0,114848.0,127500.0
34000950,24217.0,114848.0,127500.0
34000951,23267.0,112748.0,127500.0
34000952,23267.0,110870.0,127500.0
34000953,28467.0,114148.0,127500.0
34000954,17817.0,108760.0,127500.0
34000955,18767.0,108773.0,127500.0
34000956,19717.0,108785.0,127500.0
34000957,20667.0,110870.0,127500.0
34000958,20667.0,112748.0,127500.0
34000959,18892.0,113648.0,127500.0
34000960,24217.0,104348.0,127500.0
34000961,25167.0,104348.0,127500.0
34000962,26117.0,104348.0,127500.0
34000963,27067.0,105323.0,127500.0
34000964,23267.0,105323.0,127500.0
34000965,19467.0,99381.0,127500.0
34000966,19467.0,100214.0,127500.0
34000967,24217.0,101548.0,127500.0
34000968,25167.0,101548.0,127500.0
34000969,26117.0,101548.0,127500.0
34000970,27067.0,102481.0,127500.0
34000971,27067.0,103414.0,127500.0
34000972,23267.0,102481.0,127500.0
34000973,23267.0,103414.0,127500.0
34000974,24217.0,98548.0,127500.0
34000975,26117.0,98548.0,127500.0
34000976,27067.0,100570.0,127500.0
34000977,23267.0,100570.0,127500.0
34000978,56347.0,107898.0,127500.0
34000979,53797.0,108748.0,127500.0
34000980,54647.0,108748.0,127500.0
34000981,55497.0,108748.0,127500.0
34000982,52947.0,107948.0,127500.0
34000983,108667.0,99381.0,127500.0
34000984,108667.0,100214.0,127500.0
34000985,99667.0,114148.0,127500.0
34000986,109242.0,113648.0,127500.0
34000987,108417.0,108785.0,127500.0
34000988,109367.0,108773.0,127500.0
34000989,110317.0,108760.0,127500.0
34000990,107467.0,112748.0,127500.0
34000991,107467.0,110870.0,127500.0
34000992,101883.0,98548.0,127500.0
34000993,103783.0,98548.0,127500.0
34000994,104867.0,100570.0,127500.0
34000995,102017.0,101548.0,127500.0
34000996,102967.0,101548.0,127500.0
34000997,103917.0,101548.0,127500.0
34000998,101067.0,100570.0,127500.0
34000999,102017.0,104348.0,127500.0
34001000,102967.0,104348.0,127500.0
34001001,103917.0,104348.0,127500.0
34001002,104867.0,105323.0,127500.0
34001003,102017.0,107148.0,127500.0
34001004,102967.0,107148.0,127500.0
34001005,103917.0,107148.0,127500.0
34001006,101067.0,105323.0,127500.0
34001007,104867.0,110870.0,127500.0
34001008,104867.0,112748.0,127500.0
34001009,103783.0,114848.0,127500.0
34001010,101883.0,114848.0,127500.0
34001011,101067.0,108248.0,127499.0
34001012,101067.0,109348.0,127500.0
34001013,104867.0,102481.0,127500.0
34001014,104867.0,103414.0,127500.0
34001015,101067.0,102481.0,127500.0
34001016,101067.0,103414.0,127500.0
34001019,64105.0,106303.0,127499.0
34001020,108667.0,98548.0,127099.0
34001021,109192.0,98548.0,127099.0
34001022,109717.0,98548.0,127099.0
34001023,98067.0,110448.0,127200.0
34001024,98567.0,110448.0,127200.0
34001025,99067.0,110448.0,127200.0
34001026,99567.0,110448.0,127200.0
34001027,100067.0,110448.0,127200.0
34001028,111267.0,108748.0,127099.0
34001029,111267.0,109110.0,127099.0
34001030,111267.0,109473.0,127099.0
34001031,111267.0,109835.0,127099.0
34001032,111267.0,110198.0,127099.0
34001033,101067.0,113448.0,127200.0
34001034,101067.0,113798.0,127200.0
34001035,101067.0,114148.0,127200.0
34001036,101067.0,114498.0,127200.0
34001037,101067.0,114848.0,127200.0
34001038,107467.0,107123.0,127200.0
34001039,107467.0,107541.0,127200.0
34001040,107467.0,107960.0,127200.0
34001041,107467.0,108379.0,127200.0
34001042,107467.0,108798.0,127200.0
34001043,111267.0,107148.0,127099.0
34001044,111267.0,107548.0,127099.0
34001045,111267.0,107948.0,127099.0
34001046,111267.0,108348.0,127099.0
34001047,104867.0,107148.0,127200.0
34001048,104867.0,107560.0,127200.0
34001049,104867.0,107973.0,127200.0
34001050,104867.0,108385.0,127200.0
34001051,104867.0,108798.0,127200.0
34001052,107967.0,107098.0,127150.0
34001053,108367.0,107106.0,127150.0
34001054,108767.0,107114.0,127150.0
34001055,109167.0,107123.0,127150.0
34001056,109567.0,107131.0,127150.0
34001057,109967.0,107139.0,127150.0
34001058,110367.0,107148.0,127150.0
34001059,98067.0,113448.0,127200.0
34001060,98467.0,113448.0,127200.0
34001061,98867.0,113448.0,127200.0
34001062,99267.0,113448.0,127200.0
34001063,99667.0,113448.0,127200.0
34001064,107467.0,98548.0,127099.0
34001065,108067.0,98548.0,127099.0
34001066,54497.0,98548.0,127099.0
34001067,54959.0,98548.0,127099.0
34001068,55422.0,98548.0,127099.0
34001069,55884.0,98548.0,127099.0
34001070,56347.0,98548.0,127099.0
34001071,53847.0,107148.0,127150.0
34001072,54372.0,107123.0,127150.0
34001073,54897.0,107098.0,127150.0
34001074,55422.0,107073.0,127150.0
34001075,55947.0,107048.0,127150.0
34001076,56347.0,113448.0,127150.0
34001077,56347.0,113798.0,127150.0
34001078,56347.0,114148.0,127150.0
34001079,56347.0,114498.0,127150.0
34001080,56347.0,114848.0,127150.0
34001081,19467.0,98548.0,127099.0
34001082,20067.0,98548.0,127099.0
34001083,20667.0,98548.0,127099.0
34001084,28467.0,113448.0,127200.0
34001085,28867.0,113448.0,127200.0
34001086,29267.0,113448.0,127200.0
34001087,29667.0,113448.0,127200.0
34001088,30067.0,113448.0,127200.0
34001089,18417.0,98548.0,127099.0
34001090,18942.0,98548.0,127099.0
34001091,17767.0,107148.0,127150.0
34001092,18167.0,107139.0,127150.0
34001093,18567.0,107131.0,127150.0
34001094,18967.0,107123.0,127150.0
34001095,19367.0,107114.0,127150.0
34001096,19767.0,107106.0,127150.0
34001097,20167.0,107098.0,127150.0
34001098,23267.0,107148.0,127200.0
34001099,23267.0,107560.0,127200.0
34001100,23267.0,107973.0,127200.0
34001101,23267.0,108385.0,127200.0
34001102,23267.0,108798.0,127200.0
34001103,16867.0,107148.0,127099.0
34001104,16867.0,107548.0,127099.0
34001105,16867.0,107948.0,127099.0
34001106,16867.0,108348.0,127099.0
34001107,16867.0,108748.0,127099.0
34001108,28067.0,110448.0,127200.0
34001109,28567.0,110448.0,127200.0
34001110,29067.0,110448.0,127200.0
34001111,29567.0,110448.0,127200.0
34001112,30067.0,110448.0,127200.0
34001113,20667.0,107123.0,127200.0
34001114,20667.0,107541.0,127200.0
34001115,20667.0,107960.0,127200.0
34001116,20667.0,108379.0,127200.0
34001117,20667.0,108798.0,127200.0
34001118,27067.0,113448.0,127200.0
34001119,27067.0,113798.0,127200.0
34001120,27067.0,114148.0,127200.0
34001121,27067.0,114498.0,127200.0
34001122,27067.0,114848.0,127200.0
34001123,16867.0,109110.0,127099.0
34001124,16867.0,109473.0,127099.0
34001125,16867.0,109835.0,127099.0
34001126,16867.0,110198.0,127099.0
34001127,17367.0,114848.0,126400.0
34001128,17367.0,114848.0,124733.0
34001129,17367.0,114848.0,125566.0
34001130,21533.0,114848.0,126500.0
34001131,22400.0,114848.0,126500.0
34001132,21533.0,114848.0,124766.0
34001133,22400.0,114848.0,124766.0
34001134,21533.0,114848.0,125633.0
34001135,22400.0,114848.0,125633.0
34001136,27767.0,114848.0,126600.0
34001137,27767.0,114848.0,124800.0
34001138,27767.0,114848.0,125700.0
34001139,16867.0,111060.0,126699.0
34001140,16867.0,111923.0,126699.0
34001141,16867.0,112785.0,126699.0
34001142,16867.0,111060.0,124733.0
34001143,16867.0,111923.0,124733.0
34001144,16867.0,112785.0,124733.0
34001145,16867.0,111060.0,125566.0
34001146,16867.0,112785.0,125566.0
34001147,16867.0,111923.0,125566.0
34001148,30067.0,114148.0,126600.0
34001149,30067.0,114148.0,124800.0
34001150,30067.0,114148.0,125700.0
34001151,27067.0,111448.0,126600.0
34001152,27067.0,112448.0,126600.0
34001153,27067.0,111448.0,124800.0
34001154,27067.0,112448.0,124800.0
34001155,27067.0,111448.0,125700.0
34001156,27067.0,112448.0,125700.0
34001157,27767.0,113448.0,126900.0
34001158,27767.0,113448.0,124800.0
34001159,27767.0,113448.0,125700.0
34001160,27567.0,110448.0,126600.0
34001161,27567.0,110448.0,124800.0
34001162,27567.0,110448.0,125700.0
34001163,30067.0,111448.0,126900.0
34001164,30067.0,112448.0,126900.0
34001165,30067.0,111448.0,124800.0
34001166,30067.0,112448.0,124800.0
34001167,30067.0,111448.0,125700.0
34001168,30067.0,112448.0,125700.0
34001169,20667.0,109345.0,126600.0
34001170,20667.0,109345.0,124800.0
34001171,20667.0,109345.0,125700.0
34001172,21533.0,108798.0,126900.0
34001173,22400.0,108798.0,126900.0
34001174,21533.0,108798.0,124800.0
34001175,22400.0,108798.0,124800.0
34001176,21533.0,108798.0,125700.0
34001177,22400.0,108798.0,125700.0
34001178,23267.0,109345.0,126600.0
34001179,23267.0,109345.0,124800.0
34001180,23267.0,109345.0,125700.0
34001181,17317.0,107148.0,126699.0
34001182,17317.0,107148.0,124800.0
34001183,17317.0,107148.0,125700.0
34001184,21533.0,107131.0,126900.0
34001185,22400.0,107139.0,126900.0
34001186,21533.0,107131.0,124800.0
34001187,22400.0,107139.0,124800.0
34001188,21533.0,107131.0,125700.0
34001189,22400.0,107139.0,125700.0
34001190,23267.0,106723.0,126600.0
34001191,23267.0,106723.0,124800.0
34001192,23267.0,106723.0,125700.0
34001193,27067.0,106723.0,126600.0
34001194,27067.0,106723.0,124800.0
34001195,27067.0,106723.0,125700.0
34001196,28067.0,107148.0,126600.0
34001197,29067.0,107148.0,126600.0
34001198,28067.0,107148.0,124800.0
34001199,29067.0,107148.0,124800.0
34001200,28067.0,107148.0,125700.0
34001201,29067.0,107148.0,125700.0
34001202,16867.0,101931.0,126600.0
34001203,16867.0,102814.0,126600.0
34001204,16867.0,101931.0,124800.0
34001205,16867.0,102814.0,124800.0
34001206,16867.0,101931.0,125700.0
34001207,16867.0,102814.0,125700.0
34001208,16867.0,99381.0,126600.0
34001209,16867.0,100214.0,126600.0
34001210,16867.0,99381.0,124800.0
34001211,16867.0,100214.0,124800.0
34001212,16867.0,99381.0,125700.0
34001213,16867.0,100214.0,125700.0
34001214,17317.0,101048.0,126600.0
34001215,17317.0,101048.0,124800.0
34001216,17317.0,101048.0,125700.0
34001217,18617.0,101048.0,126600.0
34001218,18617.0,101048.0,124800.0
34001219,18617.0,101048.0,125700.0
34001220,20667.0,99381.0,126600.0
34001221,20667.0,100214.0,126600.0
34001222,20667.0,99381.0,124800.0
34001223,20667.0,100214.0,124800.0
34001224,20667.0,99381.0,125700.0
34001225,20667.0,100214.0,125700.0
34001226,17642.0,98548.0,126600.0
34001227,17642.0,98548.0,124800.0
34001228,17642.0,98548.0,125700.0
34001229,21533.0,98548.0,126600.0
34001230,22400.0,98548.0,126600.0
34001231,21533.0,98548.0,124800.0
34001232,22400.0,98548.0,124800.0
34001233,21533.0,98548.0,125700.0
34001234,22400.0,98548.0,125700.0
34001235,23267.0,99070.0,126600.0
34001236,23267.0,99070.0,124800.0
34001237,23267.0,99070.0,125700.0
34001238,27067.0,99070.0,126600.0
34001239,27067.0,99070.0,124800.0
34001240,27067.0,99070.0,125700.0
34001241,28067.0,98548.0,126600.0
34001242,29067.0,98548.0,126600.0
34001243,28067.0,98548.0,124800.0
34001244,29067.0,98548.0,124800.0
34001245,28067.0,98548.0,125700.0
34001246,29067.0,98548.0,125700.0
34001247,16867.0,114248.0,126400.0
34001248,16867.0,114248.0,124733.0
34001249,16867.0,114248.0,125566.0
34001250,20667.0,114248.0,126400.0
34001251,20667.0,114248.0,124733.0
34001252,20667.0,114248.0,125566.0
34001253,20292.0,114848.0,126400.0
34001254,20292.0,114848.0,124733.0
34001255,20292.0,114848.0,125566.0
34001256,18142.0,114848.0,126400.0
34001257,18145.0,114848.0,126950.0
34001258,18642.0,114848.0,126950.0
34001259,19142.0,114848.0,126950.0
34001260,19639.0,114848.0,126950.0
34001261,19642.0,114848.0,126400.0
34001262,18142.0,114848.0,124733.0
34001263,19642.0,114848.0,124733.0
34001264,18142.0,114848.0,125566.0
34001265,19642.0,114848.0,125566.0
34001266,18642.0,114848.0,126400.0
34001267,19142.0,114848.0,126400.0
34001268,29267.0,114848.0,126600.0
34001269,29267.0,114848.0,124800.0
34001270,29267.0,114848.0,125700.0
34001271,20067.0,101048.0,126600.0
34001272,20067.0,101048.0,124800.0
34001273,20067.0,101048.0,125700.0
34001274,16867.0,104698.0,126600.0
34001275,16867.0,105698.0,126600.0
34001276,16867.0,104698.0,124800.0
34001277,16867.0,105698.0,124800.0
34001278,16867.0,104698.0,125700.0
34001279,16867.0,105698.0,125700.0
34001280,20667.0,106710.0,126600.0
34001281,20667.0,106710.0,124800.0
34001282,20667.0,106710.0,125700.0
34001283,23267.0,114248.0,126600.0
34001284,23267.0,114248.0,124800.0
34001285,23267.0,114248.0,125700.0
34001286,30067.0,99381.0,126600.0
34001287,30067.0,100214.0,126600.0
34001288,30067.0,100881.0,126600.0
34001289,30067.0,99381.0,124800.0
34001290,30067.0,100214.0,124800.0
34001291,30067.0,100881.0,124800.0
34001292,30067.0,99381.0,125700.0
34001293,30067.0,100881.0,125700.0
34001294,30067.0,100214.0,125700.0
34001295,30067.0,105281.0,126600.0
34001296,30067.0,106214.0,126600.0
34001297,30067.0,105281.0,124800.0
34001298,30067.0,106214.0,124800.0
34001299,30067.0,105281.0,125700.0
34001300,30067.0,106214.0,125700.0
34001301,30067.0,102481.0,126600.0
34001302,30067.0,103414.0,126600.0
34001303,30067.0,102481.0,124800.0
34001304,30067.0,103414.0,124800.0
34001305,30067.0,102481.0,125700.0
34001306,30067.0,103414.0,125700.0
34001307,60347.0,101873.0,126400.0
34001308,60347.0,102698.0,126400.0
34001309,60347.0,103523.0,126400.0
34001310,60347.0,101873.0,124733.0
34001311,60347.0,102698.0,124733.0
34001312,60347.0,103523.0,124733.0
34001313,60347.0,101873.0,125566.0
34001314,60347.0,103523.0,125566.0
34001315,60347.0,102698.0,125566.0
34001316,63747.0,111328.0,126400.0
34001317,63747.0,112208.0,126400.0
34001318,63747.0,113088.0,126400.0
34001319,63747.0,113968.0,126400.0
34001320,63747.0,111328.0,124733.0
34001321,63747.0,112208.0,124733.0
34001322,63747.0,113088.0,124733.0
34001323,63747.0,113968.0,124733.0
34001324,63747.0,111328.0,125566.0
34001325,63747.0,113968.0,125566.0
34001326,63747.0,112208.0,125566.0
34001327,63747.0,113088.0,125566.0
34001328,61022.0,114848.0,126400.0
34001329,61697.0,114848.0,126400.0
34001330,61700.0,114848.0,126950.0
34001331,62197.0,114848.0,126950.0
34001332,62697.0,114848.0,126950.0
34001333,63194.0,114848.0,126950.0
34001334,63197.0,114848.0,126400.0
34001335,61022.0,114848.0,124733.0
34001336,61697.0,114848.0,124733.0
34001337,63197.0,114848.0,124733.0
34001338,61022.0,114848.0,125566.0
34001339,63197.0,114848.0,125566.0
34001340,62197.0,114848.0,126400.0
34001341,61697.0,114848.0,125566.0
34001342,62697.0,114848.0,126400.0
34001343,52947.0,104560.0,126600.0
34001344,52947.0,105423.0,126600.0
34001345,52947.0,106285.0,126600.0
34001346,52947.0,104560.0,124800.0
34001347,52947.0,105423.0,124800.0
34001348,52947.0,106285.0,124800.0
34001349,52947.0,104560.0,125700.0
34001350,52947.0,106285.0,125700.0
34001351,52947.0,105423.0,125700.0
34001352,53722.0,98548.0,126600.0
34001353,53722.0,98548.0,124800.0
34001354,53722.0,98548.0,125700.0
34001355,52947.0,99381.0,126600.0
34001356,52947.0,100214.0,126600.0
34001357,52947.0,99381.0,124800.0
34001358,52947.0,100214.0,124800.0
34001359,52947.0,99381.0,125700.0
34001360,52947.0,100214.0,125700.0
34001361,52947.0,101931.0,126600.0
34001362,52947.0,102814.0,126600.0
34001363,52947.0,101931.0,124800.0
34001364,52947.0,102814.0,124800.0
34001365,52947.0,101931.0,125700.0
34001366,52947.0,102814.0,125700.0
34001367,53397.0,101048.0,126600.0
34001368,53397.0,101048.0,124800.0
34001369,53397.0,101048.0,125700.0
34001370,53397.0,107148.0,126600.0
34001371,53397.0,107148.0,124800.0
34001372,53397.0,107148.0,125700.0
34001373,56347.0,111328.0,126600.0
34001374,56347.0,112208.0,126600.0
34001375,56347.0,113088.0,126600.0
34001376,56347.0,111328.0,124800.0
34001377,56347.0,112208.0,124800.0
34001378,56347.0,113088.0,124800.0
34001379,56347.0,111328.0,125700.0
34001380,56347.0,113088.0,125700.0
34001381,56347.0,112208.0,125700.0
34001382,52947.0,111128.0,126400.0
34001383,52947.0,112058.0,126400.0
34001384,52947.0,112988.0,126400.0
34001385,52947.0,113918.0,126400.0
34001386,52947.0,111128.0,124733.0
34001387,52947.0,112058.0,124733.0
34001388,52947.0,112988.0,124733.0
34001389,52947.0,113918.0,124733.0
34001390,52947.0,111128.0,125566.0
34001391,52947.0,113918.0,125566.0
34001392,52947.0,112058.0,125566.0
34001393,52947.0,112988.0,125566.0
34001394,53622.0,114848.0,126400.0
34001395,54297.0,114848.0,126400.0
34001396,54300.0,114848.0,126950.0
34001397,54797.0,114848.0,126950.0
34001398,55297.0,114848.0,126950.0
34001399,55794.0,114848.0,126950.0
34001400,55797.0,114848.0,126400.0
34001401,53622.0,114848.0,124733.0
34001402,54297.0,114848.0,124733.0
34001403,55797.0,114848.0,124733.0
34001404,53622.0,114848.0,125566.0
34001405,55797.0,114848.0,125566.0
34001406,54797.0,114848.0,126400.0
34001407,54297.0,114848.0,125566.0
34001408,55297.0,114848.0,126400.0
34001409,61197.0,110448.0,126400.0
34001410,62047.0,110448.0,126400.0
34001411,62897.0,110448.0,126400.0
34001412,61197.0,110448.0,124733.0
34001413,62047.0,110448.0,124733.0
34001414,62897.0,110448.0,124733.0
34001415,61197.0,110448.0,125566.0
34001416,62897.0,110448.0,125566.0
34001417,62047.0,110448.0,125566.0
34001418,56347.0,106673.0,126600.0
34001419,56347.0,106673.0,124800.0
34001420,56347.0,106673.0,125700.0
34001421,56347.0,99381.0,126600.0
34001422,56347.0,100214.0,126600.0
34001423,56347.0,99381.0,124800.0
34001424,56347.0,100214.0,124800.0
34001425,56347.0,99381.0,125700.0
34001426,56347.0,100214.0,125700.0
34001427,63747.0,102064.0,126400.0
34001428,63747.0,103081.0,126400.0
34001429,63747.0,104098.0,126400.0
34001430,63747.0,105114.0,126400.0
34001431,63747.0,106131.0,126400.0
34001432,63747.0,102064.0,124733.0
34001433,63747.0,103081.0,124733.0
34001434,63747.0,104098.0,124733.0
34001435,63747.0,105114.0,124733.0
34001436,63747.0,106131.0,124733.0
34001437,63747.0,102064.0,125566.0
34001438,63747.0,106131.0,125566.0
34001439,63747.0,103081.0,125566.0
34001440,63747.0,104098.0,125566.0
34001441,63747.0,105114.0,125566.0
34001442,63747.0,99381.0,126400.0
34001443,63747.0,100214.0,126400.0
34001444,63747.0,99381.0,124733.0
34001445,63747.0,100214.0,124733.0
34001446,63747.0,99381.0,125566.0
34001447,63747.0,100214.0,125566.0
34001448,54680.0,101048.0,126600.0
34001449,55513.0,101048.0,126600.0
34001450,54680.0,101048.0,124800.0
34001451,55513.0,101048.0,124800.0
34001452,54680.0,101048.0,125700.0
34001453,55513.0,101048.0,125700.0
34001454,60822.0,98548.0,126400.0
34001455,61297.0,98548.0,126400.0
34001456,61300.0,98548.0,126950.0
34001457,61797.0,98548.0,126950.0
34001458,62297.0,98548.0,126950.0
34001459,62794.0,98548.0,126950.0
34001460,62797.0,98548.0,126400.0
34001461,63272.0,98548.0,126400.0
34001462,60822.0,98548.0,124733.0
34001463,61297.0,98548.0,124733.0
34001464,63272.0,98548.0,124733.0
34001465,62797.0,98548.0,124733.0
34001466,60822.0,98548.0,125566.0
34001467,63272.0,98548.0,125566.0
34001468,61797.0,98548.0,126400.0
34001469,61297.0,98548.0,125566.0
34001470,62297.0,98548.0,126400.0
34001471,62797.0,98548.0,125566.0
34001472,61197.0,101048.0,126400.0
34001473,62047.0,101048.0,126400.0
34001474,62897.0,101048.0,126400.0
34001475,61197.0,101048.0,124733.0
34001476,62047.0,101048.0,124733.0
34001477,62897.0,101048.0,124733.0
34001478,61197.0,101048.0,125566.0
34001479,62897.0,101048.0,125566.0
34001480,62047.0,101048.0,125566.0
34001481,111267.0,104698.0,126600.0
34001482,111267.0,105698.0,126600.0
34001483,111267.0,104698.0,124800.0
34001484,111267.0,105698.0,124800.0
34001485,111267.0,104698.0,125700.0
34001486,111267.0,105698.0,125700.0
34001487,108067.0,101048.0,126600.0
34001488,108067.0,101048.0,124800.0
34001489,108067.0,101048.0,125700.0
34001490,98867.0,114848.0,126600.0
34001491,98867.0,114848.0,124800.0
34001492,98867.0,114848.0,125700.0
34001493,108492.0,114848.0,126400.0
34001494,108495.0,114848.0,126950.0
34001495,108992.0,114848.0,126950.0
34001496,109492.0,114848.0,126950.0
34001497,109989.0,114848.0,126950.0
34001498,109992.0,114848.0,126400.0
34001499,108492.0,114848.0,124733.0
34001500,109992.0,114848.0,124733.0
34001501,108492.0,114848.0,125566.0
34001502,109992.0,114848.0,125566.0
34001503,108992.0,114848.0,126400.0
34001504,109492.0,114848.0,126400.0
34001505,107842.0,114848.0,126500.0
34001506,107842.0,114848.0,124766.0
34001507,107842.0,114848.0,125633.0
34001508,107467.0,114248.0,126500.0
34001509,107467.0,114248.0,124766.0
34001510,107467.0,114248.0,125633.0
34001511,111267.0,114248.0,126600.0
34001512,111267.0,114248.0,124800.0
34001513,111267.0,114248.0,125700.0
34001514,110767.0,114848.0,126500.0
34001515,110767.0,114848.0,124766.0
34001516,110767.0,114848.0,125633.0
34001517,110492.0,98548.0,126600.0
34001518,110492.0,98548.0,124800.0
34001519,110492.0,98548.0,125700.0
34001520,99067.0,98548.0,126600.0
34001521,100067.0,98548.0,126600.0
34001522,99067.0,98548.0,124800.0
34001523,100067.0,98548.0,124800.0
34001524,99067.0,98548.0,125700.0
34001525,100067.0,98548.0,125700.0
34001526,105733.0,98548.0,126600.0
34001527,106600.0,98548.0,126600.0
34001528,105733.0,98548.0,124800.0
34001529,106600.0,98548.0,124800.0
34001530,105733.0,98548.0,125700.0
34001531,106600.0,98548.0,125700.0
34001532,101067.0,99070.0,126600.0
34001533,101067.0,99070.0,124800.0
34001534,101067.0,99070.0,125700.0
34001535,104867.0,99070.0,126600.0
34001536,104867.0,99070.0,124800.0
34001537,104867.0,99070.0,125700.0
34001538,107467.0,99381.0,126600.0
34001539,107467.0,100214.0,126600.0
34001540,107467.0,99381.0,124800.0
34001541,107467.0,100214.0,124800.0
34001542,107467.0,99381.0,125700.0
34001543,107467.0,100214.0,125700.0
34001544,109517.0,101048.0,126600.0
34001545,109517.0,101048.0,124800.0
34001546,109517.0,101048.0,125700.0
34001547,110817.0,101048.0,126600.0
34001548,110817.0,101048.0,124800.0
34001549,110817.0,101048.0,125700.0
34001550,111267.0,99381.0,126600.0
34001551,111267.0,100214.0,126600.0
34001552,111267.0,99381.0,124800.0
34001553,111267.0,100214.0,124800.0
34001554,111267.0,99381.0,125700.0
34001555,111267.0,100214.0,125700.0
34001556,111267.0,101931.0,126600.0
34001557,111267.0,102814.0,126600.0
34001558,111267.0,101931.0,124800.0
34001559,111267.0,102814.0,124800.0
34001560,111267.0,101931.0,125700.0
34001561,111267.0,102814.0,125700.0
34001562,99067.0,107148.0,126600.0
34001563,100067.0,107148.0,126600.0
34001564,99067.0,107148.0,124800.0
34001565,100067.0,107148.0,124800.0
34001566,99067.0,107148.0,125700.0
34001567,100067.0,107148.0,125700.0
34001568,101067.0,106723.0,126600.0
34001569,101067.0,106723.0,124800.0
34001570,101067.0,106723.0,125700.0
34001571,104867.0,106723.0,126600.0
34001572,104867.0,106723.0,124800.0
34001573,104867.0,106723.0,125700.0
34001574,105733.0,107139.0,126900.0
34001575,106600.0,107131.0,126900.0
34001576,105733.0,107139.0,124800.0
34001577,106600.0,107131.0,124800.0
34001578,105733.0,107139.0,125700.0
34001579,106600.0,107131.0,125700.0
34001580,110817.0,107148.0,126699.0
34001581,110817.0,107148.0,124800.0
34001582,110817.0,107148.0,125700.0
34001583,104867.0,109345.0,126600.0
34001584,104867.0,109345.0,124800.0
34001585,104867.0,109345.0,125700.0
34001586,105733.0,108798.0,126900.0
34001587,106600.0,108798.0,126900.0
34001588,105733.0,108798.0,124800.0
34001589,106600.0,108798.0,124800.0
34001590,105733.0,108798.0,125700.0
34001591,106600.0,108798.0,125700.0
34001592,107467.0,109345.0,126600.0
34001593,107467.0,109345.0,124800.0
34001594,107467.0,109345.0,125700.0
34001595,98067.0,111448.0,126900.0
34001596,98067.0,112448.0,126900.0
34001597,98067.0,111448.0,124800.0
34001598,98067.0,112448.0,124800.0
34001599,98067.0,111448.0,125700.0
34001600,98067.0,112448.0,125700.0
34001601,100567.0,110448.0,126600.0
34001602,100567.0,110448.0,124800.0
34001603,100567.0,110448.0,125700.0
34001604,100367.0,113448.0,126900.0
34001605,100367.0,113448.0,124800.0
34001606,100367.0,113448.0,125700.0
34001607,101067.0,111448.0,126600.0
34001608,101067.0,112448.0,126600.0
34001609,101067.0,111448.0,124800.0
34001610,101067.0,112448.0,124800.0
34001611,101067.0,111448.0,125700.0
34001612,101067.0,112448.0,125700.0
34001613,98067.0,114148.0,126600.0
34001614,98067.0,114148.0,124800.0
34001615,98067.0,114148.0,125700.0
34001616,111267.0,111060.0,126600.0
34001617,111267.0,111923.0,126600.0
34001618,111267.0,112785.0,126600.0
34001619,111267.0,111060.0,124800.0
34001620,111267.0,111923.0,124800.0
34001621,111267.0,112785.0,124800.0
34001622,111267.0,111060.0,125700.0
34001623,111267.0,112785.0,125700.0
34001624,111267.0,111923.0,125700.0
34001625,100367.0,114848.0,126600.0
34001626,100367.0,114848.0,124800.0
34001627,100367.0,114848.0,125700.0
34001628,105733.0,114848.0,126600.0
34001629,106600.0,114848.0,126600.0
34001630,105733.0,114848.0,124800.0
34001631,106600.0,114848.0,124800.0
34001632,105733.0,114848.0,125700.0
34001633,106600.0,114848.0,125700.0
34001634,107467.0,106710.0,126600.0
34001635,107467.0,106710.0,124800.0
34001636,107467.0,106710.0,125700.0
34001637,98067.0,102481.0,126600.0
34001638,98067.0,103414.0,126600.0
34001639,98067.0,102481.0,124800.0
34001640,98067.0,103414.0,124800.0
34001641,98067.0,102481.0,125700.0
34001642,98067.0,103414.0,125700.0
34001643,98067.0,105281.0,126600.0
34001644,98067.0,106214.0,126600.0
34001645,98067.0,105281.0,124800.0
34001646,98067.0,106214.0,124800.0
34001647,98067.0,105281.0,125700.0
34001648,98067.0,106214.0,125700.0
34001649,104867.0,114248.0,126600.0
34001650,104867.0,114248.0,124800.0
34001651,104867.0,114248.0,125700.0
34001652,98067.0,99381.0,126600.0
34001653,98067.0,100214.0,126600.0
34001654,98067.0,100881.0,126600.0
34001655,98067.0,99381.0,124800.0
34001656,98067.0,100214.0,124800.0
34001657,98067.0,100881.0,124800.0
34001658,98067.0,99381.0,125700.0
34001659,98067.0,100881.0,125700.0
34001660,98067.0,100214.0,125700.0
34001661,24217.0,113842.0,127500.0
34001662,24217.0,112888.0,127500.0
34001663,24217.0,111942.0,127500.0
34001664,24217.0,110977.0,127500.0
34001665,24217.0,109999.0,127500.0
34001666,24217.0,109011.0,127500.0
34001667,24217.0,108071.0,127500.0
34001668,25167.0,113929.0,127500.0
34001669,25167.0,113007.0,127500.0
34001670,25167.0,112066.0,127500.0
34001671,25167.0,111102.0,127500.0
34001672,25167.0,110119.0,127500.0
34001673,25167.0,109126.0,127500.0
34001674,25167.0,108135.0,127500.0
34001675,26117.0,114015.0,127500.0
34001676,26117.0,113157.0,127500.0
34001677,26117.0,112223.0,127500.0
34001678,26117.0,111253.0,127500.0
34001679,26117.0,110256.0,127500.0
34001680,26117.0,109228.0,127500.0
34001681,26117.0,108189.0,127500.0
34001682,27767.0,114148.0,127500.0
34001683,29267.0,114148.0,127500.0
34001684,17833.0,112807.0,127500.0
34001685,17803.0,111978.0,127500.0
34001686,17814.0,109560.0,127500.0
34001687,17803.0,110360.0,127500.0
34001688,17797.0,111175.0,127500.0
34001689,18747.0,110499.0,127500.0
34001690,18711.0,111308.0,127500.0
34001691,18758.0,109644.0,127500.0
34001692,18725.0,111989.0,127500.0
34001693,18796.0,112799.0,127500.0
34001694,19605.0,111720.0,127500.0
34001695,19687.0,110724.0,127500.0
34001696,19711.0,109759.0,127500.0
34001697,19736.0,112715.0,127500.0
34001698,17727.0,107952.0,127500.0
34001699,18522.0,107951.0,127500.0
34001700,19173.0,107945.0,127500.0
34001701,19928.0,107945.0,127500.0
34001702,21533.0,107964.0,127500.0
34001703,22400.0,107968.0,127500.0
34001704,24217.0,106235.0,127500.0
34001705,24217.0,105296.0,127500.0
34001706,25167.0,106224.0,127500.0
34001707,25167.0,105289.0,127500.0
34001708,26117.0,106235.0,127500.0
34001709,26117.0,105296.0,127500.0
34001710,17733.0,100214.0,127500.0
34001711,17704.0,99381.0,127500.0
34001712,18596.0,100214.0,127500.0
34001713,18559.0,99381.0,127500.0
34001714,24217.0,103414.0,127500.0
34001715,24217.0,102481.0,127500.0
34001716,25167.0,103414.0,127500.0
34001717,25167.0,102481.0,127500.0
34001718,26117.0,103414.0,127500.0
34001719,26117.0,102481.0,127500.0
34001720,24217.0,100556.0,127500.0
34001721,24217.0,99559.0,127500.0
34001722,25167.0,100552.0,127500.0
34001723,25167.0,99553.0,127500.0
34001724,26117.0,100556.0,127500.0
34001725,26117.0,99559.0,127500.0
34001726,53835.0,107943.0,127500.0
34001727,54736.0,107923.0,127500.0
34001728,55602.0,107903.0,127500.0
34001729,109538.0,100214.0,127500.0
34001730,109574.0,99381.0,127500.0
34001731,110401.0,100214.0,127500.0
34001732,110429.0,99381.0,127500.0
34001733,98867.0,114148.0,127500.0
34001734,100367.0,114148.0,127500.0
34001735,108372.0,112745.0,127500.0
34001736,108436.0,111814.0,127500.0
34001737,108445.0,109786.0,127500.0
34001738,108536.0,110807.0,127500.0
34001739,109424.0,111113.0,127500.0
34001740,109371.0,111930.0,127500.0
34001741,109425.0,110435.0,127500.0
34001742,109388.0,109627.0,127500.0
34001743,109326.0,112783.0,127500.0
34001744,110341.0,110329.0,127500.0
34001745,110337.0,111124.0,127500.0
34001746,110328.0,109547.0,127500.0
34001747,110293.0,112795.0,127500.0
34001748,110320.0,111948.0,127500.0
34001749,101998.0,100556.0,127500.0
34001750,101962.0,99558.0,127500.0
34001751,102940.0,100552.0,127500.0
34001752,102881.0,99553.0,127500.0
34001753,103898.0,100556.0,127500.0
34001754,103862.0,99559.0,127500.0
34001755,108205.0,107945.0,127500.0
34001756,108960.0,107945.0,127500.0
34001757,109611.0,107951.0,127500.0
34001758,110406.0,107952.0,127500.0
34001759,102017.0,106235.0,127500.0
34001760,102017.0,105296.0,127500.0
34001761,102967.0,106224.0,127500.0
34001762,102967.0,105289.0,127500.0
34001763,103917.0,106235.0,127500.0
34001764,103917.0,105296.0,127500.0
34001765,101960.0,114011.0,127500.0
34001766,101992.0,113153.0,127500.0
34001767,102002.0,112222.0,127500.0
34001768,102007.0,111252.0,127500.0
34001769,102010.0,110256.0,127500.0
34001770,102012.0,109228.0,127500.0
34001771,102014.0,108190.0,127500.0
34001772,102877.0,113924.0,127500.0
34001773,102929.0,113003.0,127500.0
34001774,102946.0,112064.0,127500.0
34001775,102953.0,111102.0,127500.0
34001776,102957.0,110120.0,127500.0
34001777,102960.0,109127.0,127500.0
34001778,102963.0,108135.0,127500.0
34001779,103858.0,113839.0,127500.0
34001780,103890.0,112886.0,127500.0
34001781,103902.0,111941.0,127500.0
34001782,103907.0,110977.0,127500.0
34001783,103910.0,110000.0,127500.0
34001784,103912.0,109011.0,127500.0
34001785,103914.0,108072.0,127500.0
34001786,102017.0,103414.0,127500.0
34001787,102017.0,102481.0,127500.0
34001788,102967.0,103414.0,127500.0
34001789,102967.0,102481.0,127500.0
34001790,103917.0,103414.0,127500.0
34001791,103917.0,102481.0,127500.0
34001792,105733.0,107968.0,127500.0
34001793,106600.0,107964.0,127500.0
35000001,23267.0,114848.0,131100.0
35000002,27067.0,114848.0,131100.0
35000003,20667.0,114848.0,131100.0
35000004,30067.0,114848.0,131100.0
35000005,27067.0,113448.0,131100.0
35000006,27067.0,110448.0,131100.0
35000007,30067.0,113448.0,131100.0
35000008,20667.0,111848.0,131100.0
35000009,20667.0,108798.0,131100.0
35000010,23267.0,111848.0,131100.0
35000011,16867.0,108748.0,131100.0
35000012,23267.0,108798.0,131100.0
35000013,16867.0,107148.0,131100.0
35000014,30067.0,107148.0,131100.0
35000015,23267.0,107148.0,131100.0
35000016,20667.0,107123.0,131100.0
35000017,27067.0,107148.0,131100.0
35000018,16867.0,101048.0,131100.0
35000019,17767.0,107148.0,131100.0
35000020,17767.0,101048.0,131100.0
35000021,20667.0,104348.0,131100.0
35000022,23267.0,104348.0,131100.0
35000023,27067.0,104348.0,131100.0
35000024,20667.0,101548.0,131100.0
35000025,20667.0,101048.0,131100.0
35000026,23267.0,101548.0,131100.0
35000027,27067.0,101548.0,131100.0
35000028,20667.0,98548.0,131100.0
35000029,23267.0,98548.0,131100.0
35000030,27067.0,98548.0,131100.0
35000031,16867.0,110198.0,131100.0
35000032,30067.0,110448.0,131100.0
35000033,23267.0,109893.0,131100.0
35000034,28067.0,110448.0,131100.0
35000035,23267.0,106298.0,131100.0
35000036,27067.0,106298.0,131100.0
35000037,20167.0,107098.0,131100.0
35000038,23267.0,99593.0,131100.0
35000039,27067.0,99593.0,131100.0
35000040,18417.0,98548.0,131100.0
35000041,20667.0,113648.0,131100.0
35000042,16867.0,113648.0,131100.0
35000043,19917.0,113648.0,131100.0
35000044,19917.0,114848.0,131100.0
35000045,17867.0,113648.0,131100.0
35000046,17867.0,114848.0,131100.0
35000047,28467.0,113448.0,131100.0
35000048,28467.0,114848.0,131100.0
35000049,19467.0,98548.0,131100.0
35000050,19467.0,101048.0,131100.0
35000051,17767.0,103698.0,131100.0
35000052,16867.0,103698.0,131100.0
35000053,20667.0,106298.0,131100.0
35000054,23267.0,113648.0,131100.0
35000055,20667.0,109893.0,131100.0
35000056,4867.0,114848.0,131100.0
35000057,4867.0,106698.0,131100.0
35000058,4867.0,98548.0,131100.0
35000059,4867.0,87098.0,131100.0
35000060,4867.0,126298.0,131100.0
35000061,9467.0,126348.0,131100.0
35000062,13067.0,126348.0,131100.0
35000063,124067.0,114848.0,131100.0
35000064,124067.0,106698.0,131100.0
35000065,124067.0,98548.0,131100.0
35000066,124067.0,87098.0,131100.0
35000067,124067.0,126298.0,131100.0
35000068,30067.0,98548.0,131100.0
35000069,30067.0,104348.0,131100.0
35000070,30067.0,101548.0,131100.0
35000071,13067.0,87048.0,131100.0
35000072,9467.0,87048.0,131100.0
35000073,63747.0,110448.0,131100.0
35000074,60347.0,101048.0,131100.0
35000075,60347.0,107048.0,131100.0
35000076,63747.0,107148.0,131100.0
35000077,52947.0,114848.0,131100.0
35000078,56347.0,108748.0,131100.0
35000079,52947.0,103698.0,131100.0
35000080,53847.0,103698.0,131100.0
35000081,54497.0,98548.0,131100.0
35000082,56347.0,110448.0,131100.0
35000083,52947.0,110198.0,131100.0
35000084,56347.0,113448.0,131100.0
35000085,52947.0,101048.0,131100.0
35000086,53847.0,101048.0,131100.0
35000087,53847.0,107148.0,131100.0
35000088,52947.0,107148.0,131100.0
35000089,56347.0,107048.0,131100.0
35000090,52947.0,108748.0,131100.0
35000091,56347.0,101548.0,131100.0
35000092,55947.0,107048.0,131100.0
35000093,56347.0,106298.0,131100.0
35000094,60347.0,110448.0,131100.0
35000095,56347.0,104348.0,131100.0
35000096,56347.0,101048.0,131100.0
35000097,63747.0,101048.0,131100.0
35000098,52947.0,98548.0,131100.0
35000099,60347.0,104348.0,131100.0
35000100,119800.0,87048.0,131100.0
35000101,115533.0,87048.0,131100.0
35000102,111267.0,103698.0,131100.0
35000103,110367.0,103698.0,131100.0
35000104,108667.0,101048.0,131100.0
35000105,108667.0,98548.0,131100.0
35000106,99667.0,114848.0,131100.0
35000107,99667.0,113448.0,131100.0
35000108,110267.0,114848.0,131100.0
35000109,110267.0,113648.0,131100.0
35000110,108217.0,114848.0,131100.0
35000111,108217.0,113648.0,131100.0
35000112,111267.0,113648.0,131100.0
35000113,107467.0,113648.0,131100.0
35000114,109717.0,98548.0,131100.0
35000115,101067.0,99593.0,131100.0
35000116,104867.0,99593.0,131100.0
35000117,107967.0,107098.0,131100.0
35000118,101067.0,106298.0,131100.0
35000119,104867.0,106298.0,131100.0
35000120,100067.0,110448.0,131100.0
35000121,104867.0,109893.0,131100.0
35000122,98067.0,110448.0,131100.0
35000123,111267.0,110198.0,131100.0
35000124,101067.0,98548.0,131100.0
35000125,104867.0,98548.0,131100.0
35000126,107467.0,98548.0,131100.0
35000127,101067.0,101548.0,131100.0
35000128,104867.0,101548.0,131100.0
35000129,107467.0,101048.0,131100.0
35000130,107467.0,101548.0,131100.0
35000131,101067.0,104348.0,131100.0
35000132,104867.0,104348.0,131100.0
35000133,107467.0,104348.0,131100.0
35000134,110367.0,101048.0,131100.0
35000135,110367.0,107148.0,131100.0
35000136,111267.0,101048.0,131100.0
35000137,101067.0,107148.0,131100.0
35000138,107467.0,107123.0,131100.0
35000139,104867.0,107148.0,131100.0
35000140,98067.0,107148.0,131100.0
35000141,111267.0,107148.0,131100.0
35000142,104867.0,108798.0,131100.0
35000143,111267.0,108748.0,131100.0
35000144,104867.0,111848.0,131100.0
35000145,107467.0,108798.0,131100.0
35000146,107467.0,111848.0,131100.0
35000147,98067.0,113448.0,131100.0
35000148,101067.0,110448.0,131100.0
35000149,101067.0,113448.0,131100.0
35000150,98067.0,114848.0,131100.0
35000151,107467.0,114848.0,131100.0
35000152,101067.0,114848.0,131100.0
35000153,104867.0,114848.0,131100.0
35000154,107467.0,106298.0,131100.0
35000155,98067.0,101548.0,131100.0
35000156,98067.0,104348.0,131100.0
35000157,107467.0,109893.0,131100.0
35000158,104867.0,113648.0,131100.0
35000159,98067.0,98548.0,131100.0
35000160,56347.0,98548.0,131100.0
35000161,63747.0,98548.0,131100.0
35000162,56347.0,114848.0,131100.0
35000163,63747.0,114848.0,131100.0
35000164,60347.0,98548.0,131100.0
35000165,60347.0,114848.0,131100.0
35000166,16867.0,126298.0,131100.0
35000167,16867.0,87098.0,131100.0
35000168,16867.0,106698.0,131100.0
35000169,30067.0,87098.0,131100.0
35000170,30067.0,126298.0,131100.0
35000171,16867.0,114848.0,131100.0
35000172,16867.0,98548.0,131100.0
35000173,111267.0,87098.0,131100.0
35000174,111267.0,126298.0,131100.0
35000175,98067.0,87098.0,131100.0
35000176,98067.0,126298.0,131100.0
35000177,111267.0,106698.0,131100.0
35000178,111267.0,114848.0,131100.0
35000179,111267.0,98548.0,131100.0
35000180,41507.0,87098.0,131100.0
35000181,41507.0,126298.0,131100.0
35000182,52947.0,87098.0,131100.0
35000183,52947.0,126298.0,131100.0
35000184,75187.0,87098.0,131100.0
35000185,75187.0,126298.0,131100.0
35000186,86627.0,126298.0,131100.0
35000187,86627.0,87098.0,131100.0
35000188,102700.0,87048.0,131100.0
35000189,102700.0,98548.0,131100.0
35000190,102700.0,126348.0,131100.0
35000191,102700.0,114848.0,131100.0
35000192,107467.0,87048.0,131100.0
35000193,107467.0,126348.0,131100.0
35000194,119800.0,126348.0,131100.0
35000195,115533.0,126348.0,131100.0
35000196,92347.0,126348.0,131100.0
35000197,92347.0,87048.0,131100.0
35000198,80907.0,126348.0,131100.0
35000199,80907.0,87048.0,131100.0
35000200,69467.0,126348.0,131100.0
35000201,69467.0,87048.0,131100.0
35000202,47227.0,126348.0,131100.0
35000203,47227.0,87048.0,131100.0
35000204,35787.0,126348.0,131100.0
35000205,35787.0,87048.0,131100.0
35000206,58347.0,114848.0,131100.0
35000207,58347.0,126348.0,131100.0
35000208,58347.0,98548.0,131100.0
35000209,58347.0,87048.0,131100.0
35000210,20667.0,87048.0,131100.0
35000211,25167.0,98548.0,131100.0
35000212,25167.0,87048.0,131100.0
35000213,25167.0,114848.0,131100.0
35000214,25167.0,126348.0,131100.0
35000215,20667.0,126348.0,131100.0
35000216,119800.0,106698.0,131100.0
35000217,119800.0,98548.0,131100.0
35000218,119800.0,114848.0,131100.0
35000219,115533.0,106698.0,131100.0
35000220,115533.0,98548.0,131100.0
35000221,115533.0,114848.0,131100.0
35000222,92347.0,107148.0,131100.0
35000223,92347.0,98548.0,131100.0
35000224,92347.0,114848.0,131100.0
35000225,80907.0,107148.0,131100.0
35000226,80907.0,98548.0,131100.0
35000227,80907.0,114848.0,131100.0
35000228,69467.0,107148.0,131100.0
35000229,69467.0,98548.0,131100.0
35000230,69467.0,114848.0,131100.0
35000231,47227.0,107148.0,131100.0
35000232,47227.0,98548.0,131100.0
35000233,47227.0,114848.0,131100.0
35000234,35787.0,107148.0,131100.0
35000235,35787.0,98548.0,131100.0
35000236,35787.0,114848.0,131100.0
35000237,41507.0,107148.0,131100.0
35000238,75187.0,107148.0,131100.0
35000239,86627.0,107148.0,131100.0
35000240,13067.0,106698.0,131100.0
35000241,9467.0,106698.0,131100.0
35000242,75187.0,98548.0,131100.0
35000243,86627.0,98548.0,131100.0
35000244,41507.0,98548.0,131100.0
35000245,13067.0,98548.0,131100.0
35000246,9467.0,98548.0,131100.0
35000247,75187.0,114848.0,131100.0
35000248,86627.0,114848.0,131100.0
35000249,41507.0,114848.0,131100.0
35000250,13067.0,114848.0,131100.0
35000251,9467.0,114848.0,131100.0
35000252,63747.0,126298.0,131100.0
35000253,63747.0,87098.0,131100.0
35000254,16867.0,108748.0,130299.0
35000255,16867.0,110198.0,130299.0
35000256,27067.0,113448.0,130500.0
35000257,27067.0,114848.0,130500.0
35000258,20667.0,107123.0,130500.0
35000259,20667.0,108798.0,130500.0
35000260,28067.0,110448.0,130500.0
35000261,30067.0,110448.0,130500.0
35000262,16867.0,107148.0,130299.0
35000263,23267.0,107148.0,130500.0
35000264,23267.0,108798.0,130500.0
35000265,17767.0,107148.0,130400.0
35000266,20167.0,107098.0,130400.0
35000267,18417.0,98548.0,130299.0
35000268,19467.0,98548.0,130299.0
35000269,28467.0,113448.0,130500.0
35000270,30067.0,113448.0,130500.0
35000271,20667.0,98548.0,130299.0
35000272,56347.0,113448.0,130400.0
35000273,56347.0,114848.0,130400.0
35000274,53847.0,107148.0,130400.0
35000275,55947.0,107048.0,130400.0
35000276,54497.0,98548.0,130299.0
35000277,56347.0,98548.0,130299.0
35000278,107467.0,98548.0,130299.0
35000279,108667.0,98548.0,130299.0
35000280,98067.0,113448.0,130500.0
35000281,99667.0,113448.0,130500.0
35000282,107967.0,107098.0,130400.0
35000283,110367.0,107148.0,130400.0
35000284,104867.0,107148.0,130500.0
35000285,104867.0,108798.0,130500.0
35000286,111267.0,107148.0,130299.0
35000287,111267.0,108748.0,130299.0
35000288,107467.0,107123.0,130500.0
35000289,107467.0,108798.0,130500.0
35000290,101067.0,113448.0,130500.0
35000291,101067.0,114848.0,130500.0
35000292,111267.0,110198.0,130299.0
35000293,98067.0,110448.0,130500.0
35000294,100067.0,110448.0,130500.0
35000295,109717.0,98548.0,130299.0
35000296,17367.0,114848.0,131100.0
35000297,21533.0,114848.0,131100.0
35000298,22400.0,114848.0,131100.0
35000299,27767.0,114848.0,131100.0
35000300,16867.0,111060.0,131100.0
35000301,16867.0,111923.0,131100.0
35000302,16867.0,112785.0,131100.0
35000303,16867.0,109110.0,131100.0
35000304,16867.0,109473.0,131100.0
35000305,16867.0,109835.0,131100.0
35000306,27067.0,113798.0,131100.0
35000307,27067.0,114148.0,131100.0
35000308,27067.0,114498.0,131100.0
35000309,30067.0,114148.0,131100.0
35000310,27067.0,111448.0,131100.0
35000311,27067.0,112448.0,131100.0
35000312,27767.0,113448.0,131100.0
35000313,27567.0,110448.0,131100.0
35000314,30067.0,111448.0,131100.0
35000315,30067.0,112448.0,131100.0
35000316,20667.0,109345.0,131100.0
35000317,20667.0,107541.0,131100.0
35000318,20667.0,107960.0,131100.0
35000319,20667.0,108379.0,131100.0
35000320,21533.0,108798.0,131100.0
35000321,22400.0,108798.0,131100.0
35000322,23267.0,109345.0,131100.0
35000323,28567.0,110448.0,131100.0
35000324,29067.0,110448.0,131100.0
35000325,29567.0,110448.0,131100.0
35000326,16867.0,107548.0,131100.0
35000327,16867.0,107948.0,131100.0
35000328,16867.0,108348.0,131100.0
35000329,23267.0,107560.0,131100.0
35000330,23267.0,107973.0,131100.0
35000331,23267.0,108385.0,131100.0
35000332,17317.0,107148.0,131100.0
35000333,21533.0,107131.0,131100.0
35000334,22400.0,107139.0,131100.0
35000335,23267.0,106723.0,131100.0
35000336,27067.0,106723.0,131100.0
35000337,28067.0,107148.0,131100.0
35000338,29067.0,107148.0,131100.0
35000339,16867.0,101931.0,131100.0
35000340,16867.0,102814.0,131100.0
35000341,16867.0,99381.0,131100.0
35000342,16867.0,100214.0,131100.0
35000343,17317.0,101048.0,131100.0
35000344,18167.0,107139.0,131100.0
35000345,18567.0,107131.0,131100.0
35000346,18967.0,107123.0,131100.0
35000347,19367.0,107114.0,131100.0
35000348,19767.0,107106.0,131100.0
35000349,18617.0,101048.0,131100.0
35000350,20667.0,99381.0,131100.0
35000351,20667.0,100214.0,131100.0
35000352,17642.0,98548.0,131100.0
35000353,18942.0,98548.0,131100.0
35000354,21533.0,98548.0,131100.0
35000355,22400.0,98548.0,131100.0
35000356,23267.0,99070.0,131100.0
35000357,27067.0,99070.0,131100.0
35000358,28067.0,98548.0,131100.0
35000359,29067.0,98548.0,131100.0
35000360,16867.0,114248.0,131100.0
35000361,20667.0,114248.0,131100.0
35000362,20292.0,114848.0,131100.0
35000363,18142.0,114848.0,131100.0
35000364,18642.0,114848.0,131100.0
35000365,19142.0,114848.0,131100.0
35000366,19642.0,114848.0,131100.0
35000367,29267.0,114848.0,131100.0
35000368,28867.0,113448.0,131100.0
35000369,29267.0,113448.0,131100.0
35000370,29667.0,113448.0,131100.0
35000371,20067.0,101048.0,131100.0
35000372,20067.0,98548.0,131100.0
35000373,16867.0,104698.0,131100.0
35000374,16867.0,105698.0,131100.0
35000375,20667.0,106710.0,131100.0
35000376,23267.0,114248.0,131100.0
35000377,30067.0,99381.0,131100.0
35000378,30067.0,100214.0,131100.0
35000379,30067.0,100881.0,131100.0
35000380,30067.0,105281.0,131100.0
35000381,30067.0,106214.0,131100.0
35000382,30067.0,102481.0,131100.0
35000383,30067.0,103414.0,131100.0
35000384,60347.0,101873.0,131100.0
35000385,60347.0,102698.0,131100.0
35000386,60347.0,103523.0,131100.0
35000387,63747.0,111328.0,131100.0
35000388,63747.0,112208.0,131100.0
35000389,63747.0,113088.0,131100.0
35000390,63747.0,113968.0,131100.0
35000391,61022.0,114848.0,131100.0
35000392,61697.0,114848.0,131100.0
35000393,62197.0,114848.0,131100.0
35000394,62697.0,114848.0,131100.0
35000395,63197.0,114848.0,131100.0
35000396,52947.0,104560.0,131100.0
35000397,52947.0,105423.0,131100.0
35000398,52947.0,106285.0,131100.0
35000399,53722.0,98548.0,131100.0
35000400,52947.0,99381.0,131100.0
35000401,52947.0,100214.0,131100.0
35000402,52947.0,101931.0,131100.0
35000403,52947.0,102814.0,131100.0
35000404,53397.0,101048.0,131100.0
35000405,53397.0,107148.0,131100.0
35000406,56347.0,111328.0,131100.0
35000407,56347.0,112208.0,131100.0
35000408,56347.0,113088.0,131100.0
35000409,56347.0,113798.0,131100.0
35000410,56347.0,114148.0,131100.0
35000411,56347.0,114498.0,131100.0
35000412,52947.0,111128.0,131100.0
35000413,52947.0,112058.0,131100.0
35000414,52947.0,112988.0,131100.0
35000415,52947.0,113918.0,131100.0
35000416,53622.0,114848.0,131100.0
35000417,54297.0,114848.0,131100.0
35000418,54797.0,114848.0,131100.0
35000419,55297.0,114848.0,131100.0
35000420,55797.0,114848.0,131100.0
35000421,54372.0,107123.0,131100.0
35000422,54897.0,107098.0,131100.0
35000423,55422.0,107073.0,131100.0
35000424,61197.0,110448.0,131100.0
35000425,62047.0,110448.0,131100.0
35000426,62897.0,110448.0,131100.0
35000427,56347.0,106673.0,131100.0
35000428,56347.0,99381.0,131100.0
35000429,56347.0,100214.0,131100.0
35000430,54959.0,98548.0,131100.0
35000431,55422.0,98548.0,131100.0
35000432,55884.0,98548.0,131100.0
35000433,63747.0,102064.0,131100.0
35000434,63747.0,103081.0,131100.0
35000435,63747.0,104098.0,131100.0
35000436,63747.0,105114.0,131100.0
35000437,63747.0,106131.0,131100.0
35000438,63747.0,99381.0,131100.0
35000439,63747.0,100214.0,131100.0
35000440,54680.0,101048.0,131100.0
35000441,55513.0,101048.0,131100.0
35000442,60822.0,98548.0,131100.0
35000443,61297.0,98548.0,131100.0
35000444,61797.0,98548.0,131100.0
35000445,62297.0,98548.0,131100.0
35000446,62797.0,98548.0,131100.0
35000447,63272.0,98548.0,131100.0
35000448,61197.0,101048.0,131100.0
35000449,62047.0,101048.0,131100.0
35000450,62897.0,101048.0,131100.0
35000451,111267.0,104698.0,131100.0
35000452,111267.0,105698.0,131100.0
35000453,108067.0,98548.0,131100.0
35000454,108067.0,101048.0,131100.0
35000455,98467.0,113448.0,131100.0
35000456,98867.0,113448.0,131100.0
35000457,99267.0,113448.0,131100.0
35000458,98867.0,114848.0,131100.0
35000459,108492.0,114848.0,131100.0
35000460,108992.0,114848.0,131100.0
35000461,109492.0,114848.0,131100.0
35000462,109992.0,114848.0,131100.0
35000463,107842.0,114848.0,131100.0
35000464,107467.0,114248.0,131100.0
35000465,111267.0,114248.0,131100.0
35000466,110767.0,114848.0,131100.0
35000467,110492.0,98548.0,131100.0
35000468,99067.0,98548.0,131100.0
35000469,100067.0,98548.0,131100.0
35000470,105733.0,98548.0,131100.0
35000471,106600.0,98548.0,131100.0
35000472,101067.0,99070.0,131100.0
35000473,104867.0,99070.0,131100.0
35000474,107467.0,99381.0,131100.0
35000475,107467.0,100214.0,131100.0
35000476,109517.0,101048.0,131100.0
35000477,108367.0,107106.0,131100.0
35000478,108767.0,107114.0,131100.0
35000479,109167.0,107123.0,131100.0
35000480,109567.0,107131.0,131100.0
35000481,109967.0,107139.0,131100.0
35000482,110817.0,101048.0,131100.0
35000483,111267.0,99381.0,131100.0
35000484,111267.0,100214.0,131100.0
35000485,111267.0,101931.0,131100.0
35000486,111267.0,102814.0,131100.0
35000487,99067.0,107148.0,131100.0
35000488,100067.0,107148.0,131100.0
35000489,101067.0,106723.0,131100.0
35000490,104867.0,106723.0,131100.0
35000491,105733.0,107139.0,131100.0
35000492,106600.0,107131.0,131100.0
35000493,110817.0,107148.0,131100.0
35000494,104867.0,107560.0,131100.0
35000495,104867.0,107973.0,131100.0
35000496,104867.0,108385.0,131100.0
35000497,111267.0,107548.0,131100.0
35000498,111267.0,107948.0,131100.0
35000499,111267.0,108348.0,131100.0
35000500,104867.0,109345.0,131100.0
35000501,105733.0,108798.0,131100.0
35000502,106600.0,108798.0,131100.0
35000503,107467.0,107541.0,131100.0
35000504,107467.0,107960.0,131100.0
35000505,107467.0,108379.0,131100.0
35000506,107467.0,109345.0,131100.0
35000507,98067.0,111448.0,131100.0
35000508,98067.0,112448.0,131100.0
35000509,100567.0,110448.0,131100.0
35000510,100367.0,113448.0,131100.0
35000511,101067.0,111448.0,131100.0
35000512,101067.0,112448.0,131100.0
35000513,98067.0,114148.0,131100.0
35000514,101067.0,113798.0,131100.0
35000515,101067.0,114148.0,131100.0
35000516,101067.0,114498.0,131100.0
35000517,111267.0,109110.0,131100.0
35000518,111267.0,109473.0,131100.0
35000519,111267.0,109835.0,131100.0
35000520,111267.0,111060.0,131100.0
35000521,111267.0,111923.0,131100.0
35000522,111267.0,112785.0,131100.0
35000523,100367.0,114848.0,131100.0
35000524,105733.0,114848.0,131100.0
35000525,106600.0,114848.0,131100.0
35000526,107467.0,106710.0,131100.0
35000527,98067.0,102481.0,131100.0
35000528,98067.0,103414.0,131100.0
35000529,98067.0,105281.0,131100.0
35000530,98067.0,106214.0,131100.0
35000531,104867.0,114248.0,131100.0
35000532,98067.0,99381.0,131100.0
35000533,98067.0,100214.0,131100.0
35000534,98067.0,100881.0,131100.0
35000535,98567.0,110448.0,131100.0
35000536,99067.0,110448.0,131100.0
35000537,99567.0,110448.0,131100.0
35000538,109192.0,98548.0,131100.0
35000539,16867.0,114848.0,130000.0
35000540,16867.0,114848.0,129166.0
35000541,16867.0,114848.0,128333.0
35000542,17867.0,114848.0,130000.0
35000543,17867.0,114848.0,129166.0
35000544,17867.0,114848.0,128333.0
35000545,20667.0,114848.0,130000.0
35000546,20667.0,114848.0,129166.0
35000547,20667.0,114848.0,128333.0
35000548,23267.0,114848.0,130100.0
35000549,23267.0,114848.0,129233.0
35000550,23267.0,114848.0,128366.0
35000551,28467.0,114848.0,130200.0
35000552,28467.0,114848.0,129300.0
35000553,28467.0,114848.0,128400.0
35000554,27067.0,110448.0,130200.0
35000555,27067.0,110448.0,129300.0
35000556,27067.0,110448.0,128400.0
35000557,20667.0,109893.0,130200.0
35000558,20667.0,109893.0,129300.0
35000559,20667.0,109893.0,128400.0
35000560,16867.0,113648.0,130000.0
35000561,16867.0,113648.0,129166.0
35000562,16867.0,113648.0,128333.0
35000563,23267.0,109893.0,130200.0
35000564,23267.0,109893.0,129300.0
35000565,23267.0,109893.0,128400.0
35000566,16867.0,106698.0,130200.0
35000567,16867.0,106698.0,129300.0
35000568,16867.0,106698.0,128400.0
35000569,23267.0,106298.0,130200.0
35000570,23267.0,106298.0,129300.0
35000571,23267.0,106298.0,128400.0
35000572,27067.0,106298.0,130200.0
35000573,27067.0,106298.0,129300.0
35000574,27067.0,106298.0,128400.0
35000575,27067.0,107148.0,130200.0
35000576,27067.0,107148.0,129300.0
35000577,27067.0,107148.0,128400.0
35000578,16867.0,101048.0,130200.0
35000579,16867.0,101048.0,129300.0
35000580,16867.0,101048.0,128400.0
35000581,16867.0,103698.0,130200.0
35000582,16867.0,103698.0,129300.0
35000583,16867.0,103698.0,128400.0
35000584,16867.0,98548.0,130200.0
35000585,16867.0,98548.0,129300.0
35000586,16867.0,98548.0,128400.0
35000587,17767.0,101048.0,130200.0
35000588,17767.0,101048.0,129300.0
35000589,17767.0,101048.0,128400.0
35000590,19467.0,101048.0,130200.0
35000591,19467.0,101048.0,129300.0
35000592,19467.0,101048.0,128400.0
35000593,20667.0,101048.0,130200.0
35000594,20667.0,101048.0,129300.0
35000595,20667.0,101048.0,128400.0
35000596,23267.0,98548.0,130200.0
35000597,23267.0,98548.0,129300.0
35000598,23267.0,98548.0,128400.0
35000599,23267.0,99593.0,130200.0
35000600,23267.0,99593.0,129300.0
35000601,23267.0,99593.0,128400.0
35000602,27067.0,98548.0,130200.0
35000603,27067.0,98548.0,129300.0
35000604,27067.0,98548.0,128400.0
35000605,27067.0,99593.0,130200.0
35000606,27067.0,99593.0,129300.0
35000607,27067.0,99593.0,128400.0
35000608,30067.0,98548.0,130200.0
35000609,30067.0,98548.0,129300.0
35000610,30067.0,98548.0,128400.0
35000611,19917.0,114848.0,130000.0
35000612,19917.0,114848.0,129166.0
35000613,19917.0,114848.0,128333.0
35000614,30067.0,114848.0,130200.0
35000615,30067.0,114848.0,129300.0
35000616,30067.0,114848.0,128400.0
35000617,20667.0,106298.0,130200.0
35000618,20667.0,106298.0,129300.0
35000619,20667.0,106298.0,128400.0
35000620,20667.0,113648.0,130000.0
35000621,20667.0,113648.0,129166.0
35000622,20667.0,113648.0,128333.0
35000623,23267.0,113648.0,130200.0
35000624,23267.0,113648.0,129300.0
35000625,23267.0,113648.0,128400.0
35000626,20667.0,101548.0,130200.0
35000627,20667.0,101548.0,129300.0
35000628,20667.0,101548.0,128400.0
35000629,30067.0,107148.0,130200.0
35000630,30067.0,107148.0,129300.0
35000631,30067.0,107148.0,128400.0
35000632,30067.0,104348.0,130200.0
35000633,30067.0,104348.0,129300.0
35000634,30067.0,104348.0,128400.0
35000635,30067.0,101548.0,130200.0
35000636,30067.0,101548.0,129300.0
35000637,30067.0,101548.0,128400.0
35000638,60347.0,101048.0,130000.0
35000639,60347.0,101048.0,129166.0
35000640,60347.0,101048.0,128333.0
35000641,60347.0,104348.0,130000.0
35000642,60347.0,104348.0,129166.0
35000643,60347.0,104348.0,128333.0
35000644,63747.0,110448.0,130000.0
35000645,63747.0,110448.0,129166.0
35000646,63747.0,110448.0,128333.0
35000647,63747.0,114848.0,130000.0
35000648,63747.0,114848.0,129166.0
35000649,63747.0,114848.0,128333.0
35000650,60347.0,114848.0,130000.0
35000651,60347.0,114848.0,129166.0
35000652,60347.0,114848.0,128333.0
35000653,52947.0,103698.0,130200.0
35000654,52947.0,103698.0,129300.0
35000655,52947.0,103698.0,128400.0
35000656,52947.0,107148.0,130200.0
35000657,52947.0,107148.0,129300.0
35000658,52947.0,107148.0,128400.0
35000659,52947.0,98548.0,130200.0
35000660,52947.0,98548.0,129300.0
35000661,52947.0,98548.0,128400.0
35000662,52947.0,101048.0,130200.0
35000663,52947.0,101048.0,129300.0
35000664,52947.0,101048.0,128400.0
35000665,53847.0,101048.0,130200.0
35000666,53847.0,101048.0,129300.0
35000667,53847.0,101048.0,128400.0
35000668,56347.0,107048.0,130200.0
35000669,56347.0,107048.0,129300.0
35000670,56347.0,107048.0,128400.0
35000671,56347.0,110448.0,130200.0
35000672,56347.0,110448.0,129300.0
35000673,56347.0,110448.0,128400.0
35000674,52947.0,110198.0,130000.0
35000675,52947.0,110198.0,129166.0
35000676,52947.0,110198.0,128333.0
35000677,52947.0,114848.0,130000.0
35000678,52947.0,114848.0,129166.0
35000679,52947.0,114848.0,128333.0
35000680,60347.0,110448.0,130000.0
35000681,60347.0,110448.0,129166.0
35000682,60347.0,110448.0,128333.0
35000683,56347.0,106298.0,130200.0
35000684,56347.0,106298.0,129300.0
35000685,56347.0,106298.0,128400.0
35000686,56347.0,101048.0,130200.0
35000687,56347.0,101048.0,129300.0
35000688,56347.0,101048.0,128400.0
35000689,56347.0,101548.0,130200.0
35000690,56347.0,101548.0,129300.0
35000691,56347.0,101548.0,128400.0
35000692,63747.0,101048.0,130000.0
35000693,63747.0,101048.0,129166.0
35000694,63747.0,101048.0,128333.0
35000695,63747.0,107148.0,130000.0
35000696,63747.0,107148.0,129166.0
35000697,63747.0,107148.0,128333.0
35000698,63747.0,98548.0,130000.0
35000699,63747.0,98548.0,129166.0
35000700,63747.0,98548.0,128333.0
35000701,60347.0,98548.0,130000.0
35000702,60347.0,98548.0,129166.0
35000703,60347.0,98548.0,128333.0
35000704,111267.0,103698.0,130200.0
35000705,111267.0,103698.0,129300.0
35000706,111267.0,103698.0,128400.0
35000707,111267.0,106698.0,130200.0
35000708,111267.0,106698.0,129300.0
35000709,111267.0,106698.0,128400.0
35000710,107467.0,101048.0,130200.0
35000711,107467.0,101048.0,129300.0
35000712,107467.0,101048.0,128400.0
35000713,108667.0,101048.0,130200.0
35000714,108667.0,101048.0,129300.0
35000715,108667.0,101048.0,128400.0
35000716,98067.0,114848.0,130200.0
35000717,98067.0,114848.0,129300.0
35000718,98067.0,114848.0,128400.0
35000719,99667.0,114848.0,130200.0
35000720,99667.0,114848.0,129300.0
35000721,99667.0,114848.0,128400.0
35000722,108217.0,114848.0,130000.0
35000723,108217.0,114848.0,129166.0
35000724,108217.0,114848.0,128333.0
35000725,110267.0,114848.0,130000.0
35000726,110267.0,114848.0,129166.0
35000727,110267.0,114848.0,128333.0
35000728,107467.0,114848.0,130100.0
35000729,107467.0,114848.0,129233.0
35000730,107467.0,114848.0,128366.0
35000731,107467.0,113648.0,130000.0
35000732,107467.0,113648.0,129166.0
35000733,107467.0,113648.0,128333.0
35000734,111267.0,113648.0,130200.0
35000735,111267.0,113648.0,129300.0
35000736,111267.0,113648.0,128400.0
35000737,111267.0,114848.0,130100.0
35000738,111267.0,114848.0,129233.0
35000739,111267.0,114848.0,128366.0
35000740,111267.0,98548.0,130200.0
35000741,111267.0,98548.0,129300.0
35000742,111267.0,98548.0,128400.0
35000743,98067.0,98548.0,130200.0
35000744,98067.0,98548.0,129300.0
35000745,98067.0,98548.0,128400.0
35000746,101067.0,98548.0,130200.0
35000747,101067.0,98548.0,129300.0
35000748,101067.0,98548.0,128400.0
35000749,104867.0,98548.0,130200.0
35000750,104867.0,98548.0,129300.0
35000751,104867.0,98548.0,128400.0
35000752,101067.0,99593.0,130200.0
35000753,101067.0,99593.0,129300.0
35000754,101067.0,99593.0,128400.0
35000755,104867.0,99593.0,130200.0
35000756,104867.0,99593.0,129300.0
35000757,104867.0,99593.0,128400.0
35000758,107467.0,101548.0,130200.0
35000759,107467.0,101548.0,129300.0
35000760,107467.0,101548.0,128400.0
35000761,110367.0,101048.0,130200.0
35000762,110367.0,101048.0,129300.0
35000763,110367.0,101048.0,128400.0
35000764,111267.0,101048.0,130200.0
35000765,111267.0,101048.0,129300.0
35000766,111267.0,101048.0,128400.0
35000767,98067.0,107148.0,130200.0
35000768,98067.0,107148.0,129300.0
35000769,98067.0,107148.0,128400.0
35000770,101067.0,107148.0,130200.0
35000771,101067.0,107148.0,129300.0
35000772,101067.0,107148.0,128400.0
35000773,101067.0,106298.0,130200.0
35000774,101067.0,106298.0,129300.0
35000775,101067.0,106298.0,128400.0
35000776,104867.0,106298.0,130200.0
35000777,104867.0,106298.0,129300.0
35000778,104867.0,106298.0,128400.0
35000779,104867.0,109893.0,130200.0
35000780,104867.0,109893.0,129300.0
35000781,104867.0,109893.0,128400.0
35000782,107467.0,109893.0,130200.0
35000783,107467.0,109893.0,129300.0
35000784,107467.0,109893.0,128400.0
35000785,101067.0,110448.0,130200.0
35000786,101067.0,110448.0,129300.0
35000787,101067.0,110448.0,128400.0
35000788,104867.0,114848.0,130200.0
35000789,104867.0,114848.0,129300.0
35000790,104867.0,114848.0,128400.0
35000791,107467.0,106298.0,130200.0
35000792,107467.0,106298.0,129300.0
35000793,107467.0,106298.0,128400.0
35000794,98067.0,101548.0,130200.0
35000795,98067.0,101548.0,129300.0
35000796,98067.0,101548.0,128400.0
35000797,98067.0,104348.0,130200.0
35000798,98067.0,104348.0,129300.0
35000799,98067.0,104348.0,128400.0
35000800,104867.0,113648.0,130200.0
35000801,104867.0,113648.0,129300.0
35000802,104867.0,113648.0,128400.0
35000803,16867.0,109110.0,130299.0
35000804,16867.0,109473.0,130299.0
35000805,16867.0,109835.0,130299.0
35000806,27067.0,113798.0,130500.0
35000807,27067.0,114148.0,130500.0
35000808,27067.0,114498.0,130500.0
35000809,20667.0,107541.0,130500.0
35000810,20667.0,107960.0,130500.0
35000811,20667.0,108379.0,130500.0
35000812,28567.0,110448.0,130500.0
35000813,29067.0,110448.0,130500.0
35000814,29567.0,110448.0,130500.0
35000815,16867.0,107548.0,130299.0
35000816,16867.0,107948.0,130299.0
35000817,16867.0,108348.0,130299.0
35000818,23267.0,107560.0,130500.0
35000819,23267.0,107973.0,130500.0
35000820,23267.0,108385.0,130500.0
35000821,18167.0,107139.0,130400.0
35000822,18567.0,107131.0,130400.0
35000823,18967.0,107123.0,130400.0
35000824,19367.0,107114.0,130400.0
35000825,19767.0,107106.0,130400.0
35000826,18942.0,98548.0,130299.0
35000827,28867.0,113448.0,130500.0
35000828,29267.0,113448.0,130500.0
35000829,29667.0,113448.0,130500.0
35000830,20067.0,98548.0,130299.0
35000831,56347.0,113798.0,130400.0
35000832,56347.0,114148.0,130400.0
35000833,56347.0,114498.0,130400.0
35000834,54372.0,107123.0,130400.0
35000835,54897.0,107098.0,130400.0
35000836,55422.0,107073.0,130400.0
35000837,54959.0,98548.0,130299.0
35000838,55422.0,98548.0,130299.0
35000839,55884.0,98548.0,130299.0
35000840,108067.0,98548.0,130299.0
35000841,98467.0,113448.0,130500.0
35000842,98867.0,113448.0,130500.0
35000843,99267.0,113448.0,130500.0
35000844,108367.0,107106.0,130400.0
35000845,108767.0,107114.0,130400.0
35000846,109167.0,107123.0,130400.0
35000847,109567.0,107131.0,130400.0
35000848,109967.0,107139.0,130400.0
35000849,104867.0,107560.0,130500.0
35000850,104867.0,107973.0,130500.0
35000851,104867.0,108385.0,130500.0
35000852,111267.0,107548.0,130299.0
35000853,111267.0,107948.0,130299.0
35000854,111267.0,108348.0,130299.0
35000855,107467.0,107541.0,130500.0
35000856,107467.0,107960.0,130500.0
35000857,107467.0,108379.0,130500.0
35000858,101067.0,113798.0,130500.0
35000859,101067.0,114148.0,130500.0
35000860,101067.0,114498.0,130500.0
35000861,111267.0,109110.0,130299.0
35000862,111267.0,109473.0,130299.0
35000863,111267.0,109835.0,130299.0
35000864,98567.0,110448.0,130500.0
35000865,99067.0,110448.0,130500.0
35000866,99567.0,110448.0,130500.0
35000867,109192.0,98548.0,130299.0
35000868,27067.0,114848.0,129300.0
35000869,27067.0,114848.0,128400.0
35000870,27067.0,113448.0,129300.0
35000871,27067.0,113448.0,128400.0
35000872,28467.0,113448.0,129300.0
35000873,28467.0,113448.0,128400.0
35000874,20667.0,108798.0,129300.0
35000875,20667.0,108798.0,128400.0
35000876,16867.0,110198.0,129166.0
35000877,16867.0,110198.0,128333.0
35000878,28067.0,110448.0,129300.0
35000879,28067.0,110448.0,128400.0
35000880,23267.0,108798.0,129300.0
35000881,23267.0,108798.0,128400.0
35000882,16867.0,107148.0,129300.0
35000883,16867.0,107148.0,128400.0
35000884,20167.0,107098.0,129300.0
35000885,20167.0,107098.0,128400.0
35000886,20667.0,107123.0,129300.0
35000887,20667.0,107123.0,128400.0
35000888,23267.0,107148.0,129300.0
35000889,23267.0,107148.0,128400.0
35000890,20667.0,98548.0,129300.0
35000891,20667.0,98548.0,128400.0
35000892,18417.0,98548.0,129300.0
35000893,18417.0,98548.0,128400.0
35000894,17767.0,107148.0,129300.0
35000895,17767.0,107148.0,128400.0
35000896,30067.0,113448.0,129300.0
35000897,30067.0,113448.0,128400.0
35000898,30067.0,110448.0,129300.0
35000899,30067.0,110448.0,128400.0
35000900,54497.0,98548.0,129300.0
35000901,54497.0,98548.0,128400.0
35000902,53847.0,107148.0,129300.0
35000903,53847.0,107148.0,128400.0
35000904,55947.0,107048.0,129300.0
35000905,55947.0,107048.0,128400.0
35000906,56347.0,113448.0,129300.0
35000907,56347.0,113448.0,128400.0
35000908,56347.0,114848.0,129166.0
35000909,56347.0,114848.0,128333.0
35000910,56347.0,98548.0,129300.0
35000911,56347.0,98548.0,128400.0
35000912,109717.0,98548.0,129300.0
35000913,109717.0,98548.0,128400.0
35000914,107467.0,98548.0,129300.0
35000915,107467.0,98548.0,128400.0
35000916,107467.0,107123.0,129300.0
35000917,107467.0,107123.0,128400.0
35000918,107967.0,107098.0,129300.0
35000919,107967.0,107098.0,128400.0
35000920,104867.0,107148.0,129300.0
35000921,104867.0,107148.0,128400.0
35000922,110367.0,107148.0,129300.0
35000923,110367.0,107148.0,128400.0
35000924,111267.0,107148.0,129300.0
35000925,111267.0,107148.0,128400.0
35000926,104867.0,108798.0,129300.0
35000927,104867.0,108798.0,128400.0
35000928,107467.0,108798.0,129300.0
35000929,107467.0,108798.0,128400.0
35000930,98067.0,110448.0,129300.0
35000931,98067.0,110448.0,128400.0
35000932,98067.0,113448.0,129300.0
35000933,98067.0,113448.0,128400.0
35000934,100067.0,110448.0,129300.0
35000935,100067.0,110448.0,128400.0
35000936,99667.0,113448.0,129300.0
35000937,99667.0,113448.0,128400.0
35000938,101067.0,113448.0,129300.0
35000939,101067.0,113448.0,128400.0
35000940,111267.0,110198.0,129300.0
35000941,111267.0,110198.0,128400.0
35000942,101067.0,114848.0,129300.0
35000943,101067.0,114848.0,128400.0
35000944,24217.0,107148.0,131100.0
35000945,25167.0,107148.0,131100.0
35000946,26117.0,107148.0,131100.0
35000947,27067.0,108248.0,131100.0
35000948,27067.0,109348.0,131100.0
35000949,26117.0,114848.0,131100.0
35000950,24217.0,114848.0,131100.0
35000951,23267.0,112748.0,131100.0
35000952,23267.0,110870.0,131100.0
35000953,28467.0,114148.0,131100.0
35000954,17817.0,108760.0,131100.0
35000955,18767.0,108773.0,131100.0
35000956,19717.0,108785.0,131100.0
35000957,20667.0,110870.0,131100.0
35000958,20667.0,112748.0,131100.0
35000959,18892.0,113648.0,131100.0
35000960,24217.0,104348.0,131100.0
35000961,25167.0,104348.0,131100.0
35000962,26117.0,104348.0,131100.0
35000963,27067.0,105323.0,131100.0
35000964,23267.0,105323.0,131100.0
35000965,19467.0,99381.0,131100.0
35000966,19467.0,100214.0,131100.0
35000967,24217.0,101548.0,131100.0
35000968,25167.0,101548.0,131100.0
35000969,26117.0,101548.0,131100.0
35000970,27067.0,102481.0,131100.0
35000971,27067.0,103414.0,131100.0
35000972,23267.0,102481.0,131100.0
35000973,23267.0,103414.0,131100.0
35000974,24217.0,98548.0,131100.0
35000975,26117.0,98548.0,131100.0
35000976,27067.0,100570.0,131100.0
35000977,23267.0,100570.0,131100.0
35000978,56347.0,107898.0,131100.0
35000979,53797.0,108748.0,131100.0
35000980,54647.0,108748.0,131100.0
35000981,55497.0,108748.0,131100.0
35000982,52947.0,107948.0,131100.0
35000983,108667.0,99381.0,131100.0
35000984,108667.0,100214.0,131100.0
35000985,99667.0,114148.0,131100.0
35000986,109242.0,113648.0,131100.0
35000987,108417.0,108785.0,131100.0
35000988,109367.0,108773.0,131100.0
35000989,110317.0,108760.0,131100.0
35000990,107467.0,112748.0,131100.0
35000991,107467.0,110870.0,131100.0
35000992,101883.0,98548.0,131100.0
35000993,103783.0,98548.0,131100.0
35000994,104867.0,100570.0,131100.0
35000995,102017.0,101548.0,131100.0
35000996,102967.0,101548.0,131100.0
35000997,103917.0,101548.0,131100.0
35000998,101067.0,100570.0,131100.0
35000999,102017.0,104348.0,131100.0
35001000,102967.0,104348.0,131100.0
35001001,103917.0,104348.0,131100.0
35001002,104867.0,105323.0,131100.0
35001003,102017.0,107148.0,131100.0
35001004,102967.0,107148.0,131100.0
35001005,103917.0,107148.0,131100.0
35001006,101067.0,105323.0,131100.0
35001007,104867.0,110870.0,131100.0
35001008,104867.0,112748.0,131100.0
35001009,103783.0,114848.0,131100.0
35001010,101883.0,114848.0,131100.0
35001011,101067.0,108248.0,131100.0
35001012,101067.0,109348.0,131100.0
35001013,104867.0,102481.0,131100.0
35001014,104867.0,103414.0,131100.0
35001015,101067.0,102481.0,131100.0
35001016,101067.0,103414.0,131100.0
35001019,64105.0,106303.0,131099.0
35001020,108667.0,98548.0,130699.0
35001021,109192.0,98548.0,130699.0
35001022,109717.0,98548.0,130699.0
35001023,98067.0,110448.0,130800.0
35001024,98567.0,110448.0,130800.0
35001025,99067.0,110448.0,130800.0
35001026,99567.0,110448.0,130800.0
35001027,100067.0,110448.0,130800.0
35001028,111267.0,108748.0,130699.0
35001029,111267.0,109110.0,130699.0
35001030,111267.0,109473.0,130699.0
35001031,111267.0,109835.0,130699.0
35001032,111267.0,110198.0,130699.0
35001033,101067.0,113448.0,130800.0
35001034,101067.0,113798.0,130800.0
35001035,101067.0,114148.0,130800.0
35001036,101067.0,114498.0,130800.0
35001037,101067.0,114848.0,130800.0
35001038,107467.0,107123.0,130800.0
35001039,107467.0,107541.0,130800.0
35001040,107467.0,107960.0,130800.0
35001041,107467.0,108379.0,130800.0
35001042,107467.0,108798.0,130800.0
35001043,111267.0,107148.0,130699.0
35001044,111267.0,107548.0,130699.0
35001045,111267.0,107948.0,130699.0
35001046,111267.0,108348.0,130699.0
35001047,104867.0,107148.0,130800.0
35001048,104867.0,107560.0,130800.0
35001049,104867.0,107973.0,130800.0
35001050,104867.0,108385.0,130800.0
35001051,104867.0,108798.0,130800.0
35001052,107967.0,107098.0,130750.0
35001053,108367.0,107106.0,130750.0
35001054,108767.0,107114.0,130750.0
35001055,109167.0,107123.0,130750.0
35001056,109567.0,107131.0,130750.0
35001057,109967.0,107139.0,130750.0
35001058,110367.0,107148.0,130750.0
35001059,98067.0,113448.0,130800.0
35001060,98467.0,113448.0,130800.0
35001061,98867.0,113448.0,130800.0
35001062,99267.0,113448.0,130800.0
35001063,99667.0,113448.0,130800.0
35001064,107467.0,98548.0,130699.0
35001065,108067.0,98548.0,130699.0
35001066,54497.0,98548.0,130699.0
35001067,54959.0,98548.0,130699.0
35001068,55422.0,98548.0,130699.0
35001069,55884.0,98548.0,130699.0
35001070,56347.0,98548.0,130699.0
35001071,53847.0,107148.0,130750.0
35001072,54372.0,107123.0,130750.0
35001073,54897.0,107098.0,130750.0
35001074,55422.0,107073.0,130750.0
35001075,55947.0,107048.0,130750.0
35001076,56347.0,113448.0,130750.0
35001077,56347.0,113798.0,130750.0
35001078,56347.0,114148.0,130750.0
35001079,56347.0,114498.0,130750.0
35001080,56347.0,114848.0,130750.0
35001081,19467.0,98548.0,130699.0
35001082,20067.0,98548.0,130699.0
35001083,20667.0,98548.0,130699.0
35001084,28467.0,113448.0,130800.0
35001085,28867.0,113448.0,130800.0
35001086,29267.0,113448.0,130800.0
35001087,29667.0,113448.0,130800.0
35001088,30067.0,113448.0,130800.0
35001089,18417.0,98548.0,130699.0
35001090,18942.0,98548.0,130699.0
35001091,17767.0,107148.0,130750.0
35001092,18167.0,107139.0,130750.0
35001093,18567.0,107131.0,130750.0
35001094,18967.0,107123.0,130750.0
35001095,19367.0,107114.0,130750.0
35001096,19767.0,107106.0,130750.0
35001097,20167.0,107098.0,130750.0
35001098,23267.0,107148.0,130800.0
35001099,23267.0,107560.0,130800.0
35001100,23267.0,107973.0,130800.0
35001101,23267.0,108385.0,130800.0
35001102,23267.0,108798.0,130800.0
35001103,16867.0,107148.0,130699.0
35001104,16867.0,107548.0,130699.0
35001105,16867.0,107948.0,130699.0
35001106,16867.0,108348.0,130699.0
35001107,16867.0,108748.0,130699.0
35001108,28067.0,110448.0,130800.0
35001109,28567.0,110448.0,130800.0
35001110,29067.0,110448.0,130800.0
35001111,29567.0,110448.0,130800.0
35001112,30067.0,110448.0,130800.0
35001113,20667.0,107123.0,130800.0
35001114,20667.0,107541.0,130800.0
35001115,20667.0,107960.0,130800.0
35001116,20667.0,108379.0,130800.0
35001117,20667.0,108798.0,130800.0
35001118,27067.0,113448.0,130800.0
35001119,27067.0,113798.0,130800.0
35001120,27067.0,114148.0,130800.0
35001121,27067.0,114498.0,130800.0
35001122,27067.0,114848.0,130800.0
35001123,16867.0,109110.0,130699.0
35001124,16867.0,109473.0,130699.0
35001125,16867.0,109835.0,130699.0
35001126,16867.0,110198.0,130699.0
35001127,17367.0,114848.0,130000.0
35001128,17367.0,114848.0,128333.0
35001129,17367.0,114848.0,129166.0
35001130,21533.0,114848.0,130100.0
35001131,22400.0,114848.0,130100.0
35001132,21533.0,114848.0,128366.0
35001133,22400.0,114848.0,128366.0
35001134,21533.0,114848.0,129233.0
35001135,22400.0,114848.0,129233.0
35001136,27767.0,114848.0,130200.0
35001137,27767.0,114848.0,128400.0
35001138,27767.0,114848.0,129300.0
35001139,16867.0,111060.0,130299.0
35001140,16867.0,111923.0,130299.0
35001141,16867.0,112785.0,130299.0
35001142,16867.0,111060.0,128333.0
35001143,16867.0,111923.0,128333.0
35001144,16867.0,112785.0,128333.0
35001145,16867.0,111060.0,129166.0
35001146,16867.0,112785.0,129166.0
35001147,16867.0,111923.0,129166.0
35001148,30067.0,114148.0,130200.0
35001149,30067.0,114148.0,128400.0
35001150,30067.0,114148.0,129300.0
35001151,27067.0,111448.0,130200.0
35001152,27067.0,112448.0,130200.0
35001153,27067.0,111448.0,128400.0
35001154,27067.0,112448.0,128400.0
35001155,27067.0,111448.0,129300.0
35001156,27067.0,112448.0,129300.0
35001157,27767.0,113448.0,130500.0
35001158,27767.0,113448.0,128400.0
35001159,27767.0,113448.0,129300.0
35001160,27567.0,110448.0,130200.0
35001161,27567.0,110448.0,128400.0
35001162,27567.0,110448.0,129300.0
35001163,30067.0,111448.0,130500.0
35001164,30067.0,112448.0,130500.0
35001165,30067.0,111448.0,128400.0
35001166,30067.0,112448.0,128400.0
35001167,30067.0,111448.0,129300.0
35001168,30067.0,112448.0,129300.0
35001169,20667.0,109345.0,130200.0
35001170,20667.0,109345.0,128400.0
35001171,20667.0,109345.0,129300.0
35001172,21533.0,108798.0,130500.0
35001173,22400.0,108798.0,130500.0
35001174,21533.0,108798.0,128400.0
35001175,22400.0,108798.0,128400.0
35001176,21533.0,108798.0,129300.0
35001177,22400.0,108798.0,129300.0
35001178,23267.0,109345.0,130200.0
35001179,23267.0,109345.0,128400.0
35001180,23267.0,109345.0,129300.0
35001181,17317.0,107148.0,130299.0
35001182,17317.0,107148.0,128400.0
35001183,17317.0,107148.0,129300.0
35001184,21533.0,107131.0,130500.0
35001185,22400.0,107139.0,130500.0
35001186,21533.0,107131.0,128400.0
35001187,22400.0,107139.0,128400.0
35001188,21533.0,107131.0,129300.0
35001189,22400.0,107139.0,129300.0
35001190,23267.0,106723.0,130200.0
35001191,23267.0,106723.0,128400.0
35001192,23267.0,106723.0,129300.0
35001193,27067.0,106723.0,130200.0
35001194,27067.0,106723.0,128400.0
35001195,27067.0,106723.0,129300.0
35001196,28067.0,107148.0,130200.0
35001197,29067.0,107148.0,130200.0
35001198,28067.0,107148.0,128400.0
35001199,29067.0,107148.0,128400.0
35001200,28067.0,107148.0,129300.0
35001201,29067.0,107148.0,129300.0
35001202,16867.0,101931.0,130200.0
35001203,16867.0,102814.0,130200.0
35001204,16867.0,101931.0,128400.0
35001205,16867.0,102814.0,128400.0
35001206,16867.0,101931.0,129300.0
35001207,16867.0,102814.0,129300.0
35001208,16867.0,99381.0,130200.0
35001209,16867.0,100214.0,130200.0
35001210,16867.0,99381.0,128400.0
35001211,16867.0,100214.0,128400.0
35001212,16867.0,99381.0,129300.0
35001213,16867.0,100214.0,129300.0
35001214,17317.0,101048.0,130200.0
35001215,17317.0,101048.0,128400.0
35001216,17317.0,101048.0,129300.0
35001217,18617.0,101048.0,130200.0
35001218,18617.0,101048.0,128400.0
35001219,18617.0,101048.0,129300.0
35001220,20667.0,99381.0,130200.0
35001221,20667.0,100214.0,130200.0
35001222,20667.0,99381.0,128400.0
35001223,20667.0,100214.0,128400.0
35001224,20667.0,99381.0,129300.0
35001225,20667.0,100214.0,129300.0
35001226,17642.0,98548.0,130200.0
35001227,17642.0,98548.0,128400.0
35001228,17642.0,98548.0,129300.0
35001229,21533.0,98548.0,130200.0
35001230,22400.0,98548.0,130200.0
35001231,21533.0,98548.0,128400.0
35001232,22400.0,98548.0,128400.0
35001233,21533.0,98548.0,129300.0
35001234,22400.0,98548.0,129300.0
35001235,23267.0,99070.0,130200.0
35001236,23267.0,99070.0,128400.0
35001237,23267.0,99070.0,129300.0
35001238,27067.0,99070.0,130200.0
35001239,27067.0,99070.0,128400.0
35001240,27067.0,99070.0,129300.0
35001241,28067.0,98548.0,130200.0
35001242,29067.0,98548.0,130200.0
35001243,28067.0,98548.0,128400.0
35001244,29067.0,98548.0,128400.0
35001245,28067.0,98548.0,129300.0
35001246,29067.0,98548.0,129300.0
35001247,16867.0,114248.0,130000.0
35001248,16867.0,114248.0,128333.0
35001249,16867.0,114248.0,129166.0
35001250,20667.0,114248.0,130000.0
35001251,20667.0,114248.0,128333.0
35001252,20667.0,114248.0,129166.0
35001253,20292.0,114848.0,130000.0
35001254,20292.0,114848.0,128333.0
35001255,20292.0,114848.0,129166.0
35001256,18142.0,114848.0,130000.0
35001257,18145.0,114848.0,130550.0
35001258,18642.0,114848.0,130550.0
35001259,19142.0,114848.0,130550.0
35001260,19639.0,114848.0,130550.0
35001261,19642.0,114848.0,130000.0
35001262,18142.0,114848.0,128333.0
35001263,19642.0,114848.0,128333.0
35001264,18142.0,114848.0,129166.0
35001265,19642.0,114848.0,129166.0
35001266,18642.0,114848.0,130000.0
35001267,19142.0,114848.0,130000.0
35001268,29267.0,114848.0,130200.0
35001269,29267.0,114848.0,128400.0
35001270,29267.0,114848.0,129300.0
35001271,20067.0,101048.0,130200.0
35001272,20067.0,101048.0,128400.0
35001273,20067.0,101048.0,129300.0
35001274,16867.0,104698.0,130200.0
35001275,16867.0,105698.0,130200.0
35001276,16867.0,104698.0,128400.0
35001277,16867.0,105698.0,128400.0
35001278,16867.0,104698.0,129300.0
35001279,16867.0,105698.0,129300.0
35001280,20667.0,106710.0,130200.0
35001281,20667.0,106710.0,128400.0
35001282,20667.0,106710.0,129300.0
35001283,23267.0,114248.0,130200.0
35001284,23267.0,114248.0,128400.0
35001285,23267.0,114248.0,129300.0
35001286,30067.0,99381.0,130200.0
35001287,30067.0,100214.0,130200.0
35001288,30067.0,100881.0,130200.0
35001289,30067.0,99381.0,128400.0
35001290,30067.0,100214.0,128400.0
35001291,30067.0,100881.0,128400.0
35001292,30067.0,99381.0,129300.0
35001293,30067.0,100881.0,129300.0
35001294,30067.0,100214.0,129300.0
35001295,30067.0,105281.0,130200.0
35001296,30067.0,106214.0,130200.0
35001297,30067.0,105281.0,128400.0
35001298,30067.0,106214.0,128400.0
35001299,30067.0,105281.0,129300.0
35001300,30067.0,106214.0,129300.0
35001301,30067.0,102481.0,130200.0
35001302,30067.0,103414.0,130200.0
35001303,30067.0,102481.0,128400.0
35001304,30067.0,103414.0,128400.0
35001305,30067.0,102481.0,129300.0
35001306,30067.0,103414.0,129300.0
35001307,60347.0,101873.0,130000.0
35001308,60347.0,102698.0,130000.0
35001309,60347.0,103523.0,130000.0
35001310,60347.0,101873.0,128333.0
35001311,60347.0,102698.0,128333.0
35001312,60347.0,103523.0,128333.0
35001313,60347.0,101873.0,129166.0
35001314,60347.0,103523.0,129166.0
35001315,60347.0,102698.0,129166.0
35001316,63747.0,111328.0,130000.0
35001317,63747.0,112208.0,130000.0
35001318,63747.0,113088.0,130000.0
35001319,63747.0,113968.0,130000.0
35001320,63747.0,111328.0,128333.0
35001321,63747.0,112208.0,128333.0
35001322,63747.0,113088.0,128333.0
35001323,63747.0,113968.0,128333.0
35001324,63747.0,111328.0,129166.0
35001325,63747.0,113968.0,129166.0
35001326,63747.0,112208.0,129166.0
35001327,63747.0,113088.0,129166.0
35001328,61022.0,114848.0,130000.0
35001329,61697.0,114848.0,130000.0
35001330,61700.0,114848.0,130550.0
35001331,62197.0,114848.0,130550.0
35001332,62697.0,114848.0,130550.0
35001333,63194.0,114848.0,130550.0
35001334,63197.0,114848.0,130000.0
35001335,61022.0,114848.0,128333.0
35001336,61697.0,114848.0,128333.0
35001337,63197.0,114848.0,128333.0
35001338,61022.0,114848.0,129166.0
35001339,63197.0,114848.0,129166.0
35001340,62197.0,114848.0,130000.0
35001341,61697.0,114848.0,129166.0
35001342,62697.0,114848.0,130000.0
35001343,52947.0,104560.0,130200.0
35001344,52947.0,105423.0,130200.0
35001345,52947.0,106285.0,130200.0
35001346,52947.0,104560.0,128400.0
35001347,52947.0,105423.0,128400.0
35001348,52947.0,106285.0,128400.0
35001349,52947.0,104560.0,129300.0
35001350,52947.0,106285.0,129300.0
35001351,52947.0,105423.0,129300.0
35001352,53722.0,98548.0,130200.0
35001353,53722.0,98548.0,128400.0
35001354,53722.0,98548.0,129300.0
35001355,52947.0,99381.0,130200.0
35001356,52947.0,100214.0,130200.0
35001357,52947.0,99381.0,128400.0
35001358,52947.0,100214.0,128400.0
35001359,52947.0,99381.0,129300.0
35001360,52947.0,100214.0,129300.0
35001361,52947.0,101931.0,130200.0
35001362,52947.0,102814.0,130200.0
35001363,52947.0,101931.0,128400.0
35001364,52947.0,102814.0,128400.0
35001365,52947.0,101931.0,129300.0
35001366,52947.0,102814.0,129300.0
35001367,53397.0,101048.0,130200.0
35001368,53397.0,101048.0,128400.0
35001369,53397.0,101048.0,129300.0
35001370,53397.0,107148.0,130200.0
35001371,53397.0,107148.0,128400.0
35001372,53397.0,107148.0,129300.0
35001373,56347.0,111328.0,130200.0
35001374,56347.0,112208.0,130200.0
35001375,56347.0,113088.0,130200.0
35001376,56347.0,111328.0,128400.0
35001377,56347.0,112208.0,128400.0
35001378,56347.0,113088.0,128400.0
35001379,56347.0,111328.0,129300.0
35001380,56347.0,113088.0,129300.0
35001381,56347.0,112208.0,129300.0
35001382,52947.0,111128.0,130000.0
35001383,52947.0,112058.0,130000.0
35001384,52947.0,112988.0,130000.0
35001385,52947.0,113918.0,130000.0
35001386,52947.0,111128.0,128333.0
35001387,52947.0,112058.0,128333.0
35001388,52947.0,112988.0,128333.0
35001389,52947.0,113918.0,128333.0
35001390,52947.0,111128.0,129166.0
35001391,52947.0,113918.0,129166.0
35001392,52947.0,112058.0,129166.0
35001393,52947.0,112988.0,129166.0
35001394,53622.0,114848.0,130000.0
35001395,54297.0,114848.0,130000.0
35001396,54300.0,114848.0,130550.0
35001397,54797.0,114848.0,130550.0
35001398,55297.0,114848.0,130550.0
35001399,55794.0,114848.0,130550.0
35001400,55797.0,114848.0,130000.0
35001401,53622.0,114848.0,128333.0
35001402,54297.0,114848.0,128333.0
35001403,55797.0,114848.0,128333.0
35001404,53622.0,114848.0,129166.0
35001405,55797.0,114848.0,129166.0
35001406,54797.0,114848.0,130000.0
35001407,54297.0,114848.0,129166.0
35001408,55297.0,114848.0,130000.0
35001409,61197.0,110448.0,130000.0
35001410,62047.0,110448.0,130000.0
35001411,62897.0,110448.0,130000.0
35001412,61197.0,110448.0,128333.0
35001413,62047.0,110448.0,128333.0
35001414,62897.0,110448.0,128333.0
35001415,61197.0,110448.0,129166.0
35001416,62897.0,110448.0,129166.0
35001417,62047.0,110448.0,129166.0
35001418,56347.0,106673.0,130200.0
35001419,56347.0,106673.0,128400.0
35001420,56347.0,106673.0,129300.0
35001421,56347.0,99381.0,130200.0
35001422,56347.0,100214.0,130200.0
35001423,56347.0,99381.0,128400.0
35001424,56347.0,100214.0,128400.0
35001425,56347.0,99381.0,129300.0
35001426,56347.0,100214.0,129300.0
35001427,63747.0,102064.0,130000.0
35001428,63747.0,103081.0,130000.0
35001429,63747.0,104098.0,130000.0
35001430,63747.0,105114.0,130000.0
35001431,63747.0,106131.0,130000.0
35001432,63747.0,102064.0,128333.0
35001433,63747.0,103081.0,128333.0
35001434,63747.0,104098.0,128333.0
35001435,63747.0,105114.0,128333.0
35001436,63747.0,106131.0,128333.0
35001437,63747.0,102064.0,129166.0
35001438,63747.0,106131.0,129166.0
35001439,63747.0,103081.0,129166.0
35001440,63747.0,104098.0,129166.0
35001441,63747.0,105114.0,129166.0
35001442,63747.0,99381.0,130000.0
35001443,63747.0,100214.0,130000.0
35001444,63747.0,99381.0,128333.0
35001445,63747.0,100214.0,128333.0
35001446,63747.0,99381.0,129166.0
35001447,63747.0,100214.0,129166.0
35001448,54680.0,101048.0,130200.0
35001449,55513.0,101048.0,130200.0
35001450,54680.0,101048.0,128400.0
35001451,55513.0,101048.0,128400.0
35001452,54680.0,101048.0,129300.0
35001453,55513.0,101048.0,129300.0
35001454,60822.0,98548.0,130000.0
35001455,61297.0,98548.0,130000.0
35001456,61300.0,98548.0,130550.0
35001457,61797.0,98548.0,130550.0
35001458,62297.0,98548.0,130550.0
35001459,62794.0,98548.0,130550.0
35001460,62797.0,98548.0,130000.0
35001461,63272.0,98548.0,130000.0
35001462,60822.0,98548.0,128333.0
35001463,61297.0,98548.0,128333.0
35001464,63272.0,98548.0,128333.0
35001465,62797.0,98548.0,128333.0
35001466,60822.0,98548.0,129166.0
35001467,63272.0,98548.0,129166.0
35001468,61797.0,98548.0,130000.0
35001469,61297.0,98548.0,129166.0
35001470,62297.0,98548.0,130000.0
35001471,62797.0,98548.0,129166.0
35001472,61197.0,101048.0,130000.0
35001473,62047.0,101048.0,130000.0
35001474,62897.0,101048.0,130000.0
35001475,61197.0,101048.0,128333.0
35001476,62047.0,101048.0,128333.0
35001477,62897.0,101048.0,128333.0
35001478,61197.0,101048.0,129166.0
35001479,62897.0,101048.0,129166.0
35001480,62047.0,101048.0,129166.0
35001481,111267.0,104698.0,130200.0
35001482,111267.0,105698.0,130200.0
35001483,111267.0,104698.0,128400.0
35001484,111267.0,105698.0,128400.0
35001485,111267.0,104698.0,129300.0
35001486,111267.0,105698.0,129300.0
35001487,108067.0,101048.0,130200.0
35001488,108067.0,101048.0,128400.0
35001489,108067.0,101048.0,129300.0
35001490,98867.0,114848.0,130200.0
35001491,98867.0,114848.0,128400.0
35001492,98867.0,114848.0,129300.0
35001493,108492.0,114848.0,130000.0
35001494,108495.0,114848.0,130550.0
35001495,108992.0,114848.0,130550.0
35001496,109492.0,114848.0,130550.0
35001497,109989.0,114848.0,130550.0
35001498,109992.0,114848.0,130000.0
35001499,108492.0,114848.0,128333.0
35001500,109992.0,114848.0,128333.0
35001501,108492.0,114848.0,129166.0
35001502,109992.0,114848.0,129166.0
35001503,108992.0,114848.0,130000.0
35001504,109492.0,114848.0,130000.0
35001505,107842.0,114848.0,130100.0
35001506,107842.0,114848.0,128366.0
35001507,107842.0,114848.0,129233.0
35001508,107467.0,114248.0,130100.0
35001509,107467.0,114248.0,128366.0
35001510,107467.0,114248.0,129233.0
35001511,111267.0,114248.0,130200.0
35001512,111267.0,114248.0,128400.0
35001513,111267.0,114248.0,129300.0
35001514,110767.0,114848.0,130100.0
35001515,110767.0,114848.0,128366.0
35001516,110767.0,114848.0,129233.0
35001517,110492.0,98548.0,130200.0
35001518,110492.0,98548.0,128400.0
35001519,110492.0,98548.0,129300.0
35001520,99067.0,98548.0,130200.0
35001521,100067.0,98548.0,130200.0
35001522,99067.0,98548.0,128400.0
35001523,100067.0,98548.0,128400.0
35001524,99067.0,98548.0,129300.0
35001525,100067.0,98548.0,129300.0
35001526,105733.0,98548.0,130200.0
35001527,106600.0,98548.0,130200.0
35001528,105733.0,98548.0,128400.0
35001529,106600.0,98548.0,128400.0
35001530,105733.0,98548.0,129300.0
35001531,106600.0,98548.0,129300.0
35001532,101067.0,99070.0,130200.0
35001533,101067.0,99070.0,128400.0
35001534,101067.0,99070.0,129300.0
35001535,104867.0,99070.0,130200.0
35001536,104867.0,99070.0,128400.0
35001537,104867.0,99070.0,129300.0
35001538,107467.0,99381.0,130200.0
35001539,107467.0,100214.0,130200.0
35001540,107467.0,99381.0,128400.0
35001541,107467.0,100214.0,128400.0
35001542,107467.0,99381.0,129300.0
35001543,107467.0,100214.0,129300.0
35001544,109517.0,101048.0,130200.0
35001545,109517.0,101048.0,128400.0
35001546,109517.0,101048.0,129300.0
35001547,110817.0,101048.0,130200.0
35001548,110817.0,101048.0,128400.0
35001549,110817.0,101048.0,129300.0
35001550,111267.0,99381.0,130200.0
35001551,111267.0,100214.0,130200.0
35001552,111267.0,99381.0,128400.0
35001553,111267.0,100214.0,128400.0
35001554,111267.0,99381.0,129300.0
35001555,111267.0,100214.0,129300.0
35001556,111267.0,101931.0,130200.0
35001557,111267.0,102814.0,130200.0
35001558,111267.0,101931.0,128400.0
35001559,111267.0,102814.0,128400.0
35001560,111267.0,101931.0,129300.0
35001561,111267.0,102814.0,129300.0
35001562,99067.0,107148.0,130200.0
35001563,100067.0,107148.0,130200.0
35001564,99067.0,107148.0,128400.0
35001565,100067.0,107148.0,128400.0
35001566,99067.0,107148.0,129300.0
35001567,100067.0,107148.0,129300.0
35001568,101067.0,106723.0,130200.0
35001569,101067.0,106723.0,128400.0
35001570,101067.0,106723.0,129300.0
35001571,104867.0,106723.0,130200.0
35001572,104867.0,106723.0,128400.0
35001573,104867.0,106723.0,129300.0
35001574,105733.0,107139.0,130500.0
35001575,106600.0,107131.0,130500.0
35001576,105733.0,107139.0,128400.0
35001577,106600.0,107131.0,128400.0
35001578,105733.0,107139.0,129300.0
35001579,106600.0,107131.0,129300.0
35001580,110817.0,107148.0,130299.0
35001581,110817.0,107148.0,128400.0
35001582,110817.0,107148.0,129300.0
35001583,104867.0,109345.0,130200.0
35001584,104867.0,109345.0,128400.0
35001585,104867.0,109345.0,129300.0
35001586,105733.0,108798.0,130500.0
35001587,106600.0,108798.0,130500.0
35001588,105733.0,108798.0,128400.0
35001589,106600.0,108798.0,128400.0
35001590,105733.0,108798.0,129300.0
35001591,106600.0,108798.0,129300.0
35001592,107467.0,109345.0,130200.0
35001593,107467.0,109345.0,128400.0
35001594,107467.0,109345.0,129300.0
35001595,98067.0,111448.0,130500.0
35001596,98067.0,112448.0,130500.0
35001597,98067.0,111448.0,128400.0
35001598,98067.0,112448.0,128400.0
35001599,98067.0,111448.0,129300.0
35001600,98067.0,112448.0,129300.0
35001601,100567.0,110448.0,130200.0
35001602,100567.0,110448.0,128400.0
35001603,100567.0,110448.0,129300.0
35001604,100367.0,113448.0,130500.0
35001605,100367.0,113448.0,128400.0
35001606,100367.0,113448.0,129300.0
35001607,101067.0,111448.0,130200.0
35001608,101067.0,112448.0,130200.0
35001609,101067.0,111448.0,128400.0
35001610,101067.0,112448.0,128400.0
35001611,101067.0,111448.0,129300.0
35001612,101067.0,112448.0,129300.0
35001613,98067.0,114148.0,130200.0
35001614,98067.0,114148.0,128400.0
35001615,98067.0,114148.0,129300.0
35001616,111267.0,111060.0,130200.0
35001617,111267.0,111923.0,130200.0
35001618,111267.0,112785.0,130200.0
35001619,111267.0,111060.0,128400.0
35001620,111267.0,111923.0,128400.0
35001621,111267.0,112785.0,128400.0
35001622,111267.0,111060.0,129300.0
35001623,111267.0,112785.0,129300.0
35001624,111267.0,111923.0,129300.0
35001625,100367.0,114848.0,130200.0
35001626,100367.0,114848.0,128400.0
35001627,100367.0,114848.0,129300.0
35001628,105733.0,114848.0,130200.0
35001629,106600.0,114848.0,130200.0
35001630,105733.0,114848.0,128400.0
35001631,106600.0,114848.0,128400.0
35001632,105733.0,114848.0,129300.0
35001633,106600.0,114848.0,129300.0
35001634,107467.0,106710.0,130200.0
35001635,107467.0,106710.0,128400.0
35001636,107467.0,106710.0,129300.0
35001637,98067.0,102481.0,130200.0
35001638,98067.0,103414.0,130200.0
35001639,98067.0,102481.0,128400.0
35001640,98067.0,103414.0,128400.0
35001641,98067.0,102481.0,129300.0
35001642,98067.0,103414.0,129300.0
35001643,98067.0,105281.0,130200.0
35001644,98067.0,106214.0,130200.0
35001645,98067.0,105281.0,128400.0
35001646,98067.0,106214.0,128400.0
35001647,98067.0,105281.0,129300.0
35001648,98067.0,106214.0,129300.0
35001649,104867.0,114248.0,130200.0
35001650,104867.0,114248.0,128400.0
35001651,104867.0,114248.0,129300.0
35001652,98067.0,99381.0,130200.0
35001653,98067.0,100214.0,130200.0
35001654,98067.0,100881.0,130200.0
35001655,98067.0,99381.0,128400.0
35001656,98067.0,100214.0,128400.0
35001657,98067.0,100881.0,128400.0
35001658,98067.0,99381.0,129300.0
35001659,98067.0,100881.0,129300.0
35001660,98067.0,100214.0,129300.0
35001661,24217.0,113842.0,131100.0
35001662,24217.0,112888.0,131100.0
35001663,24217.0,111942.0,131100.0
35001664,24217.0,110977.0,131100.0
35001665,24217.0,109999.0,131100.0
35001666,24217.0,109011.0,131100.0
35001667,24217.0,108071.0,131100.0
35001668,25167.0,113929.0,131100.0
35001669,25167.0,113007.0,131100.0
35001670,25167.0,112066.0,131100.0
35001671,25167.0,111102.0,131100.0
35001672,25167.0,110119.0,131100.0
35001673,25167.0,109126.0,131100.0
35001674,25167.0,108135.0,131100.0
35001675,26117.0,114015.0,131100.0
35001676,26117.0,113157.0,131100.0
35001677,26117.0,112223.0,131100.0
35001678,26117.0,111253.0,131100.0
35001679,26117.0,110256.0,131100.0
35001680,26117.0,109228.0,131100.0
35001681,26117.0,108189.0,131100.0
35001682,27767.0,114148.0,131100.0
35001683,29267.0,114148.0,131100.0
35001684,17833.0,112807.0,131100.0
35001685,17803.0,111978.0,131100.0
35001686,17814.0,109560.0,131100.0
35001687,17803.0,110360.0,131100.0
35001688,17797.0,111175.0,131100.0
35001689,18747.0,110499.0,131100.0
35001690,18711.0,111308.0,131100.0
35001691,18758.0,109644.0,131100.0
35001692,18725.0,111989.0,131100.0
35001693,18796.0,112799.0,131100.0
35001694,19605.0,111720.0,131100.0
35001695,19687.0,110724.0,131100.0
35001696,19711.0,109759.0,131100.0
35001697,19736.0,112715.0,131100.0
35001698,17727.0,107952.0,131100.0
35001699,18522.0,107951.0,131100.0
35001700,19173.0,107945.0,131100.0
35001701,19928.0,107945.0,131100.0
35001702,21533.0,107964.0,131100.0
35001703,22400.0,107968.0,131100.0
35001704,24217.0,106235.0,131100.0
35001705,24217.0,105296.0,131100.0
35001706,25167.0,106224.0,131100.0
35001707,25167.0,105289.0,131100.0
35001708,26117.0,106235.0,131100.0
35001709,26117.0,105296.0,131100.0
35001710,17733.0,100214.0,131100.0
35001711,17704.0,99381.0,131100.0
35001712,18596.0,100214.0,131100.0
35001713,18559.0,99381.0,131100.0
35001714,24217.0,103414.0,131100.0
35001715,24217.0,102481.0,131100.0
35001716,25167.0,103414.0,131100.0
35001717,25167.0,102481.0,131100.0
35001718,26117.0,103414.0,131100.0
35001719,26117.0,102481.0,131100.0
35001720,24217.0,100556.0,131100.0
35001721,24217.0,99559.0,131100.0
35001722,25167.0,100552.0,131100.0
35001723,25167.0,99553.0,131100.0
35001724,26117.0,100556.0,131100.0
35001725,26117.0,99559.0,131100.0
35001726,53835.0,107943.0,131100.0
35001727,54736.0,107923.0,131100.0
35001728,55602.0,107903.0,131100.0
35001729,109538.0,100214.0,131100.0
35001730,109574.0,99381.0,131100.0
35001731,110401.0,100214.0,131100.0
35001732,110429.0,99381.0,131100.0
35001733,98867.0,114148.0,131100.0
35001734,100367.0,114148.0,131100.0
35001735,108372.0,112745.0,131100.0
35001736,108436.0,111814.0,131100.0
35001737,108445.0,109786.0,131100.0
35001738,108536.0,110807.0,131100.0
35001739,109424.0,111113.0,131100.0
35001740,109371.0,111930.0,131100.0
35001741,109425.0,110435.0,131100.0
35001742,109388.0,109627.0,131100.0
35001743,109326.0,112783.0,131100.0
35001744,110341.0,110329.0,131100.0
35001745,110337.0,111124.0,131100.0
35001746,110328.0,109547.0,131100.0
35001747,110293.0,112795.0,131100.0
35001748,110320.0,111948.0,131100.0
35001749,101998.0,100556.0,131100.0
35001750,101962.0,99558.0,131100.0
35001751,102940.0,100552.0,131100.0
35001752,102881.0,99553.0,131100.0
35001753,103898.0,100556.0,131100.0
35001754,103862.0,99559.0,131100.0
35001755,108205.0,107945.0,131100.0
35001756,108960.0,107945.0,131100.0
35001757,109611.0,107951.0,131100.0
35001758,110406.0,107952.0,131100.0
35001759,102017.0,106235.0,131100.0
35001760,102017.0,105296.0,131100.0
35001761,102967.0,106224.0,131100.0
35001762,102967.0,105289.0,131100.0
35001763,103917.0,106235.0,131100.0
35001764,103917.0,105296.0,131100.0
35001765,101960.0,114011.0,131100.0
35001766,101992.0,113153.0,131100.0
35001767,102002.0,112222.0,131100.0
35001768,102007.0,111252.0,131100.0
35001769,102010.0,110256.0,131100.0
35001770,102012.0,109228.0,131100.0
35001771,102014.0,108190.0,131100.0
35001772,102877.0,113924.0,131100.0
35001773,102929.0,113003.0,131100.0
35001774,102946.0,112064.0,131100.0
35001775,102953.0,111102.0,131100.0
35001776,102957.0,110120.0,131100.0
35001777,102960.0,109127.0,131100.0
35001778,102963.0,108135.0,131100.0
35001779,103858.0,113839.0,131100.0
35001780,103890.0,112886.0,131100.0
35001781,103902.0,111941.0,131100.0
35001782,103907.0,110977.0,131100.0
35001783,103910.0,110000.0,131100.0
35001784,103912.0,109011.0,131100.0
35001785,103914.0,108072.0,131100.0
35001786,102017.0,103414.0,131100.0
35001787,102017.0,102481.0,131100.0
35001788,102967.0,103414.0,131100.0
35001789,102967.0,102481.0,131100.0
35001790,103917.0,103414.0,131100.0
35001791,103917.0,102481.0,131100.0
35001792,105733.0,107968.0,131100.0
35001793,106600.0,107964.0,131100.0
36000001,23267.0,114848.0,134700.0
36000002,27067.0,114848.0,134700.0
36000003,20667.0,114848.0,134700.0
36000004,30067.0,114848.0,134700.0
36000005,27067.0,113448.0,134700.0
36000006,27067.0,110448.0,134700.0
36000007,30067.0,113448.0,134700.0
36000008,20667.0,111848.0,134700.0
36000009,20667.0,108798.0,134700.0
36000010,23267.0,111848.0,134700.0
36000011,16867.0,108748.0,134700.0
36000012,23267.0,108798.0,134700.0
36000013,16867.0,107148.0,134700.0
36000014,30067.0,107148.0,134700.0
36000015,23267.0,107148.0,134700.0
36000016,20667.0,107123.0,134700.0
36000017,27067.0,107148.0,134700.0
36000018,16867.0,101048.0,134700.0
36000019,17767.0,107148.0,134700.0
36000020,17767.0,101048.0,134700.0
36000021,20667.0,104348.0,134700.0
36000022,23267.0,104348.0,134700.0
36000023,27067.0,104348.0,134700.0
36000024,20667.0,101548.0,134700.0
36000025,20667.0,101048.0,134700.0
36000026,23267.0,101548.0,134700.0
36000027,27067.0,101548.0,134700.0
36000028,20667.0,98548.0,134700.0
36000029,23267.0,98548.0,134700.0
36000030,27067.0,98548.0,134700.0
36000031,16867.0,110198.0,134700.0
36000032,30067.0,110448.0,134700.0
36000033,23267.0,109893.0,134700.0
36000034,28067.0,110448.0,134700.0
36000035,23267.0,106298.0,134700.0
36000036,27067.0,106298.0,134700.0
36000037,20167.0,107098.0,134700.0
36000038,23267.0,99593.0,134700.0
36000039,27067.0,99593.0,134700.0
36000040,18417.0,98548.0,134700.0
36000041,20667.0,113648.0,134700.0
36000042,16867.0,113648.0,134700.0
36000043,19917.0,113648.0,134700.0
36000044,19917.0,114848.0,134700.0
36000045,17867.0,113648.0,134700.0
36000046,17867.0,114848.0,134700.0
36000047,28467.0,113448.0,134700.0
36000048,28467.0,114848.0,134700.0
36000049,19467.0,98548.0,134700.0
36000050,19467.0,101048.0,134700.0
36000051,17767.0,103698.0,134700.0
36000052,16867.0,103698.0,134700.0
36000053,20667.0,106298.0,134700.0
36000054,23267.0,113648.0,134700.0
36000055,20667.0,109893.0,134700.0
36000056,4867.0,114848.0,134700.0
36000057,4867.0,106698.0,134700.0
36000058,4867.0,98548.0,134700.0
36000059,4867.0,87098.0,134700.0
36000060,4867.0,126298.0,134700.0
36000061,9467.0,126348.0,134700.0
36000062,13067.0,126348.0,134700.0
36000063,124067.0,114848.0,134700.0
36000064,124067.0,106698.0,134700.0
36000065,124067.0,98548.0,134700.0
36000066,124067.0,87098.0,134700.0
36000067,124067.0,126298.0,134700.0
36000068,30067.0,98548.0,134700.0
36000069,30067.0,104348.0,134700.0
36000070,30067.0,101548.0,134700.0
36000071,13067.0,87048.0,134700.0
36000072,9467.0,87048.0,134700.0
36000073,63747.0,110448.0,134700.0
36000074,60347.0,101048.0,134700.0
36000075,60347.0,107048.0,134700.0
36000076,63747.0,107148.0,134700.0
36000077,52947.0,114848.0,134700.0
36000078,56347.0,108748.0,134700.0
36000079,52947.0,103698.0,134700.0
36000080,53847.0,103698.0,134700.0
36000081,54497.0,98548.0,134700.0
36000082,56347.0,110448.0,134700.0
36000083,52947.0,110198.0,134700.0
36000084,56347.0,113448.0,134700.0
36000085,52947.0,101048.0,134700.0
36000086,53847.0,101048.0,134700.0
36000087,53847.0,107148.0,134700.0
36000088,52947.0,107148.0,134700.0
36000089,56347.0,107048.0,134700.0
36000090,52947.0,108748.0,134700.0
36000091,56347.0,101548.0,134700.0
36000092,55947.0,107048.0,134700.0
36000093,56347.0,106298.0,134700.0
36000094,60347.0,110448.0,134700.0
36000095,56347.0,104348.0,134700.0
36000096,56347.0,101048.0,134700.0
36000097,63747.0,101048.0,134700.0
36000098,52947.0,98548.0,134700.0
36000099,60347.0,104348.0,134700.0
36000100,119800.0,87048.0,134700.0
36000101,115533.0,87048.0,134700.0
36000102,111267.0,103698.0,134700.0
36000103,110367.0,103698.0,134700.0
36000104,108667.0,101048.0,134700.0
36000105,108667.0,98548.0,134700.0
36000106,99667.0,114848.0,134700.0
36000107,99667.0,113448.0,134700.0
36000108,110267.0,114848.0,134700.0
36000109,110267.0,113648.0,134700.0
36000110,108217.0,114848.0,134700.0
36000111,108217.0,113648.0,134700.0
36000112,111267.0,113648.0,134700.0
36000113,107467.0,113648.0,134700.0
36000114,109717.0,98548.0,134700.0
36000115,101067.0,99593.0,134700.0
36000116,104867.0,99593.0,134700.0
36000117,107967.0,107098.0,134700.0
36000118,101067.0,106298.0,134700.0
36000119,104867.0,106298.0,134700.0
36000120,100067.0,110448.0,134700.0
36000121,104867.0,109893.0,134700.0
36000122,98067.0,110448.0,134700.0
36000123,111267.0,110198.0,134700.0
36000124,101067.0,98548.0,134700.0
36000125,104867.0,98548.0,134700.0
36000126,107467.0,98548.0,134700.0
36000127,101067.0,101548.0,134700.0
36000128,104867.0,101548.0,134700.0
36000129,107467.0,101048.0,134700.0
36000130,107467.0,101548.0,134700.0
36000131,101067.0,104348.0,134700.0
36000132,104867.0,104348.0,134700.0
36000133,107467.0,104348.0,134700.0
36000134,110367.0,101048.0,134700.0
36000135,110367.0,107148.0,134700.0
36000136,111267.0,101048.0,134700.0
36000137,101067.0,107148.0,134700.0
36000138,107467.0,107123.0,134700.0
36000139,104867.0,107148.0,134700.0
36000140,98067.0,107148.0,134700.0
36000141,111267.0,107148.0,134700.0
36000142,104867.0,108798.0,134700.0
36000143,111267.0,108748.0,134700.0
36000144,104867.0,111848.0,134700.0
36000145,107467.0,108798.0,134700.0
36000146,107467.0,111848.0,134700.0
36000147,98067.0,113448.0,134700.0
36000148,101067.0,110448.0,134700.0
36000149,101067.0,113448.0,134700.0
36000150,98067.0,114848.0,134700.0
36000151,107467.0,114848.0,134700.0
36000152,101067.0,114848.0,134700.0
36000153,104867.0,114848.0,134700.0
36000154,107467.0,106298.0,134700.0
36000155,98067.0,101548.0,134700.0
36000156,98067.0,104348.0,134700.0
36000157,107467.0,109893.0,134700.0
36000158,104867.0,113648.0,134700.0
36000159,98067.0,98548.0,134700.0
36000160,56347.0,98548.0,134700.0
36000161,63747.0,98548.0,134700.0
36000162,56347.0,114848.0,134700.0
36000163,63747.0,114848.0,134700.0
36000164,60347.0,98548.0,134700.0
36000165,60347.0,114848.0,134700.0
36000166,16867.0,126298.0,134700.0
36000167,16867.0,87098.0,134700.0
36000168,16867.0,106698.0,134700.0
36000169,30067.0,87098.0,134700.0
36000170,30067.0,126298.0,134700.0
36000171,16867.0,114848.0,134700.0
36000172,16867.0,98548.0,134700.0
36000173,111267.0,87098.0,134700.0
36000174,111267.0,126298.0,134700.0
36000175,98067.0,87098.0,134700.0
36000176,98067.0,126298.0,134700.0
36000177,111267.0,106698.0,134700.0
36000178,111267.0,114848.0,134700.0
36000179,111267.0,98548.0,134700.0
36000180,41507.0,87098.0,134700.0
36000181,41507.0,126298.0,134700.0
36000182,52947.0,87098.0,134700.0
36000183,52947.0,126298.0,134700.0
36000184,75187.0,87098.0,134700.0
36000185,75187.0,126298.0,134700.0
36000186,86627.0,126298.0,134700.0
36000187,86627.0,87098.0,134700.0
36000188,102700.0,87048.0,134700.0
36000189,102700.0,98548.0,134700.0
36000190,102700.0,126348.0,134700.0
36000191,102700.0,114848.0,134700.0
36000192,107467.0,87048.0,134700.0
36000193,107467.0,126348.0,134700.0
36000194,119800.0,126348.0,134700.0
36000195,115533.0,126348.0,134700.0
36000196,92347.0,126348.0,134700.0
36000197,92347.0,87048.0,134700.0
36000198,80907.0,126348.0,134700.0
36000199,80907.0,87048.0,134700.0
36000200,69467.0,126348.0,134700.0
36000201,69467.0,87048.0,134700.0
36000202,47227.0,126348.0,134700.0
36000203,47227.0,87048.0,134700.0
36000204,35787.0,126348.0,134700.0
36000205,35787.0,87048.0,134700.0
36000206,58347.0,114848.0,134700.0
36000207,58347.0,126348.0,134700.0
36000208,58347.0,98548.0,134700.0
36000209,58347.0,87048.0,134700.0
36000210,20667.0,87048.0,134700.0
36000211,25167.0,98548.0,134700.0
36000212,25167.0,87048.0,134700.0
36000213,25167.0,114848.0,134700.0
36000214,25167.0,126348.0,134700.0
36000215,20667.0,126348.0,134700.0
36000216,119800.0,106698.0,134700.0
36000217,119800.0,98548.0,134700.0
36000218,119800.0,114848.0,134700.0
36000219,115533.0,106698.0,134700.0
36000220,115533.0,98548.0,134700.0
36000221,115533.0,114848.0,134700.0
36000222,92347.0,107148.0,134700.0
36000223,92347.0,98548.0,134700.0
36000224,92347.0,114848.0,134700.0
36000225,80907.0,107148.0,134700.0
36000226,80907.0,98548.0,134700.0
36000227,80907.0,114848.0,134700.0
36000228,69467.0,107148.0,134700.0
36000229,69467.0,98548.0,134700.0
36000230,69467.0,114848.0,134700.0
36000231,47227.0,107148.0,134700.0
36000232,47227.0,98548.0,134700.0
36000233,47227.0,114848.0,134700.0
36000234,35787.0,107148.0,134700.0
36000235,35787.0,98548.0,134700.0
36000236,35787.0,114848.0,134700.0
36000237,41507.0,107148.0,134700.0
36000238,75187.0,107148.0,134700.0
36000239,86627.0,107148.0,134700.0
36000240,13067.0,106698.0,134700.0
36000241,9467.0,106698.0,134700.0
36000242,75187.0,98548.0,134700.0
36000243,86627.0,98548.0,134700.0
36000244,41507.0,98548.0,134700.0
36000245,13067.0,98548.0,134700.0
36000246,9467.0,98548.0,134700.0
36000247,75187.0,114848.0,134700.0
36000248,86627.0,114848.0,134700.0
36000249,41507.0,114848.0,134700.0
36000250,13067.0,114848.0,134700.0
36000251,9467.0,114848.0,134700.0
36000252,63747.0,126298.0,134700.0
36000253,63747.0,87098.0,134700.0
36000254,16867.0,108748.0,133899.0
36000255,16867.0,110198.0,133899.0
36000256,27067.0,113448.0,134100.0
36000257,27067.0,114848.0,134100.0
36000258,20667.0,107123.0,134100.0
36000259,20667.0,108798.0,134100.0
36000260,28067.0,110448.0,134100.0
36000261,30067.0,110448.0,134100.0
36000262,16867.0,107148.0,133899.0
36000263,23267.0,107148.0,134100.0
36000264,23267.0,108798.0,134100.0
36000265,17767.0,107148.0,134000.0
36000266,20167.0,107098.0,134000.0
36000267,18417.0,98548.0,133899.0
36000268,19467.0,98548.0,133899.0
36000269,28467.0,113448.0,134100.0
36000270,30067.0,113448.0,134100.0
36000271,20667.0,98548.0,133899.0
36000272,56347.0,113448.0,134000.0
36000273,56347.0,114848.0,134000.0
36000274,53847.0,107148.0,134000.0
36000275,55947.0,107048.0,134000.0
36000276,54497.0,98548.0,133899.0
36000277,56347.0,98548.0,133899.0
36000278,107467.0,98548.0,133899.0
36000279,108667.0,98548.0,133899.0
36000280,98067.0,113448.0,134100.0
36000281,99667.0,113448.0,134100.0
36000282,107967.0,107098.0,134000.0
36000283,110367.0,107148.0,134000.0
36000284,104867.0,107148.0,134100.0
36000285,104867.0,108798.0,134100.0
36000286,111267.0,107148.0,133899.0
36000287,111267.0,108748.0,133899.0
36000288,107467.0,107123.0,134100.0
36000289,107467.0,108798.0,134100.0
36000290,101067.0,113448.0,134100.0
36000291,101067.0,114848.0,134100.0
36000292,111267.0,110198.0,133899.0
36000293,98067.0,110448.0,134100.0
36000294,100067.0,110448.0,134100.0
36000295,109717.0,98548.0,133899.0
36000296,17367.0,114848.0,134700.0
36000297,21533.0,114848.0,134700.0
36000298,22400.0,114848.0,134700.0
36000299,27767.0,114848.0,134700.0
36000300,16867.0,111060.0,134700.0
36000301,16867.0,111923.0,134700.0
36000302,16867.0,112785.0,134700.0
36000303,16867.0,109110.0,134700.0
36000304,16867.0,109473.0,134700.0
36000305,16867.0,109835.0,134700.0
36000306,27067.0,113798.0,134700.0
36000307,27067.0,114148.0,134700.0
36000308,27067.0,114498.0,134700.0
36000309,30067.0,114148.0,134700.0
36000310,27067.0,111448.0,134700.0
36000311,27067.0,112448.0,134700.0
36000312,27767.0,113448.0,134700.0
36000313,27567.0,110448.0,134700.0
36000314,30067.0,111448.0,134700.0
36000315,30067.0,112448.0,134700.0
36000316,20667.0,109345.0,134700.0
36000317,20667.0,107541.0,134700.0
36000318,20667.0,107960.0,134700.0
36000319,20667.0,108379.0,134700.0
36000320,21533.0,108798.0,134700.0
36000321,22400.0,108798.0,134700.0
36000322,23267.0,109345.0,134700.0
36000323,28567.0,110448.0,134700.0
36000324,29067.0,110448.0,134700.0
36000325,29567.0,110448.0,134700.0
36000326,16867.0,107548.0,134700.0
36000327,16867.0,107948.0,134700.0
36000328,16867.0,108348.0,134700.0
36000329,23267.0,107560.0,134700.0
36000330,23267.0,107973.0,134700.0
36000331,23267.0,108385.0,134700.0
36000332,17317.0,107148.0,134700.0
36000333,21533.0,107131.0,134700.0
36000334,22400.0,107139.0,134700.0
36000335,23267.0,106723.0,134700.0
36000336,27067.0,106723.0,134700.0
36000337,28067.0,107148.0,134700.0
36000338,29067.0,107148.0,134700.0
36000339,16867.0,101931.0,134700.0
36000340,16867.0,102814.0,134700.0
36000341,16867.0,99381.0,134700.0
36000342,16867.0,100214.0,134700.0
36000343,17317.0,101048.0,134700.0
36000344,18167.0,107139.0,134700.0
36000345,18567.0,107131.0,134700.0
36000346,18967.0,107123.0,134700.0
36000347,19367.0,107114.0,134700.0
36000348,19767.0,107106.0,134700.0
36000349,18617.0,101048.0,134700.0
36000350,20667.0,99381.0,134700.0
36000351,20667.0,100214.0,134700.0
36000352,17642.0,98548.0,134700.0
36000353,18942.0,98548.0,134700.0
36000354,21533.0,98548.0,134700.0
36000355,22400.0,98548.0,134700.0
36000356,23267.0,99070.0,134700.0
36000357,27067.0,99070.0,134700.0
36000358,28067.0,98548.0,134700.0
36000359,29067.0,98548.0,134700.0
36000360,16867.0,114248.0,134700.0
36000361,20667.0,114248.0,134700.0
36000362,20292.0,114848.0,134700.0
36000363,18142.0,114848.0,134700.0
36000364,18642.0,114848.0,134700.0
36000365,19142.0,114848.0,134700.0
36000366,19642.0,114848.0,134700.0
36000367,29267.0,114848.0,134700.0
36000368,28867.0,113448.0,134700.0
36000369,29267.0,113448.0,134700.0
36000370,29667.0,113448.0,134700.0
36000371,20067.0,101048.0,134700.0
36000372,20067.0,98548.0,134700.0
36000373,16867.0,104698.0,134700.0
36000374,16867.0,105698.0,134700.0
36000375,20667.0,106710.0,134700.0
36000376,23267.0,114248.0,134700.0
36000377,30067.0,99381.0,134700.0
36000378,30067.0,100214.0,134700.0
36000379,30067.0,100881.0,134700.0
36000380,30067.0,105281.0,134700.0
36000381,30067.0,106214.0,134700.0
36000382,30067.0,102481.0,134700.0
36000383,30067.0,103414.0,134700.0
36000384,60347.0,101873.0,134700.0
36000385,60347.0,102698.0,134700.0
36000386,60347.0,103523.0,134700.0
36000387,63747.0,111328.0,134700.0
36000388,63747.0,112208.0,134700.0
36000389,63747.0,113088.0,134700.0
36000390,63747.0,113968.0,134700.0
36000391,61022.0,114848.0,134700.0
36000392,61697.0,114848.0,134700.0
36000393,62197.0,114848.0,134700.0
36000394,62697.0,114848.0,134700.0
36000395,63197.0,114848.0,134700.0
36000396,52947.0,104560.0,134700.0
36000397,52947.0,105423.0,134700.0
36000398,52947.0,106285.0,134700.0
36000399,53722.0,98548.0,134700.0
36000400,52947.0,99381.0,134700.0
36000401,52947.0,100214.0,134700.0
36000402,52947.0,101931.0,134700.0
36000403,52947.0,102814.0,134700.0
36000404,53397.0,101048.0,134700.0
36000405,53397.0,107148.0,134700.0
36000406,56347.0,111328.0,134700.0
36000407,56347.0,112208.0,134700.0
36000408,56347.0,113088.0,134700.0
36000409,56347.0,113798.0,134700.0
36000410,56347.0,114148.0,134700.0
36000411,56347.0,114498.0,134700.0
36000412,52947.0,111128.0,134700.0
36000413,52947.0,112058.0,134700.0
36000414,52947.0,112988.0,134700.0
36000415,52947.0,113918.0,134700.0
36000416,53622.0,114848.0,134700.0
36000417,54297.0,114848.0,134700.0
36000418,54797.0,114848.0,134700.0
36000419,55297.0,114848.0,134700.0
36000420,55797.0,114848.0,134700.0
36000421,54372.0,107123.0,134700.0
36000422,54897.0,107098.0,134700.0
36000423,55422.0,107073.0,134700.0
36000424,61197.0,110448.0,134700.0
36000425,62047.0,110448.0,134700.0
36000426,62897.0,110448.0,134700.0
36000427,56347.0,106673.0,134700.0
36000428,56347.0,99381.0,134700.0
36000429,56347.0,100214.0,134700.0
36000430,54959.0,98548.0,134700.0
36000431,55422.0,98548.0,134700.0
36000432,55884.0,98548.0,134700.0
36000433,63747.0,102064.0,134700.0
36000434,63747.0,103081.0,134700.0
36000435,63747.0,104098.0,134700.0
36000436,63747.0,105114.0,134700.0
36000437,63747.0,106131.0,134700.0
36000438,63747.0,99381.0,134700.0
36000439,63747.0,100214.0,134700.0
36000440,54680.0,101048.0,134700.0
36000441,55513.0,101048.0,134700.0
36000442,60822.0,98548.0,134700.0
36000443,61297.0,98548.0,134700.0
36000444,61797.0,98548.0,134700.0
36000445,62297.0,98548.0,134700.0
36000446,62797.0,98548.0,134700.0
36000447,63272.0,98548.0,134700.0
36000448,61197.0,101048.0,134700.0
36000449,62047.0,101048.0,134700.0
36000450,62897.0,101048.0,134700.0
36000451,111267.0,104698.0,134700.0
36000452,111267.0,105698.0,134700.0
36000453,108067.0,98548.0,134700.0
36000454,108067.0,101048.0,134700.0
36000455,98467.0,113448.0,134700.0
36000456,98867.0,113448.0,134700.0
36000457,99267.0,113448.0,134700.0
36000458,98867.0,114848.0,134700.0
36000459,108492.0,114848.0,134700.0
36000460,108992.0,114848.0,134700.0
36000461,109492.0,114848.0,134700.0
36000462,109992.0,114848.0,134700.0
36000463,107842.0,114848.0,134700.0
36000464,107467.0,114248.0,134700.0
36000465,111267.0,114248.0,134700.0
36000466,110767.0,114848.0,134700.0
36000467,110492.0,98548.0,134700.0
36000468,99067.0,98548.0,134700.0
36000469,100067.0,98548.0,134700.0
36000470,105733.0,98548.0,134700.0
36000471,106600.0,98548.0,134700.0
36000472,101067.0,99070.0,134700.0
36000473,104867.0,99070.0,134700.0
36000474,107467.0,99381.0,134700.0
36000475,107467.0,100214.0,134700.0
36000476,109517.0,101048.0,134700.0
36000477,108367.0,107106.0,134700.0
36000478,108767.0,107114.0,134700.0
36000479,109167.0,107123.0,134700.0
36000480,109567.0,107131.0,134700.0
36000481,109967.0,107139.0,134700.0
36000482,110817.0,101048.0,134700.0
36000483,111267.0,99381.0,134700.0
36000484,111267.0,100214.0,134700.0
36000485,111267.0,101931.0,134700.0
36000486,111267.0,102814.0,134700.0
36000487,99067.0,107148.0,134700.0
36000488,100067.0,107148.0,134700.0
36000489,101067.0,106723.0,134700.0
36000490,104867.0,106723.0,134700.0
36000491,105733.0,107139.0,134700.0
36000492,106600.0,107131.0,134700.0
36000493,110817.0,107148.0,134700.0
36000494,104867.0,107560.0,134700.0
36000495,104867.0,107973.0,134700.0
36000496,104867.0,108385.0,134700.0
36000497,111267.0,107548.0,134700.0
36000498,111267.0,107948.0,134700.0
36000499,111267.0,108348.0,134700.0
36000500,104867.0,109345.0,134700.0
36000501,105733.0,108798.0,134700.0
36000502,106600.0,108798.0,134700.0
36000503,107467.0,107541.0,134700.0
36000504,107467.0,107960.0,134700.0
36000505,107467.0,108379.0,134700.0
36000506,107467.0,109345.0,134700.0
36000507,98067.0,111448.0,134700.0
36000508,98067.0,112448.0,134700.0
36000509,100567.0,110448.0,134700.0
36000510,100367.0,113448.0,134700.0
36000511,101067.0,111448.0,134700.0
36000512,101067.0,112448.0,134700.0
36000513,98067.0,114148.0,134700.0
36000514,101067.0,113798.0,134700.0
36000515,101067.0,114148.0,134700.0
36000516,101067.0,114498.0,134700.0
36000517,111267.0,109110.0,134700.0
36000518,111267.0,109473.0,134700.0
36000519,111267.0,109835.0,134700.0
36000520,111267.0,111060.0,134700.0
36000521,111267.0,111923.0,134700.0
36000522,111267.0,112785.0,134700.0
36000523,100367.0,114848.0,134700.0
36000524,105733.0,114848.0,134700.0
36000525,106600.0,114848.0,134700.0
36000526,107467.0,106710.0,134700.0
36000527,98067.0,102481.0,134700.0
36000528,98067.0,103414.0,134700.0
36000529,98067.0,105281.0,134700.0
36000530,98067.0,106214.0,134700.0
36000531,104867.0,114248.0,134700.0
36000532,98067.0,99381.0,134700.0
36000533,98067.0,100214.0,134700.0
36000534,98067.0,100881.0,134700.0
36000535,98567.0,110448.0,134700.0
36000536,99067.0,110448.0,134700.0
36000537,99567.0,110448.0,134700.0
36000538,109192.0,98548.0,134700.0
36000539,16867.0,114848.0,133600.0
36000540,16867.0,114848.0,132766.0
36000541,16867.0,114848.0,131933.0
36000542,17867.0,114848.0,133600.0
36000543,17867.0,114848.0,132766.0
36000544,17867.0,114848.0,131933.0
36000545,20667.0,114848.0,133600.0
36000546,20667.0,114848.0,132766.0
36000547,20667.0,114848.0,131933.0
36000548,23267.0,114848.0,133700.0
36000549,23267.0,114848.0,132833.0
36000550,23267.0,114848.0,131966.0
36000551,28467.0,114848.0,133800.0
36000552,28467.0,114848.0,132900.0
36000553,28467.0,114848.0,132000.0
36000554,27067.0,110448.0,133800.0
36000555,27067.0,110448.0,132900.0
36000556,27067.0,110448.0,132000.0
36000557,20667.0,109893.0,133800.0
36000558,20667.0,109893.0,132900.0
36000559,20667.0,109893.0,132000.0
36000560,16867.0,113648.0,133600.0
36000561,16867.0,113648.0,132766.0
36000562,16867.0,113648.0,131933.0
36000563,23267.0,109893.0,133800.0
36000564,23267.0,109893.0,132900.0
36000565,23267.0,109893.0,132000.0
36000566,16867.0,106698.0,133800.0
36000567,16867.0,106698.0,132900.0
36000568,16867.0,106698.0,132000.0
36000569,23267.0,106298.0,133800.0
36000570,23267.0,106298.0,132900.0
36000571,23267.0,106298.0,132000.0
36000572,27067.0,106298.0,133800.0
36000573,27067.0,106298.0,132900.0
36000574,27067.0,106298.0,132000.0
36000575,27067.0,107148.0,133800.0
36000576,27067.0,107148.0,132900.0
36000577,27067.0,107148.0,132000.0
36000578,16867.0,101048.0,133800.0
36000579,16867.0,101048.0,132900.0
36000580,16867.0,101048.0,132000.0
36000581,16867.0,103698.0,133800.0
36000582,16867.0,103698.0,132900.0
36000583,16867.0,103698.0,132000.0
36000584,16867.0,98548.0,133800.0
36000585,16867.0,98548.0,132900.0
36000586,16867.0,98548.0,132000.0
36000587,17767.0,101048.0,133800.0
36000588,17767.0,101048.0,132900.0
36000589,17767.0,101048.0,132000.0
36000590,19467.0,101048.0,133800.0
36000591,19467.0,101048.0,132900.0
36000592,19467.0,101048.0,132000.0
36000593,20667.0,101048.0,133800.0
36000594,20667.0,101048.0,132900.0
36000595,20667.0,101048.0,132000.0
36000596,23267.0,98548.0,133800.0
36000597,23267.0,98548.0,132900.0
36000598,23267.0,98548.0,132000.0
36000599,23267.0,99593.0,133800.0
36000600,23267.0,99593.0,132900.0
36000601,23267.0,99593.0,132000.0
36000602,27067.0,98548.0,133800.0
36000603,27067.0,98548.0,132900.0
36000604,27067.0,98548.0,132000.0
36000605,27067.0,99593.0,133800.0
36000606,27067.0,99593.0,132900.0
36000607,27067.0,99593.0,132000.0
36000608,30067.0,98548.0,133800.0
36000609,30067.0,98548.0,132900.0
36000610,30067.0,98548.0,132000.0
36000611,19917.0,114848.0,133600.0
36000612,19917.0,114848.0,132766.0
36000613,19917.0,114848.0,131933.0
36000614,30067.0,114848.0,133800.0
36000615,30067.0,114848.0,132900.0
36000616,30067.0,114848.0,132000.0
36000617,20667.0,106298.0,133800.0
36000618,20667.0,106298.0,132900.0
36000619,20667.0,106298.0,132000.0
36000620,20667.0,113648.0,133600.0
36000621,20667.0,113648.0,132766.0
36000622,20667.0,113648.0,131933.0
36000623,23267.0,113648.0,133800.0
36000624,23267.0,113648.0,132900.0
36000625,23267.0,113648.0,132000.0
36000626,20667.0,101548.0,133800.0
36000627,20667.0,101548.0,132900.0
36000628,20667.0,101548.0,132000.0
36000629,30067.0,107148.0,133800.0
36000630,30067.0,107148.0,132900.0
36000631,30067.0,107148.0,132000.0
36000632,30067.0,104348.0,133800.0
36000633,30067.0,104348.0,132900.0
36000634,30067.0,104348.0,132000.0
36000635,30067.0,101548.0,133800.0
36000636,30067.0,101548.0,132900.0
36000637,30067.0,101548.0,132000.0
36000638,60347.0,101048.0,133600.0
36000639,60347.0,101048.0,132766.0
36000640,60347.0,101048.0,131933.0
36000641,60347.0,104348.0,133600.0
36000642,60347.0,104348.0,132766.0
36000643,60347.0,104348.0,131933.0
36000644,63747.0,110448.0,133600.0
36000645,63747.0,110448.0,132766.0
36000646,63747.0,110448.0,131933.0
36000647,63747.0,114848.0,133600.0
36000648,63747.0,114848.0,132766.0
36000649,63747.0,114848.0,131933.0
36000650,60347.0,114848.0,133600.0
36000651,60347.0,114848.0,132766.0
36000652,60347.0,114848.0,131933.0
36000653,52947.0,103698.0,133800.0
36000654,52947.0,103698.0,132900.0
36000655,52947.0,103698.0,132000.0
36000656,52947.0,107148.0,133800.0
36000657,52947.0,107148.0,132900.0
36000658,52947.0,107148.0,132000.0
36000659,52947.0,98548.0,133800.0
36000660,52947.0,98548.0,132900.0
36000661,52947.0,98548.0,132000.0
36000662,52947.0,101048.0,133800.0
36000663,52947.0,101048.0,132900.0
36000664,52947.0,101048.0,132000.0
36000665,53847.0,101048.0,133800.0
36000666,53847.0,101048.0,132900.0
36000667,53847.0,101048.0,132000.0
36000668,56347.0,107048.0,133800.0
36000669,56347.0,107048.0,132900.0
36000670,56347.0,107048.0,132000.0
36000671,56347.0,110448.0,133800.0
36000672,56347.0,110448.0,132900.0
36000673,56347.0,110448.0,132000.0
36000674,52947.0,110198.0,133600.0
36000675,52947.0,110198.0,132766.0
36000676,52947.0,110198.0,131933.0
36000677,52947.0,114848.0,133600.0
36000678,52947.0,114848.0,132766.0
36000679,52947.0,114848.0,131933.0
36000680,60347.0,110448.0,133600.0
36000681,60347.0,110448.0,132766.0
36000682,60347.0,110448.0,131933.0
36000683,56347.0,106298.0,133800.0
36000684,56347.0,106298.0,132900.0
36000685,56347.0,106298.0,132000.0
36000686,56347.0,101048.0,133800.0
36000687,56347.0,101048.0,132900.0
36000688,56347.0,101048.0,132000.0
36000689,56347.0,101548.0,133800.0
36000690,56347.0,101548.0,132900.0
36000691,56347.0,101548.0,132000.0
36000692,63747.0,101048.0,133600.0
36000693,63747.0,101048.0,132766.0
36000694,63747.0,101048.0,131933.0
36000695,63747.0,107148.0,133600.0
36000696,63747.0,107148.0,132766.0
36000697,63747.0,107148.0,131933.0
36000698,63747.0,98548.0,133600.0
36000699,63747.0,98548.0,132766.0
36000700,63747.0,98548.0,131933.0
36000701,60347.0,98548.0,133600.0
36000702,60347.0,98548.0,132766.0
36000703,60347.0,98548.0,131933.0
36000704,111267.0,103698.0,133800.0
36000705,111267.0,103698.0,132900.0
36000706,111267.0,103698.0,132000.0
36000707,111267.0,106698.0,133800.0
36000708,111267.0,106698.0,132900.0
36000709,111267.0,106698.0,132000.0
36000710,107467.0,101048.0,133800.0
36000711,107467.0,101048.0,132900.0
36000712,107467.0,101048.0,132000.0
36000713,108667.0,101048.0,133800.0
36000714,108667.0,101048.0,132900.0
36000715,108667.0,101048.0,132000.0
36000716,98067.0,114848.0,133800.0
36000717,98067.0,114848.0,132900.0
36000718,98067.0,114848.0,132000.0
36000719,99667.0,114848.0,133800.0
36000720,99667.0,114848.0,132900.0
36000721,99667.0,114848.0,132000.0
36000722,108217.0,114848.0,133600.0
36000723,108217.0,114848.0,132766.0
36000724,108217.0,114848.0,131933.0
36000725,110267.0,114848.0,133600.0
36000726,110267.0,114848.0,132766.0
36000727,110267.0,114848.0,131933.0
36000728,107467.0,114848.0,133700.0
36000729,107467.0,114848.0,132833.0
36000730,107467.0,114848.0,131966.0
36000731,107467.0,113648.0,133600.0
36000732,107467.0,113648.0,132766.0
36000733,107467.0,113648.0,131933.0
36000734,111267.0,113648.0,133800.0
36000735,111267.0,113648.0,132900.0
36000736,111267.0,113648.0,132000.0
36000737,111267.0,114848.0,133700.0
36000738,111267.0,114848.0,132833.0
36000739,111267.0,114848.0,131966.0
36000740,111267.0,98548.0,133800.0
36000741,111267.0,98548.0,132900.0
36000742,111267.0,98548.0,132000.0
36000743,98067.0,98548.0,133800.0
36000744,98067.0,98548.0,132900.0
36000745,98067.0,98548.0,132000.0
36000746,101067.0,98548.0,133800.0
36000747,101067.0,98548.0,132900.0
36000748,101067.0,98548.0,132000.0
36000749,104867.0,98548.0,133800.0
36000750,104867.0,98548.0,132900.0
36000751,104867.0,98548.0,132000.0
36000752,101067.0,99593.0,133800.0
36000753,101067.0,99593.0,132900.0
36000754,101067.0,99593.0,132000.0
36000755,104867.0,99593.0,133800.0
36000756,104867.0,99593.0,132900.0
36000757,104867.0,99593.0,132000.0
36000758,107467.0,101548.0,133800.0
36000759,107467.0,101548.0,132900.0
36000760,107467.0,101548.0,132000.0
36000761,110367.0,101048.0,133800.0
36000762,110367.0,101048.0,132900.0
36000763,110367.0,101048.0,132000.0
36000764,111267.0,101048.0,133800.0
36000765,111267.0,101048.0,132900.0
36000766,111267.0,101048.0,132000.0
36000767,98067.0,107148.0,133800.0
36000768,98067.0,107148.0,132900.0
36000769,98067.0,107148.0,132000.0
36000770,101067.0,107148.0,133800.0
36000771,101067.0,107148.0,132900.0
36000772,101067.0,107148.0,132000.0
36000773,101067.0,106298.0,133800.0
36000774,101067.0,106298.0,132900.0
36000775,101067.0,106298.0,132000.0
36000776,104867.0,106298.0,133800.0
36000777,104867.0,106298.0,132900.0
36000778,104867.0,106298.0,132000.0
36000779,104867.0,109893.0,133800.0
36000780,104867.0,109893.0,132900.0
36000781,104867.0,109893.0,132000.0
36000782,107467.0,109893.0,133800.0
36000783,107467.0,109893.0,132900.0
36000784,107467.0,109893.0,132000.0
36000785,101067.0,110448.0,133800.0
36000786,101067.0,110448.0,132900.0
36000787,101067.0,110448.0,132000.0
36000788,104867.0,114848.0,133800.0
36000789,104867.0,114848.0,132900.0
36000790,104867.0,114848.0,132000.0
36000791,107467.0,106298.0,133800.0
36000792,107467.0,106298.0,132900.0
36000793,107467.0,106298.0,132000.0
36000794,98067.0,101548.0,133800.0
36000795,98067.0,101548.0,132900.0
36000796,98067.0,101548.0,132000.0
36000797,98067.0,104348.0,133800.0
36000798,98067.0,104348.0,132900.0
36000799,98067.0,104348.0,132000.0
36000800,104867.0,113648.0,133800.0
36000801,104867.0,113648.0,132900.0
36000802,104867.0,113648.0,132000.0
36000803,16867.0,109110.0,133899.0
36000804,16867.0,109473.0,133899.0
36000805,16867.0,109835.0,133899.0
36000806,27067.0,113798.0,134100.0
36000807,27067.0,114148.0,134100.0
36000808,27067.0,114498.0,134100.0
36000809,20667.0,107541.0,134100.0
36000810,20667.0,107960.0,134100.0
36000811,20667.0,108379.0,134100.0
36000812,28567.0,110448.0,134100.0
36000813,29067.0,110448.0,134100.0
36000814,29567.0,110448.0,134100.0
36000815,16867.0,107548.0,133899.0
36000816,16867.0,107948.0,133899.0
36000817,16867.0,108348.0,133899.0
36000818,23267.0,107560.0,134100.0
36000819,23267.0,107973.0,134100.0
36000820,23267.0,108385.0,134100.0
36000821,18167.0,107139.0,134000.0
36000822,18567.0,107131.0,134000.0
36000823,18967.0,107123.0,134000.0
36000824,19367.0,107114.0,134000.0
36000825,19767.0,107106.0,134000.0
36000826,18942.0,98548.0,133899.0
36000827,28867.0,113448.0,134100.0
36000828,29267.0,113448.0,134100.0
36000829,29667.0,113448.0,134100.0
36000830,20067.0,98548.0,133899.0
36000831,56347.0,113798.0,134000.0
36000832,56347.0,114148.0,134000.0
36000833,56347.0,114498.0,134000.0
36000834,54372.0,107123.0,134000.0
36000835,54897.0,107098.0,134000.0
36000836,55422.0,107073.0,134000.0
36000837,54959.0,98548.0,133899.0
36000838,55422.0,98548.0,133899.0
36000839,55884.0,98548.0,133899.0
36000840,108067.0,98548.0,133899.0
36000841,98467.0,113448.0,134100.0
36000842,98867.0,113448.0,134100.0
36000843,99267.0,113448.0,134100.0
36000844,108367.0,107106.0,134000.0
36000845,108767.0,107114.0,134000.0
36000846,109167.0,107123.0,134000.0
36000847,109567.0,107131.0,134000.0
36000848,109967.0,107139.0,134000.0
36000849,104867.0,107560.0,134100.0
36000850,104867.0,107973.0,134100.0
36000851,104867.0,108385.0,134100.0
36000852,111267.0,107548.0,133899.0
36000853,111267.0,107948.0,133899.0
36000854,111267.0,108348.0,133899.0
36000855,107467.0,107541.0,134100.0
36000856,107467.0,107960.0,134100.0
36000857,107467.0,108379.0,134100.0
36000858,101067.0,113798.0,134100.0
36000859,101067.0,114148.0,134100.0
36000860,101067.0,114498.0,134100.0
36000861,111267.0,109110.0,133899.0
36000862,111267.0,109473.0,133899.0
36000863,111267.0,109835.0,133899.0
36000864,98567.0,110448.0,134100.0
36000865,99067.0,110448.0,134100.0
36000866,99567.0,110448.0,134100.0
36000867,109192.0,98548.0,133899.0
36000868,27067.0,114848.0,132900.0
36000869,27067.0,114848.0,132000.0
36000870,27067.0,113448.0,132900.0
36000871,27067.0,113448.0,132000.0
36000872,28467.0,113448.0,132900.0
36000873,28467.0,113448.0,132000.0
36000874,20667.0,108798.0,132900.0
36000875,20667.0,108798.0,132000.0
36000876,16867.0,110198.0,132766.0
36000877,16867.0,110198.0,131933.0
36000878,28067.0,110448.0,132900.0
36000879,28067.0,110448.0,132000.0
36000880,23267.0,108798.0,132900.0
36000881,23267.0,108798.0,132000.0
36000882,16867.0,107148.0,132900.0
36000883,16867.0,107148.0,132000.0
36000884,20167.0,107098.0,132900.0
36000885,20167.0,107098.0,132000.0
36000886,20667.0,107123.0,132900.0
36000887,20667.0,107123.0,132000.0
36000888,23267.0,107148.0,132900.0
36000889,23267.0,107148.0,132000.0
36000890,20667.0,98548.0,132900.0
36000891,20667.0,98548.0,132000.0
36000892,18417.0,98548.0,132900.0
36000893,18417.0,98548.0,132000.0
36000894,17767.0,107148.0,132900.0
36000895,17767.0,107148.0,132000.0
36000896,30067.0,113448.0,132900.0
36000897,30067.0,113448.0,132000.0
36000898,30067.0,110448.0,132900.0
36000899,30067.0,110448.0,132000.0
36000900,54497.0,98548.0,132900.0
36000901,54497.0,98548.0,132000.0
36000902,53847.0,107148.0,132900.0
36000903,53847.0,107148.0,132000.0
36000904,55947.0,107048.0,132900.0
36000905,55947.0,107048.0,132000.0
36000906,56347.0,113448.0,132900.0
36000907,56347.0,113448.0,132000.0
36000908,56347.0,114848.0,132766.0
36000909,56347.0,114848.0,131933.0
36000910,56347.0,98548.0,132900.0
36000911,56347.0,98548.0,132000.0
36000912,109717.0,98548.0,132900.0
36000913,109717.0,98548.0,132000.0
36000914,107467.0,98548.0,132900.0
36000915,107467.0,98548.0,132000.0
36000916,107467.0,107123.0,132900.0
36000917,107467.0,107123.0,132000.0
36000918,107967.0,107098.0,132900.0
36000919,107967.0,107098.0,132000.0
36000920,104867.0,107148.0,132900.0
36000921,104867.0,107148.0,132000.0
36000922,110367.0,107148.0,132900.0
36000923,110367.0,107148.0,132000.0
36000924,111267.0,107148.0,132900.0
36000925,111267.0,107148.0,132000.0
36000926,104867.0,108798.0,132900.0
36000927,104867.0,108798.0,132000.0
36000928,107467.0,108798.0,132900.0
36000929,107467.0,108798.0,132000.0
36000930,98067.0,110448.0,132900.0
36000931,98067.0,110448.0,132000.0
36000932,98067.0,113448.0,132900.0
36000933,98067.0,113448.0,132000.0
36000934,100067.0,110448.0,132900.0
36000935,100067.0,110448.0,132000.0
36000936,99667.0,113448.0,132900.0
36000937,99667.0,113448.0,132000.0
36000938,101067.0,113448.0,132900.0
36000939,101067.0,113448.0,132000.0
36000940,111267.0,110198.0,132900.0
36000941,111267.0,110198.0,132000.0
36000942,101067.0,114848.0,132900.0
36000943,101067.0,114848.0,132000.0
36000944,24217.0,107148.0,134700.0
36000945,25167.0,107148.0,134700.0
36000946,26117.0,107148.0,134700.0
36000947,27067.0,108248.0,134700.0
36000948,27067.0,109348.0,134700.0
36000949,26117.0,114848.0,134700.0
36000950,24217.0,114848.0,134700.0
36000951,23267.0,112748.0,134700.0
36000952,23267.0,110870.0,134700.0
36000953,28467.0,114148.0,134700.0
36000954,17817.0,108760.0,134700.0
36000955,18767.0,108773.0,134700.0
36000956,19717.0,108785.0,134700.0
36000957,20667.0,110870.0,134700.0
36000958,20667.0,112748.0,134700.0
36000959,18892.0,113648.0,134700.0
36000960,24217.0,104348.0,134700.0
36000961,25167.0,104348.0,134700.0
36000962,26117.0,104348.0,134700.0
36000963,27067.0,105323.0,134700.0
36000964,23267.0,105323.0,134700.0
36000965,19467.0,99381.0,134700.0
36000966,19467.0,100214.0,134700.0
36000967,24217.0,101548.0,134700.0
36000968,25167.0,101548.0,134700.0
36000969,26117.0,101548.0,134700.0
36000970,27067.0,102481.0,134700.0
36000971,27067.0,103414.0,134700.0
36000972,23267.0,102481.0,134700.0
36000973,23267.0,103414.0,134700.0
36000974,24217.0,98548.0,134700.0
36000975,26117.0,98548.0,134700.0
36000976,27067.0,100570.0,134700.0
36000977,23267.0,100570.0,134700.0
36000978,56347.0,107898.0,134700.0
36000979,53797.0,108748.0,134700.0
36000980,54647.0,108748.0,134700.0
36000981,55497.0,108748.0,134700.0
36000982,52947.0,107948.0,134700.0
36000983,108667.0,99381.0,134700.0
36000984,108667.0,100214.0,134700.0
36000985,99667.0,114148.0,134700.0
36000986,109242.0,113648.0,134700.0
36000987,108417.0,108785.0,134700.0
36000988,109367.0,108773.0,134700.0
36000989,110317.0,108760.0,134700.0
36000990,107467.0,112748.0,134700.0
36000991,107467.0,110870.0,134700.0
36000992,101883.0,98548.0,134700.0
36000993,103783.0,98548.0,134700.0
36000994,104867.0,100570.0,134700.0
36000995,102017.0,101548.0,134700.0
36000996,102967.0,101548.0,134700.0
36000997,103917.0,101548.0,134700.0
36000998,101067.0,100570.0,134700.0
36000999,102017.0,104348.0,134700.0
36001000,102967.0,104348.0,134700.0
36001001,103917.0,104348.0,134700.0
36001002,104867.0,105323.0,134700.0
36001003,102017.0,107148.0,134700.0
36001004,102967.0,107148.0,134700.0
36001005,103917.0,107148.0,134700.0
36001006,101067.0,105323.0,134700.0
36001007,104867.0,110870.0,134700.0
36001008,104867.0,112748.0,134700.0
36001009,103783.0,114848.0,134700.0
36001010,101883.0,114848.0,134700.0
36001011,101067.0,108248.0,134700.0
36001012,101067.0,109348.0,134700.0
36001013,104867.0,102481.0,134700.0
36001014,104867.0,103414.0,134700.0
36001015,101067.0,102481.0,134700.0
36001016,101067.0,103414.0,134700.0
36001019,64105.0,106303.0,134700.0
36001020,108667.0,98548.0,134299.0
36001021,109192.0,98548.0,134299.0
36001022,109717.0,98548.0,134299.0
36001023,98067.0,110448.0,134400.0
36001024,98567.0,110448.0,134400.0
36001025,99067.0,110448.0,134400.0
36001026,99567.0,110448.0,134400.0
36001027,100067.0,110448.0,134400.0
36001028,111267.0,108748.0,134299.0
36001029,111267.0,109110.0,134299.0
36001030,111267.0,109473.0,134299.0
36001031,111267.0,109835.0,134299.0
36001032,111267.0,110198.0,134299.0
36001033,101067.0,113448.0,134400.0
36001034,101067.0,113798.0,134400.0
36001035,101067.0,114148.0,134400.0
36001036,101067.0,114498.0,134400.0
36001037,101067.0,114848.0,134400.0
36001038,107467.0,107123.0,134400.0
36001039,107467.0,107541.0,134400.0
36001040,107467.0,107960.0,134400.0
36001041,107467.0,108379.0,134400.0
36001042,107467.0,108798.0,134400.0
36001043,111267.0,107148.0,134299.0
36001044,111267.0,107548.0,134299.0
36001045,111267.0,107948.0,134299.0
36001046,111267.0,108348.0,134299.0
36001047,104867.0,107148.0,134400.0
36001048,104867.0,107560.0,134400.0
36001049,104867.0,107973.0,134400.0
36001050,104867.0,108385.0,134400.0
36001051,104867.0,108798.0,134400.0
36001052,107967.0,107098.0,134350.0
36001053,108367.0,107106.0,134350.0
36001054,108767.0,107114.0,134350.0
36001055,109167.0,107123.0,134350.0
36001056,109567.0,107131.0,134350.0
36001057,109967.0,107139.0,134350.0
36001058,110367.0,107148.0,134350.0
36001059,98067.0,113448.0,134400.0
36001060,98467.0,113448.0,134400.0
36001061,98867.0,113448.0,134400.0
36001062,99267.0,113448.0,134400.0
36001063,99667.0,113448.0,134400.0
36001064,107467.0,98548.0,134299.0
36001065,108067.0,98548.0,134299.0
36001066,54497.0,98548.0,134299.0
36001067,54959.0,98548.0,134299.0
36001068,55422.0,98548.0,134299.0
36001069,55884.0,98548.0,134299.0
36001070,56347.0,98548.0,134299.0
36001071,53847.0,107148.0,134350.0
36001072,54372.0,107123.0,134350.0
36001073,54897.0,107098.0,134350.0
36001074,55422.0,107073.0,134350.0
36001075,55947.0,107048.0,134350.0
36001076,56347.0,113448.0,134350.0
36001077,56347.0,113798.0,134350.0
36001078,56347.0,114148.0,134350.0
36001079,56347.0,114498.0,134350.0
36001080,56347.0,114848.0,134350.0
36001081,19467.0,98548.0,134299.0
36001082,20067.0,98548.0,134299.0
36001083,20667.0,98548.0,134299.0
36001084,28467.0,113448.0,134400.0
36001085,28867.0,113448.0,134400.0
36001086,29267.0,113448.0,134400.0
36001087,29667.0,113448.0,134400.0
36001088,30067.0,113448.0,134400.0
36001089,18417.0,98548.0,134299.0
36001090,18942.0,98548.0,134299.0
36001091,17767.0,107148.0,134350.0
36001092,18167.0,107139.0,134350.0
36001093,18567.0,107131.0,134350.0
36001094,18967.0,107123.0,134350.0
36001095,19367.0,107114.0,134350.0
36001096,19767.0,107106.0,134350.0
36001097,20167.0,107098.0,134350.0
36001098,23267.0,107148.0,134400.0
36001099,23267.0,107560.0,134400.0
36001100,23267.0,107973.0,134400.0
36001101,23267.0,108385.0,134400.0
36001102,23267.0,108798.0,134400.0
36001103,16867.0,107148.0,134299.0
36001104,16867.0,107548.0,134299.0
36001105,16867.0,107948.0,134299.0
36001106,16867.0,108348.0,134299.0
36001107,16867.0,108748.0,134299.0
36001108,28067.0,110448.0,134400.0
36001109,28567.0,110448.0,134400.0
36001110,29067.0,110448.0,134400.0
36001111,29567.0,110448.0,134400.0
36001112,30067.0,110448.0,134400.0
36001113,20667.0,107123.0,134400.0
36001114,20667.0,107541.0,134400.0
36001115,20667.0,107960.0,134400.0
36001116,20667.0,108379.0,134400.0
36001117,20667.0,108798.0,134400.0
36001118,27067.0,113448.0,134400.0
36001119,27067.0,113798.0,134400.0
36001120,27067.0,114148.0,134400.0
36001121,27067.0,114498.0,134400.0
36001122,27067.0,114848.0,134400.0
36001123,16867.0,109110.0,134299.0
36001124,16867.0,109473.0,134299.0
36001125,16867.0,109835.0,134299.0
36001126,16867.0,110198.0,134299.0
36001127,17367.0,114848.0,133600.0
36001128,17367.0,114848.0,131933.0
36001129,17367.0,114848.0,132766.0
36001130,21533.0,114848.0,133700.0
36001131,22400.0,114848.0,133700.0
36001132,21533.0,114848.0,131966.0
36001133,22400.0,114848.0,131966.0
36001134,21533.0,114848.0,132833.0
36001135,22400.0,114848.0,132833.0
36001136,27767.0,114848.0,133800.0
36001137,27767.0,114848.0,132000.0
36001138,27767.0,114848.0,132900.0
36001139,16867.0,111060.0,133899.0
36001140,16867.0,111923.0,133899.0
36001141,16867.0,112785.0,133899.0
36001142,16867.0,111060.0,131933.0
36001143,16867.0,111923.0,131933.0
36001144,16867.0,112785.0,131933.0
36001145,16867.0,111060.0,132766.0
36001146,16867.0,112785.0,132766.0
36001147,16867.0,111923.0,132766.0
36001148,30067.0,114148.0,133800.0
36001149,30067.0,114148.0,132000.0
36001150,30067.0,114148.0,132900.0
36001151,27067.0,111448.0,133800.0
36001152,27067.0,112448.0,133800.0
36001153,27067.0,111448.0,132000.0
36001154,27067.0,112448.0,132000.0
36001155,27067.0,111448.0,132900.0
36001156,27067.0,112448.0,132900.0
36001157,27767.0,113448.0,134100.0
36001158,27767.0,113448.0,132000.0
36001159,27767.0,113448.0,132900.0
36001160,27567.0,110448.0,133800.0
36001161,27567.0,110448.0,132000.0
36001162,27567.0,110448.0,132900.0
36001163,30067.0,111448.0,134100.0
36001164,30067.0,112448.0,134100.0
36001165,30067.0,111448.0,132000.0
36001166,30067.0,112448.0,132000.0
36001167,30067.0,111448.0,132900.0
36001168,30067.0,112448.0,132900.0
36001169,20667.0,109345.0,133800.0
36001170,20667.0,109345.0,132000.0
36001171,20667.0,109345.0,132900.0
36001172,21533.0,108798.0,134100.0
36001173,22400.0,108798.0,134100.0
36001174,21533.0,108798.0,132000.0
36001175,22400.0,108798.0,132000.0
36001176,21533.0,108798.0,132900.0
36001177,22400.0,108798.0,132900.0
36001178,23267.0,109345.0,133800.0
36001179,23267.0,109345.0,132000.0
36001180,23267.0,109345.0,132900.0
36001181,17317.0,107148.0,133899.0
36001182,17317.0,107148.0,132000.0
36001183,17317.0,107148.0,132900.0
36001184,21533.0,107131.0,134100.0
36001185,22400.0,107139.0,134100.0
36001186,21533.0,107131.0,132000.0
36001187,22400.0,107139.0,132000.0
36001188,21533.0,107131.0,132900.0
36001189,22400.0,107139.0,132900.0
36001190,23267.0,106723.0,133800.0
36001191,23267.0,106723.0,132000.0
36001192,23267.0,106723.0,132900.0
36001193,27067.0,106723.0,133800.0
36001194,27067.0,106723.0,132000.0
36001195,27067.0,106723.0,132900.0
36001196,28067.0,107148.0,133800.0
36001197,29067.0,107148.0,133800.0
36001198,28067.0,107148.0,132000.0
36001199,29067.0,107148.0,132000.0
36001200,28067.0,107148.0,132900.0
36001201,29067.0,107148.0,132900.0
36001202,16867.0,101931.0,133800.0
36001203,16867.0,102814.0,133800.0
36001204,16867.0,101931.0,132000.0
36001205,16867.0,102814.0,132000.0
36001206,16867.0,101931.0,132900.0
36001207,16867.0,102814.0,132900.0
36001208,16867.0,99381.0,133800.0
36001209,16867.0,100214.0,133800.0
36001210,16867.0,99381.0,132000.0
36001211,16867.0,100214.0,132000.0
36001212,16867.0,99381.0,132900.0
36001213,16867.0,100214.0,132900.0
36001214,17317.0,101048.0,133800.0
36001215,17317.0,101048.0,132000.0
36001216,17317.0,101048.0,132900.0
36001217,18617.0,101048.0,133800.0
36001218,18617.0,101048.0,132000.0
36001219,18617.0,101048.0,132900.0
36001220,20667.0,99381.0,133800.0
36001221,20667.0,100214.0,133800.0
36001222,20667.0,99381.0,132000.0
36001223,20667.0,100214.0,132000.0
36001224,20667.0,99381.0,132900.0
36001225,20667.0,100214.0,132900.0
36001226,17642.0,98548.0,133800.0
36001227,17642.0,98548.0,132000.0
36001228,17642.0,98548.0,132900.0
36001229,21533.0,98548.0,133800.0
36001230,22400.0,98548.0,133800.0
36001231,21533.0,98548.0,132000.0
36001232,22400.0,98548.0,132000.0
36001233,21533.0,98548.0,132900.0
36001234,22400.0,98548.0,132900.0
36001235,23267.0,99070.0,133800.0
36001236,23267.0,99070.0,132000.0
36001237,23267.0,99070.0,132900.0
36001238,27067.0,99070.0,133800.0
36001239,27067.0,99070.0,132000.0
36001240,27067.0,99070.0,132900.0
36001241,28067.0,98548.0,133800.0
36001242,29067.0,98548.0,133800.0
36001243,28067.0,98548.0,132000.0
36001244,29067.0,98548.0,132000.0
36001245,28067.0,98548.0,132900.0
36001246,29067.0,98548.0,132900.0
36001247,16867.0,114248.0,133600.0
36001248,16867.0,114248.0,131933.0
36001249,16867.0,114248.0,132766.0
36001250,20667.0,114248.0,133600.0
36001251,20667.0,114248.0,131933.0
36001252,20667.0,114248.0,132766.0
36001253,20292.0,114848.0,133600.0
36001254,20292.0,114848.0,131933.0
36001255,20292.0,114848.0,132766.0
36001256,18142.0,114848.0,133600.0
36001257,18145.0,114848.0,134150.0
36001258,18642.0,114848.0,134150.0
36001259,19142.0,114848.0,134150.0
36001260,19639.0,114848.0,134150.0
36001261,19642.0,114848.0,133600.0
36001262,18142.0,114848.0,131933.0
36001263,19642.0,114848.0,131933.0
36001264,18142.0,114848.0,132766.0
36001265,19642.0,114848.0,132766.0
36001266,18642.0,114848.0,133600.0
36001267,19142.0,114848.0,133600.0
36001268,29267.0,114848.0,133800.0
36001269,29267.0,114848.0,132000.0
36001270,29267.0,114848.0,132900.0
36001271,20067.0,101048.0,133800.0
36001272,20067.0,101048.0,132000.0
36001273,20067.0,101048.0,132900.0
36001274,16867.0,104698.0,133800.0
36001275,16867.0,105698.0,133800.0
36001276,16867.0,104698.0,132000.0
36001277,16867.0,105698.0,132000.0
36001278,16867.0,104698.0,132900.0
36001279,16867.0,105698.0,132900.0
36001280,20667.0,106710.0,133800.0
36001281,20667.0,106710.0,132000.0
36001282,20667.0,106710.0,132900.0
36001283,23267.0,114248.0,133800.0
36001284,23267.0,114248.0,132000.0
36001285,23267.0,114248.0,132900.0
36001286,30067.0,99381.0,133800.0
36001287,30067.0,100214.0,133800.0
36001288,30067.0,100881.0,133800.0
36001289,30067.0,99381.0,132000.0
36001290,30067.0,100214.0,132000.0
36001291,30067.0,100881.0,132000.0
36001292,30067.0,99381.0,132900.0
36001293,30067.0,100881.0,132900.0
36001294,30067.0,100214.0,132900.0
36001295,30067.0,105281.0,133800.0
36001296,30067.0,106214.0,133800.0
36001297,30067.0,105281.0,132000.0
36001298,30067.0,106214.0,132000.0
36001299,30067.0,105281.0,132900.0
36001300,30067.0,106214.0,132900.0
36001301,30067.0,102481.0,133800.0
36001302,30067.0,103414.0,133800.0
36001303,30067.0,102481.0,132000.0
36001304,30067.0,103414.0,132000.0
36001305,30067.0,102481.0,132900.0
36001306,30067.0,103414.0,132900.0
36001307,60347.0,101873.0,133600.0
36001308,60347.0,102698.0,133600.0
36001309,60347.0,103523.0,133600.0
36001310,60347.0,101873.0,131933.0
36001311,60347.0,102698.0,131933.0
36001312,60347.0,103523.0,131933.0
36001313,60347.0,101873.0,132766.0
36001314,60347.0,103523.0,132766.0
36001315,60347.0,102698.0,132766.0
36001316,63747.0,111328.0,133600.0
36001317,63747.0,112208.0,133600.0
36001318,63747.0,113088.0,133600.0
36001319,63747.0,113968.0,133600.0
36001320,63747.0,111328.0,131933.0
36001321,63747.0,112208.0,131933.0
36001322,63747.0,113088.0,131933.0
36001323,63747.0,113968.0,131933.0
36001324,63747.0,111328.0,132766.0
36001325,63747.0,113968.0,132766.0
36001326,63747.0,112208.0,132766.0
36001327,63747.0,113088.0,132766.0
36001328,61022.0,114848.0,133600.0
36001329,61697.0,114848.0,133600.0
36001330,61700.0,114848.0,134150.0
36001331,62197.0,114848.0,134150.0
36001332,62697.0,114848.0,134150.0
36001333,63194.0,114848.0,134150.0
36001334,63197.0,114848.0,133600.0
36001335,61022.0,114848.0,131933.0
36001336,61697.0,114848.0,131933.0
36001337,63197.0,114848.0,131933.0
36001338,61022.0,114848.0,132766.0
36001339,63197.0,114848.0,132766.0
36001340,62197.0,114848.0,133600.0
36001341,61697.0,114848.0,132766.0
36001342,62697.0,114848.0,133600.0
36001343,52947.0,104560.0,133800.0
36001344,52947.0,105423.0,133800.0
36001345,52947.0,106285.0,133800.0
36001346,52947.0,104560.0,132000.0
36001347,52947.0,105423.0,132000.0
36001348,52947.0,106285.0,132000.0
36001349,52947.0,104560.0,132900.0
36001350,52947.0,106285.0,132900.0
36001351,52947.0,105423.0,132900.0
36001352,53722.0,98548.0,133800.0
36001353,53722.0,98548.0,132000.0
36001354,53722.0,98548.0,132900.0
36001355,52947.0,99381.0,133800.0
36001356,52947.0,100214.0,133800.0
36001357,52947.0,99381.0,132000.0
36001358,52947.0,100214.0,132000.0
36001359,52947.0,99381.0,132900.0
36001360,52947.0,100214.0,132900.0
36001361,52947.0,101931.0,133800.0
36001362,52947.0,102814.0,133800.0
36001363,52947.0,101931.0,132000.0
36001364,52947.0,102814.0,132000.0
36001365,52947.0,101931.0,132900.0
36001366,52947.0,102814.0,132900.0
36001367,53397.0,101048.0,133800.0
36001368,53397.0,101048.0,132000.0
36001369,53397.0,101048.0,132900.0
36001370,53397.0,107148.0,133800.0
36001371,53397.0,107148.0,132000.0
36001372,53397.0,107148.0,132900.0
36001373,56347.0,111328.0,133800.0
36001374,56347.0,112208.0,133800.0
36001375,56347.0,113088.0,133800.0
36001376,56347.0,111328.0,132000.0
36001377,56347.0,112208.0,132000.0
36001378,56347.0,113088.0,132000.0
36001379,56347.0,111328.0,132900.0
36001380,56347.0,113088.0,132900.0
36001381,56347.0,112208.0,132900.0
36001382,52947.0,111128.0,133600.0
36001383,52947.0,112058.0,133600.0
36001384,52947.0,112988.0,133600.0
36001385,52947.0,113918.0,133600.0
36001386,52947.0,111128.0,131933.0
36001387,52947.0,112058.0,131933.0
36001388,52947.0,112988.0,131933.0
36001389,52947.0,113918.0,131933.0
36001390,52947.0,111128.0,132766.0
36001391,52947.0,113918.0,132766.0
36001392,52947.0,112058.0,132766.0
36001393,52947.0,112988.0,132766.0
36001394,53622.0,114848.0,133600.0
36001395,54297.0,114848.0,133600.0
36001396,54300.0,114848.0,134150.0
36001397,54797.0,114848.0,134150.0
36001398,55297.0,114848.0,134150.0
36001399,55794.0,114848.0,134150.0
36001400,55797.0,114848.0,133600.0
36001401,53622.0,114848.0,131933.0
36001402,54297.0,114848.0,131933.0
36001403,55797.0,114848.0,131933.0
36001404,53622.0,114848.0,132766.0
36001405,55797.0,114848.0,132766.0
36001406,54797.0,114848.0,133600.0
36001407,54297.0,114848.0,132766.0
36001408,55297.0,114848.0,133600.0
36001409,61197.0,110448.0,133600.0
36001410,62047.0,110448.0,133600.0
36001411,62897.0,110448.0,133600.0
36001412,61197.0,110448.0,131933.0
36001413,62047.0,110448.0,131933.0
36001414,62897.0,110448.0,131933.0
36001415,61197.0,110448.0,132766.0
36001416,62897.0,110448.0,132766.0
36001417,62047.0,110448.0,132766.0
36001418,56347.0,106673.0,133800.0
36001419,56347.0,106673.0,132000.0
36001420,56347.0,106673.0,132900.0
36001421,56347.0,99381.0,133800.0
36001422,56347.0,100214.0,133800.0
36001423,56347.0,99381.0,132000.0
36001424,56347.0,100214.0,132000.0
36001425,56347.0,99381.0,132900.0
36001426,56347.0,100214.0,132900.0
36001427,63747.0,102064.0,133600.0
36001428,63747.0,103081.0,133600.0
36001429,63747.0,104098.0,133600.0
36001430,63747.0,105114.0,133600.0
36001431,63747.0,106131.0,133600.0
36001432,63747.0,102064.0,131933.0
36001433,63747.0,103081.0,131933.0
36001434,63747.0,104098.0,131933.0
36001435,63747.0,105114.0,131933.0
36001436,63747.0,106131.0,131933.0
36001437,63747.0,102064.0,132766.0
36001438,63747.0,106131.0,132766.0
36001439,63747.0,103081.0,132766.0
36001440,63747.0,104098.0,132766.0
36001441,63747.0,105114.0,132766.0
36001442,63747.0,99381.0,133600.0
36001443,63747.0,100214.0,133600.0
36001444,63747.0,99381.0,131933.0
36001445,63747.0,100214.0,131933.0
36001446,63747.0,99381.0,132766.0
36001447,63747.0,100214.0,132766.0
36001448,54680.0,101048.0,133800.0
36001449,55513.0,101048.0,133800.0
36001450,54680.0,101048.0,132000.0
36001451,55513.0,101048.0,132000.0
36001452,54680.0,101048.0,132900.0
36001453,55513.0,101048.0,132900.0
36001454,60822.0,98548.0,133600.0
36001455,61297.0,98548.0,133600.0
36001456,61300.0,98548.0,134150.0
36001457,61797.0,98548.0,134150.0
36001458,62297.0,98548.0,134150.0
36001459,62794.0,98548.0,134150.0
36001460,62797.0,98548.0,133600.0
36001461,63272.0,98548.0,133600.0
36001462,60822.0,98548.0,131933.0
36001463,61297.0,98548.0,131933.0
36001464,63272.0,98548.0,131933.0
36001465,62797.0,98548.0,131933.0
36001466,60822.0,98548.0,132766.0
36001467,63272.0,98548.0,132766.0
36001468,61797.0,98548.0,133600.0
36001469,61297.0,98548.0,132766.0
36001470,62297.0,98548.0,133600.0
36001471,62797.0,98548.0,132766.0
36001472,61197.0,101048.0,133600.0
36001473,62047.0,101048.0,133600.0
36001474,62897.0,101048.0,133600.0
36001475,61197.0,101048.0,131933.0
36001476,62047.0,101048.0,131933.0
36001477,62897.0,101048.0,131933.0
36001478,61197.0,101048.0,132766.0
36001479,62897.0,101048.0,132766.0
36001480,62047.0,101048.0,132766.0
36001481,111267.0,104698.0,133800.0
36001482,111267.0,105698.0,133800.0
36001483,111267.0,104698.0,132000.0
36001484,111267.0,105698.0,132000.0
36001485,111267.0,104698.0,132900.0
36001486,111267.0,105698.0,132900.0
36001487,108067.0,101048.0,133800.0
36001488,108067.0,101048.0,132000.0
36001489,108067.0,101048.0,132900.0
36001490,98867.0,114848.0,133800.0
36001491,98867.0,114848.0,132000.0
36001492,98867.0,114848.0,132900.0
36001493,108492.0,114848.0,133600.0
36001494,108495.0,114848.0,134150.0
36001495,108992.0,114848.0,134150.0
36001496,109492.0,114848.0,134150.0
36001497,109989.0,114848.0,134150.0
36001498,109992.0,114848.0,133600.0
36001499,108492.0,114848.0,131933.0
36001500,109992.0,114848.0,131933.0
36001501,108492.0,114848.0,132766.0
36001502,109992.0,114848.0,132766.0
36001503,108992.0,114848.0,133600.0
36001504,109492.0,114848.0,133600.0
36001505,107842.0,114848.0,133700.0
36001506,107842.0,114848.0,131966.0
36001507,107842.0,114848.0,132833.0
36001508,107467.0,114248.0,133700.0
36001509,107467.0,114248.0,131966.0
36001510,107467.0,114248.0,132833.0
36001511,111267.0,114248.0,133800.0
36001512,111267.0,114248.0,132000.0
36001513,111267.0,114248.0,132900.0
36001514,110767.0,114848.0,133700.0
36001515,110767.0,114848.0,131966.0
36001516,110767.0,114848.0,132833.0
36001517,110492.0,98548.0,133800.0
36001518,110492.0,98548.0,132000.0
36001519,110492.0,98548.0,132900.0
36001520,99067.0,98548.0,133800.0
36001521,100067.0,98548.0,133800.0
36001522,99067.0,98548.0,132000.0
36001523,100067.0,98548.0,132000.0
36001524,99067.0,98548.0,132900.0
36001525,100067.0,98548.0,132900.0
36001526,105733.0,98548.0,133800.0
36001527,106600.0,98548.0,133800.0
36001528,105733.0,98548.0,132000.0
36001529,106600.0,98548.0,132000.0
36001530,105733.0,98548.0,132900.0
36001531,106600.0,98548.0,132900.0
36001532,101067.0,99070.0,133800.0
36001533,101067.0,99070.0,132000.0
36001534,101067.0,99070.0,132900.0
36001535,104867.0,99070.0,133800.0
36001536,104867.0,99070.0,132000.0
36001537,104867.0,99070.0,132900.0
36001538,107467.0,99381.0,133800.0
36001539,107467.0,100214.0,133800.0
36001540,107467.0,99381.0,132000.0
36001541,107467.0,100214.0,132000.0
36001542,107467.0,99381.0,132900.0
36001543,107467.0,100214.0,132900.0
36001544,109517.0,101048.0,133800.0
36001545,109517.0,101048.0,132000.0
36001546,109517.0,101048.0,132900.0
36001547,110817.0,101048.0,133800.0
36001548,110817.0,101048.0,132000.0
36001549,110817.0,101048.0,132900.0
36001550,111267.0,99381.0,133800.0
36001551,111267.0,100214.0,133800.0
36001552,111267.0,99381.0,132000.0
36001553,111267.0,100214.0,132000.0
36001554,111267.0,99381.0,132900.0
36001555,111267.0,100214.0,132900.0
36001556,111267.0,101931.0,133800.0
36001557,111267.0,102814.0,133800.0
36001558,111267.0,101931.0,132000.0
36001559,111267.0,102814.0,132000.0
36001560,111267.0,101931.0,132900.0
36001561,111267.0,102814.0,132900.0
36001562,99067.0,107148.0,133800.0
36001563,100067.0,107148.0,133800.0
36001564,99067.0,107148.0,132000.0
36001565,100067.0,107148.0,132000.0
36001566,99067.0,107148.0,132900.0
36001567,100067.0,107148.0,132900.0
36001568,101067.0,106723.0,133800.0
36001569,101067.0,106723.0,132000.0
36001570,101067.0,106723.0,132900.0
36001571,104867.0,106723.0,133800.0
36001572,104867.0,106723.0,132000.0
36001573,104867.0,106723.0,132900.0
36001574,105733.0,107139.0,134100.0
36001575,106600.0,107131.0,134100.0
36001576,105733.0,107139.0,132000.0
36001577,106600.0,107131.0,132000.0
36001578,105733.0,107139.0,132900.0
36001579,106600.0,107131.0,132900.0
36001580,110817.0,107148.0,133899.0
36001581,110817.0,107148.0,132000.0
36001582,110817.0,107148.0,132900.0
36001583,104867.0,109345.0,133800.0
36001584,104867.0,109345.0,132000.0
36001585,104867.0,109345.0,132900.0
36001586,105733.0,108798.0,134100.0
36001587,106600.0,108798.0,134100.0
36001588,105733.0,108798.0,132000.0
36001589,106600.0,108798.0,132000.0
36001590,105733.0,108798.0,132900.0
36001591,106600.0,108798.0,132900.0
36001592,107467.0,109345.0,133800.0
36001593,107467.0,109345.0,132000.0
36001594,107467.0,109345.0,132900.0
36001595,98067.0,111448.0,134100.0
36001596,98067.0,112448.0,134100.0
36001597,98067.0,111448.0,132000.0
36001598,98067.0,112448.0,132000.0
36001599,98067.0,111448.0,132900.0
36001600,98067.0,112448.0,132900.0
36001601,100567.0,110448.0,133800.0
36001602,100567.0,110448.0,132000.0
36001603,100567.0,110448.0,132900.0
36001604,100367.0,113448.0,134100.0
36001605,100367.0,113448.0,132000.0
36001606,100367.0,113448.0,132900.0
36001607,101067.0,111448.0,133800.0
36001608,101067.0,112448.0,133800.0
36001609,101067.0,111448.0,132000.0
36001610,101067.0,112448.0,132000.0
36001611,101067.0,111448.0,132900.0
36001612,101067.0,112448.0,132900.0
36001613,98067.0,114148.0,133800.0
36001614,98067.0,114148.0,132000.0
36001615,98067.0,114148.0,132900.0
36001616,111267.0,111060.0,133800.0
36001617,111267.0,111923.0,133800.0
36001618,111267.0,112785.0,133800.0
36001619,111267.0,111060.0,132000.0
36001620,111267.0,111923.0,132000.0
36001621,111267.0,112785.0,132000.0
36001622,111267.0,111060.0,132900.0
36001623,111267.0,112785.0,132900.0
36001624,111267.0,111923.0,132900.0
36001625,100367.0,114848.0,133800.0
36001626,100367.0,114848.0,132000.0
36001627,100367.0,114848.0,132900.0
36001628,105733.0,114848.0,133800.0
36001629,106600.0,114848.0,133800.0
36001630,105733.0,114848.0,132000.0
36001631,106600.0,114848.0,132000.0
36001632,105733.0,114848.0,132900.0
36001633,106600.0,114848.0,132900.0
36001634,107467.0,106710.0,133800.0
36001635,107467.0,106710.0,132000.0
36001636,107467.0,106710.0,132900.0
36001637,98067.0,102481.0,133800.0
36001638,98067.0,103414.0,133800.0
36001639,98067.0,102481.0,132000.0
36001640,98067.0,103414.0,132000.0
36001641,98067.0,102481.0,132900.0
36001642,98067.0,103414.0,132900.0
36001643,98067.0,105281.0,133800.0
36001644,98067.0,106214.0,133800.0
36001645,98067.0,105281.0,132000.0
36001646,98067.0,106214.0,132000.0
36001647,98067.0,105281.0,132900.0
36001648,98067.0,106214.0,132900.0
36001649,104867.0,114248.0,133800.0
36001650,104867.0,114248.0,132000.0
36001651,104867.0,114248.0,132900.0
36001652,98067.0,99381.0,133800.0
36001653,98067.0,100214.0,133800.0
36001654,98067.0,100881.0,133800.0
36001655,98067.0,99381.0,132000.0
36001656,98067.0,100214.0,132000.0
36001657,98067.0,100881.0,132000.0
36001658,98067.0,99381.0,132900.0
36001659,98067.0,100881.0,132900.0
36001660,98067.0,100214.0,132900.0
36001661,24217.0,113842.0,134700.0
36001662,24217.0,112888.0,134700.0
36001663,24217.0,111942.0,134700.0
36001664,24217.0,110977.0,134700.0
36001665,24217.0,109999.0,134700.0
36001666,24217.0,109011.0,134700.0
36001667,24217.0,108071.0,134700.0
36001668,25167.0,113929.0,134700.0
36001669,25167.0,113007.0,134700.0
36001670,25167.0,112066.0,134700.0
36001671,25167.0,111102.0,134700.0
36001672,25167.0,110119.0,134700.0
36001673,25167.0,109126.0,134700.0
36001674,25167.0,108135.0,134700.0
36001675,26117.0,114015.0,134700.0
36001676,26117.0,113157.0,134700.0
36001677,26117.0,112223.0,134700.0
36001678,26117.0,111253.0,134700.0
36001679,26117.0,110256.0,134700.0
36001680,26117.0,109228.0,134700.0
36001681,26117.0,108189.0,134700.0
36001682,27767.0,114148.0,134700.0
36001683,29267.0,114148.0,134700.0
36001684,17833.0,112807.0,134700.0
36001685,17803.0,111978.0,134700.0
36001686,17814.0,109560.0,134700.0
36001687,17803.0,110360.0,134700.0
36001688,17797.0,111175.0,134700.0
36001689,18747.0,110499.0,134700.0
36001690,18711.0,111308.0,134700.0
36001691,18758.0,109644.0,134700.0
36001692,18725.0,111989.0,134700.0
36001693,18796.0,112799.0,134700.0
36001694,19605.0,111720.0,134700.0
36001695,19687.0,110724.0,134700.0
36001696,19711.0,109759.0,134700.0
36001697,19736.0,112715.0,134700.0
36001698,17727.0,107952.0,134700.0
36001699,18522.0,107951.0,134700.0
36001700,19173.0,107945.0,134700.0
36001701,19928.0,107945.0,134700.0
36001702,21533.0,107964.0,134700.0
36001703,22400.0,107968.0,134700.0
36001704,24217.0,106235.0,134700.0
36001705,24217.0,105296.0,134700.0
36001706,25167.0,106224.0,134700.0
36001707,25167.0,105289.0,134700.0
36001708,26117.0,106235.0,134700.0
36001709,26117.0,105296.0,134700.0
36001710,17733.0,100214.0,134700.0
36001711,17704.0,99381.0,134700.0
36001712,18596.0,100214.0,134700.0
36001713,18559.0,99381.0,134700.0
36001714,24217.0,103414.0,134700.0
36001715,24217.0,102481.0,134700.0
36001716,25167.0,103414.0,134700.0
36001717,25167.0,102481.0,134700.0
36001718,26117.0,103414.0,134700.0
36001719,26117.0,102481.0,134700.0
36001720,24217.0,100556.0,134700.0
36001721,24217.0,99559.0,134700.0
36001722,25167.0,100552.0,134700.0
36001723,25167.0,99553.0,134700.0
36001724,26117.0,100556.0,134700.0
36001725,26117.0,99559.0,134700.0
36001726,53835.0,107943.0,134700.0
36001727,54736.0,107923.0,134700.0
36001728,55602.0,107903.0,134700.0
36001729,109538.0,100214.0,134700.0
36001730,109574.0,99381.0,134700.0
36001731,110401.0,100214.0,134700.0
36001732,110429.0,99381.0,134700.0
36001733,98867.0,114148.0,134700.0
36001734,100367.0,114148.0,134700.0
36001735,108372.0,112745.0,134700.0
36001736,108436.0,111814.0,134700.0
36001737,108445.0,109786.0,134700.0
36001738,108536.0,110807.0,134700.0
36001739,109424.0,111113.0,134700.0
36001740,109371.0,111930.0,134700.0
36001741,109425.0,110435.0,134700.0
36001742,109388.0,109627.0,134700.0
36001743,109326.0,112783.0,134700.0
36001744,110341.0,110329.0,134700.0
36001745,110337.0,111124.0,134700.0
36001746,110328.0,109547.0,134700.0
36001747,110293.0,112795.0,134700.0
36001748,110320.0,111948.0,134700.0
36001749,101998.0,100556.0,134700.0
36001750,101962.0,99558.0,134700.0
36001751,102940.0,100552.0,134700.0
36001752,102881.0,99553.0,134700.0
36001753,103898.0,100556.0,134700.0
36001754,103862.0,99559.0,134700.0
36001755,108205.0,107945.0,134700.0
36001756,108960.0,107945.0,134700.0
36001757,109611.0,107951.0,134700.0
36001758,110406.0,107952.0,134700.0
36001759,102017.0,106235.0,134700.0
36001760,102017.0,105296.0,134700.0
36001761,102967.0,106224.0,134700.0
36001762,102967.0,105289.0,134700.0
36001763,103917.0,106235.0,134700.0
36001764,103917.0,105296.0,134700.0
36001765,101960.0,114011.0,134700.0
36001766,101992.0,113153.0,134700.0
36001767,102002.0,112222.0,134700.0
36001768,102007.0,111252.0,134700.0
36001769,102010.0,110256.0,134700.0
36001770,102012.0,109228.0,134700.0
36001771,102014.0,108190.0,134700.0
36001772,102877.0,113924.0,134700.0
36001773,102929.0,113003.0,134700.0
36001774,102946.0,112064.0,134700.0
36001775,102953.0,111102.0,134700.0
36001776,102957.0,110120.0,134700.0
36001777,102960.0,109127.0,134700.0
36001778,102963.0,108135.0,134700.0
36001779,103858.0,113839.0,134700.0
36001780,103890.0,112886.0,134700.0
36001781,103902.0,111941.0,134700.0
36001782,103907.0,110977.0,134700.0
36001783,103910.0,110000.0,134700.0
36001784,103912.0,109011.0,134700.0
36001785,103914.0,108072.0,134700.0
36001786,102017.0,103414.0,134700.0
36001787,102017.0,102481.0,134700.0
36001788,102967.0,103414.0,134700.0
36001789,102967.0,102481.0,134700.0
36001790,103917.0,103414.0,134700.0
36001791,103917.0,102481.0,134700.0
36001792,105733.0,107968.0,134700.0
36001793,106600.0,107964.0,134700.0
37000001,23267.0,114848.0,138300.0
37000002,27067.0,114848.0,138300.0
37000003,20667.0,114848.0,138300.0
37000004,30067.0,114848.0,138300.0
37000005,27067.0,113448.0,138300.0
37000006,27067.0,110448.0,138300.0
37000007,30067.0,113448.0,138300.0
37000008,20667.0,111848.0,138300.0
37000009,20667.0,108798.0,138300.0
37000010,23267.0,111848.0,138300.0
37000011,16867.0,108748.0,138300.0
37000012,23267.0,108798.0,138300.0
37000013,16867.0,107148.0,138300.0
37000014,30067.0,107148.0,138300.0
37000015,23267.0,107148.0,138300.0
37000016,20667.0,107123.0,138300.0
37000017,27067.0,107148.0,138300.0
37000018,16867.0,101048.0,138300.0
37000019,17767.0,107148.0,138300.0
37000020,17767.0,101048.0,138300.0
37000021,20667.0,104348.0,138300.0
37000022,23267.0,104348.0,138300.0
37000023,27067.0,104348.0,138300.0
37000024,20667.0,101548.0,138300.0
37000025,20667.0,101048.0,138300.0
37000026,23267.0,101548.0,138300.0
37000027,27067.0,101548.0,138300.0
37000028,20667.0,98548.0,138300.0
37000029,23267.0,98548.0,138300.0
37000030,27067.0,98548.0,138300.0
37000031,16867.0,110198.0,138300.0
37000032,30067.0,110448.0,138300.0
37000033,23267.0,109893.0,138300.0
37000034,28067.0,110448.0,138300.0
37000035,23267.0,106298.0,138300.0
37000036,27067.0,106298.0,138300.0
37000037,20167.0,107098.0,138300.0
37000038,23267.0,99593.0,138300.0
37000039,27067.0,99593.0,138300.0
37000040,18417.0,98548.0,138300.0
37000041,20667.0,113648.0,138300.0
37000042,16867.0,113648.0,138300.0
37000043,19917.0,113648.0,138300.0
37000044,19917.0,114848.0,138300.0
37000045,17867.0,113648.0,138300.0
37000046,17867.0,114848.0,138300.0
37000047,28467.0,113448.0,138300.0
37000048,28467.0,114848.0,138300.0
37000049,19467.0,98548.0,138300.0
37000050,19467.0,101048.0,138300.0
37000051,17767.0,103698.0,138300.0
37000052,16867.0,103698.0,138300.0
37000053,20667.0,106298.0,138300.0
37000054,23267.0,113648.0,138300.0
37000055,20667.0,109893.0,138300.0
37000056,4867.0,114848.0,138300.0
37000057,4867.0,106698.0,138300.0
37000058,4867.0,98548.0,138300.0
37000059,4867.0,87098.0,138300.0
37000060,4867.0,126298.0,138300.0
37000061,9467.0,126348.0,138300.0
37000062,13067.0,126348.0,138300.0
37000063,124067.0,114848.0,138300.0
37000064,124067.0,106698.0,138300.0
37000065,124067.0,98548.0,138300.0
37000066,124067.0,87098.0,138300.0
37000067,124067.0,126298.0,138300.0
37000068,30067.0,98548.0,138300.0
37000069,30067.0,104348.0,138300.0
37000070,30067.0,101548.0,138300.0
37000071,13067.0,87048.0,138300.0
37000072,9467.0,87048.0,138300.0
37000073,63747.0,110448.0,138300.0
37000074,60347.0,101048.0,138300.0
37000075,60347.0,107048.0,138300.0
37000076,63747.0,107148.0,138300.0
37000077,52947.0,114848.0,138300.0
37000078,56347.0,108748.0,138300.0
37000079,52947.0,103698.0,138300.0
37000080,53847.0,103698.0,138300.0
37000081,54497.0,98548.0,138300.0
37000082,56347.0,110448.0,138300.0
37000083,52947.0,110198.0,138300.0
37000084,56347.0,113448.0,138300.0
37000085,52947.0,101048.0,138300.0
37000086,53847.0,101048.0,138300.0
37000087,53847.0,107148.0,138300.0
37000088,52947.0,107148.0,138300.0
37000089,56347.0,107048.0,138300.0
37000090,52947.0,108748.0,138300.0
37000091,56347.0,101548.0,138300.0
37000092,55947.0,107048.0,138300.0
37000093,56347.0,106298.0,138300.0
37000094,60347.0,110448.0,138300.0
37000095,56347.0,104348.0,138300.0
37000096,56347.0,101048.0,138300.0
37000097,63747.0,101048.0,138300.0
37000098,52947.0,98548.0,138300.0
37000099,60347.0,104348.0,138300.0
37000100,119800.0,87048.0,138300.0
37000101,115533.0,87048.0,138300.0
37000102,111267.0,103698.0,138300.0
37000103,110367.0,103698.0,138300.0
37000104,108667.0,101048.0,138300.0
37000105,108667.0,98548.0,138300.0
37000106,99667.0,114848.0,138300.0
37000107,99667.0,113448.0,138300.0
37000108,110267.0,114848.0,138300.0
37000109,110267.0,113648.0,138300.0
37000110,108217.0,114848.0,138300.0
37000111,108217.0,113648.0,138300.0
37000112,111267.0,113648.0,138300.0
37000113,107467.0,113648.0,138300.0
37000114,109717.0,98548.0,138300.0
37000115,101067.0,99593.0,138300.0
37000116,104867.0,99593.0,138300.0
37000117,107967.0,107098.0,138300.0
37000118,101067.0,106298.0,138300.0
37000119,104867.0,106298.0,138300.0
37000120,100067.0,110448.0,138300.0
37000121,104867.0,109893.0,138300.0
37000122,98067.0,110448.0,138300.0
37000123,111267.0,110198.0,138300.0
37000124,101067.0,98548.0,138300.0
37000125,104867.0,98548.0,138300.0
37000126,107467.0,98548.0,138300.0
37000127,101067.0,101548.0,138300.0
37000128,104867.0,101548.0,138300.0
37000129,107467.0,101048.0,138300.0
37000130,107467.0,101548.0,138300.0
37000131,101067.0,104348.0,138300.0
37000132,104867.0,104348.0,138300.0
37000133,107467.0,104348.0,138300.0
37000134,110367.0,101048.0,138300.0
37000135,110367.0,107148.0,138300.0
37000136,111267.0,101048.0,138300.0
37000137,101067.0,107148.0,138300.0
37000138,107467.0,107123.0,138300.0
37000139,104867.0,107148.0,138300.0
37000140,98067.0,107148.0,138300.0
37000141,111267.0,107148.0,138300.0
37000142,104867.0,108798.0,138300.0
37000143,111267.0,108748.0,138300.0
37000144,104867.0,111848.0,138300.0
37000145,107467.0,108798.0,138300.0
37000146,107467.0,111848.0,138300.0
37000147,98067.0,113448.0,138300.0
37000148,101067.0,110448.0,138300.0
37000149,101067.0,113448.0,138300.0
37000150,98067.0,114848.0,138300.0
37000151,107467.0,114848.0,138300.0
37000152,101067.0,114848.0,138300.0
37000153,104867.0,114848.0,138300.0
37000154,107467.0,106298.0,138300.0
37000155,98067.0,101548.0,138300.0
37000156,98067.0,104348.0,138300.0
37000157,107467.0,109893.0,138300.0
37000158,104867.0,113648.0,138300.0
37000159,98067.0,98548.0,138300.0
37000160,56347.0,98548.0,138300.0
37000161,63747.0,98548.0,138300.0
37000162,56347.0,114848.0,138300.0
37000163,63747.0,114848.0,138300.0
37000164,60347.0,98548.0,138300.0
37000165,60347.0,114848.0,138300.0
37000166,16867.0,126298.0,138300.0
37000167,16867.0,87098.0,138300.0
37000168,16867.0,106698.0,138300.0
37000169,30067.0,87098.0,138300.0
37000170,30067.0,126298.0,138300.0
37000171,16867.0,114848.0,138300.0
37000172,16867.0,98548.0,138300.0
37000173,111267.0,87098.0,138300.0
37000174,111267.0,126298.0,138300.0
37000175,98067.0,87098.0,138300.0
37000176,98067.0,126298.0,138300.0
37000177,111267.0,106698.0,138300.0
37000178,111267.0,114848.0,138300.0
37000179,111267.0,98548.0,138300.0
37000180,41507.0,87098.0,138300.0
37000181,41507.0,126298.0,138300.0
37000182,52947.0,87098.0,138300.0
37000183,52947.0,126298.0,138300.0
37000184,75187.0,87098.0,138300.0
37000185,75187.0,126298.0,138300.0
37000186,86627.0,126298.0,138300.0
37000187,86627.0,87098.0,138300.0
37000188,102700.0,87048.0,138300.0
37000189,102700.0,98548.0,138300.0
37000190,102700.0,126348.0,138300.0
37000191,102700.0,114848.0,138300.0
37000192,107467.0,87048.0,138300.0
37000193,107467.0,126348.0,138300.0
37000194,119800.0,126348.0,138300.0
37000195,115533.0,126348.0,138300.0
37000196,92347.0,126348.0,138300.0
37000197,92347.0,87048.0,138300.0
37000198,80907.0,126348.0,138300.0
37000199,80907.0,87048.0,138300.0
37000200,69467.0,126348.0,138300.0
37000201,69467.0,87048.0,138300.0
37000202,47227.0,126348.0,138300.0
37000203,47227.0,87048.0,138300.0
37000204,35787.0,126348.0,138300.0
37000205,35787.0,87048.0,138300.0
37000206,58347.0,114848.0,138300.0
37000207,58347.0,126348.0,138300.0
37000208,58347.0,98548.0,138300.0
37000209,58347.0,87048.0,138300.0
37000210,20667.0,87048.0,138300.0
37000211,25167.0,98548.0,138300.0
37000212,25167.0,87048.0,138300.0
37000213,25167.0,114848.0,138300.0
37000214,25167.0,126348.0,138300.0
37000215,20667.0,126348.0,138300.0
37000216,119800.0,106698.0,138300.0
37000217,119800.0,98548.0,138300.0
37000218,119800.0,114848.0,138300.0
37000219,115533.0,106698.0,138300.0
37000220,115533.0,98548.0,138300.0
37000221,115533.0,114848.0,138300.0
37000222,92347.0,107148.0,138300.0
37000223,92347.0,98548.0,138300.0
37000224,92347.0,114848.0,138300.0
37000225,80907.0,107148.0,138300.0
37000226,80907.0,98548.0,138300.0
37000227,80907.0,114848.0,138300.0
37000228,69467.0,107148.0,138300.0
37000229,69467.0,98548.0,138300.0
37000230,69467.0,114848.0,138300.0
37000231,47227.0,107148.0,138300.0
37000232,47227.0,98548.0,138300.0
37000233,47227.0,114848.0,138300.0
37000234,35787.0,107148.0,138300.0
37000235,35787.0,98548.0,138300.0
37000236,35787.0,114848.0,138300.0
37000237,41507.0,107148.0,138300.0
37000238,75187.0,107148.0,138300.0
37000239,86627.0,107148.0,138300.0
37000240,13067.0,106698.0,138300.0
37000241,9467.0,106698.0,138300.0
37000242,75187.0,98548.0,138300.0
37000243,86627.0,98548.0,138300.0
37000244,41507.0,98548.0,138300.0
37000245,13067.0,98548.0,138300.0
37000246,9467.0,98548.0,138300.0
37000247,75187.0,114848.0,138300.0
37000248,86627.0,114848.0,138300.0
37000249,41507.0,114848.0,138300.0
37000250,13067.0,114848.0,138300.0
37000251,9467.0,114848.0,138300.0
37000252,63747.0,126298.0,138300.0
37000253,63747.0,87098.0,138300.0
37000254,16867.0,108748.0,137499.0
37000255,16867.0,110198.0,137499.0
37000256,27067.0,113448.0,137700.0
37000257,27067.0,114848.0,137700.0
37000258,20667.0,107123.0,137700.0
37000259,20667.0,108798.0,137700.0
37000260,28067.0,110448.0,137700.0
37000261,30067.0,110448.0,137700.0
37000262,16867.0,107148.0,137499.0
37000263,23267.0,107148.0,137700.0
37000264,23267.0,108798.0,137700.0
37000265,17767.0,107148.0,137600.0
37000266,20167.0,107098.0,137600.0
37000267,18417.0,98548.0,137499.0
37000268,19467.0,98548.0,137499.0
37000269,28467.0,113448.0,137700.0
37000270,30067.0,113448.0,137700.0
37000271,20667.0,98548.0,137499.0
37000272,56347.0,113448.0,137600.0
37000273,56347.0,114848.0,137600.0
37000274,53847.0,107148.0,137600.0
37000275,55947.0,107048.0,137600.0
37000276,54497.0,98548.0,137499.0
37000277,56347.0,98548.0,137499.0
37000278,107467.0,98548.0,137499.0
37000279,108667.0,98548.0,137499.0
37000280,98067.0,113448.0,137700.0
37000281,99667.0,113448.0,137700.0
37000282,107967.0,107098.0,137600.0
37000283,110367.0,107148.0,137600.0
37000284,104867.0,107148.0,137700.0
37000285,104867.0,108798.0,137700.0
37000286,111267.0,107148.0,137499.0
37000287,111267.0,108748.0,137499.0
37000288,107467.0,107123.0,137700.0
37000289,107467.0,108798.0,137700.0
37000290,101067.0,113448.0,137700.0
37000291,101067.0,114848.0,137700.0
37000292,111267.0,110198.0,137499.0
37000293,98067.0,110448.0,137700.0
37000294,100067.0,110448.0,137700.0
37000295,109717.0,98548.0,137499.0
37000296,17367.0,114848.0,138300.0
37000297,21533.0,114848.0,138300.0
37000298,22400.0,114848.0,138300.0
37000299,27767.0,114848.0,138300.0
37000300,16867.0,111060.0,138300.0
37000301,16867.0,111923.0,138300.0
37000302,16867.0,112785.0,138300.0
37000303,16867.0,109110.0,138300.0
37000304,16867.0,109473.0,138300.0
37000305,16867.0,109835.0,138300.0
37000306,27067.0,113798.0,138300.0
37000307,27067.0,114148.0,138300.0
37000308,27067.0,114498.0,138300.0
37000309,30067.0,114148.0,138300.0
37000310,27067.0,111448.0,138300.0
37000311,27067.0,112448.0,138300.0
37000312,27767.0,113448.0,138300.0
37000313,27567.0,110448.0,138300.0
37000314,30067.0,111448.0,138300.0
37000315,30067.0,112448.0,138300.0
37000316,20667.0,109345.0,138300.0
37000317,20667.0,107541.0,138300.0
37000318,20667.0,107960.0,138300.0
37000319,20667.0,108379.0,138300.0
37000320,21533.0,108798.0,138300.0
37000321,22400.0,108798.0,138300.0
37000322,23267.0,109345.0,138300.0
37000323,28567.0,110448.0,138300.0
37000324,29067.0,110448.0,138300.0
37000325,29567.0,110448.0,138300.0
37000326,16867.0,107548.0,138300.0
37000327,16867.0,107948.0,138300.0
37000328,16867.0,108348.0,138300.0
37000329,23267.0,107560.0,138300.0
37000330,23267.0,107973.0,138300.0
37000331,23267.0,108385.0,138300.0
37000332,17317.0,107148.0,138300.0
37000333,21533.0,107131.0,138300.0
37000334,22400.0,107139.0,138300.0
37000335,23267.0,106723.0,138300.0
37000336,27067.0,106723.0,138300.0
37000337,28067.0,107148.0,138300.0
37000338,29067.0,107148.0,138300.0
37000339,16867.0,101931.0,138300.0
37000340,16867.0,102814.0,138300.0
37000341,16867.0,99381.0,138300.0
37000342,16867.0,100214.0,138300.0
37000343,17317.0,101048.0,138300.0
37000344,18167.0,107139.0,138300.0
37000345,18567.0,107131.0,138300.0
37000346,18967.0,107123.0,138300.0
37000347,19367.0,107114.0,138300.0
37000348,19767.0,107106.0,138300.0
37000349,18617.0,101048.0,138300.0
37000350,20667.0,99381.0,138300.0
37000351,20667.0,100214.0,138300.0
37000352,17642.0,98548.0,138300.0
37000353,18942.0,98548.0,138300.0
37000354,21533.0,98548.0,138300.0
37000355,22400.0,98548.0,138300.0
37000356,23267.0,99070.0,138300.0
37000357,27067.0,99070.0,138300.0
37000358,28067.0,98548.0,138300.0
37000359,29067.0,98548.0,138300.0
37000360,16867.0,114248.0,138300.0
37000361,20667.0,114248.0,138300.0
37000362,20292.0,114848.0,138300.0
37000363,18142.0,114848.0,138300.0
37000364,18642.0,114848.0,138300.0
37000365,19142.0,114848.0,138300.0
37000366,19642.0,114848.0,138300.0
37000367,29267.0,114848.0,138300.0
37000368,28867.0,113448.0,138300.0
37000369,29267.0,113448.0,138300.0
37000370,29667.0,113448.0,138300.0
37000371,20067.0,101048.0,138300.0
37000372,20067.0,98548.0,138300.0
37000373,16867.0,104698.0,138300.0
37000374,16867.0,105698.0,138300.0
37000375,20667.0,106710.0,138300.0
37000376,23267.0,114248.0,138300.0
37000377,30067.0,99381.0,138300.0
37000378,30067.0,100214.0,138300.0
37000379,30067.0,100881.0,138300.0
37000380,30067.0,105281.0,138300.0
37000381,30067.0,106214.0,138300.0
37000382,30067.0,102481.0,138300.0
37000383,30067.0,103414.0,138300.0
37000384,60347.0,101873.0,138300.0
37000385,60347.0,102698.0,138300.0
37000386,60347.0,103523.0,138300.0
37000387,63747.0,111328.0,138300.0
37000388,63747.0,112208.0,138300.0
37000389,63747.0,113088.0,138300.0
37000390,63747.0,113968.0,138300.0
37000391,61022.0,114848.0,138300.0
37000392,61697.0,114848.0,138300.0
37000393,62197.0,114848.0,138300.0
37000394,62697.0,114848.0,138300.0
37000395,63197.0,114848.0,138300.0
37000396,52947.0,104560.0,138300.0
37000397,52947.0,105423.0,138300.0
37000398,52947.0,106285.0,138300.0
37000399,53722.0,98548.0,138300.0
37000400,52947.0,99381.0,138300.0
37000401,52947.0,100214.0,138300.0
37000402,52947.0,101931.0,138300.0
37000403,52947.0,102814.0,138300.0
37000404,53397.0,101048.0,138300.0
37000405,53397.0,107148.0,138300.0
37000406,56347.0,111328.0,138300.0
37000407,56347.0,112208.0,138300.0
37000408,56347.0,113088.0,138300.0
37000409,56347.0,113798.0,138300.0
37000410,56347.0,114148.0,138300.0
37000411,56347.0,114498.0,138300.0
37000412,52947.0,111128.0,138300.0
37000413,52947.0,112058.0,138300.0
37000414,52947.0,112988.0,138300.0
37000415,52947.0,113918.0,138300.0
37000416,53622.0,114848.0,138300.0
37000417,54297.0,114848.0,138300.0
37000418,54797.0,114848.0,138300.0
37000419,55297.0,114848.0,138300.0
37000420,55797.0,114848.0,138300.0
37000421,54372.0,107123.0,138300.0
37000422,54897.0,107098.0,138300.0
37000423,55422.0,107073.0,138300.0
37000424,61197.0,110448.0,138300.0
37000425,62047.0,110448.0,138300.0
37000426,62897.0,110448.0,138300.0
37000427,56347.0,106673.0,138300.0
37000428,56347.0,99381.0,138300.0
37000429,56347.0,100214.0,138300.0
37000430,54959.0,98548.0,138300.0
37000431,55422.0,98548.0,138300.0
37000432,55884.0,98548.0,138300.0
37000433,63747.0,102064.0,138300.0
37000434,63747.0,103081.0,138300.0
37000435,63747.0,104098.0,138300.0
37000436,63747.0,105114.0,138300.0
37000437,63747.0,106131.0,138300.0
37000438,63747.0,99381.0,138300.0
37000439,63747.0,100214.0,138300.0
37000440,54680.0,101048.0,138300.0
37000441,55513.0,101048.0,138300.0
37000442,60822.0,98548.0,138300.0
37000443,61297.0,98548.0,138300.0
37000444,61797.0,98548.0,138300.0
37000445,62297.0,98548.0,138300.0
37000446,62797.0,98548.0,138300.0
37000447,63272.0,98548.0,138300.0
37000448,61197.0,101048.0,138300.0
37000449,62047.0,101048.0,138300.0
37000450,62897.0,101048.0,138300.0
37000451,111267.0,104698.0,138300.0
37000452,111267.0,105698.0,138300.0
37000453,108067.0,98548.0,138300.0
37000454,108067.0,101048.0,138300.0
37000455,98467.0,113448.0,138300.0
37000456,98867.0,113448.0,138300.0
37000457,99267.0,113448.0,138300.0
37000458,98867.0,114848.0,138300.0
37000459,108492.0,114848.0,138300.0
37000460,108992.0,114848.0,138300.0
37000461,109492.0,114848.0,138300.0
37000462,109992.0,114848.0,138300.0
37000463,107842.0,114848.0,138300.0
37000464,107467.0,114248.0,138300.0
37000465,111267.0,114248.0,138300.0
37000466,110767.0,114848.0,138300.0
37000467,110492.0,98548.0,138300.0
37000468,99067.0,98548.0,138300.0
37000469,100067.0,98548.0,138300.0
37000470,105733.0,98548.0,138300.0
37000471,106600.0,98548.0,138300.0
37000472,101067.0,99070.0,138300.0
37000473,104867.0,99070.0,138300.0
37000474,107467.0,99381.0,138300.0
37000475,107467.0,100214.0,138300.0
37000476,109517.0,101048.0,138300.0
37000477,108367.0,107106.0,138300.0
37000478,108767.0,107114.0,138300.0
37000479,109167.0,107123.0,138300.0
37000480,109567.0,107131.0,138300.0
37000481,109967.0,107139.0,138300.0
37000482,110817.0,101048.0,138300.0
37000483,111267.0,99381.0,138300.0
37000484,111267.0,100214.0,138300.0
37000485,111267.0,101931.0,138300.0
37000486,111267.0,102814.0,138300.0
37000487,99067.0,107148.0,138300.0
37000488,100067.0,107148.0,138300.0
37000489,101067.0,106723.0,138300.0
37000490,104867.0,106723.0,138300.0
37000491,105733.0,107139.0,138300.0
37000492,106600.0,107131.0,138300.0
37000493,110817.0,107148.0,138300.0
37000494,104867.0,107560.0,138300.0
37000495,104867.0,107973.0,138300.0
37000496,104867.0,108385.0,138300.0
37000497,111267.0,107548.0,138300.0
37000498,111267.0,107948.0,138300.0
37000499,111267.0,108348.0,138300.0
37000500,104867.0,109345.0,138300.0
37000501,105733.0,108798.0,138300.0
37000502,106600.0,108798.0,138300.0
37000503,107467.0,107541.0,138300.0
37000504,107467.0,107960.0,138300.0
37000505,107467.0,108379.0,138300.0
37000506,107467.0,109345.0,138300.0
37000507,98067.0,111448.0,138300.0
37000508,98067.0,112448.0,138300.0
37000509,100567.0,110448.0,138300.0
37000510,100367.0,113448.0,138300.0
37000511,101067.0,111448.0,138300.0
37000512,101067.0,112448.0,138300.0
37000513,98067.0,114148.0,138300.0
37000514,101067.0,113798.0,138300.0
37000515,101067.0,114148.0,138300.0
37000516,101067.0,114498.0,138300.0
37000517,111267.0,109110.0,138300.0
37000518,111267.0,109473.0,138300.0
37000519,111267.0,109835.0,138300.0
37000520,111267.0,111060.0,138300.0
37000521,111267.0,111923.0,138300.0
37000522,111267.0,112785.0,138300.0
37000523,100367.0,114848.0,138300.0
37000524,105733.0,114848.0,138300.0
37000525,106600.0,114848.0,138300.0
37000526,107467.0,106710.0,138300.0
37000527,98067.0,102481.0,138300.0
37000528,98067.0,103414.0,138300.0
37000529,98067.0,105281.0,138300.0
37000530,98067.0,106214.0,138300.0
37000531,104867.0,114248.0,138300.0
37000532,98067.0,99381.0,138300.0
37000533,98067.0,100214.0,138300.0
37000534,98067.0,100881.0,138300.0
37000535,98567.0,110448.0,138300.0
37000536,99067.0,110448.0,138300.0
37000537,99567.0,110448.0,138300.0
37000538,109192.0,98548.0,138300.0
37000539,16867.0,114848.0,137200.0
37000540,16867.0,114848.0,136366.0
37000541,16867.0,114848.0,135533.0
37000542,17867.0,114848.0,137200.0
37000543,17867.0,114848.0,136366.0
37000544,17867.0,114848.0,135533.0
37000545,20667.0,114848.0,137200.0
37000546,20667.0,114848.0,136366.0
37000547,20667.0,114848.0,135533.0
37000548,23267.0,114848.0,137300.0
37000549,23267.0,114848.0,136433.0
37000550,23267.0,114848.0,135566.0
37000551,28467.0,114848.0,137400.0
37000552,28467.0,114848.0,136500.0
37000553,28467.0,114848.0,135600.0
37000554,27067.0,110448.0,137400.0
37000555,27067.0,110448.0,136500.0
37000556,27067.0,110448.0,135600.0
37000557,20667.0,109893.0,137400.0
37000558,20667.0,109893.0,136500.0
37000559,20667.0,109893.0,135600.0
37000560,16867.0,113648.0,137200.0
37000561,16867.0,113648.0,136366.0
37000562,16867.0,113648.0,135533.0
37000563,23267.0,109893.0,137400.0
37000564,23267.0,109893.0,136500.0
37000565,23267.0,109893.0,135600.0
37000566,16867.0,106698.0,137400.0
37000567,16867.0,106698.0,136500.0
37000568,16867.0,106698.0,135600.0
37000569,23267.0,106298.0,137400.0
37000570,23267.0,106298.0,136500.0
37000571,23267.0,106298.0,135600.0
37000572,27067.0,106298.0,137400.0
37000573,27067.0,106298.0,136500.0
37000574,27067.0,106298.0,135600.0
37000575,27067.0,107148.0,137400.0
37000576,27067.0,107148.0,136500.0
37000577,27067.0,107148.0,135600.0
37000578,16867.0,101048.0,137400.0
37000579,16867.0,101048.0,136500.0
37000580,16867.0,101048.0,135600.0
37000581,16867.0,103698.0,137400.0
37000582,16867.0,103698.0,136500.0
37000583,16867.0,103698.0,135600.0
37000584,16867.0,98548.0,137400.0
37000585,16867.0,98548.0,136500.0
37000586,16867.0,98548.0,135600.0
37000587,17767.0,101048.0,137400.0
37000588,17767.0,101048.0,136500.0
37000589,17767.0,101048.0,135600.0
37000590,19467.0,101048.0,137400.0
37000591,19467.0,101048.0,136500.0
37000592,19467.0,101048.0,135600.0
37000593,20667.0,101048.0,137400.0
37000594,20667.0,101048.0,136500.0
37000595,20667.0,101048.0,135600.0
37000596,23267.0,98548.0,137400.0
37000597,23267.0,98548.0,136500.0
37000598,23267.0,98548.0,135600.0
37000599,23267.0,99593.0,137400.0
37000600,23267.0,99593.0,136500.0
37000601,23267.0,99593.0,135600.0
37000602,27067.0,98548.0,137400.0
37000603,27067.0,98548.0,136500.0
37000604,27067.0,98548.0,135600.0
37000605,27067.0,99593.0,137400.0
37000606,27067.0,99593.0,136500.0
37000607,27067.0,99593.0,135600.0
37000608,30067.0,98548.0,137400.0
37000609,30067.0,98548.0,136500.0
37000610,30067.0,98548.0,135600.0
37000611,19917.0,114848.0,137200.0
37000612,19917.0,114848.0,136366.0
37000613,19917.0,114848.0,135533.0
37000614,30067.0,114848.0,137400.0
37000615,30067.0,114848.0,136500.0
37000616,30067.0,114848.0,135600.0
37000617,20667.0,106298.0,137400.0
37000618,20667.0,106298.0,136500.0
37000619,20667.0,106298.0,135600.0
37000620,20667.0,113648.0,137200.0
37000621,20667.0,113648.0,136366.0
37000622,20667.0,113648.0,135533.0
37000623,23267.0,113648.0,137400.0
37000624,23267.0,113648.0,136500.0
37000625,23267.0,113648.0,135600.0
37000626,20667.0,101548.0,137400.0
37000627,20667.0,101548.0,136500.0
37000628,20667.0,101548.0,135600.0
37000629,30067.0,107148.0,137400.0
37000630,30067.0,107148.0,136500.0
37000631,30067.0,107148.0,135600.0
37000632,30067.0,104348.0,137400.0
37000633,30067.0,104348.0,136500.0
37000634,30067.0,104348.0,135600.0
37000635,30067.0,101548.0,137400.0
37000636,30067.0,101548.0,136500.0
37000637,30067.0,101548.0,135600.0
37000638,60347.0,101048.0,137200.0
37000639,60347.0,101048.0,136366.0
37000640,60347.0,101048.0,135533.0
37000641,60347.0,104348.0,137200.0
37000642,60347.0,104348.0,136366.0
37000643,60347.0,104348.0,135533.0
37000644,63747.0,110448.0,137200.0
37000645,63747.0,110448.0,136366.0
37000646,63747.0,110448.0,135533.0
37000647,63747.0,114848.0,137200.0
37000648,63747.0,114848.0,136366.0
37000649,63747.0,114848.0,135533.0
37000650,60347.0,114848.0,137200.0
37000651,60347.0,114848.0,136366.0
37000652,60347.0,114848.0,135533.0
37000653,52947.0,103698.0,137400.0
37000654,52947.0,103698.0,136500.0
37000655,52947.0,103698.0,135600.0
37000656,52947.0,107148.0,137400.0
37000657,52947.0,107148.0,136500.0
37000658,52947.0,107148.0,135600.0
37000659,52947.0,98548.0,137400.0
37000660,52947.0,98548.0,136500.0
37000661,52947.0,98548.0,135600.0
37000662,52947.0,101048.0,137400.0
37000663,52947.0,101048.0,136500.0
37000664,52947.0,101048.0,135600.0
37000665,53847.0,101048.0,137400.0
37000666,53847.0,101048.0,136500.0
37000667,53847.0,101048.0,135600.0
37000668,56347.0,107048.0,137400.0
37000669,56347.0,107048.0,136500.0
37000670,56347.0,107048.0,135600.0
37000671,56347.0,110448.0,137400.0
37000672,56347.0,110448.0,136500.0
37000673,56347.0,110448.0,135600.0
37000674,52947.0,110198.0,137200.0
37000675,52947.0,110198.0,136366.0
37000676,52947.0,110198.0,135533.0
37000677,52947.0,114848.0,137200.0
37000678,52947.0,114848.0,136366.0
37000679,52947.0,114848.0,135533.0
37000680,60347.0,110448.0,137200.0
37000681,60347.0,110448.0,136366.0
37000682,60347.0,110448.0,135533.0
37000683,56347.0,106298.0,137400.0
37000684,56347.0,106298.0,136500.0
37000685,56347.0,106298.0,135600.0
37000686,56347.0,101048.0,137400.0
37000687,56347.0,101048.0,136500.0
37000688,56347.0,101048.0,135600.0
37000689,56347.0,101548.0,137400.0
37000690,56347.0,101548.0,136500.0
37000691,56347.0,101548.0,135600.0
37000692,63747.0,101048.0,137200.0
37000693,63747.0,101048.0,136366.0
37000694,63747.0,101048.0,135533.0
37000695,63747.0,107148.0,137200.0
37000696,63747.0,107148.0,136366.0
37000697,63747.0,107148.0,135533.0
37000698,63747.0,98548.0,137200.0
37000699,63747.0,98548.0,136366.0
37000700,63747.0,98548.0,135533.0
37000701,60347.0,98548.0,137200.0
37000702,60347.0,98548.0,136366.0
37000703,60347.0,98548.0,135533.0
37000704,111267.0,103698.0,137400.0
37000705,111267.0,103698.0,136500.0
37000706,111267.0,103698.0,135600.0
37000707,111267.0,106698.0,137400.0
37000708,111267.0,106698.0,136500.0
37000709,111267.0,106698.0,135600.0
37000710,107467.0,101048.0,137400.0
37000711,107467.0,101048.0,136500.0
37000712,107467.0,101048.0,135600.0
37000713,108667.0,101048.0,137400.0
37000714,108667.0,101048.0,136500.0
37000715,108667.0,101048.0,135600.0
37000716,98067.0,114848.0,137400.0
37000717,98067.0,114848.0,136500.0
37000718,98067.0,114848.0,135600.0
37000719,99667.0,114848.0,137400.0
37000720,99667.0,114848.0,136500.0
37000721,99667.0,114848.0,135600.0
37000722,108217.0,114848.0,137200.0
37000723,108217.0,114848.0,136366.0
37000724,108217.0,114848.0,135533.0
37000725,110267.0,114848.0,137200.0
37000726,110267.0,114848.0,136366.0
37000727,110267.0,114848.0,135533.0
37000728,107467.0,114848.0,137300.0
37000729,107467.0,114848.0,136433.0
37000730,107467.0,114848.0,135566.0
37000731,107467.0,113648.0,137200.0
37000732,107467.0,113648.0,136366.0
37000733,107467.0,113648.0,135533.0
37000734,111267.0,113648.0,137400.0
37000735,111267.0,113648.0,136500.0
37000736,111267.0,113648.0,135600.0
37000737,111267.0,114848.0,137300.0
37000738,111267.0,114848.0,136433.0
37000739,111267.0,114848.0,135566.0
37000740,111267.0,98548.0,137400.0
37000741,111267.0,98548.0,136500.0
37000742,111267.0,98548.0,135600.0
37000743,98067.0,98548.0,137400.0
37000744,98067.0,98548.0,136500.0
37000745,98067.0,98548.0,135600.0
37000746,101067.0,98548.0,137400.0
37000747,101067.0,98548.0,136500.0
37000748,101067.0,98548.0,135600.0
37000749,104867.0,98548.0,137400.0
37000750,104867.0,98548.0,136500.0
37000751,104867.0,98548.0,135600.0
37000752,101067.0,99593.0,137400.0
37000753,101067.0,99593.0,136500.0
37000754,101067.0,99593.0,135600.0
37000755,104867.0,99593.0,137400.0
37000756,104867.0,99593.0,136500.0
37000757,104867.0,99593.0,135600.0
37000758,107467.0,101548.0,137400.0
37000759,107467.0,101548.0,136500.0
37000760,107467.0,101548.0,135600.0
37000761,110367.0,101048.0,137400.0
37000762,110367.0,101048.0,136500.0
37000763,110367.0,101048.0,135600.0
37000764,111267.0,101048.0,137400.0
37000765,111267.0,101048.0,136500.0
37000766,111267.0,101048.0,135600.0
37000767,98067.0,107148.0,137400.0
37000768,98067.0,107148.0,136500.0
37000769,98067.0,107148.0,135600.0
37000770,101067.0,107148.0,137400.0
37000771,101067.0,107148.0,136500.0
37000772,101067.0,107148.0,135600.0
37000773,101067.0,106298.0,137400.0
37000774,101067.0,106298.0,136500.0
37000775,101067.0,106298.0,135600.0
37000776,104867.0,106298.0,137400.0
37000777,104867.0,106298.0,136500.0
37000778,104867.0,106298.0,135600.0
37000779,104867.0,109893.0,137400.0
37000780,104867.0,109893.0,136500.0
37000781,104867.0,109893.0,135600.0
37000782,107467.0,109893.0,137400.0
37000783,107467.0,109893.0,136500.0
37000784,107467.0,109893.0,135600.0
37000785,101067.0,110448.0,137400.0
37000786,101067.0,110448.0,136500.0
37000787,101067.0,110448.0,135600.0
37000788,104867.0,114848.0,137400.0
37000789,104867.0,114848.0,136500.0
37000790,104867.0,114848.0,135600.0
37000791,107467.0,106298.0,137400.0
37000792,107467.0,106298.0,136500.0
37000793,107467.0,106298.0,135600.0
37000794,98067.0,101548.0,137400.0
37000795,98067.0,101548.0,136500.0
37000796,98067.0,101548.0,135600.0
37000797,98067.0,104348.0,137400.0
37000798,98067.0,104348.0,136500.0
37000799,98067.0,104348.0,135600.0
37000800,104867.0,113648.0,137400.0
37000801,104867.0,113648.0,136500.0
37000802,104867.0,113648.0,135600.0
37000803,16867.0,109110.0,137499.0
37000804,16867.0,109473.0,137499.0
37000805,16867.0,109835.0,137499.0
37000806,27067.0,113798.0,137700.0
37000807,27067.0,114148.0,137700.0
37000808,27067.0,114498.0,137700.0
37000809,20667.0,107541.0,137700.0
37000810,20667.0,107960.0,137700.0
37000811,20667.0,108379.0,137700.0
37000812,28567.0,110448.0,137700.0
37000813,29067.0,110448.0,137700.0
37000814,29567.0,110448.0,137700.0
37000815,16867.0,107548.0,137499.0
37000816,16867.0,107948.0,137499.0
37000817,16867.0,108348.0,137499.0
37000818,23267.0,107560.0,137700.0
37000819,23267.0,107973.0,137700.0
37000820,23267.0,108385.0,137700.0
37000821,18167.0,107139.0,137600.0
37000822,18567.0,107131.0,137600.0
37000823,18967.0,107123.0,137600.0
37000824,19367.0,107114.0,137600.0
37000825,19767.0,107106.0,137600.0
37000826,18942.0,98548.0,137499.0
37000827,28867.0,113448.0,137700.0
37000828,29267.0,113448.0,137700.0
37000829,29667.0,113448.0,137700.0
37000830,20067.0,98548.0,137499.0
37000831,56347.0,113798.0,137600.0
37000832,56347.0,114148.0,137600.0
37000833,56347.0,114498.0,137600.0
37000834,54372.0,107123.0,137600.0
37000835,54897.0,107098.0,137600.0
37000836,55422.0,107073.0,137600.0
37000837,54959.0,98548.0,137499.0
37000838,55422.0,98548.0,137499.0
37000839,55884.0,98548.0,137499.0
37000840,108067.0,98548.0,137499.0
37000841,98467.0,113448.0,137700.0
37000842,98867.0,113448.0,137700.0
37000843,99267.0,113448.0,137700.0
37000844,108367.0,107106.0,137600.0
37000845,108767.0,107114.0,137600.0
37000846,109167.0,107123.0,137600.0
37000847,109567.0,107131.0,137600.0
37000848,109967.0,107139.0,137600.0
37000849,104867.0,107560.0,137700.0
37000850,104867.0,107973.0,137700.0
37000851,104867.0,108385.0,137700.0
37000852,111267.0,107548.0,137499.0
37000853,111267.0,107948.0,137499.0
37000854,111267.0,108348.0,137499.0
37000855,107467.0,107541.0,137700.0
37000856,107467.0,107960.0,137700.0
37000857,107467.0,108379.0,137700.0
37000858,101067.0,113798.0,137700.0
37000859,101067.0,114148.0,137700.0
37000860,101067.0,114498.0,137700.0
37000861,111267.0,109110.0,137499.0
37000862,111267.0,109473.0,137499.0
37000863,111267.0,109835.0,137499.0
37000864,98567.0,110448.0,137700.0
37000865,99067.0,110448.0,137700.0
37000866,99567.0,110448.0,137700.0
37000867,109192.0,98548.0,137499.0
37000868,27067.0,114848.0,136500.0
37000869,27067.0,114848.0,135600.0
37000870,27067.0,113448.0,136500.0
37000871,27067.0,113448.0,135600.0
37000872,28467.0,113448.0,136500.0
37000873,28467.0,113448.0,135600.0
37000874,20667.0,108798.0,136500.0
37000875,20667.0,108798.0,135600.0
37000876,16867.0,110198.0,136366.0
37000877,16867.0,110198.0,135533.0
37000878,28067.0,110448.0,136500.0
37000879,28067.0,110448.0,135600.0
37000880,23267.0,108798.0,136500.0
37000881,23267.0,108798.0,135600.0
37000882,16867.0,107148.0,136500.0
37000883,16867.0,107148.0,135600.0
37000884,20167.0,107098.0,136500.0
37000885,20167.0,107098.0,135600.0
37000886,20667.0,107123.0,136500.0
37000887,20667.0,107123.0,135600.0
37000888,23267.0,107148.0,136500.0
37000889,23267.0,107148.0,135600.0
37000890,20667.0,98548.0,136500.0
37000891,20667.0,98548.0,135600.0
37000892,18417.0,98548.0,136500.0
37000893,18417.0,98548.0,135600.0
37000894,17767.0,107148.0,136500.0
37000895,17767.0,107148.0,135600.0
37000896,30067.0,113448.0,136500.0
37000897,30067.0,113448.0,135600.0
37000898,30067.0,110448.0,136500.0
37000899,30067.0,110448.0,135600.0
37000900,54497.0,98548.0,136500.0
37000901,54497.0,98548.0,135600.0
37000902,53847.0,107148.0,136500.0
37000903,53847.0,107148.0,135600.0
37000904,55947.0,107048.0,136500.0
37000905,55947.0,107048.0,135600.0
37000906,56347.0,113448.0,136500.0
37000907,56347.0,113448.0,135600.0
37000908,56347.0,114848.0,136366.0
37000909,56347.0,114848.0,135533.0
37000910,56347.0,98548.0,136500.0
37000911,56347.0,98548.0,135600.0
37000912,109717.0,98548.0,136500.0
37000913,109717.0,98548.0,135600.0
37000914,107467.0,98548.0,136500.0
37000915,107467.0,98548.0,135600.0
37000916,107467.0,107123.0,136500.0
37000917,107467.0,107123.0,135600.0
37000918,107967.0,107098.0,136500.0
37000919,107967.0,107098.0,135600.0
37000920,104867.0,107148.0,136500.0
37000921,104867.0,107148.0,135600.0
37000922,110367.0,107148.0,136500.0
37000923,110367.0,107148.0,135600.0
37000924,111267.0,107148.0,136500.0
37000925,111267.0,107148.0,135600.0
37000926,104867.0,108798.0,136500.0
37000927,104867.0,108798.0,135600.0
37000928,107467.0,108798.0,136500.0
37000929,107467.0,108798.0,135600.0
37000930,98067.0,110448.0,136500.0
37000931,98067.0,110448.0,135600.0
37000932,98067.0,113448.0,136500.0
37000933,98067.0,113448.0,135600.0
37000934,100067.0,110448.0,136500.0
37000935,100067.0,110448.0,135600.0
37000936,99667.0,113448.0,136500.0
37000937,99667.0,113448.0,135600.0
37000938,101067.0,113448.0,136500.0
37000939,101067.0,113448.0,135600.0
37000940,111267.0,110198.0,136500.0
37000941,111267.0,110198.0,135600.0
37000942,101067.0,114848.0,136500.0
37000943,101067.0,114848.0,135600.0
37000944,24217.0,107148.0,138300.0
37000945,25167.0,107148.0,138300.0
37000946,26117.0,107148.0,138300.0
37000947,27067.0,108248.0,138300.0
37000948,27067.0,109348.0,138300.0
37000949,26117.0,114848.0,138300.0
37000950,24217.0,114848.0,138300.0
37000951,23267.0,112748.0,138300.0
37000952,23267.0,110870.0,138300.0
37000953,28467.0,114148.0,138300.0
37000954,17817.0,108760.0,138300.0
37000955,18767.0,108773.0,138300.0
37000956,19717.0,108785.0,138300.0
37000957,20667.0,110870.0,138300.0
37000958,20667.0,112748.0,138300.0
37000959,18892.0,113648.0,138300.0
37000960,24217.0,104348.0,138300.0
37000961,25167.0,104348.0,138300.0
37000962,26117.0,104348.0,138300.0
37000963,27067.0,105323.0,138300.0
37000964,23267.0,105323.0,138300.0
37000965,19467.0,99381.0,138300.0
37000966,19467.0,100214.0,138300.0
37000967,24217.0,101548.0,138300.0
37000968,25167.0,101548.0,138300.0
37000969,26117.0,101548.0,138300.0
37000970,27067.0,102481.0,138300.0
37000971,27067.0,103414.0,138300.0
37000972,23267.0,102481.0,138300.0
37000973,23267.0,103414.0,138300.0
37000974,24217.0,98548.0,138300.0
37000975,26117.0,98548.0,138300.0
37000976,27067.0,100570.0,138300.0
37000977,23267.0,100570.0,138300.0
37000978,56347.0,107898.0,138300.0
37000979,53797.0,108748.0,138300.0
37000980,54647.0,108748.0,138300.0
37000981,55497.0,108748.0,138300.0
37000982,52947.0,107948.0,138300.0
37000983,108667.0,99381.0,138300.0
37000984,108667.0,100214.0,138300.0
37000985,99667.0,114148.0,138300.0
37000986,109242.0,113648.0,138300.0
37000987,108417.0,108785.0,138300.0
37000988,109367.0,108773.0,138300.0
37000989,110317.0,108760.0,138300.0
37000990,107467.0,112748.0,138300.0
37000991,107467.0,110870.0,138300.0
37000992,101883.0,98548.0,138300.0
37000993,103783.0,98548.0,138300.0
37000994,104867.0,100570.0,138300.0
37000995,102017.0,101548.0,138300.0
37000996,102967.0,101548.0,138300.0
37000997,103917.0,101548.0,138300.0
37000998,101067.0,100570.0,138300.0
37000999,102017.0,104348.0,138300.0
37001000,102967.0,104348.0,138300.0
37001001,103917.0,104348.0,138300.0
37001002,104867.0,105323.0,138300.0
37001003,102017.0,107148.0,138300.0
37001004,102967.0,107148.0,138300.0
37001005,103917.0,107148.0,138300.0
37001006,101067.0,105323.0,138300.0
37001007,104867.0,110870.0,138300.0
37001008,104867.0,112748.0,138300.0
37001009,103783.0,114848.0,138300.0
37001010,101883.0,114848.0,138300.0
37001011,101067.0,108248.0,138300.0
37001012,101067.0,109348.0,138300.0
37001013,104867.0,102481.0,138300.0
37001014,104867.0,103414.0,138300.0
37001015,101067.0,102481.0,138300.0
37001016,101067.0,103414.0,138300.0
37001019,64105.0,106303.0,138299.0
37001020,108667.0,98548.0,137899.0
37001021,109192.0,98548.0,137899.0
37001022,109717.0,98548.0,137899.0
37001023,98067.0,110448.0,138000.0
37001024,98567.0,110448.0,138000.0
37001025,99067.0,110448.0,138000.0
37001026,99567.0,110448.0,138000.0
37001027,100067.0,110448.0,138000.0
37001028,111267.0,108748.0,137899.0
37001029,111267.0,109110.0,137899.0
37001030,111267.0,109473.0,137899.0
37001031,111267.0,109835.0,137899.0
37001032,111267.0,110198.0,137899.0
37001033,101067.0,113448.0,138000.0
37001034,101067.0,113798.0,138000.0
37001035,101067.0,114148.0,138000.0
37001036,101067.0,114498.0,138000.0
37001037,101067.0,114848.0,138000.0
37001038,107467.0,107123.0,138000.0
37001039,107467.0,107541.0,138000.0
37001040,107467.0,107960.0,138000.0
37001041,107467.0,108379.0,138000.0
37001042,107467.0,108798.0,138000.0
37001043,111267.0,107148.0,137899.0
37001044,111267.0,107548.0,137899.0
37001045,111267.0,107948.0,137899.0
37001046,111267.0,108348.0,137899.0
37001047,104867.0,107148.0,138000.0
37001048,104867.0,107560.0,138000.0
37001049,104867.0,107973.0,138000.0
37001050,104867.0,108385.0,138000.0
37001051,104867.0,108798.0,138000.0
37001052,107967.0,107098.0,137950.0
37001053,108367.0,107106.0,137950.0
37001054,108767.0,107114.0,137950.0
37001055,109167.0,107123.0,137950.0
37001056,109567.0,107131.0,137950.0
37001057,109967.0,107139.0,137950.0
37001058,110367.0,107148.0,137950.0
37001059,98067.0,113448.0,138000.0
37001060,98467.0,113448.0,138000.0
37001061,98867.0,113448.0,138000.0
37001062,99267.0,113448.0,138000.0
37001063,99667.0,113448.0,138000.0
37001064,107467.0,98548.0,137899.0
37001065,108067.0,98548.0,137899.0
37001066,54497.0,98548.0,137899.0
37001067,54959.0,98548.0,137899.0
37001068,55422.0,98548.0,137899.0
37001069,55884.0,98548.0,137899.0
37001070,56347.0,98548.0,137899.0
37001071,53847.0,107148.0,137950.0
37001072,54372.0,107123.0,137950.0
37001073,54897.0,107098.0,137950.0
37001074,55422.0,107073.0,137950.0
37001075,55947.0,107048.0,137950.0
37001076,56347.0,113448.0,137950.0
37001077,56347.0,113798.0,137950.0
37001078,56347.0,114148.0,137950.0
37001079,56347.0,114498.0,137950.0
37001080,56347.0,114848.0,137950.0
37001081,19467.0,98548.0,137899.0
37001082,20067.0,98548.0,137899.0
37001083,20667.0,98548.0,137899.0
37001084,28467.0,113448.0,138000.0
37001085,28867.0,113448.0,138000.0
37001086,29267.0,113448.0,138000.0
37001087,29667.0,113448.0,138000.0
37001088,30067.0,113448.0,138000.0
37001089,18417.0,98548.0,137899.0
37001090,18942.0,98548.0,137899.0
37001091,17767.0,107148.0,137950.0
37001092,18167.0,107139.0,137950.0
37001093,18567.0,107131.0,137950.0
37001094,18967.0,107123.0,137950.0
37001095,19367.0,107114.0,137950.0
37001096,19767.0,107106.0,137950.0
37001097,20167.0,107098.0,137950.0
37001098,23267.0,107148.0,138000.0
37001099,23267.0,107560.0,138000.0
37001100,23267.0,107973.0,138000.0
37001101,23267.0,108385.0,138000.0
37001102,23267.0,108798.0,138000.0
37001103,16867.0,107148.0,137899.0
37001104,16867.0,107548.0,137899.0
37001105,16867.0,107948.0,137899.0
37001106,16867.0,108348.0,137899.0
37001107,16867.0,108748.0,137899.0
37001108,28067.0,110448.0,138000.0
37001109,28567.0,110448.0,138000.0
37001110,29067.0,110448.0,138000.0
37001111,29567.0,110448.0,138000.0
37001112,30067.0,110448.0,138000.0
37001113,20667.0,107123.0,138000.0
37001114,20667.0,107541.0,138000.0
37001115,20667.0,107960.0,138000.0
37001116,20667.0,108379.0,138000.0
37001117,20667.0,108798.0,138000.0
37001118,27067.0,113448.0,138000.0
37001119,27067.0,113798.0,138000.0
37001120,27067.0,114148.0,138000.0
37001121,27067.0,114498.0,138000.0
37001122,27067.0,114848.0,138000.0
37001123,16867.0,109110.0,137899.0
37001124,16867.0,109473.0,137899.0
37001125,16867.0,109835.0,137899.0
37001126,16867.0,110198.0,137899.0
37001127,17367.0,114848.0,137200.0
37001128,17367.0,114848.0,135533.0
37001129,17367.0,114848.0,136366.0
37001130,21533.0,114848.0,137300.0
37001131,22400.0,114848.0,137300.0
37001132,21533.0,114848.0,135566.0
37001133,22400.0,114848.0,135566.0
37001134,21533.0,114848.0,136433.0
37001135,22400.0,114848.0,136433.0
37001136,27767.0,114848.0,137400.0
37001137,27767.0,114848.0,135600.0
37001138,27767.0,114848.0,136500.0
37001139,16867.0,111060.0,137499.0
37001140,16867.0,111923.0,137499.0
37001141,16867.0,112785.0,137499.0
37001142,16867.0,111060.0,135533.0
37001143,16867.0,111923.0,135533.0
37001144,16867.0,112785.0,135533.0
37001145,16867.0,111060.0,136366.0
37001146,16867.0,112785.0,136366.0
37001147,16867.0,111923.0,136366.0
37001148,30067.0,114148.0,137400.0
37001149,30067.0,114148.0,135600.0
37001150,30067.0,114148.0,136500.0
37001151,27067.0,111448.0,137400.0
37001152,27067.0,112448.0,137400.0
37001153,27067.0,111448.0,135600.0
37001154,27067.0,112448.0,135600.0
37001155,27067.0,111448.0,136500.0
37001156,27067.0,112448.0,136500.0
37001157,27767.0,113448.0,137700.0
37001158,27767.0,113448.0,135600.0
37001159,27767.0,113448.0,136500.0
37001160,27567.0,110448.0,137400.0
37001161,27567.0,110448.0,135600.0
37001162,27567.0,110448.0,136500.0
37001163,30067.0,111448.0,137700.0
37001164,30067.0,112448.0,137700.0
37001165,30067.0,111448.0,135600.0
37001166,30067.0,112448.0,135600.0
37001167,30067.0,111448.0,136500.0
37001168,30067.0,112448.0,136500.0
37001169,20667.0,109345.0,137400.0
37001170,20667.0,109345.0,135600.0
37001171,20667.0,109345.0,136500.0
37001172,21533.0,108798.0,137700.0
37001173,22400.0,108798.0,137700.0
37001174,21533.0,108798.0,135600.0
37001175,22400.0,108798.0,135600.0
37001176,21533.0,108798.0,136500.0
37001177,22400.0,108798.0,136500.0
37001178,23267.0,109345.0,137400.0
37001179,23267.0,109345.0,135600.0
37001180,23267.0,109345.0,136500.0
37001181,17317.0,107148.0,137499.0
37001182,17317.0,107148.0,135600.0
37001183,17317.0,107148.0,136500.0
37001184,21533.0,107131.0,137700.0
37001185,22400.0,107139.0,137700.0
37001186,21533.0,107131.0,135600.0
37001187,22400.0,107139.0,135600.0
37001188,21533.0,107131.0,136500.0
37001189,22400.0,107139.0,136500.0
37001190,23267.0,106723.0,137400.0
37001191,23267.0,106723.0,135600.0
37001192,23267.0,106723.0,136500.0
37001193,27067.0,106723.0,137400.0
37001194,27067.0,106723.0,135600.0
37001195,27067.0,106723.0,136500.0
37001196,28067.0,107148.0,137400.0
37001197,29067.0,107148.0,137400.0
37001198,28067.0,107148.0,135600.0
37001199,29067.0,107148.0,135600.0
37001200,28067.0,107148.0,136500.0
37001201,29067.0,107148.0,136500.0
37001202,16867.0,101931.0,137400.0
37001203,16867.0,102814.0,137400.0
37001204,16867.0,101931.0,135600.0
37001205,16867.0,102814.0,135600.0
37001206,16867.0,101931.0,136500.0
37001207,16867.0,102814.0,136500.0
37001208,16867.0,99381.0,137400.0
37001209,16867.0,100214.0,137400.0
37001210,16867.0,99381.0,135600.0
37001211,16867.0,100214.0,135600.0
37001212,16867.0,99381.0,136500.0
37001213,16867.0,100214.0,136500.0
37001214,17317.0,101048.0,137400.0
37001215,17317.0,101048.0,135600.0
37001216,17317.0,101048.0,136500.0
37001217,18617.0,101048.0,137400.0
37001218,18617.0,101048.0,135600.0
37001219,18617.0,101048.0,136500.0
37001220,20667.0,99381.0,137400.0
37001221,20667.0,100214.0,137400.0
37001222,20667.0,99381.0,135600.0
37001223,20667.0,100214.0,135600.0
37001224,20667.0,99381.0,136500.0
37001225,20667.0,100214.0,136500.0
37001226,17642.0,98548.0,137400.0
37001227,17642.0,98548.0,135600.0
37001228,17642.0,98548.0,136500.0
37001229,21533.0,98548.0,137400.0
37001230,22400.0,98548.0,137400.0
37001231,21533.0,98548.0,135600.0
37001232,22400.0,98548.0,135600.0
37001233,21533.0,98548.0,136500.0
37001234,22400.0,98548.0,136500.0
37001235,23267.0,99070.0,137400.0
37001236,23267.0,99070.0,135600.0
37001237,23267.0,99070.0,136500.0
37001238,27067.0,99070.0,137400.0
37001239,27067.0,99070.0,135600.0
37001240,27067.0,99070.0,136500.0
37001241,28067.0,98548.0,137400.0
37001242,29067.0,98548.0,137400.0
37001243,28067.0,98548.0,135600.0
37001244,29067.0,98548.0,135600.0
37001245,28067.0,98548.0,136500.0
37001246,29067.0,98548.0,136500.0
37001247,16867.0,114248.0,137200.0
37001248,16867.0,114248.0,135533.0
37001249,16867.0,114248.0,136366.0
37001250,20667.0,114248.0,137200.0
37001251,20667.0,114248.0,135533.0
37001252,20667.0,114248.0,136366.0
37001253,20292.0,114848.0,137200.0
37001254,20292.0,114848.0,135533.0
37001255,20292.0,114848.0,136366.0
37001256,18142.0,114848.0,137200.0
37001257,18145.0,114848.0,137750.0
37001258,18642.0,114848.0,137750.0
37001259,19142.0,114848.0,137750.0
37001260,19639.0,114848.0,137750.0
37001261,19642.0,114848.0,137200.0
37001262,18142.0,114848.0,135533.0
37001263,19642.0,114848.0,135533.0
37001264,18142.0,114848.0,136366.0
37001265,19642.0,114848.0,136366.0
37001266,18642.0,114848.0,137200.0
37001267,19142.0,114848.0,137200.0
37001268,29267.0,114848.0,137400.0
37001269,29267.0,114848.0,135600.0
37001270,29267.0,114848.0,136500.0
37001271,20067.0,101048.0,137400.0
37001272,20067.0,101048.0,135600.0
37001273,20067.0,101048.0,136500.0
37001274,16867.0,104698.0,137400.0
37001275,16867.0,105698.0,137400.0
37001276,16867.0,104698.0,135600.0
37001277,16867.0,105698.0,135600.0
37001278,16867.0,104698.0,136500.0
37001279,16867.0,105698.0,136500.0
37001280,20667.0,106710.0,137400.0
37001281,20667.0,106710.0,135600.0
37001282,20667.0,106710.0,136500.0
37001283,23267.0,114248.0,137400.0
37001284,23267.0,114248.0,135600.0
37001285,23267.0,114248.0,136500.0
37001286,30067.0,99381.0,137400.0
37001287,30067.0,100214.0,137400.0
37001288,30067.0,100881.0,137400.0
37001289,30067.0,99381.0,135600.0
37001290,30067.0,100214.0,135600.0
37001291,30067.0,100881.0,135600.0
37001292,30067.0,99381.0,136500.0
37001293,30067.0,100881.0,136500.0
37001294,30067.0,100214.0,136500.0
37001295,30067.0,105281.0,137400.0
37001296,30067.0,106214.0,137400.0
37001297,30067.0,105281.0,135600.0
37001298,30067.0,106214.0,135600.0
37001299,30067.0,105281.0,136500.0
37001300,30067.0,106214.0,136500.0
37001301,30067.0,102481.0,137400.0
37001302,30067.0,103414.0,137400.0
37001303,30067.0,102481.0,135600.0
37001304,30067.0,103414.0,135600.0
37001305,30067.0,102481.0,136500.0
37001306,30067.0,103414.0,136500.0
37001307,60347.0,101873.0,137200.0
37001308,60347.0,102698.0,137200.0
37001309,60347.0,103523.0,137200.0
37001310,60347.0,101873.0,135533.0
37001311,60347.0,102698.0,135533.0
37001312,60347.0,103523.0,135533.0
37001313,60347.0,101873.0,136366.0
37001314,60347.0,103523.0,136366.0
37001315,60347.0,102698.0,136366.0
37001316,63747.0,111328.0,137200.0
37001317,63747.0,112208.0,137200.0
37001318,63747.0,113088.0,137200.0
37001319,63747.0,113968.0,137200.0
37001320,63747.0,111328.0,135533.0
37001321,63747.0,112208.0,135533.0
37001322,63747.0,113088.0,135533.0
37001323,63747.0,113968.0,135533.0
37001324,63747.0,111328.0,136366.0
37001325,63747.0,113968.0,136366.0
37001326,63747.0,112208.0,136366.0
37001327,63747.0,113088.0,136366.0
37001328,61022.0,114848.0,137200.0
37001329,61697.0,114848.0,137200.0
37001330,61700.0,114848.0,137750.0
37001331,62197.0,114848.0,137750.0
37001332,62697.0,114848.0,137750.0
37001333,63194.0,114848.0,137750.0
37001334,63197.0,114848.0,137200.0
37001335,61022.0,114848.0,135533.0
37001336,61697.0,114848.0,135533.0
37001337,63197.0,114848.0,135533.0
37001338,61022.0,114848.0,136366.0
37001339,63197.0,114848.0,136366.0
37001340,62197.0,114848.0,137200.0
37001341,61697.0,114848.0,136366.0
37001342,62697.0,114848.0,137200.0
37001343,52947.0,104560.0,137400.0
37001344,52947.0,105423.0,137400.0
37001345,52947.0,106285.0,137400.0
37001346,52947.0,104560.0,135600.0
37001347,52947.0,105423.0,135600.0
37001348,52947.0,106285.0,135600.0
37001349,52947.0,104560.0,136500.0
37001350,52947.0,106285.0,136500.0
37001351,52947.0,105423.0,136500.0
37001352,53722.0,98548.0,137400.0
37001353,53722.0,98548.0,135600.0
37001354,53722.0,98548.0,136500.0
37001355,52947.0,99381.0,137400.0
37001356,52947.0,100214.0,137400.0
37001357,52947.0,99381.0,135600.0
37001358,52947.0,100214.0,135600.0
37001359,52947.0,99381.0,136500.0
37001360,52947.0,100214.0,136500.0
37001361,52947.0,101931.0,137400.0
37001362,52947.0,102814.0,137400.0
37001363,52947.0,101931.0,135600.0
37001364,52947.0,102814.0,135600.0
37001365,52947.0,101931.0,136500.0
37001366,52947.0,102814.0,136500.0
37001367,53397.0,101048.0,137400.0
37001368,53397.0,101048.0,135600.0
37001369,53397.0,101048.0,136500.0
37001370,53397.0,107148.0,137400.0
37001371,53397.0,107148.0,135600.0
37001372,53397.0,107148.0,136500.0
37001373,56347.0,111328.0,137400.0
37001374,56347.0,112208.0,137400.0
37001375,56347.0,113088.0,137400.0
37001376,56347.0,111328.0,135600.0
37001377,56347.0,112208.0,135600.0
37001378,56347.0,113088.0,135600.0
37001379,56347.0,111328.0,136500.0
37001380,56347.0,113088.0,136500.0
37001381,56347.0,112208.0,136500.0
37001382,52947.0,111128.0,137200.0
37001383,52947.0,112058.0,137200.0
37001384,52947.0,112988.0,137200.0
37001385,52947.0,113918.0,137200.0
37001386,52947.0,111128.0,135533.0
37001387,52947.0,112058.0,135533.0
37001388,52947.0,112988.0,135533.0
37001389,52947.0,113918.0,135533.0
37001390,52947.0,111128.0,136366.0
37001391,52947.0,113918.0,136366.0
37001392,52947.0,112058.0,136366.0
37001393,52947.0,112988.0,136366.0
37001394,53622.0,114848.0,137200.0
37001395,54297.0,114848.0,137200.0
37001396,54300.0,114848.0,137750.0
37001397,54797.0,114848.0,137750.0
37001398,55297.0,114848.0,137750.0
37001399,55794.0,114848.0,137750.0
37001400,55797.0,114848.0,137200.0
37001401,53622.0,114848.0,135533.0
37001402,54297.0,114848.0,135533.0
37001403,55797.0,114848.0,135533.0
37001404,53622.0,114848.0,136366.0
37001405,55797.0,114848.0,136366.0
37001406,54797.0,114848.0,137200.0
37001407,54297.0,114848.0,136366.0
37001408,55297.0,114848.0,137200.0
37001409,61197.0,110448.0,137200.0
37001410,62047.0,110448.0,137200.0
37001411,62897.0,110448.0,137200.0
37001412,61197.0,110448.0,135533.0
37001413,62047.0,110448.0,135533.0
37001414,62897.0,110448.0,135533.0
37001415,61197.0,110448.0,136366.0
37001416,62897.0,110448.0,136366.0
37001417,62047.0,110448.0,136366.0
37001418,56347.0,106673.0,137400.0
37001419,56347.0,106673.0,135600.0
37001420,56347.0,106673.0,136500.0
37001421,56347.0,99381.0,137400.0
37001422,56347.0,100214.0,137400.0
37001423,56347.0,99381.0,135600.0
37001424,56347.0,100214.0,135600.0
37001425,56347.0,99381.0,136500.0
37001426,56347.0,100214.0,136500.0
37001427,63747.0,102064.0,137200.0
37001428,63747.0,103081.0,137200.0
37001429,63747.0,104098.0,137200.0
37001430,63747.0,105114.0,137200.0
37001431,63747.0,106131.0,137200.0
37001432,63747.0,102064.0,135533.0
37001433,63747.0,103081.0,135533.0
37001434,63747.0,104098.0,135533.0
37001435,63747.0,105114.0,135533.0
37001436,63747.0,106131.0,135533.0
37001437,63747.0,102064.0,136366.0
37001438,63747.0,106131.0,136366.0
37001439,63747.0,103081.0,136366.0
37001440,63747.0,104098.0,136366.0
37001441,63747.0,105114.0,136366.0
37001442,63747.0,99381.0,137200.0
37001443,63747.0,100214.0,137200.0
37001444,63747.0,99381.0,135533.0
37001445,63747.0,100214.0,135533.0
37001446,63747.0,99381.0,136366.0
37001447,63747.0,100214.0,136366.0
37001448,54680.0,101048.0,137400.0
37001449,55513.0,101048.0,137400.0
37001450,54680.0,101048.0,135600.0
37001451,55513.0,101048.0,135600.0
37001452,54680.0,101048.0,136500.0
37001453,55513.0,101048.0,136500.0
37001454,60822.0,98548.0,137200.0
37001455,61297.0,98548.0,137200.0
37001456,61300.0,98548.0,137750.0
37001457,61797.0,98548.0,137750.0
37001458,62297.0,98548.0,137750.0
37001459,62794.0,98548.0,137750.0
37001460,62797.0,98548.0,137200.0
37001461,63272.0,98548.0,137200.0
37001462,60822.0,98548.0,135533.0
37001463,61297.0,98548.0,135533.0
37001464,63272.0,98548.0,135533.0
37001465,62797.0,98548.0,135533.0
37001466,60822.0,98548.0,136366.0
37001467,63272.0,98548.0,136366.0
37001468,61797.0,98548.0,137200.0
37001469,61297.0,98548.0,136366.0
37001470,62297.0,98548.0,137200.0
37001471,62797.0,98548.0,136366.0
37001472,61197.0,101048.0,137200.0
37001473,62047.0,101048.0,137200.0
37001474,62897.0,101048.0,137200.0
37001475,61197.0,101048.0,135533.0
37001476,62047.0,101048.0,135533.0
37001477,62897.0,101048.0,135533.0
37001478,61197.0,101048.0,136366.0
37001479,62897.0,101048.0,136366.0
37001480,62047.0,101048.0,136366.0
37001481,111267.0,104698.0,137400.0
37001482,111267.0,105698.0,137400.0
37001483,111267.0,104698.0,135600.0
37001484,111267.0,105698.0,135600.0
37001485,111267.0,104698.0,136500.0
37001486,111267.0,105698.0,136500.0
37001487,108067.0,101048.0,137400.0
37001488,108067.0,101048.0,135600.0
37001489,108067.0,101048.0,136500.0
37001490,98867.0,114848.0,137400.0
37001491,98867.0,114848.0,135600.0
37001492,98867.0,114848.0,136500.0
37001493,108492.0,114848.0,137200.0
37001494,108495.0,114848.0,137750.0
37001495,108992.0,114848.0,137750.0
37001496,109492.0,114848.0,137750.0
37001497,109989.0,114848.0,137750.0
37001498,109992.0,114848.0,137200.0
37001499,108492.0,114848.0,135533.0
37001500,109992.0,114848.0,135533.0
37001501,108492.0,114848.0,136366.0
37001502,109992.0,114848.0,136366.0
37001503,108992.0,114848.0,137200.0
37001504,109492.0,114848.0,137200.0
37001505,107842.0,114848.0,137300.0
37001506,107842.0,114848.0,135566.0
37001507,107842.0,114848.0,136433.0
37001508,107467.0,114248.0,137300.0
37001509,107467.0,114248.0,135566.0
37001510,107467.0,114248.0,136433.0
37001511,111267.0,114248.0,137400.0
37001512,111267.0,114248.0,135600.0
37001513,111267.0,114248.0,136500.0
37001514,110767.0,114848.0,137300.0
37001515,110767.0,114848.0,135566.0
37001516,110767.0,114848.0,136433.0
37001517,110492.0,98548.0,137400.0
37001518,110492.0,98548.0,135600.0
37001519,110492.0,98548.0,136500.0
37001520,99067.0,98548.0,137400.0
37001521,100067.0,98548.0,137400.0
37001522,99067.0,98548.0,135600.0
37001523,100067.0,98548.0,135600.0
37001524,99067.0,98548.0,136500.0
37001525,100067.0,98548.0,136500.0
37001526,105733.0,98548.0,137400.0
37001527,106600.0,98548.0,137400.0
37001528,105733.0,98548.0,135600.0
37001529,106600.0,98548.0,135600.0
37001530,105733.0,98548.0,136500.0
37001531,106600.0,98548.0,136500.0
37001532,101067.0,99070.0,137400.0
37001533,101067.0,99070.0,135600.0
37001534,101067.0,99070.0,136500.0
37001535,104867.0,99070.0,137400.0
37001536,104867.0,99070.0,135600.0
37001537,104867.0,99070.0,136500.0
37001538,107467.0,99381.0,137400.0
37001539,107467.0,100214.0,137400.0
37001540,107467.0,99381.0,135600.0
37001541,107467.0,100214.0,135600.0
37001542,107467.0,99381.0,136500.0
37001543,107467.0,100214.0,136500.0
37001544,109517.0,101048.0,137400.0
37001545,109517.0,101048.0,135600.0
37001546,109517.0,101048.0,136500.0
37001547,110817.0,101048.0,137400.0
37001548,110817.0,101048.0,135600.0
37001549,110817.0,101048.0,136500.0
37001550,111267.0,99381.0,137400.0
37001551,111267.0,100214.0,137400.0
37001552,111267.0,99381.0,135600.0
37001553,111267.0,100214.0,135600.0
37001554,111267.0,99381.0,136500.0
37001555,111267.0,100214.0,136500.0
37001556,111267.0,101931.0,137400.0
37001557,111267.0,102814.0,137400.0
37001558,111267.0,101931.0,135600.0
37001559,111267.0,102814.0,135600.0
37001560,111267.0,101931.0,136500.0
37001561,111267.0,102814.0,136500.0
37001562,99067.0,107148.0,137400.0
37001563,100067.0,107148.0,137400.0
37001564,99067.0,107148.0,135600.0
37001565,100067.0,107148.0,135600.0
37001566,99067.0,107148.0,136500.0
37001567,100067.0,107148.0,136500.0
37001568,101067.0,106723.0,137400.0
37001569,101067.0,106723.0,135600.0
37001570,101067.0,106723.0,136500.0
37001571,104867.0,106723.0,137400.0
37001572,104867.0,106723.0,135600.0
37001573,104867.0,106723.0,136500.0
37001574,105733.0,107139.0,137700.0
37001575,106600.0,107131.0,137700.0
37001576,105733.0,107139.0,135600.0
37001577,106600.0,107131.0,135600.0
37001578,105733.0,107139.0,136500.0
37001579,106600.0,107131.0,136500.0
37001580,110817.0,107148.0,137499.0
37001581,110817.0,107148.0,135600.0
37001582,110817.0,107148.0,136500.0
37001583,104867.0,109345.0,137400.0
37001584,104867.0,109345.0,135600.0
37001585,104867.0,109345.0,136500.0
37001586,105733.0,108798.0,137700.0
37001587,106600.0,108798.0,137700.0
37001588,105733.0,108798.0,135600.0
37001589,106600.0,108798.0,135600.0
37001590,105733.0,108798.0,136500.0
37001591,106600.0,108798.0,136500.0
37001592,107467.0,109345.0,137400.0
37001593,107467.0,109345.0,135600.0
37001594,107467.0,109345.0,136500.0
37001595,98067.0,111448.0,137700.0
37001596,98067.0,112448.0,137700.0
37001597,98067.0,111448.0,135600.0
37001598,98067.0,112448.0,135600.0
37001599,98067.0,111448.0,136500.0
37001600,98067.0,112448.0,136500.0
37001601,100567.0,110448.0,137400.0
37001602,100567.0,110448.0,135600.0
37001603,100567.0,110448.0,136500.0
37001604,100367.0,113448.0,137700.0
37001605,100367.0,113448.0,135600.0
37001606,100367.0,113448.0,136500.0
37001607,101067.0,111448.0,137400.0
37001608,101067.0,112448.0,137400.0
37001609,101067.0,111448.0,135600.0
37001610,101067.0,112448.0,135600.0
37001611,101067.0,111448.0,136500.0
37001612,101067.0,112448.0,136500.0
37001613,98067.0,114148.0,137400.0
37001614,98067.0,114148.0,135600.0
37001615,98067.0,114148.0,136500.0
37001616,111267.0,111060.0,137400.0
37001617,111267.0,111923.0,137400.0
37001618,111267.0,112785.0,137400.0
37001619,111267.0,111060.0,135600.0
37001620,111267.0,111923.0,135600.0
37001621,111267.0,112785.0,135600.0
37001622,111267.0,111060.0,136500.0
37001623,111267.0,112785.0,136500.0
37001624,111267.0,111923.0,136500.0
37001625,100367.0,114848.0,137400.0
37001626,100367.0,114848.0,135600.0
37001627,100367.0,114848.0,136500.0
37001628,105733.0,114848.0,137400.0
37001629,106600.0,114848.0,137400.0
37001630,105733.0,114848.0,135600.0
37001631,106600.0,114848.0,135600.0
37001632,105733.0,114848.0,136500.0
37001633,106600.0,114848.0,136500.0
37001634,107467.0,106710.0,137400.0
37001635,107467.0,106710.0,135600.0
37001636,107467.0,106710.0,136500.0
37001637,98067.0,102481.0,137400.0
37001638,98067.0,103414.0,137400.0
37001639,98067.0,102481.0,135600.0
37001640,98067.0,103414.0,135600.0
37001641,98067.0,102481.0,136500.0
37001642,98067.0,103414.0,136500.0
37001643,98067.0,105281.0,137400.0
37001644,98067.0,106214.0,137400.0
37001645,98067.0,105281.0,135600.0
37001646,98067.0,106214.0,135600.0
37001647,98067.0,105281.0,136500.0
37001648,98067.0,106214.0,136500.0
37001649,104867.0,114248.0,137400.0
37001650,104867.0,114248.0,135600.0
37001651,104867.0,114248.0,136500.0
37001652,98067.0,99381.0,137400.0
37001653,98067.0,100214.0,137400.0
37001654,98067.0,100881.0,137400.0
37001655,98067.0,99381.0,135600.0
37001656,98067.0,100214.0,135600.0
37001657,98067.0,100881.0,135600.0
37001658,98067.0,99381.0,136500.0
37001659,98067.0,100881.0,136500.0
37001660,98067.0,100214.0,136500.0
37001661,24217.0,113842.0,138300.0
37001662,24217.0,112888.0,138300.0
37001663,24217.0,111942.0,138300.0
37001664,24217.0,110977.0,138300.0
37001665,24217.0,109999.0,138300.0
37001666,24217.0,109011.0,138300.0
37001667,24217.0,108071.0,138300.0
37001668,25167.0,113929.0,138300.0
37001669,25167.0,113007.0,138300.0
37001670,25167.0,112066.0,138300.0
37001671,25167.0,111102.0,138300.0
37001672,25167.0,110119.0,138300.0
37001673,25167.0,109126.0,138300.0
37001674,25167.0,108135.0,138300.0
37001675,26117.0,114015.0,138300.0
37001676,26117.0,113157.0,138300.0
37001677,26117.0,112223.0,138300.0
37001678,26117.0,111253.0,138300.0
37001679,26117.0,110256.0,138300.0
37001680,26117.0,109228.0,138300.0
37001681,26117.0,108189.0,138300.0
37001682,27767.0,114148.0,138300.0
37001683,29267.0,114148.0,138300.0
37001684,17833.0,112807.0,138300.0
37001685,17803.0,111978.0,138300.0
37001686,17814.0,109560.0,138300.0
37001687,17803.0,110360.0,138300.0
37001688,17797.0,111175.0,138300.0
37001689,18747.0,110499.0,138300.0
37001690,18711.0,111308.0,138300.0
37001691,18758.0,109644.0,138300.0
37001692,18725.0,111989.0,138300.0
37001693,18796.0,112799.0,138300.0
37001694,19605.0,111720.0,138300.0
37001695,19687.0,110724.0,138300.0
37001696,19711.0,109759.0,138300.0
37001697,19736.0,112715.0,138300.0
37001698,17727.0,107952.0,138300.0
37001699,18522.0,107951.0,138300.0
37001700,19173.0,107945.0,138300.0
37001701,19928.0,107945.0,138300.0
37001702,21533.0,107964.0,138300.0
37001703,22400.0,107968.0,138300.0
37001704,24217.0,106235.0,138300.0
37001705,24217.0,105296.0,138300.0
37001706,25167.0,106224.0,138300.0
37001707,25167.0,105289.0,138300.0
37001708,26117.0,106235.0,138300.0
37001709,26117.0,105296.0,138300.0
37001710,17733.0,100214.0,138300.0
37001711,17704.0,99381.0,138300.0
37001712,18596.0,100214.0,138300.0
37001713,18559.0,99381.0,138300.0
37001714,24217.0,103414.0,138300.0
37001715,24217.0,102481.0,138300.0
37001716,25167.0,103414.0,138300.0
37001717,25167.0,102481.0,138300.0
37001718,26117.0,103414.0,138300.0
37001719,26117.0,102481.0,138300.0
37001720,24217.0,100556.0,138300.0
37001721,24217.0,99559.0,138300.0
37001722,25167.0,100552.0,138300.0
37001723,25167.0,99553.0,138300.0
37001724,26117.0,100556.0,138300.0
37001725,26117.0,99559.0,138300.0
37001726,53835.0,107943.0,138300.0
37001727,54736.0,107923.0,138300.0
37001728,55602.0,107903.0,138300.0
37001729,109538.0,100214.0,138300.0
37001730,109574.0,99381.0,138300.0
37001731,110401.0,100214.0,138300.0
37001732,110429.0,99381.0,138300.0
37001733,98867.0,114148.0,138300.0
37001734,100367.0,114148.0,138300.0
37001735,108372.0,112745.0,138300.0
37001736,108436.0,111814.0,138300.0
37001737,108445.0,109786.0,138300.0
37001738,108536.0,110807.0,138300.0
37001739,109424.0,111113.0,138300.0
37001740,109371.0,111930.0,138300.0
37001741,109425.0,110435.0,138300.0
37001742,109388.0,109627.0,138300.0
37001743,109326.0,112783.0,138300.0
37001744,110341.0,110329.0,138300.0
37001745,110337.0,111124.0,138300.0
37001746,110328.0,109547.0,138300.0
37001747,110293.0,112795.0,138300.0
37001748,110320.0,111948.0,138300.0
37001749,101998.0,100556.0,138300.0
37001750,101962.0,99558.0,138300.0
37001751,102940.0,100552.0,138300.0
37001752,102881.0,99553.0,138300.0
37001753,103898.0,100556.0,138300.0
37001754,103862.0,99559.0,138300.0
37001755,108205.0,107945.0,138300.0
37001756,108960.0,107945.0,138300.0
37001757,109611.0,107951.0,138300.0
37001758,110406.0,107952.0,138300.0
37001759,102017.0,106235.0,138300.0
37001760,102017.0,105296.0,138300.0
37001761,102967.0,106224.0,138300.0
37001762,102967.0,105289.0,138300.0
37001763,103917.0,106235.0,138300.0
37001764,103917.0,105296.0,138300.0
37001765,101960.0,114011.0,138300.0
37001766,101992.0,113153.0,138300.0
37001767,102002.0,112222.0,138300.0
37001768,102007.0,111252.0,138300.0
37001769,102010.0,110256.0,138300.0
37001770,102012.0,109228.0,138300.0
37001771,102014.0,108190.0,138300.0
37001772,102877.0,113924.0,138300.0
37001773,102929.0,113003.0,138300.0
37001774,102946.0,112064.0,138300.0
37001775,102953.0,111102.0,138300.0
37001776,102957.0,110120.0,138300.0
37001777,102960.0,109127.0,138300.0
37001778,102963.0,108135.0,138300.0
37001779,103858.0,113839.0,138300.0
37001780,103890.0,112886.0,138300.0
37001781,103902.0,111941.0,138300.0
37001782,103907.0,110977.0,138300.0
37001783,103910.0,110000.0,138300.0
37001784,103912.0,109011.0,138300.0
37001785,103914.0,108072.0,138300.0
37001786,102017.0,103414.0,138300.0
37001787,102017.0,102481.0,138300.0
37001788,102967.0,103414.0,138300.0
37001789,102967.0,102481.0,138300.0
37001790,103917.0,103414.0,138300.0
37001791,103917.0,102481.0,138300.0
37001792,105733.0,107968.0,138300.0
37001793,106600.0,107964.0,138300.0
38000001,23267.0,114848.0,141900.0
38000002,27067.0,114848.0,141900.0
38000003,20667.0,114848.0,141900.0
38000004,30067.0,114848.0,141900.0
38000005,27067.0,113448.0,141900.0
38000006,27067.0,110448.0,141900.0
38000007,30067.0,113448.0,141900.0
38000008,20667.0,111848.0,141900.0
38000009,20667.0,108798.0,141900.0
38000010,23267.0,111848.0,141900.0
38000011,16867.0,108748.0,141900.0
38000012,23267.0,108798.0,141900.0
38000013,16867.0,107148.0,141900.0
38000014,30067.0,107148.0,141900.0
38000015,23267.0,107148.0,141900.0
38000016,20667.0,107123.0,141900.0
38000017,27067.0,107148.0,141900.0
38000018,16867.0,101048.0,141900.0
38000019,17767.0,107148.0,141900.0
38000020,17767.0,101048.0,141900.0
38000021,20667.0,104348.0,141900.0
38000022,23267.0,104348.0,141900.0
38000023,27067.0,104348.0,141900.0
38000024,20667.0,101548.0,141900.0
38000025,20667.0,101048.0,141900.0
38000026,23267.0,101548.0,141900.0
38000027,27067.0,101548.0,141900.0
38000028,20667.0,98548.0,141900.0
38000029,23267.0,98548.0,141900.0
38000030,27067.0,98548.0,141900.0
38000031,16867.0,110198.0,141900.0
38000032,30067.0,110448.0,141900.0
38000033,23267.0,109893.0,141900.0
38000034,28067.0,110448.0,141900.0
38000035,23267.0,106298.0,141900.0
38000036,27067.0,106298.0,141900.0
38000037,20167.0,107098.0,141900.0
38000038,23267.0,99593.0,141900.0
38000039,27067.0,99593.0,141900.0
38000040,18417.0,98548.0,141900.0
38000041,20667.0,113648.0,141900.0
38000042,16867.0,113648.0,141900.0
38000043,19917.0,113648.0,141900.0
38000044,19917.0,114848.0,141900.0
38000045,17867.0,113648.0,141900.0
38000046,17867.0,114848.0,141900.0
38000047,28467.0,113448.0,141900.0
38000048,28467.0,114848.0,141900.0
38000049,19467.0,98548.0,141900.0
38000050,19467.0,101048.0,141900.0
38000051,17767.0,103698.0,141900.0
38000052,16867.0,103698.0,141900.0
38000053,20667.0,106298.0,141900.0
38000054,23267.0,113648.0,141900.0
38000055,20667.0,109893.0,141900.0
38000056,4867.0,114848.0,141900.0
38000057,4867.0,106698.0,141900.0
38000058,4867.0,98548.0,141900.0
38000059,4867.0,87098.0,141900.0
38000060,4867.0,126298.0,141900.0
38000061,9467.0,126348.0,141900.0
38000062,13067.0,126348.0,141900.0
38000063,124067.0,114848.0,141900.0
38000064,124067.0,106698.0,141900.0
38000065,124067.0,98548.0,141900.0
38000066,124067.0,87098.0,141900.0
38000067,124067.0,126298.0,141900.0
38000068,30067.0,98548.0,141900.0
38000069,30067.0,104348.0,141900.0
38000070,30067.0,101548.0,141900.0
38000071,13067.0,87048.0,141900.0
38000072,9467.0,87048.0,141900.0
38000073,63747.0,110448.0,141900.0
38000074,60347.0,101048.0,141900.0
38000075,60347.0,107048.0,141900.0
38000076,63747.0,107148.0,141900.0
38000077,52947.0,114848.0,141900.0
38000078,56347.0,108748.0,141900.0
38000079,52947.0,103698.0,141900.0
38000080,53847.0,103698.0,141900.0
38000081,54497.0,98548.0,141900.0
38000082,56347.0,110448.0,141900.0
38000083,52947.0,110198.0,141900.0
38000084,56347.0,113448.0,141900.0
38000085,52947.0,101048.0,141900.0
38000086,53847.0,101048.0,141900.0
38000087,53847.0,107148.0,141900.0
38000088,52947.0,107148.0,141900.0
38000089,56347.0,107048.0,141900.0
38000090,52947.0,108748.0,141900.0
38000091,56347.0,101548.0,141900.0
38000092,55947.0,107048.0,141900.0
38000093,56347.0,106298.0,141900.0
38000094,60347.0,110448.0,141900.0
38000095,56347.0,104348.0,141900.0
38000096,56347.0,101048.0,141900.0
38000097,63747.0,101048.0,141900.0
38000098,52947.0,98548.0,141900.0
38000099,60347.0,104348.0,141900.0
38000100,119800.0,87048.0,141900.0
38000101,115533.0,87048.0,141900.0
38000102,111267.0,103698.0,141900.0
38000103,110367.0,103698.0,141900.0
38000104,108667.0,101048.0,141900.0
38000105,108667.0,98548.0,141900.0
38000106,99667.0,114848.0,141900.0
38000107,99667.0,113448.0,141900.0
38000108,110267.0,114848.0,141900.0
38000109,110267.0,113648.0,141900.0
38000110,108217.0,114848.0,141900.0
38000111,108217.0,113648.0,141900.0
38000112,111267.0,113648.0,141900.0
38000113,107467.0,113648.0,141900.0
38000114,109717.0,98548.0,141900.0
38000115,101067.0,99593.0,141900.0
38000116,104867.0,99593.0,141900.0
38000117,107967.0,107098.0,141900.0
38000118,101067.0,106298.0,141900.0
38000119,104867.0,106298.0,141900.0
38000120,100067.0,110448.0,141900.0
38000121,104867.0,109893.0,141900.0
38000122,98067.0,110448.0,141900.0
38000123,111267.0,110198.0,141900.0
38000124,101067.0,98548.0,141900.0
38000125,104867.0,98548.0,141900.0
38000126,107467.0,98548.0,141900.0
38000127,101067.0,101548.0,141900.0
38000128,104867.0,101548.0,141900.0
38000129,107467.0,101048.0,141900.0
38000130,107467.0,101548.0,141900.0
38000131,101067.0,104348.0,141900.0
38000132,104867.0,104348.0,141900.0
38000133,107467.0,104348.0,141900.0
38000134,110367.0,101048.0,141900.0
38000135,110367.0,107148.0,141900.0
38000136,111267.0,101048.0,141900.0
38000137,101067.0,107148.0,141900.0
38000138,107467.0,107123.0,141900.0
38000139,104867.0,107148.0,141900.0
38000140,98067.0,107148.0,141900.0
38000141,111267.0,107148.0,141900.0
38000142,104867.0,108798.0,141900.0
38000143,111267.0,108748.0,141900.0
38000144,104867.0,111848.0,141900.0
38000145,107467.0,108798.0,141900.0
38000146,107467.0,111848.0,141900.0
38000147,98067.0,113448.0,141900.0
38000148,101067.0,110448.0,141900.0
38000149,101067.0,113448.0,141900.0
38000150,98067.0,114848.0,141900.0
38000151,107467.0,114848.0,141900.0
38000152,101067.0,114848.0,141900.0
38000153,104867.0,114848.0,141900.0
38000154,107467.0,106298.0,141900.0
38000155,98067.0,101548.0,141900.0
38000156,98067.0,104348.0,141900.0
38000157,107467.0,109893.0,141900.0
38000158,104867.0,113648.0,141900.0
38000159,98067.0,98548.0,141900.0
38000160,56347.0,98548.0,141900.0
38000161,63747.0,98548.0,141900.0
38000162,56347.0,114848.0,141900.0
38000163,63747.0,114848.0,141900.0
38000164,60347.0,98548.0,141900.0
38000165,60347.0,114848.0,141900.0
38000166,16867.0,126298.0,141900.0
38000167,16867.0,87098.0,141900.0
38000168,16867.0,106698.0,141900.0
38000169,30067.0,87098.0,141900.0
38000170,30067.0,126298.0,141900.0
38000171,16867.0,114848.0,141900.0
38000172,16867.0,98548.0,141900.0
38000173,111267.0,87098.0,141900.0
38000174,111267.0,126298.0,141900.0
38000175,98067.0,87098.0,141900.0
38000176,98067.0,126298.0,141900.0
38000177,111267.0,106698.0,141900.0
38000178,111267.0,114848.0,141900.0
38000179,111267.0,98548.0,141900.0
38000180,41507.0,87098.0,141900.0
38000181,41507.0,126298.0,141900.0
38000182,52947.0,87098.0,141900.0
38000183,52947.0,126298.0,141900.0
38000184,75187.0,87098.0,141900.0
38000185,75187.0,126298.0,141900.0
38000186,86627.0,126298.0,141900.0
38000187,86627.0,87098.0,141900.0
38000188,102700.0,87048.0,141900.0
38000189,102700.0,98548.0,141900.0
38000190,102700.0,126348.0,141900.0
38000191,102700.0,114848.0,141900.0
38000192,107467.0,87048.0,141900.0
38000193,107467.0,126348.0,141900.0
38000194,119800.0,126348.0,141900.0
38000195,115533.0,126348.0,141900.0
38000196,92347.0,126348.0,141900.0
38000197,92347.0,87048.0,141900.0
38000198,80907.0,126348.0,141900.0
38000199,80907.0,87048.0,141900.0
38000200,69467.0,126348.0,141900.0
38000201,69467.0,87048.0,141900.0
38000202,47227.0,126348.0,141900.0
38000203,47227.0,87048.0,141900.0
38000204,35787.0,126348.0,141900.0
38000205,35787.0,87048.0,141900.0
38000206,58347.0,114848.0,141900.0
38000207,58347.0,126348.0,141900.0
38000208,58347.0,98548.0,141900.0
38000209,58347.0,87048.0,141900.0
38000210,20667.0,87048.0,141900.0
38000211,25167.0,98548.0,141900.0
38000212,25167.0,87048.0,141900.0
38000213,25167.0,114848.0,141900.0
38000214,25167.0,126348.0,141900.0
38000215,20667.0,126348.0,141900.0
38000216,119800.0,106698.0,141900.0
38000217,119800.0,98548.0,141900.0
38000218,119800.0,114848.0,141900.0
38000219,115533.0,106698.0,141900.0
38000220,115533.0,98548.0,141900.0
38000221,115533.0,114848.0,141900.0
38000222,92347.0,107148.0,141900.0
38000223,92347.0,98548.0,141900.0
38000224,92347.0,114848.0,141900.0
38000225,80907.0,107148.0,141900.0
38000226,80907.0,98548.0,141900.0
38000227,80907.0,114848.0,141900.0
38000228,69467.0,107148.0,141900.0
38000229,69467.0,98548.0,141900.0
38000230,69467.0,114848.0,141900.0
38000231,47227.0,107148.0,141900.0
38000232,47227.0,98548.0,141900.0
38000233,47227.0,114848.0,141900.0
38000234,35787.0,107148.0,141900.0
38000235,35787.0,98548.0,141900.0
38000236,35787.0,114848.0,141900.0
38000237,41507.0,107148.0,141900.0
38000238,75187.0,107148.0,141900.0
38000239,86627.0,107148.0,141900.0
38000240,13067.0,106698.0,141900.0
38000241,9467.0,106698.0,141900.0
38000242,75187.0,98548.0,141900.0
38000243,86627.0,98548.0,141900.0
38000244,41507.0,98548.0,141900.0
38000245,13067.0,98548.0,141900.0
38000246,9467.0,98548.0,141900.0
38000247,75187.0,114848.0,141900.0
38000248,86627.0,114848.0,141900.0
38000249,41507.0,114848.0,141900.0
38000250,13067.0,114848.0,141900.0
38000251,9467.0,114848.0,141900.0
38000252,63747.0,126298.0,141900.0
38000253,63747.0,87098.0,141900.0
38000254,98067.0,101048.0,141900.0
38000255,16867.0,108748.0,141099.0
38000256,16867.0,110198.0,141099.0
38000257,27067.0,113448.0,141300.0
38000258,27067.0,114848.0,141300.0
38000259,20667.0,107123.0,141300.0
38000260,20667.0,108798.0,141300.0
38000261,28067.0,110448.0,141300.0
38000262,30067.0,110448.0,141300.0
38000263,16867.0,107148.0,141099.0
38000264,23267.0,107148.0,141300.0
38000265,23267.0,108798.0,141300.0
38000266,17767.0,107148.0,141200.0
38000267,20167.0,107098.0,141200.0
38000268,18417.0,98548.0,141099.0
38000269,19467.0,98548.0,141099.0
38000270,28467.0,113448.0,141300.0
38000271,30067.0,113448.0,141300.0
38000272,20667.0,98548.0,141099.0
38000273,56347.0,113448.0,141200.0
38000274,56347.0,114848.0,141200.0
38000275,53847.0,107148.0,141200.0
38000276,55947.0,107048.0,141200.0
38000277,54497.0,98548.0,141099.0
38000278,56347.0,98548.0,141099.0
38000279,107467.0,98548.0,141099.0
38000280,108667.0,98548.0,141099.0
38000281,98067.0,113448.0,141300.0
38000282,99667.0,113448.0,141300.0
38000283,107967.0,107098.0,141200.0
38000284,110367.0,107148.0,141200.0
38000285,104867.0,107148.0,141300.0
38000286,104867.0,108798.0,141300.0
38000287,111267.0,107148.0,141099.0
38000288,111267.0,108748.0,141099.0
38000289,107467.0,107123.0,141300.0
38000290,107467.0,108798.0,141300.0
38000291,101067.0,113448.0,141300.0
38000292,101067.0,114848.0,141300.0
38000293,111267.0,110198.0,141099.0
38000294,98067.0,110448.0,141300.0
38000295,100067.0,110448.0,141300.0
38000296,109717.0,98548.0,141099.0
38000297,17367.0,114848.0,141900.0
38000298,21533.0,114848.0,141900.0
38000299,22400.0,114848.0,141900.0
38000300,27767.0,114848.0,141900.0
38000301,16867.0,111060.0,141900.0
38000302,16867.0,111923.0,141900.0
38000303,16867.0,112785.0,141900.0
38000304,16867.0,109110.0,141900.0
38000305,16867.0,109473.0,141900.0
38000306,16867.0,109835.0,141900.0
38000307,27067.0,113798.0,141900.0
38000308,27067.0,114148.0,141900.0
38000309,27067.0,114498.0,141900.0
38000310,30067.0,114148.0,141900.0
38000311,27067.0,111448.0,141900.0
38000312,27067.0,112448.0,141900.0
38000313,27767.0,113448.0,141900.0
38000314,27567.0,110448.0,141900.0
38000315,30067.0,111448.0,141900.0
38000316,30067.0,112448.0,141900.0
38000317,20667.0,109345.0,141900.0
38000318,20667.0,107541.0,141900.0
38000319,20667.0,107960.0,141900.0
38000320,20667.0,108379.0,141900.0
38000321,21533.0,108798.0,141900.0
38000322,22400.0,108798.0,141900.0
38000323,23267.0,109345.0,141900.0
38000324,28567.0,110448.0,141900.0
38000325,29067.0,110448.0,141900.0
38000326,29567.0,110448.0,141900.0
38000327,16867.0,107548.0,141900.0
38000328,16867.0,107948.0,141900.0
38000329,16867.0,108348.0,141900.0
38000330,23267.0,107560.0,141900.0
38000331,23267.0,107973.0,141900.0
38000332,23267.0,108385.0,141900.0
38000333,17317.0,107148.0,141900.0
38000334,21533.0,107131.0,141900.0
38000335,22400.0,107139.0,141900.0
38000336,23267.0,106723.0,141900.0
38000337,27067.0,106723.0,141900.0
38000338,28067.0,107148.0,141900.0
38000339,29067.0,107148.0,141900.0
38000340,16867.0,101931.0,141900.0
38000341,16867.0,102814.0,141900.0
38000342,16867.0,99381.0,141900.0
38000343,16867.0,100214.0,141900.0
38000344,17317.0,101048.0,141900.0
38000345,18167.0,107139.0,141900.0
38000346,18567.0,107131.0,141900.0
38000347,18967.0,107123.0,141900.0
38000348,19367.0,107114.0,141900.0
38000349,19767.0,107106.0,141900.0
38000350,18617.0,101048.0,141900.0
38000351,20667.0,99381.0,141900.0
38000352,20667.0,100214.0,141900.0
38000353,17642.0,98548.0,141900.0
38000354,18942.0,98548.0,141900.0
38000355,21533.0,98548.0,141900.0
38000356,22400.0,98548.0,141900.0
38000357,23267.0,99070.0,141900.0
38000358,27067.0,99070.0,141900.0
38000359,28067.0,98548.0,141900.0
38000360,29067.0,98548.0,141900.0
38000361,16867.0,114248.0,141900.0
38000362,20667.0,114248.0,141900.0
38000363,20292.0,114848.0,141900.0
38000364,18142.0,114848.0,141900.0
38000365,18642.0,114848.0,141900.0
38000366,19142.0,114848.0,141900.0
38000367,19642.0,114848.0,141900.0
38000368,29267.0,114848.0,141900.0
38000369,28867.0,113448.0,141900.0
38000370,29267.0,113448.0,141900.0
38000371,29667.0,113448.0,141900.0
38000372,20067.0,101048.0,141900.0
38000373,20067.0,98548.0,141900.0
38000374,16867.0,104698.0,141900.0
38000375,16867.0,105698.0,141900.0
38000376,20667.0,106710.0,141900.0
38000377,23267.0,114248.0,141900.0
38000378,30067.0,99381.0,141900.0
38000379,30067.0,100214.0,141900.0
38000380,30067.0,100881.0,141900.0
38000381,30067.0,105281.0,141900.0
38000382,30067.0,106214.0,141900.0
38000383,30067.0,102481.0,141900.0
38000384,30067.0,103414.0,141900.0
38000385,60347.0,101873.0,141900.0
38000386,60347.0,102698.0,141900.0
38000387,60347.0,103523.0,141900.0
38000388,63747.0,111328.0,141900.0
38000389,63747.0,112208.0,141900.0
38000390,63747.0,113088.0,141900.0
38000391,63747.0,113968.0,141900.0
38000392,61022.0,114848.0,141900.0
38000393,61697.0,114848.0,141900.0
38000394,62197.0,114848.0,141900.0
38000395,62697.0,114848.0,141900.0
38000396,63197.0,114848.0,141900.0
38000397,52947.0,104560.0,141900.0
38000398,52947.0,105423.0,141900.0
38000399,52947.0,106285.0,141900.0
38000400,53722.0,98548.0,141900.0
38000401,52947.0,99381.0,141900.0
38000402,52947.0,100214.0,141900.0
38000403,52947.0,101931.0,141900.0
38000404,52947.0,102814.0,141900.0
38000405,53397.0,101048.0,141900.0
38000406,53397.0,107148.0,141900.0
38000407,56347.0,111328.0,141900.0
38000408,56347.0,112208.0,141900.0
38000409,56347.0,113088.0,141900.0
38000410,56347.0,113798.0,141900.0
38000411,56347.0,114148.0,141900.0
38000412,56347.0,114498.0,141900.0
38000413,52947.0,111128.0,141900.0
38000414,52947.0,112058.0,141900.0
38000415,52947.0,112988.0,141900.0
38000416,52947.0,113918.0,141900.0
38000417,53622.0,114848.0,141900.0
38000418,54297.0,114848.0,141900.0
38000419,54797.0,114848.0,141900.0
38000420,55297.0,114848.0,141900.0
38000421,55797.0,114848.0,141900.0
38000422,54372.0,107123.0,141900.0
38000423,54897.0,107098.0,141900.0
38000424,55422.0,107073.0,141900.0
38000425,61197.0,110448.0,141900.0
38000426,62047.0,110448.0,141900.0
38000427,62897.0,110448.0,141900.0
38000428,56347.0,106673.0,141900.0
38000429,56347.0,99381.0,141900.0
38000430,56347.0,100214.0,141900.0
38000431,54959.0,98548.0,141900.0
38000432,55422.0,98548.0,141900.0
38000433,55884.0,98548.0,141900.0
38000434,63747.0,102064.0,141900.0
38000435,63747.0,103081.0,141900.0
38000436,63747.0,104098.0,141900.0
38000437,63747.0,105114.0,141900.0
38000438,63747.0,106131.0,141900.0
38000439,63747.0,99381.0,141900.0
38000440,63747.0,100214.0,141900.0
38000441,54680.0,101048.0,141900.0
38000442,55513.0,101048.0,141900.0
38000443,60822.0,98548.0,141900.0
38000444,61297.0,98548.0,141900.0
38000445,61797.0,98548.0,141900.0
38000446,62297.0,98548.0,141900.0
38000447,62797.0,98548.0,141900.0
38000448,63272.0,98548.0,141900.0
38000449,61197.0,101048.0,141900.0
38000450,62047.0,101048.0,141900.0
38000451,62897.0,101048.0,141900.0
38000452,111267.0,104698.0,141900.0
38000453,111267.0,105698.0,141900.0
38000454,108067.0,98548.0,141900.0
38000455,108067.0,101048.0,141900.0
38000456,98467.0,113448.0,141900.0
38000457,98867.0,113448.0,141900.0
38000458,99267.0,113448.0,141900.0
38000459,98867.0,114848.0,141900.0
38000460,108492.0,114848.0,141900.0
38000461,108992.0,114848.0,141900.0
38000462,109492.0,114848.0,141900.0
38000463,109992.0,114848.0,141900.0
38000464,107842.0,114848.0,141900.0
38000465,107467.0,114248.0,141900.0
38000466,111267.0,114248.0,141900.0
38000467,110767.0,114848.0,141900.0
38000468,110492.0,98548.0,141900.0
38000469,99067.0,98548.0,141900.0
38000470,100067.0,98548.0,141900.0
38000471,105733.0,98548.0,141900.0
38000472,106600.0,98548.0,141900.0
38000473,101067.0,99070.0,141900.0
38000474,104867.0,99070.0,141900.0
38000475,107467.0,99381.0,141900.0
38000476,107467.0,100214.0,141900.0
38000477,109517.0,101048.0,141900.0
38000478,108367.0,107106.0,141900.0
38000479,108767.0,107114.0,141900.0
38000480,109167.0,107123.0,141900.0
38000481,109567.0,107131.0,141900.0
38000482,109967.0,107139.0,141900.0
38000483,110817.0,101048.0,141900.0
38000484,111267.0,99381.0,141900.0
38000485,111267.0,100214.0,141900.0
38000486,111267.0,101931.0,141900.0
38000487,111267.0,102814.0,141900.0
38000488,99067.0,107148.0,141900.0
38000489,100067.0,107148.0,141900.0
38000490,101067.0,106723.0,141900.0
38000491,104867.0,106723.0,141900.0
38000492,105733.0,107139.0,141900.0
38000493,106600.0,107131.0,141900.0
38000494,110817.0,107148.0,141900.0
38000495,104867.0,107560.0,141900.0
38000496,104867.0,107973.0,141900.0
38000497,104867.0,108385.0,141900.0
38000498,111267.0,107548.0,141900.0
38000499,111267.0,107948.0,141900.0
38000500,111267.0,108348.0,141900.0
38000501,104867.0,109345.0,141900.0
38000502,105733.0,108798.0,141900.0
38000503,106600.0,108798.0,141900.0
38000504,107467.0,107541.0,141900.0
38000505,107467.0,107960.0,141900.0
38000506,107467.0,108379.0,141900.0
38000507,107467.0,109345.0,141900.0
38000508,98067.0,111448.0,141900.0
38000509,98067.0,112448.0,141900.0
38000510,100567.0,110448.0,141900.0
38000511,100367.0,113448.0,141900.0
38000512,101067.0,111448.0,141900.0
38000513,101067.0,112448.0,141900.0
38000514,98067.0,114148.0,141900.0
38000515,101067.0,113798.0,141900.0
38000516,101067.0,114148.0,141900.0
38000517,101067.0,114498.0,141900.0
38000518,111267.0,109110.0,141900.0
38000519,111267.0,109473.0,141900.0
38000520,111267.0,109835.0,141900.0
38000521,111267.0,111060.0,141900.0
38000522,111267.0,111923.0,141900.0
38000523,111267.0,112785.0,141900.0
38000524,100367.0,114848.0,141900.0
38000525,105733.0,114848.0,141900.0
38000526,106600.0,114848.0,141900.0
38000527,107467.0,106710.0,141900.0
38000528,98067.0,102481.0,141900.0
38000529,98067.0,103414.0,141900.0
38000530,98067.0,105281.0,141900.0
38000531,98067.0,106214.0,141900.0
38000532,104867.0,114248.0,141900.0
38000533,98567.0,110448.0,141900.0
38000534,99067.0,110448.0,141900.0
38000535,99567.0,110448.0,141900.0
38000536,109192.0,98548.0,141900.0
38000537,16867.0,114848.0,140800.0
38000538,16867.0,114848.0,139966.0
38000539,16867.0,114848.0,139133.0
38000540,17867.0,114848.0,140800.0
38000541,17867.0,114848.0,139966.0
38000542,17867.0,114848.0,139133.0
38000543,20667.0,114848.0,140800.0
38000544,20667.0,114848.0,139966.0
38000545,20667.0,114848.0,139133.0
38000546,23267.0,114848.0,140900.0
38000547,23267.0,114848.0,140033.0
38000548,23267.0,114848.0,139166.0
38000549,28467.0,114848.0,141000.0
38000550,28467.0,114848.0,140100.0
38000551,28467.0,114848.0,139200.0
38000552,27067.0,110448.0,141000.0
38000553,27067.0,110448.0,140100.0
38000554,27067.0,110448.0,139200.0
38000555,20667.0,109893.0,141000.0
38000556,20667.0,109893.0,140100.0
38000557,20667.0,109893.0,139200.0
38000558,16867.0,113648.0,140800.0
38000559,16867.0,113648.0,139966.0
38000560,16867.0,113648.0,139133.0
38000561,23267.0,109893.0,141000.0
38000562,23267.0,109893.0,140100.0
38000563,23267.0,109893.0,139200.0
38000564,16867.0,106698.0,141000.0
38000565,16867.0,106698.0,140100.0
38000566,16867.0,106698.0,139200.0
38000567,23267.0,106298.0,141000.0
38000568,23267.0,106298.0,140100.0
38000569,23267.0,106298.0,139200.0
38000570,27067.0,106298.0,141000.0
38000571,27067.0,106298.0,140100.0
38000572,27067.0,106298.0,139200.0
38000573,27067.0,107148.0,141000.0
38000574,27067.0,107148.0,140100.0
38000575,27067.0,107148.0,139200.0
38000576,16867.0,101048.0,141000.0
38000577,16867.0,101048.0,140100.0
38000578,16867.0,101048.0,139200.0
38000579,16867.0,103698.0,141000.0
38000580,16867.0,103698.0,140100.0
38000581,16867.0,103698.0,139200.0
38000582,16867.0,98548.0,141000.0
38000583,16867.0,98548.0,140100.0
38000584,16867.0,98548.0,139200.0
38000585,17767.0,101048.0,141000.0
38000586,17767.0,101048.0,140100.0
38000587,17767.0,101048.0,139200.0
38000588,19467.0,101048.0,141000.0
38000589,19467.0,101048.0,140100.0
38000590,19467.0,101048.0,139200.0
38000591,20667.0,101048.0,141000.0
38000592,20667.0,101048.0,140100.0
38000593,20667.0,101048.0,139200.0
38000594,23267.0,98548.0,141000.0
38000595,23267.0,98548.0,140100.0
38000596,23267.0,98548.0,139200.0
38000597,23267.0,99593.0,141000.0
38000598,23267.0,99593.0,140100.0
38000599,23267.0,99593.0,139200.0
38000600,27067.0,98548.0,141000.0
38000601,27067.0,98548.0,140100.0
38000602,27067.0,98548.0,139200.0
38000603,27067.0,99593.0,141000.0
38000604,27067.0,99593.0,140100.0
38000605,27067.0,99593.0,139200.0
38000606,30067.0,98548.0,141000.0
38000607,30067.0,98548.0,140100.0
38000608,30067.0,98548.0,139200.0
38000609,19917.0,114848.0,140800.0
38000610,19917.0,114848.0,139966.0
38000611,19917.0,114848.0,139133.0
38000612,30067.0,114848.0,141000.0
38000613,30067.0,114848.0,140100.0
38000614,30067.0,114848.0,139200.0
38000615,20667.0,106298.0,141000.0
38000616,20667.0,106298.0,140100.0
38000617,20667.0,106298.0,139200.0
38000618,20667.0,113648.0,140800.0
38000619,20667.0,113648.0,139966.0
38000620,20667.0,113648.0,139133.0
38000621,23267.0,113648.0,141000.0
38000622,23267.0,113648.0,140100.0
38000623,23267.0,113648.0,139200.0
38000624,20667.0,101548.0,141000.0
38000625,20667.0,101548.0,140100.0
38000626,20667.0,101548.0,139200.0
38000627,30067.0,107148.0,141000.0
38000628,30067.0,107148.0,140100.0
38000629,30067.0,107148.0,139200.0
38000630,30067.0,104348.0,141000.0
38000631,30067.0,104348.0,140100.0
38000632,30067.0,104348.0,139200.0
38000633,30067.0,101548.0,141000.0
38000634,30067.0,101548.0,140100.0
38000635,30067.0,101548.0,139200.0
38000636,60347.0,101048.0,140800.0
38000637,60347.0,101048.0,139966.0
38000638,60347.0,101048.0,139133.0
38000639,60347.0,104348.0,140800.0
38000640,60347.0,104348.0,139966.0
38000641,60347.0,104348.0,139133.0
38000642,63747.0,110448.0,140800.0
38000643,63747.0,110448.0,139966.0
38000644,63747.0,110448.0,139133.0
38000645,63747.0,114848.0,140800.0
38000646,63747.0,114848.0,139966.0
38000647,63747.0,114848.0,139133.0
38000648,60347.0,114848.0,140800.0
38000649,60347.0,114848.0,139966.0
38000650,60347.0,114848.0,139133.0
38000651,52947.0,103698.0,141000.0
38000652,52947.0,103698.0,140100.0
38000653,52947.0,103698.0,139200.0
38000654,52947.0,107148.0,141000.0
38000655,52947.0,107148.0,140100.0
38000656,52947.0,107148.0,139200.0
38000657,52947.0,98548.0,141000.0
38000658,52947.0,98548.0,140100.0
38000659,52947.0,98548.0,139200.0
38000660,52947.0,101048.0,141000.0
38000661,52947.0,101048.0,140100.0
38000662,52947.0,101048.0,139200.0
38000663,53847.0,101048.0,141000.0
38000664,53847.0,101048.0,140100.0
38000665,53847.0,101048.0,139200.0
38000666,56347.0,107048.0,141000.0
38000667,56347.0,107048.0,140100.0
38000668,56347.0,107048.0,139200.0
38000669,56347.0,110448.0,141000.0
38000670,56347.0,110448.0,140100.0
38000671,56347.0,110448.0,139200.0
38000672,52947.0,110198.0,140800.0
38000673,52947.0,110198.0,139966.0
38000674,52947.0,110198.0,139133.0
38000675,52947.0,114848.0,140800.0
38000676,52947.0,114848.0,139966.0
38000677,52947.0,114848.0,139133.0
38000678,60347.0,110448.0,140800.0
38000679,60347.0,110448.0,139966.0
38000680,60347.0,110448.0,139133.0
38000681,56347.0,106298.0,141000.0
38000682,56347.0,106298.0,140100.0
38000683,56347.0,106298.0,139200.0
38000684,56347.0,101048.0,141000.0
38000685,56347.0,101048.0,140100.0
38000686,56347.0,101048.0,139200.0
38000687,56347.0,101548.0,141000.0
38000688,56347.0,101548.0,140100.0
38000689,56347.0,101548.0,139200.0
38000690,63747.0,101048.0,140800.0
38000691,63747.0,101048.0,139966.0
38000692,63747.0,101048.0,139133.0
38000693,63747.0,107148.0,140800.0
38000694,63747.0,107148.0,139966.0
38000695,63747.0,107148.0,139133.0
38000696,63747.0,98548.0,140800.0
38000697,63747.0,98548.0,139966.0
38000698,63747.0,98548.0,139133.0
38000699,60347.0,98548.0,140800.0
38000700,60347.0,98548.0,139966.0
38000701,60347.0,98548.0,139133.0
38000702,111267.0,103698.0,141000.0
38000703,111267.0,103698.0,140100.0
38000704,111267.0,103698.0,139200.0
38000705,111267.0,106698.0,141000.0
38000706,111267.0,106698.0,140100.0
38000707,111267.0,106698.0,139200.0
38000708,107467.0,101048.0,141000.0
38000709,107467.0,101048.0,140100.0
38000710,107467.0,101048.0,139200.0
38000711,108667.0,101048.0,141000.0
38000712,108667.0,101048.0,140100.0
38000713,108667.0,101048.0,139200.0
38000714,98067.0,114848.0,141000.0
38000715,98067.0,114848.0,140100.0
38000716,98067.0,114848.0,139200.0
38000717,99667.0,114848.0,141000.0
38000718,99667.0,114848.0,140100.0
38000719,99667.0,114848.0,139200.0
38000720,108217.0,114848.0,140800.0
38000721,108217.0,114848.0,139966.0
38000722,108217.0,114848.0,139133.0
38000723,110267.0,114848.0,140800.0
38000724,110267.0,114848.0,139966.0
38000725,110267.0,114848.0,139133.0
38000726,107467.0,114848.0,140900.0
38000727,107467.0,114848.0,140033.0
38000728,107467.0,114848.0,139166.0
38000729,107467.0,113648.0,140800.0
38000730,107467.0,113648.0,139966.0
38000731,107467.0,113648.0,139133.0
38000732,111267.0,113648.0,141000.0
38000733,111267.0,113648.0,140100.0
38000734,111267.0,113648.0,139200.0
38000735,111267.0,114848.0,140900.0
38000736,111267.0,114848.0,140033.0
38000737,111267.0,114848.0,139166.0
38000738,111267.0,98548.0,141000.0
38000739,111267.0,98548.0,140100.0
38000740,111267.0,98548.0,139200.0
38000741,98067.0,98548.0,141000.0
38000742,98067.0,98548.0,140100.0
38000743,98067.0,98548.0,139200.0
38000744,101067.0,98548.0,141000.0
38000745,101067.0,98548.0,140100.0
38000746,101067.0,98548.0,139200.0
38000747,104867.0,98548.0,141000.0
38000748,104867.0,98548.0,140100.0
38000749,104867.0,98548.0,139200.0
38000750,101067.0,99593.0,141000.0
38000751,101067.0,99593.0,140100.0
38000752,101067.0,99593.0,139200.0
38000753,104867.0,99593.0,141000.0
38000754,104867.0,99593.0,140100.0
38000755,104867.0,99593.0,139200.0
38000756,107467.0,101548.0,141000.0
38000757,107467.0,101548.0,140100.0
38000758,107467.0,101548.0,139200.0
38000759,110367.0,101048.0,141000.0
38000760,110367.0,101048.0,140100.0
38000761,110367.0,101048.0,139200.0
38000762,111267.0,101048.0,141000.0
38000763,111267.0,101048.0,140100.0
38000764,111267.0,101048.0,139200.0
38000765,98067.0,107148.0,141000.0
38000766,98067.0,107148.0,140100.0
38000767,98067.0,107148.0,139200.0
38000768,101067.0,107148.0,141000.0
38000769,101067.0,107148.0,140100.0
38000770,101067.0,107148.0,139200.0
38000771,101067.0,106298.0,141000.0
38000772,101067.0,106298.0,140100.0
38000773,101067.0,106298.0,139200.0
38000774,104867.0,106298.0,141000.0
38000775,104867.0,106298.0,140100.0
38000776,104867.0,106298.0,139200.0
38000777,104867.0,109893.0,141000.0
38000778,104867.0,109893.0,140100.0
38000779,104867.0,109893.0,139200.0
38000780,107467.0,109893.0,141000.0
38000781,107467.0,109893.0,140100.0
38000782,107467.0,109893.0,139200.0
38000783,101067.0,110448.0,141000.0
38000784,101067.0,110448.0,140100.0
38000785,101067.0,110448.0,139200.0
38000786,104867.0,114848.0,141000.0
38000787,104867.0,114848.0,140100.0
38000788,104867.0,114848.0,139200.0
38000789,107467.0,106298.0,141000.0
38000790,107467.0,106298.0,140100.0
38000791,107467.0,106298.0,139200.0
38000792,98067.0,101548.0,141000.0
38000793,98067.0,101548.0,140100.0
38000794,98067.0,101548.0,139200.0
38000795,98067.0,104348.0,141000.0
38000796,98067.0,104348.0,140100.0
38000797,98067.0,104348.0,139200.0
38000798,104867.0,113648.0,141000.0
38000799,104867.0,113648.0,140100.0
38000800,104867.0,113648.0,139200.0
38000801,98067.0,99381.0,141900.0
38000802,98067.0,100214.0,141900.0
38000803,16867.0,109110.0,141099.0
38000804,16867.0,109473.0,141099.0
38000805,16867.0,109835.0,141099.0
38000806,27067.0,113798.0,141300.0
38000807,27067.0,114148.0,141300.0
38000808,27067.0,114498.0,141300.0
38000809,20667.0,107541.0,141300.0
38000810,20667.0,107960.0,141300.0
38000811,20667.0,108379.0,141300.0
38000812,28567.0,110448.0,141300.0
38000813,29067.0,110448.0,141300.0
38000814,29567.0,110448.0,141300.0
38000815,16867.0,107548.0,141099.0
38000816,16867.0,107948.0,141099.0
38000817,16867.0,108348.0,141099.0
38000818,23267.0,107560.0,141300.0
38000819,23267.0,107973.0,141300.0
38000820,23267.0,108385.0,141300.0
38000821,18167.0,107139.0,141200.0
38000822,18567.0,107131.0,141200.0
38000823,18967.0,107123.0,141200.0
38000824,19367.0,107114.0,141200.0
38000825,19767.0,107106.0,141200.0
38000826,18942.0,98548.0,141099.0
38000827,28867.0,113448.0,141300.0
38000828,29267.0,113448.0,141300.0
38000829,29667.0,113448.0,141300.0
38000830,20067.0,98548.0,141099.0
38000831,56347.0,113798.0,141200.0
38000832,56347.0,114148.0,141200.0
38000833,56347.0,114498.0,141200.0
38000834,54372.0,107123.0,141200.0
38000835,54897.0,107098.0,141200.0
38000836,55422.0,107073.0,141200.0
38000837,54959.0,98548.0,141099.0
38000838,55422.0,98548.0,141099.0
38000839,55884.0,98548.0,141099.0
38000840,108067.0,98548.0,141099.0
38000841,98467.0,113448.0,141300.0
38000842,98867.0,113448.0,141300.0
38000843,99267.0,113448.0,141300.0
38000844,108367.0,107106.0,141200.0
38000845,108767.0,107114.0,141200.0
38000846,109167.0,107123.0,141200.0
38000847,109567.0,107131.0,141200.0
38000848,109967.0,107139.0,141200.0
38000849,104867.0,107560.0,141300.0
38000850,104867.0,107973.0,141300.0
38000851,104867.0,108385.0,141300.0
38000852,111267.0,107548.0,141099.0
38000853,111267.0,107948.0,141099.0
38000854,111267.0,108348.0,141099.0
38000855,107467.0,107541.0,141300.0
38000856,107467.0,107960.0,141300.0
38000857,107467.0,108379.0,141300.0
38000858,101067.0,113798.0,141300.0
38000859,101067.0,114148.0,141300.0
38000860,101067.0,114498.0,141300.0
38000861,111267.0,109110.0,141099.0
38000862,111267.0,109473.0,141099.0
38000863,111267.0,109835.0,141099.0
38000864,98567.0,110448.0,141300.0
38000865,99067.0,110448.0,141300.0
38000866,99567.0,110448.0,141300.0
38000867,109192.0,98548.0,141099.0
38000868,27067.0,114848.0,140100.0
38000869,27067.0,114848.0,139200.0
38000870,27067.0,113448.0,140100.0
38000871,27067.0,113448.0,139200.0
38000872,28467.0,113448.0,140100.0
38000873,28467.0,113448.0,139200.0
38000874,20667.0,108798.0,140100.0
38000875,20667.0,108798.0,139200.0
38000876,16867.0,110198.0,139966.0
38000877,16867.0,110198.0,139133.0
38000878,28067.0,110448.0,140100.0
38000879,28067.0,110448.0,139200.0
38000880,23267.0,108798.0,140100.0
38000881,23267.0,108798.0,139200.0
38000882,16867.0,107148.0,140100.0
38000883,16867.0,107148.0,139200.0
38000884,20167.0,107098.0,140100.0
38000885,20167.0,107098.0,139200.0
38000886,20667.0,107123.0,140100.0
38000887,20667.0,107123.0,139200.0
38000888,23267.0,107148.0,140100.0
38000889,23267.0,107148.0,139200.0
38000890,20667.0,98548.0,140100.0
38000891,20667.0,98548.0,139200.0
38000892,18417.0,98548.0,140100.0
38000893,18417.0,98548.0,139200.0
38000894,17767.0,107148.0,140100.0
38000895,17767.0,107148.0,139200.0
38000896,30067.0,113448.0,140100.0
38000897,30067.0,113448.0,139200.0
38000898,30067.0,110448.0,140100.0
38000899,30067.0,110448.0,139200.0
38000900,54497.0,98548.0,140100.0
38000901,54497.0,98548.0,139200.0
38000902,53847.0,107148.0,140100.0
38000903,53847.0,107148.0,139200.0
38000904,55947.0,107048.0,140100.0
38000905,55947.0,107048.0,139200.0
38000906,56347.0,113448.0,140100.0
38000907,56347.0,113448.0,139200.0
38000908,56347.0,114848.0,139966.0
38000909,56347.0,114848.0,139133.0
38000910,56347.0,98548.0,140100.0
38000911,56347.0,98548.0,139200.0
38000912,109717.0,98548.0,140100.0
38000913,109717.0,98548.0,139200.0
38000914,107467.0,98548.0,140100.0
38000915,107467.0,98548.0,139200.0
38000916,107467.0,107123.0,140100.0
38000917,107467.0,107123.0,139200.0
38000918,107967.0,107098.0,140100.0
38000919,107967.0,107098.0,139200.0
38000920,104867.0,107148.0,140100.0
38000921,104867.0,107148.0,139200.0
38000922,110367.0,107148.0,140100.0
38000923,110367.0,107148.0,139200.0
38000924,111267.0,107148.0,140100.0
38000925,111267.0,107148.0,139200.0
38000926,104867.0,108798.0,140100.0
38000927,104867.0,108798.0,139200.0
38000928,107467.0,108798.0,140100.0
38000929,107467.0,108798.0,139200.0
38000930,98067.0,110448.0,140100.0
38000931,98067.0,110448.0,139200.0
38000932,98067.0,113448.0,140100.0
38000933,98067.0,113448.0,139200.0
38000934,100067.0,110448.0,140100.0
38000935,100067.0,110448.0,139200.0
38000936,99667.0,113448.0,140100.0
38000937,99667.0,113448.0,139200.0
38000938,101067.0,113448.0,140100.0
38000939,101067.0,113448.0,139200.0
38000940,111267.0,110198.0,140100.0
38000941,111267.0,110198.0,139200.0
38000942,101067.0,114848.0,140100.0
38000943,101067.0,114848.0,139200.0
38000944,24217.0,107148.0,141900.0
38000945,25167.0,107148.0,141900.0
38000946,26117.0,107148.0,141900.0
38000947,27067.0,108248.0,141900.0
38000948,27067.0,109348.0,141900.0
38000949,26117.0,114848.0,141900.0
38000950,24217.0,114848.0,141900.0
38000951,23267.0,112748.0,141900.0
38000952,23267.0,110870.0,141900.0
38000953,28467.0,114148.0,141900.0
38000954,17817.0,108760.0,141900.0
38000955,18767.0,108773.0,141900.0
38000956,19717.0,108785.0,141900.0
38000957,20667.0,110870.0,141900.0
38000958,20667.0,112748.0,141900.0
38000959,18892.0,113648.0,141900.0
38000960,24217.0,104348.0,141900.0
38000961,25167.0,104348.0,141900.0
38000962,26117.0,104348.0,141900.0
38000963,27067.0,105323.0,141900.0
38000964,23267.0,105323.0,141900.0
38000965,19467.0,99381.0,141900.0
38000966,19467.0,100214.0,141900.0
38000967,24217.0,101548.0,141900.0
38000968,25167.0,101548.0,141900.0
38000969,26117.0,101548.0,141900.0
38000970,27067.0,102481.0,141900.0
38000971,27067.0,103414.0,141900.0
38000972,23267.0,102481.0,141900.0
38000973,23267.0,103414.0,141900.0
38000974,24217.0,98548.0,141900.0
38000975,26117.0,98548.0,141900.0
38000976,27067.0,100570.0,141900.0
38000977,23267.0,100570.0,141900.0
38000978,56347.0,107898.0,141900.0
38000979,53797.0,108748.0,141900.0
38000980,54647.0,108748.0,141900.0
38000981,55497.0,108748.0,141900.0
38000982,52947.0,107948.0,141900.0
38000983,108667.0,99381.0,141900.0
38000984,108667.0,100214.0,141900.0
38000985,99667.0,114148.0,141900.0
38000986,109242.0,113648.0,141900.0
38000987,108417.0,108785.0,141900.0
38000988,109367.0,108773.0,141900.0
38000989,110317.0,108760.0,141900.0
38000990,107467.0,112748.0,141900.0
38000991,107467.0,110870.0,141900.0
38000992,101883.0,98548.0,141900.0
38000993,103783.0,98548.0,141900.0
38000994,104867.0,100570.0,141900.0
38000995,102017.0,101548.0,141900.0
38000996,102967.0,101548.0,141900.0
38000997,103917.0,101548.0,141900.0
38000998,101067.0,100570.0,141900.0
38000999,102017.0,104348.0,141900.0
38001000,102967.0,104348.0,141900.0
38001001,103917.0,104348.0,141900.0
38001002,104867.0,105323.0,141900.0
38001003,102017.0,107148.0,141900.0
38001004,102967.0,107148.0,141900.0
38001005,103917.0,107148.0,141900.0
38001006,101067.0,105323.0,141900.0
38001007,104867.0,110870.0,141900.0
38001008,104867.0,112748.0,141900.0
38001009,103783.0,114848.0,141900.0
38001010,101883.0,114848.0,141900.0
38001011,101067.0,108248.0,141900.0
38001012,101067.0,109348.0,141900.0
38001013,104867.0,102481.0,141900.0
38001014,104867.0,103414.0,141900.0
38001015,101067.0,102481.0,141900.0
38001016,101067.0,103414.0,141900.0
38001019,64105.0,106303.0,141900.0
38001020,108667.0,98548.0,141499.0
38001021,109192.0,98548.0,141499.0
38001022,109717.0,98548.0,141499.0
38001023,98067.0,110448.0,141600.0
38001024,98567.0,110448.0,141600.0
38001025,99067.0,110448.0,141600.0
38001026,99567.0,110448.0,141600.0
38001027,100067.0,110448.0,141600.0
38001028,111267.0,108748.0,141499.0
38001029,111267.0,109110.0,141499.0
38001030,111267.0,109473.0,141499.0
38001031,111267.0,109835.0,141499.0
38001032,111267.0,110198.0,141499.0
38001033,101067.0,113448.0,141600.0
38001034,101067.0,113798.0,141600.0
38001035,101067.0,114148.0,141600.0
38001036,101067.0,114498.0,141600.0
38001037,101067.0,114848.0,141600.0
38001038,107467.0,107123.0,141600.0
38001039,107467.0,107541.0,141600.0
38001040,107467.0,107960.0,141600.0
38001041,107467.0,108379.0,141600.0
38001042,107467.0,108798.0,141600.0
38001043,111267.0,107148.0,141499.0
38001044,111267.0,107548.0,141499.0
38001045,111267.0,107948.0,141499.0
38001046,111267.0,108348.0,141499.0
38001047,104867.0,107148.0,141600.0
38001048,104867.0,107560.0,141600.0
38001049,104867.0,107973.0,141600.0
38001050,104867.0,108385.0,141600.0
38001051,104867.0,108798.0,141600.0
38001052,107967.0,107098.0,141550.0
38001053,108367.0,107106.0,141550.0
38001054,108767.0,107114.0,141550.0
38001055,109167.0,107123.0,141550.0
38001056,109567.0,107131.0,141550.0
38001057,109967.0,107139.0,141550.0
38001058,110367.0,107148.0,141550.0
38001059,98067.0,113448.0,141600.0
38001060,98467.0,113448.0,141600.0
38001061,98867.0,113448.0,141600.0
38001062,99267.0,113448.0,141600.0
38001063,99667.0,113448.0,141600.0
38001064,107467.0,98548.0,141499.0
38001065,108067.0,98548.0,141499.0
38001066,54497.0,98548.0,141499.0
38001067,54959.0,98548.0,141499.0
38001068,55422.0,98548.0,141499.0
38001069,55884.0,98548.0,141499.0
38001070,56347.0,98548.0,141499.0
38001071,53847.0,107148.0,141550.0
38001072,54372.0,107123.0,141550.0
38001073,54897.0,107098.0,141550.0
38001074,55422.0,107073.0,141550.0
38001075,55947.0,107048.0,141550.0
38001076,56347.0,113448.0,141550.0
38001077,56347.0,113798.0,141550.0
38001078,56347.0,114148.0,141550.0
38001079,56347.0,114498.0,141550.0
38001080,56347.0,114848.0,141550.0
38001081,19467.0,98548.0,141499.0
38001082,20067.0,98548.0,141499.0
38001083,20667.0,98548.0,141499.0
38001084,28467.0,113448.0,141600.0
38001085,28867.0,113448.0,141600.0
38001086,29267.0,113448.0,141600.0
38001087,29667.0,113448.0,141600.0
38001088,30067.0,113448.0,141600.0
38001089,18417.0,98548.0,141499.0
38001090,18942.0,98548.0,141499.0
38001091,17767.0,107148.0,141550.0
38001092,18167.0,107139.0,141550.0
38001093,18567.0,107131.0,141550.0
38001094,18967.0,107123.0,141550.0
38001095,19367.0,107114.0,141550.0
38001096,19767.0,107106.0,141550.0
38001097,20167.0,107098.0,141550.0
38001098,23267.0,107148.0,141600.0
38001099,23267.0,107560.0,141600.0
38001100,23267.0,107973.0,141600.0
38001101,23267.0,108385.0,141600.0
38001102,23267.0,108798.0,141600.0
38001103,16867.0,107148.0,141499.0
38001104,16867.0,107548.0,141499.0
38001105,16867.0,107948.0,141499.0
38001106,16867.0,108348.0,141499.0
38001107,16867.0,108748.0,141499.0
38001108,28067.0,110448.0,141600.0
38001109,28567.0,110448.0,141600.0
38001110,29067.0,110448.0,141600.0
38001111,29567.0,110448.0,141600.0
38001112,30067.0,110448.0,141600.0
38001113,20667.0,107123.0,141600.0
38001114,20667.0,107541.0,141600.0
38001115,20667.0,107960.0,141600.0
38001116,20667.0,108379.0,141600.0
38001117,20667.0,108798.0,141600.0
38001118,27067.0,113448.0,141600.0
38001119,27067.0,113798.0,141600.0
38001120,27067.0,114148.0,141600.0
38001121,27067.0,114498.0,141600.0
38001122,27067.0,114848.0,141600.0
38001123,16867.0,109110.0,141499.0
38001124,16867.0,109473.0,141499.0
38001125,16867.0,109835.0,141499.0
38001126,16867.0,110198.0,141499.0
38001127,17367.0,114848.0,140800.0
38001128,17367.0,114848.0,139133.0
38001129,17367.0,114848.0,139966.0
38001130,21533.0,114848.0,140900.0
38001131,22400.0,114848.0,140900.0
38001132,21533.0,114848.0,139166.0
38001133,22400.0,114848.0,139166.0
38001134,21533.0,114848.0,140033.0
38001135,22400.0,114848.0,140033.0
38001136,27767.0,114848.0,141000.0
38001137,27767.0,114848.0,139200.0
38001138,27767.0,114848.0,140100.0
38001139,16867.0,111060.0,141099.0
38001140,16867.0,111923.0,141099.0
38001141,16867.0,112785.0,141099.0
38001142,16867.0,111060.0,139133.0
38001143,16867.0,111923.0,139133.0
38001144,16867.0,112785.0,139133.0
38001145,16867.0,111060.0,139966.0
38001146,16867.0,112785.0,139966.0
38001147,16867.0,111923.0,139966.0
38001148,30067.0,114148.0,141000.0
38001149,30067.0,114148.0,139200.0
38001150,30067.0,114148.0,140100.0
38001151,27067.0,111448.0,141000.0
38001152,27067.0,112448.0,141000.0
38001153,27067.0,111448.0,139200.0
38001154,27067.0,112448.0,139200.0
38001155,27067.0,111448.0,140100.0
38001156,27067.0,112448.0,140100.0
38001157,27767.0,113448.0,141300.0
38001158,27767.0,113448.0,139200.0
38001159,27767.0,113448.0,140100.0
38001160,27567.0,110448.0,141000.0
38001161,27567.0,110448.0,139200.0
38001162,27567.0,110448.0,140100.0
38001163,30067.0,111448.0,141300.0
38001164,30067.0,112448.0,141300.0
38001165,30067.0,111448.0,139200.0
38001166,30067.0,112448.0,139200.0
38001167,30067.0,111448.0,140100.0
38001168,30067.0,112448.0,140100.0
38001169,20667.0,109345.0,141000.0
38001170,20667.0,109345.0,139200.0
38001171,20667.0,109345.0,140100.0
38001172,21533.0,108798.0,141300.0
38001173,22400.0,108798.0,141300.0
38001174,21533.0,108798.0,139200.0
38001175,22400.0,108798.0,139200.0
38001176,21533.0,108798.0,140100.0
38001177,22400.0,108798.0,140100.0
38001178,23267.0,109345.0,141000.0
38001179,23267.0,109345.0,139200.0
38001180,23267.0,109345.0,140100.0
38001181,17317.0,107148.0,141099.0
38001182,17317.0,107148.0,139200.0
38001183,17317.0,107148.0,140100.0
38001184,21533.0,107131.0,141300.0
38001185,22400.0,107139.0,141300.0
38001186,21533.0,107131.0,139200.0
38001187,22400.0,107139.0,139200.0
38001188,21533.0,107131.0,140100.0
38001189,22400.0,107139.0,140100.0
38001190,23267.0,106723.0,141000.0
38001191,23267.0,106723.0,139200.0
38001192,23267.0,106723.0,140100.0
38001193,27067.0,106723.0,141000.0
38001194,27067.0,106723.0,139200.0
38001195,27067.0,106723.0,140100.0
38001196,28067.0,107148.0,141000.0
38001197,29067.0,107148.0,141000.0
38001198,28067.0,107148.0,139200.0
38001199,29067.0,107148.0,139200.0
38001200,28067.0,107148.0,140100.0
38001201,29067.0,107148.0,140100.0
38001202,16867.0,101931.0,141000.0
38001203,16867.0,102814.0,141000.0
38001204,16867.0,101931.0,139200.0
38001205,16867.0,102814.0,139200.0
38001206,16867.0,101931.0,140100.0
38001207,16867.0,102814.0,140100.0
38001208,16867.0,99381.0,141000.0
38001209,16867.0,100214.0,141000.0
38001210,16867.0,99381.0,139200.0
38001211,16867.0,100214.0,139200.0
38001212,16867.0,99381.0,140100.0
38001213,16867.0,100214.0,140100.0
38001214,17317.0,101048.0,141000.0
38001215,17317.0,101048.0,139200.0
38001216,17317.0,101048.0,140100.0
38001217,18617.0,101048.0,141000.0
38001218,18617.0,101048.0,139200.0
38001219,18617.0,101048.0,140100.0
38001220,20667.0,99381.0,141000.0
38001221,20667.0,100214.0,141000.0
38001222,20667.0,99381.0,139200.0
38001223,20667.0,100214.0,139200.0
38001224,20667.0,99381.0,140100.0
38001225,20667.0,100214.0,140100.0
38001226,17642.0,98548.0,141000.0
38001227,17642.0,98548.0,139200.0
38001228,17642.0,98548.0,140100.0
38001229,21533.0,98548.0,141000.0
38001230,22400.0,98548.0,141000.0
38001231,21533.0,98548.0,139200.0
38001232,22400.0,98548.0,139200.0
38001233,21533.0,98548.0,140100.0
38001234,22400.0,98548.0,140100.0
38001235,23267.0,99070.0,141000.0
38001236,23267.0,99070.0,139200.0
38001237,23267.0,99070.0,140100.0
38001238,27067.0,99070.0,141000.0
38001239,27067.0,99070.0,139200.0
38001240,27067.0,99070.0,140100.0
38001241,28067.0,98548.0,141000.0
38001242,29067.0,98548.0,141000.0
38001243,28067.0,98548.0,139200.0
38001244,29067.0,98548.0,139200.0
38001245,28067.0,98548.0,140100.0
38001246,29067.0,98548.0,140100.0
38001247,16867.0,114248.0,140800.0
38001248,16867.0,114248.0,139133.0
38001249,16867.0,114248.0,139966.0
38001250,20667.0,114248.0,140800.0
38001251,20667.0,114248.0,139133.0
38001252,20667.0,114248.0,139966.0
38001253,20292.0,114848.0,140800.0
38001254,20292.0,114848.0,139133.0
38001255,20292.0,114848.0,139966.0
38001256,18142.0,114848.0,140800.0
38001257,18145.0,114848.0,141350.0
38001258,18642.0,114848.0,141350.0
38001259,19142.0,114848.0,141350.0
38001260,19639.0,114848.0,141350.0
38001261,19642.0,114848.0,140800.0
38001262,18142.0,114848.0,139133.0
38001263,19642.0,114848.0,139133.0
38001264,18142.0,114848.0,139966.0
38001265,19642.0,114848.0,139966.0
38001266,18642.0,114848.0,140800.0
38001267,19142.0,114848.0,140800.0
38001268,29267.0,114848.0,141000.0
38001269,29267.0,114848.0,139200.0
38001270,29267.0,114848.0,140100.0
38001271,20067.0,101048.0,141000.0
38001272,20067.0,101048.0,139200.0
38001273,20067.0,101048.0,140100.0
38001274,16867.0,104698.0,141000.0
38001275,16867.0,105698.0,141000.0
38001276,16867.0,104698.0,139200.0
38001277,16867.0,105698.0,139200.0
38001278,16867.0,104698.0,140100.0
38001279,16867.0,105698.0,140100.0
38001280,20667.0,106710.0,141000.0
38001281,20667.0,106710.0,139200.0
38001282,20667.0,106710.0,140100.0
38001283,23267.0,114248.0,141000.0
38001284,23267.0,114248.0,139200.0
38001285,23267.0,114248.0,140100.0
38001286,30067.0,99381.0,141000.0
38001287,30067.0,100214.0,141000.0
38001288,30067.0,100881.0,141000.0
38001289,30067.0,99381.0,139200.0
38001290,30067.0,100214.0,139200.0
38001291,30067.0,100881.0,139200.0
38001292,30067.0,99381.0,140100.0
38001293,30067.0,100881.0,140100.0
38001294,30067.0,100214.0,140100.0
38001295,30067.0,105281.0,141000.0
38001296,30067.0,106214.0,141000.0
38001297,30067.0,105281.0,139200.0
38001298,30067.0,106214.0,139200.0
38001299,30067.0,105281.0,140100.0
38001300,30067.0,106214.0,140100.0
38001301,30067.0,102481.0,141000.0
38001302,30067.0,103414.0,141000.0
38001303,30067.0,102481.0,139200.0
38001304,30067.0,103414.0,139200.0
38001305,30067.0,102481.0,140100.0
38001306,30067.0,103414.0,140100.0
38001307,60347.0,101873.0,140800.0
38001308,60347.0,102698.0,140800.0
38001309,60347.0,103523.0,140800.0
38001310,60347.0,101873.0,139133.0
38001311,60347.0,102698.0,139133.0
38001312,60347.0,103523.0,139133.0
38001313,60347.0,101873.0,139966.0
38001314,60347.0,103523.0,139966.0
38001315,60347.0,102698.0,139966.0
38001316,63747.0,111328.0,140800.0
38001317,63747.0,112208.0,140800.0
38001318,63747.0,113088.0,140800.0
38001319,63747.0,113968.0,140800.0
38001320,63747.0,111328.0,139133.0
38001321,63747.0,112208.0,139133.0
38001322,63747.0,113088.0,139133.0
38001323,63747.0,113968.0,139133.0
38001324,63747.0,111328.0,139966.0
38001325,63747.0,113968.0,139966.0
38001326,63747.0,112208.0,139966.0
38001327,63747.0,113088.0,139966.0
38001328,61022.0,114848.0,140800.0
38001329,61697.0,114848.0,140800.0
38001330,61700.0,114848.0,141350.0
38001331,62197.0,114848.0,141350.0
38001332,62697.0,114848.0,141350.0
38001333,63194.0,114848.0,141350.0
38001334,63197.0,114848.0,140800.0
38001335,61022.0,114848.0,139133.0
38001336,61697.0,114848.0,139133.0
38001337,63197.0,114848.0,139133.0
38001338,61022.0,114848.0,139966.0
38001339,63197.0,114848.0,139966.0
38001340,62197.0,114848.0,140800.0
38001341,61697.0,114848.0,139966.0
38001342,62697.0,114848.0,140800.0
38001343,52947.0,104560.0,141000.0
38001344,52947.0,105423.0,141000.0
38001345,52947.0,106285.0,141000.0
38001346,52947.0,104560.0,139200.0
38001347,52947.0,105423.0,139200.0
38001348,52947.0,106285.0,139200.0
38001349,52947.0,104560.0,140100.0
38001350,52947.0,106285.0,140100.0
38001351,52947.0,105423.0,140100.0
38001352,53722.0,98548.0,141000.0
38001353,53722.0,98548.0,139200.0
38001354,53722.0,98548.0,140100.0
38001355,52947.0,99381.0,141000.0
38001356,52947.0,100214.0,141000.0
38001357,52947.0,99381.0,139200.0
38001358,52947.0,100214.0,139200.0
38001359,52947.0,99381.0,140100.0
38001360,52947.0,100214.0,140100.0
38001361,52947.0,101931.0,141000.0
38001362,52947.0,102814.0,141000.0
38001363,52947.0,101931.0,139200.0
38001364,52947.0,102814.0,139200.0
38001365,52947.0,101931.0,140100.0
38001366,52947.0,102814.0,140100.0
38001367,53397.0,101048.0,141000.0
38001368,53397.0,101048.0,139200.0
38001369,53397.0,101048.0,140100.0
38001370,53397.0,107148.0,141000.0
38001371,53397.0,107148.0,139200.0
38001372,53397.0,107148.0,140100.0
38001373,56347.0,111328.0,141000.0
38001374,56347.0,112208.0,141000.0
38001375,56347.0,113088.0,141000.0
38001376,56347.0,111328.0,139200.0
38001377,56347.0,112208.0,139200.0
38001378,56347.0,113088.0,139200.0
38001379,56347.0,111328.0,140100.0
38001380,56347.0,113088.0,140100.0
38001381,56347.0,112208.0,140100.0
38001382,52947.0,111128.0,140800.0
38001383,52947.0,112058.0,140800.0
38001384,52947.0,112988.0,140800.0
38001385,52947.0,113918.0,140800.0
38001386,52947.0,111128.0,139133.0
38001387,52947.0,112058.0,139133.0
38001388,52947.0,112988.0,139133.0
38001389,52947.0,113918.0,139133.0
38001390,52947.0,111128.0,139966.0
38001391,52947.0,113918.0,139966.0
38001392,52947.0,112058.0,139966.0
38001393,52947.0,112988.0,139966.0
38001394,53622.0,114848.0,140800.0
38001395,54297.0,114848.0,140800.0
38001396,54300.0,114848.0,141350.0
38001397,54797.0,114848.0,141350.0
38001398,55297.0,114848.0,141350.0
38001399,55794.0,114848.0,141350.0
38001400,55797.0,114848.0,140800.0
38001401,53622.0,114848.0,139133.0
38001402,54297.0,114848.0,139133.0
38001403,55797.0,114848.0,139133.0
38001404,53622.0,114848.0,139966.0
38001405,55797.0,114848.0,139966.0
38001406,54797.0,114848.0,140800.0
38001407,54297.0,114848.0,139966.0
38001408,55297.0,114848.0,140800.0
38001409,61197.0,110448.0,140800.0
38001410,62047.0,110448.0,140800.0
38001411,62897.0,110448.0,140800.0
38001412,61197.0,110448.0,139133.0
38001413,62047.0,110448.0,139133.0
38001414,62897.0,110448.0,139133.0
38001415,61197.0,110448.0,139966.0
38001416,62897.0,110448.0,139966.0
38001417,62047.0,110448.0,139966.0
38001418,56347.0,106673.0,141000.0
38001419,56347.0,106673.0,139200.0
38001420,56347.0,106673.0,140100.0
38001421,56347.0,99381.0,141000.0
38001422,56347.0,100214.0,141000.0
38001423,56347.0,99381.0,139200.0
38001424,56347.0,100214.0,139200.0
38001425,56347.0,99381.0,140100.0
38001426,56347.0,100214.0,140100.0
38001427,63747.0,102064.0,140800.0
38001428,63747.0,103081.0,140800.0
38001429,63747.0,104098.0,140800.0
38001430,63747.0,105114.0,140800.0
38001431,63747.0,106131.0,140800.0
38001432,63747.0,102064.0,139133.0
38001433,63747.0,103081.0,139133.0
38001434,63747.0,104098.0,139133.0
38001435,63747.0,105114.0,139133.0
38001436,63747.0,106131.0,139133.0
38001437,63747.0,102064.0,139966.0
38001438,63747.0,106131.0,139966.0
38001439,63747.0,103081.0,139966.0
38001440,63747.0,104098.0,139966.0
38001441,63747.0,105114.0,139966.0
38001442,63747.0,99381.0,140800.0
38001443,63747.0,100214.0,140800.0
38001444,63747.0,99381.0,139133.0
38001445,63747.0,100214.0,139133.0
38001446,63747.0,99381.0,139966.0
38001447,63747.0,100214.0,139966.0
38001448,54680.0,101048.0,141000.0
38001449,55513.0,101048.0,141000.0
38001450,54680.0,101048.0,139200.0
38001451,55513.0,101048.0,139200.0
38001452,54680.0,101048.0,140100.0
38001453,55513.0,101048.0,140100.0
38001454,60822.0,98548.0,140800.0
38001455,61297.0,98548.0,140800.0
38001456,61300.0,98548.0,141350.0
38001457,61797.0,98548.0,141350.0
38001458,62297.0,98548.0,141350.0
38001459,62794.0,98548.0,141350.0
38001460,62797.0,98548.0,140800.0
38001461,63272.0,98548.0,140800.0
38001462,60822.0,98548.0,139133.0
38001463,61297.0,98548.0,139133.0
38001464,63272.0,98548.0,139133.0
38001465,62797.0,98548.0,139133.0
38001466,60822.0,98548.0,139966.0
38001467,63272.0,98548.0,139966.0
38001468,61797.0,98548.0,140800.0
38001469,61297.0,98548.0,139966.0
38001470,62297.0,98548.0,140800.0
38001471,62797.0,98548.0,139966.0
38001472,61197.0,101048.0,140800.0
38001473,62047.0,101048.0,140800.0
38001474,62897.0,101048.0,140800.0
38001475,61197.0,101048.0,139133.0
38001476,62047.0,101048.0,139133.0
38001477,62897.0,101048.0,139133.0
38001478,61197.0,101048.0,139966.0
38001479,62897.0,101048.0,139966.0
38001480,62047.0,101048.0,139966.0
38001481,111267.0,104698.0,141000.0
38001482,111267.0,105698.0,141000.0
38001483,111267.0,104698.0,139200.0
38001484,111267.0,105698.0,139200.0
38001485,111267.0,104698.0,140100.0
38001486,111267.0,105698.0,140100.0
38001487,108067.0,101048.0,141000.0
38001488,108067.0,101048.0,139200.0
38001489,108067.0,101048.0,140100.0
38001490,98867.0,114848.0,141000.0
38001491,98867.0,114848.0,139200.0
38001492,98867.0,114848.0,140100.0
38001493,108492.0,114848.0,140800.0
38001494,108495.0,114848.0,141350.0
38001495,108992.0,114848.0,141350.0
38001496,109492.0,114848.0,141350.0
38001497,109989.0,114848.0,141350.0
38001498,109992.0,114848.0,140800.0
38001499,108492.0,114848.0,139133.0
38001500,109992.0,114848.0,139133.0
38001501,108492.0,114848.0,139966.0
38001502,109992.0,114848.0,139966.0
38001503,108992.0,114848.0,140800.0
38001504,109492.0,114848.0,140800.0
38001505,107842.0,114848.0,140900.0
38001506,107842.0,114848.0,139166.0
38001507,107842.0,114848.0,140033.0
38001508,107467.0,114248.0,140900.0
38001509,107467.0,114248.0,139166.0
38001510,107467.0,114248.0,140033.0
38001511,111267.0,114248.0,141000.0
38001512,111267.0,114248.0,139200.0
38001513,111267.0,114248.0,140100.0
38001514,110767.0,114848.0,140900.0
38001515,110767.0,114848.0,139166.0
38001516,110767.0,114848.0,140033.0
38001517,110492.0,98548.0,141000.0
38001518,110492.0,98548.0,139200.0
38001519,110492.0,98548.0,140100.0
38001520,99067.0,98548.0,141000.0
38001521,100067.0,98548.0,141000.0
38001522,99067.0,98548.0,139200.0
38001523,100067.0,98548.0,139200.0
38001524,99067.0,98548.0,140100.0
38001525,100067.0,98548.0,140100.0
38001526,105733.0,98548.0,141000.0
38001527,106600.0,98548.0,141000.0
38001528,105733.0,98548.0,139200.0
38001529,106600.0,98548.0,139200.0
38001530,105733.0,98548.0,140100.0
38001531,106600.0,98548.0,140100.0
38001532,101067.0,99070.0,141000.0
38001533,101067.0,99070.0,139200.0
38001534,101067.0,99070.0,140100.0
38001535,104867.0,99070.0,141000.0
38001536,104867.0,99070.0,139200.0
38001537,104867.0,99070.0,140100.0
38001538,107467.0,99381.0,141000.0
38001539,107467.0,100214.0,141000.0
38001540,107467.0,99381.0,139200.0
38001541,107467.0,100214.0,139200.0
38001542,107467.0,99381.0,140100.0
38001543,107467.0,100214.0,140100.0
38001544,109517.0,101048.0,141000.0
38001545,109517.0,101048.0,139200.0
38001546,109517.0,101048.0,140100.0
38001547,110817.0,101048.0,141000.0
38001548,110817.0,101048.0,139200.0
38001549,110817.0,101048.0,140100.0
38001550,111267.0,99381.0,141000.0
38001551,111267.0,100214.0,141000.0
38001552,111267.0,99381.0,139200.0
38001553,111267.0,100214.0,139200.0
38001554,111267.0,99381.0,140100.0
38001555,111267.0,100214.0,140100.0
38001556,111267.0,101931.0,141000.0
38001557,111267.0,102814.0,141000.0
38001558,111267.0,101931.0,139200.0
38001559,111267.0,102814.0,139200.0
38001560,111267.0,101931.0,140100.0
38001561,111267.0,102814.0,140100.0
38001562,99067.0,107148.0,141000.0
38001563,100067.0,107148.0,141000.0
38001564,99067.0,107148.0,139200.0
38001565,100067.0,107148.0,139200.0
38001566,99067.0,107148.0,140100.0
38001567,100067.0,107148.0,140100.0
38001568,101067.0,106723.0,141000.0
38001569,101067.0,106723.0,139200.0
38001570,101067.0,106723.0,140100.0
38001571,104867.0,106723.0,141000.0
38001572,104867.0,106723.0,139200.0
38001573,104867.0,106723.0,140100.0
38001574,105733.0,107139.0,141300.0
38001575,106600.0,107131.0,141300.0
38001576,105733.0,107139.0,139200.0
38001577,106600.0,107131.0,139200.0
38001578,105733.0,107139.0,140100.0
38001579,106600.0,107131.0,140100.0
38001580,110817.0,107148.0,141099.0
38001581,110817.0,107148.0,139200.0
38001582,110817.0,107148.0,140100.0
38001583,104867.0,109345.0,141000.0
38001584,104867.0,109345.0,139200.0
38001585,104867.0,109345.0,140100.0
38001586,105733.0,108798.0,141300.0
38001587,106600.0,108798.0,141300.0
38001588,105733.0,108798.0,139200.0
38001589,106600.0,108798.0,139200.0
38001590,105733.0,108798.0,140100.0
38001591,106600.0,108798.0,140100.0
38001592,107467.0,109345.0,141000.0
38001593,107467.0,109345.0,139200.0
38001594,107467.0,109345.0,140100.0
38001595,98067.0,111448.0,141300.0
38001596,98067.0,112448.0,141300.0
38001597,98067.0,111448.0,139200.0
38001598,98067.0,112448.0,139200.0
38001599,98067.0,111448.0,140100.0
38001600,98067.0,112448.0,140100.0
38001601,100567.0,110448.0,141000.0
38001602,100567.0,110448.0,139200.0
38001603,100567.0,110448.0,140100.0
38001604,100367.0,113448.0,141300.0
38001605,100367.0,113448.0,139200.0
38001606,100367.0,113448.0,140100.0
38001607,101067.0,111448.0,141000.0
38001608,101067.0,112448.0,141000.0
38001609,101067.0,111448.0,139200.0
38001610,101067.0,112448.0,139200.0
38001611,101067.0,111448.0,140100.0
38001612,101067.0,112448.0,140100.0
38001613,98067.0,114148.0,141000.0
38001614,98067.0,114148.0,139200.0
38001615,98067.0,114148.0,140100.0
38001616,111267.0,111060.0,141000.0
38001617,111267.0,111923.0,141000.0
38001618,111267.0,112785.0,141000.0
38001619,111267.0,111060.0,139200.0
38001620,111267.0,111923.0,139200.0
38001621,111267.0,112785.0,139200.0
38001622,111267.0,111060.0,140100.0
38001623,111267.0,112785.0,140100.0
38001624,111267.0,111923.0,140100.0
38001625,100367.0,114848.0,141000.0
38001626,100367.0,114848.0,139200.0
38001627,100367.0,114848.0,140100.0
38001628,105733.0,114848.0,141000.0
38001629,106600.0,114848.0,141000.0
38001630,105733.0,114848.0,139200.0
38001631,106600.0,114848.0,139200.0
38001632,105733.0,114848.0,140100.0
38001633,106600.0,114848.0,140100.0
38001634,107467.0,106710.0,141000.0
38001635,107467.0,106710.0,139200.0
38001636,107467.0,106710.0,140100.0
38001637,98067.0,102481.0,141000.0
38001638,98067.0,103414.0,141000.0
38001639,98067.0,102481.0,139200.0
38001640,98067.0,103414.0,139200.0
38001641,98067.0,102481.0,140100.0
38001642,98067.0,103414.0,140100.0
38001643,98067.0,105281.0,141000.0
38001644,98067.0,106214.0,141000.0
38001645,98067.0,105281.0,139200.0
38001646,98067.0,106214.0,139200.0
38001647,98067.0,105281.0,140100.0
38001648,98067.0,106214.0,140100.0
38001649,104867.0,114248.0,141000.0
38001650,104867.0,114248.0,139200.0
38001651,104867.0,114248.0,140100.0
38001652,98067.0,99381.0,141000.0
38001653,98067.0,100214.0,141000.0
38001654,98067.0,100881.0,141000.0
38001655,98067.0,99381.0,139200.0
38001656,98067.0,100214.0,139200.0
38001657,98067.0,100881.0,139200.0
38001658,98067.0,99381.0,140100.0
38001659,98067.0,100881.0,140100.0
38001660,98067.0,100214.0,140100.0
38001661,24217.0,113842.0,141900.0
38001662,24217.0,112888.0,141900.0
38001663,24217.0,111942.0,141900.0
38001664,24217.0,110977.0,141900.0
38001665,24217.0,109999.0,141900.0
38001666,24217.0,109011.0,141900.0
38001667,24217.0,108071.0,141900.0
38001668,25167.0,113929.0,141900.0
38001669,25167.0,113007.0,141900.0
38001670,25167.0,112066.0,141900.0
38001671,25167.0,111102.0,141900.0
38001672,25167.0,110119.0,141900.0
38001673,25167.0,109126.0,141900.0
38001674,25167.0,108135.0,141900.0
38001675,26117.0,114015.0,141900.0
38001676,26117.0,113157.0,141900.0
38001677,26117.0,112223.0,141900.0
38001678,26117.0,111253.0,141900.0
38001679,26117.0,110256.0,141900.0
38001680,26117.0,109228.0,141900.0
38001681,26117.0,108189.0,141900.0
38001682,27767.0,114148.0,141900.0
38001683,29267.0,114148.0,141900.0
38001684,17833.0,112807.0,141900.0
38001685,17803.0,111978.0,141900.0
38001686,17814.0,109560.0,141900.0
38001687,17803.0,110360.0,141900.0
38001688,17797.0,111175.0,141900.0
38001689,18747.0,110499.0,141900.0
38001690,18711.0,111308.0,141900.0
38001691,18758.0,109644.0,141900.0
38001692,18725.0,111989.0,141900.0
38001693,18796.0,112799.0,141900.0
38001694,19605.0,111720.0,141900.0
38001695,19687.0,110724.0,141900.0
38001696,19711.0,109759.0,141900.0
38001697,19736.0,112715.0,141900.0
38001698,17727.0,107952.0,141900.0
38001699,18522.0,107951.0,141900.0
38001700,19173.0,107945.0,141900.0
38001701,19928.0,107945.0,141900.0
38001702,21533.0,107964.0,141900.0
38001703,22400.0,107968.0,141900.0
38001704,24217.0,106235.0,141900.0
38001705,24217.0,105296.0,141900.0
38001706,25167.0,106224.0,141900.0
38001707,25167.0,105289.0,141900.0
38001708,26117.0,106235.0,141900.0
38001709,26117.0,105296.0,141900.0
38001710,17733.0,100214.0,141900.0
38001711,17704.0,99381.0,141900.0
38001712,18596.0,100214.0,141900.0
38001713,18559.0,99381.0,141900.0
38001714,24217.0,103414.0,141900.0
38001715,24217.0,102481.0,141900.0
38001716,25167.0,103414.0,141900.0
38001717,25167.0,102481.0,141900.0
38001718,26117.0,103414.0,141900.0
38001719,26117.0,102481.0,141900.0
38001720,24217.0,100556.0,141900.0
38001721,24217.0,99559.0,141900.0
38001722,25167.0,100552.0,141900.0
38001723,25167.0,99553.0,141900.0
38001724,26117.0,100556.0,141900.0
38001725,26117.0,99559.0,141900.0
38001726,53835.0,107943.0,141900.0
38001727,54736.0,107923.0,141900.0
38001728,55602.0,107903.0,141900.0
38001729,109538.0,100214.0,141900.0
38001730,109574.0,99381.0,141900.0
38001731,110401.0,100214.0,141900.0
38001732,110429.0,99381.0,141900.0
38001733,98867.0,114148.0,141900.0
38001734,100367.0,114148.0,141900.0
38001735,108372.0,112745.0,141900.0
38001736,108436.0,111814.0,141900.0
38001737,108445.0,109786.0,141900.0
38001738,108536.0,110807.0,141900.0
38001739,109424.0,111113.0,141900.0
38001740,109371.0,111930.0,141900.0
38001741,109425.0,110435.0,141900.0
38001742,109388.0,109627.0,141900.0
38001743,109326.0,112783.0,141900.0
38001744,110341.0,110329.0,141900.0
38001745,110337.0,111124.0,141900.0
38001746,110328.0,109547.0,141900.0
38001747,110293.0,112795.0,141900.0
38001748,110320.0,111948.0,141900.0
38001749,101998.0,100556.0,141900.0
38001750,101962.0,99558.0,141900.0
38001751,102940.0,100552.0,141900.0
38001752,102881.0,99553.0,141900.0
38001753,103898.0,100556.0,141900.0
38001754,103862.0,99559.0,141900.0
38001755,108205.0,107945.0,141900.0
38001756,108960.0,107945.0,141900.0
38001757,109611.0,107951.0,141900.0
38001758,110406.0,107952.0,141900.0
38001759,102017.0,106235.0,141900.0
38001760,102017.0,105296.0,141900.0
38001761,102967.0,106224.0,141900.0
38001762,102967.0,105289.0,141900.0
38001763,103917.0,106235.0,141900.0
38001764,103917.0,105296.0,141900.0
38001765,101960.0,114011.0,141900.0
38001766,101992.0,113153.0,141900.0
38001767,102002.0,112222.0,141900.0
38001768,102007.0,111252.0,141900.0
38001769,102010.0,110256.0,141900.0
38001770,102012.0,109228.0,141900.0
38001771,102014.0,108190.0,141900.0
38001772,102877.0,113924.0,141900.0
38001773,102929.0,113003.0,141900.0
38001774,102946.0,112064.0,141900.0
38001775,102953.0,111102.0,141900.0
38001776,102957.0,110120.0,141900.0
38001777,102960.0,109127.0,141900.0
38001778,102963.0,108135.0,141900.0
38001779,103858.0,113839.0,141900.0
38001780,103890.0,112886.0,141900.0
38001781,103902.0,111941.0,141900.0
38001782,103907.0,110977.0,141900.0
38001783,103910.0,110000.0,141900.0
38001784,103912.0,109011.0,141900.0
38001785,103914.0,108072.0,141900.0
38001786,102017.0,103414.0,141900.0
38001787,102017.0,102481.0,141900.0
38001788,102967.0,103414.0,141900.0
38001789,102967.0,102481.0,141900.0
38001790,103917.0,103414.0,141900.0
38001791,103917.0,102481.0,141900.0
38001792,105733.0,107968.0,141900.0
38001793,106600.0,107964.0,141900.0
39000001,23267.0,114848.0,145500.0
39000002,27067.0,114848.0,145500.0
39000003,20667.0,114848.0,145500.0
39000004,30067.0,114848.0,145500.0
39000005,27067.0,113448.0,145500.0
39000006,27067.0,110448.0,145500.0
39000007,30067.0,113448.0,145500.0
39000008,20667.0,111848.0,145500.0
39000009,20667.0,108798.0,145500.0
39000010,23267.0,111848.0,145500.0
39000011,16867.0,108748.0,145500.0
39000012,23267.0,108798.0,145500.0
39000013,16867.0,107148.0,145500.0
39000014,30067.0,107148.0,145500.0
39000015,23267.0,107148.0,145500.0
39000016,20667.0,107123.0,145500.0
39000017,27067.0,107148.0,145500.0
39000018,16867.0,101048.0,145500.0
39000019,17767.0,107148.0,145500.0
39000020,17767.0,101048.0,145500.0
39000021,20667.0,104348.0,145500.0
39000022,23267.0,104348.0,145500.0
39000023,27067.0,104348.0,145500.0
39000024,20667.0,101548.0,145500.0
39000025,20667.0,101048.0,145500.0
39000026,23267.0,101548.0,145500.0
39000027,27067.0,101548.0,145500.0
39000028,20667.0,98548.0,145500.0
39000029,23267.0,98548.0,145500.0
39000030,27067.0,98548.0,145500.0
39000031,16867.0,110198.0,145500.0
39000032,30067.0,110448.0,145500.0
39000033,23267.0,109893.0,145500.0
39000034,28067.0,110448.0,145500.0
39000035,23267.0,106298.0,145500.0
39000036,27067.0,106298.0,145500.0
39000037,20167.0,107098.0,145500.0
39000038,23267.0,99593.0,145500.0
39000039,27067.0,99593.0,145500.0
39000040,18417.0,98548.0,145500.0
39000041,20667.0,113648.0,145500.0
39000042,16867.0,113648.0,145500.0
39000043,19917.0,113648.0,145500.0
39000044,19917.0,114848.0,145500.0
39000045,17867.0,113648.0,145500.0
39000046,17867.0,114848.0,145500.0
39000047,28467.0,113448.0,145500.0
39000048,28467.0,114848.0,145500.0
39000049,19467.0,98548.0,145500.0
39000050,19467.0,101048.0,145500.0
39000051,17767.0,103698.0,145500.0
39000052,16867.0,103698.0,145500.0
39000053,20667.0,106298.0,145500.0
39000054,23267.0,113648.0,145500.0
39000055,20667.0,109893.0,145500.0
39000056,4867.0,114848.0,145500.0
39000057,4867.0,106698.0,145500.0
39000058,4867.0,98548.0,145500.0
39000059,4867.0,87098.0,145500.0
39000060,4867.0,126298.0,145500.0
39000061,9467.0,126348.0,145500.0
39000062,13067.0,126348.0,145500.0
39000063,124067.0,114848.0,145500.0
39000064,124067.0,106698.0,145500.0
39000065,124067.0,98548.0,145500.0
39000066,124067.0,87098.0,145500.0
39000067,124067.0,126298.0,145500.0
39000068,30067.0,98548.0,145500.0
39000069,30067.0,104348.0,145500.0
39000070,30067.0,101548.0,145500.0
39000071,13067.0,87048.0,145500.0
39000072,9467.0,87048.0,145500.0
39000073,63747.0,110448.0,145500.0
39000074,60347.0,101048.0,145500.0
39000075,60347.0,107048.0,145500.0
39000076,63747.0,107148.0,145500.0
39000077,52947.0,114848.0,145500.0
39000078,56347.0,108748.0,145500.0
39000079,52947.0,103698.0,145500.0
39000080,53847.0,103698.0,145500.0
39000081,54497.0,98548.0,145500.0
39000082,56347.0,110448.0,145500.0
39000083,52947.0,110198.0,145500.0
39000084,56347.0,113448.0,145500.0
39000085,52947.0,101048.0,145500.0
39000086,53847.0,101048.0,145500.0
39000087,53847.0,107148.0,145500.0
39000088,52947.0,107148.0,145500.0
39000089,56347.0,107048.0,145500.0
39000090,52947.0,108748.0,145500.0
39000091,56347.0,101548.0,145500.0
39000092,55947.0,107048.0,145500.0
39000093,56347.0,106298.0,145500.0
39000094,60347.0,110448.0,145500.0
39000095,56347.0,104348.0,145500.0
39000096,56347.0,101048.0,145500.0
39000097,63747.0,101048.0,145500.0
39000098,52947.0,98548.0,145500.0
39000099,60347.0,104348.0,145500.0
39000100,119800.0,87048.0,145500.0
39000101,115533.0,87048.0,145500.0
39000102,111267.0,103698.0,145500.0
39000103,110367.0,103698.0,145500.0
39000104,108667.0,101048.0,145500.0
39000105,108667.0,98548.0,145500.0
39000106,99667.0,114848.0,145500.0
39000107,99667.0,113448.0,145500.0
39000108,110267.0,114848.0,145500.0
39000109,110267.0,113648.0,145500.0
39000110,108217.0,114848.0,145500.0
39000111,108217.0,113648.0,145500.0
39000112,111267.0,113648.0,145500.0
39000113,107467.0,113648.0,145500.0
39000114,109717.0,98548.0,145500.0
39000115,101067.0,99593.0,145500.0
39000116,104867.0,99593.0,145500.0
39000117,107967.0,107098.0,145500.0
39000118,101067.0,106298.0,145500.0
39000119,104867.0,106298.0,145500.0
39000120,100067.0,110448.0,145500.0
39000121,104867.0,109893.0,145500.0
39000122,98067.0,110448.0,145500.0
39000123,111267.0,110198.0,145500.0
39000124,101067.0,98548.0,145500.0
39000125,104867.0,98548.0,145500.0
39000126,107467.0,98548.0,145500.0
39000127,101067.0,101548.0,145500.0
39000128,104867.0,101548.0,145500.0
39000129,107467.0,101048.0,145500.0
39000130,107467.0,101548.0,145500.0
39000131,101067.0,104348.0,145500.0
39000132,104867.0,104348.0,145500.0
39000133,107467.0,104348.0,145500.0
39000134,110367.0,101048.0,145500.0
39000135,110367.0,107148.0,145500.0
39000136,111267.0,101048.0,145500.0
39000137,101067.0,107148.0,145500.0
39000138,107467.0,107123.0,145500.0
39000139,104867.0,107148.0,145500.0
39000140,98067.0,107148.0,145500.0
39000141,111267.0,107148.0,145500.0
39000142,104867.0,108798.0,145500.0
39000143,111267.0,108748.0,145500.0
39000144,104867.0,111848.0,145500.0
39000145,107467.0,108798.0,145500.0
39000146,107467.0,111848.0,145500.0
39000147,98067.0,113448.0,145500.0
39000148,101067.0,110448.0,145500.0
39000149,101067.0,113448.0,145500.0
39000150,98067.0,114848.0,145500.0
39000151,107467.0,114848.0,145500.0
39000152,101067.0,114848.0,145500.0
39000153,104867.0,114848.0,145500.0
39000154,107467.0,106298.0,145500.0
39000155,98067.0,101548.0,145500.0
39000156,98067.0,104348.0,145500.0
39000157,107467.0,109893.0,145500.0
39000158,104867.0,113648.0,145500.0
39000159,98067.0,101048.0,145500.0
39000160,98067.0,98548.0,145500.0
39000161,56347.0,98548.0,145500.0
39000162,63747.0,98548.0,145500.0
39000163,56347.0,114848.0,145500.0
39000164,60347.0,114848.0,145500.0
39000165,60347.0,98548.0,145500.0
39000166,63747.0,114848.0,145500.0
39000167,16867.0,114848.0,145500.0
39000168,30067.0,126298.0,145500.0
39000169,16867.0,106698.0,145500.0
39000170,16867.0,98548.0,145500.0
39000171,16867.0,87098.0,145500.0
39000172,16867.0,126298.0,145500.0
39000173,30067.0,87098.0,145500.0
39000174,111267.0,98548.0,145500.0
39000175,111267.0,87098.0,145500.0
39000176,111267.0,126298.0,145500.0
39000177,98067.0,87098.0,145500.0
39000178,98067.0,126298.0,145500.0
39000179,111267.0,106698.0,145500.0
39000180,111267.0,114848.0,145500.0
39000181,41507.0,87098.0,145500.0
39000182,41507.0,126298.0,145500.0
39000183,52947.0,87098.0,145500.0
39000184,52947.0,126298.0,145500.0
39000185,75187.0,87098.0,145500.0
39000186,75187.0,126298.0,145500.0
39000187,86627.0,126298.0,145500.0
39000188,86627.0,87098.0,145500.0
39000189,63747.0,87098.0,145500.0
39000190,63747.0,126298.0,145500.0
39000191,102700.0,126348.0,145500.0
39000192,102700.0,114848.0,145500.0
39000193,102700.0,87048.0,145500.0
39000194,102700.0,98548.0,145500.0
39000195,119800.0,126348.0,145500.0
39000196,115533.0,126348.0,145500.0
39000197,107467.0,87048.0,145500.0
39000198,107467.0,126348.0,145500.0
39000199,92347.0,126348.0,145500.0
39000200,92347.0,87048.0,145500.0
39000201,80907.0,126348.0,145500.0
39000202,80907.0,87048.0,145500.0
39000203,69442.0,126348.0,145500.0
39000204,69442.0,87048.0,145500.0
39000205,47227.0,126348.0,145500.0
39000206,47227.0,87048.0,145500.0
39000207,58347.0,98548.0,145500.0
39000208,58347.0,87048.0,145500.0
39000209,58347.0,114848.0,145500.0
39000210,58347.0,126348.0,145500.0
39000211,35787.0,126348.0,145500.0
39000212,35787.0,87048.0,145500.0
39000213,25167.0,114848.0,145500.0
39000214,25167.0,126348.0,145500.0
39000215,25167.0,98548.0,145500.0
39000216,25167.0,87048.0,145500.0
39000217,20667.0,87048.0,145500.0
39000218,20667.0,126348.0,145500.0
39000219,86627.0,98548.0,145500.0
39000220,86627.0,114848.0,145500.0
39000221,86627.0,107148.0,145500.0
39000222,75187.0,98548.0,145500.0
39000223,75187.0,114848.0,145500.0
39000224,75187.0,107148.0,145500.0
39000225,13067.0,98548.0,145500.0
39000226,13067.0,114848.0,145500.0
39000227,13067.0,106698.0,145500.0
39000228,9467.0,98548.0,145500.0
39000229,9467.0,114848.0,145500.0
39000230,9467.0,106698.0,145500.0
39000231,119800.0,98548.0,145500.0
39000232,119800.0,114848.0,145500.0
39000233,119800.0,106698.0,145500.0
39000234,115533.0,98548.0,145500.0
39000235,115533.0,114848.0,145500.0
39000236,115533.0,106698.0,145500.0
39000237,92347.0,98548.0,145500.0
39000238,80907.0,98548.0,145500.0
39000239,69442.0,98548.0,145500.0
39000240,47227.0,98548.0,145500.0
39000241,35787.0,98548.0,145500.0
39000242,41507.0,98548.0,145500.0
39000243,92347.0,114848.0,145500.0
39000244,80907.0,114848.0,145500.0
39000245,69442.0,114848.0,145500.0
39000246,47227.0,114848.0,145500.0
39000247,35787.0,114848.0,145500.0
39000248,41507.0,114848.0,145500.0
39000249,47227.0,107148.0,145500.0
39000250,35787.0,107148.0,145500.0
39000251,41507.0,107148.0,145500.0
39000252,92347.0,107148.0,145500.0
39000253,80907.0,107148.0,145500.0
39000254,69442.0,107148.0,145500.0
39000255,16867.0,108748.0,144700.0
39000256,16867.0,110198.0,144700.0
39000257,27067.0,113448.0,144900.0
39000258,27067.0,114848.0,144900.0
39000259,20667.0,107123.0,144900.0
39000260,20667.0,108798.0,144900.0
39000261,28067.0,110448.0,144900.0
39000262,30067.0,110448.0,144900.0
39000263,16867.0,107148.0,144700.0
39000264,23267.0,107148.0,144900.0
39000265,23267.0,108798.0,144900.0
39000266,17767.0,107148.0,144800.0
39000267,20167.0,107098.0,144800.0
39000268,18417.0,98548.0,144700.0
39000269,19467.0,98548.0,144700.0
39000270,28467.0,113448.0,144900.0
39000271,30067.0,113448.0,144900.0
39000272,20667.0,98548.0,144700.0
39000273,52947.0,107148.0,144700.0
39000274,52947.0,108748.0,144700.0
39000275,56347.0,113448.0,144900.0
39000276,56347.0,114848.0,144900.0
39000277,52947.0,110198.0,144700.0
39000278,53847.0,107148.0,144800.0
39000279,55947.0,107048.0,144800.0
39000280,54497.0,98548.0,144700.0
39000281,56347.0,98548.0,144700.0
39000282,107467.0,98548.0,144700.0
39000283,108667.0,98548.0,144700.0
39000284,98067.0,113448.0,144900.0
39000285,99667.0,113448.0,144900.0
39000286,107967.0,107098.0,144800.0
39000287,110367.0,107148.0,144800.0
39000288,104867.0,107148.0,144900.0
39000289,104867.0,108798.0,144900.0
39000290,111267.0,107148.0,144700.0
39000291,111267.0,108748.0,144700.0
39000292,107467.0,107123.0,144900.0
39000293,107467.0,108798.0,144900.0
39000294,101067.0,113448.0,144900.0
39000295,101067.0,114848.0,144900.0
39000296,111267.0,110198.0,144700.0
39000297,98067.0,110448.0,144900.0
39000298,100067.0,110448.0,144900.0
39000299,109717.0,98548.0,144700.0
39000300,17367.0,114848.0,145500.0
39000301,21533.0,114848.0,145500.0
39000302,22400.0,114848.0,145500.0
39000303,27767.0,114848.0,145500.0
39000304,16867.0,111060.0,145500.0
39000305,16867.0,111923.0,145500.0
39000306,16867.0,112785.0,145500.0
39000307,16867.0,109110.0,145500.0
39000308,16867.0,109473.0,145500.0
39000309,16867.0,109835.0,145500.0
39000310,27067.0,113798.0,145500.0
39000311,27067.0,114148.0,145500.0
39000312,27067.0,114498.0,145500.0
39000313,30067.0,114148.0,145500.0
39000314,27067.0,111448.0,145500.0
39000315,27067.0,112448.0,145500.0
39000316,27767.0,113448.0,145500.0
39000317,27567.0,110448.0,145500.0
39000318,30067.0,111448.0,145500.0
39000319,30067.0,112448.0,145500.0
39000320,20667.0,109345.0,145500.0
39000321,20667.0,107541.0,145500.0
39000322,20667.0,107960.0,145500.0
39000323,20667.0,108379.0,145500.0
39000324,21533.0,108798.0,145500.0
39000325,22400.0,108798.0,145500.0
39000326,23267.0,109345.0,145500.0
39000327,28567.0,110448.0,145500.0
39000328,29067.0,110448.0,145500.0
39000329,29567.0,110448.0,145500.0
39000330,16867.0,107548.0,145500.0
39000331,16867.0,107948.0,145500.0
39000332,16867.0,108348.0,145500.0
39000333,23267.0,107560.0,145500.0
39000334,23267.0,107973.0,145500.0
39000335,23267.0,108385.0,145500.0
39000336,17317.0,107148.0,145500.0
39000337,21533.0,107131.0,145500.0
39000338,22400.0,107139.0,145500.0
39000339,23267.0,106723.0,145500.0
39000340,27067.0,106723.0,145500.0
39000341,28067.0,107148.0,145500.0
39000342,29067.0,107148.0,145500.0
39000343,16867.0,101931.0,145500.0
39000344,16867.0,102814.0,145500.0
39000345,16867.0,99381.0,145500.0
39000346,16867.0,100214.0,145500.0
39000347,17317.0,101048.0,145500.0
39000348,18167.0,107139.0,145500.0
39000349,18567.0,107131.0,145500.0
39000350,18967.0,107123.0,145500.0
39000351,19367.0,107114.0,145500.0
39000352,19767.0,107106.0,145500.0
39000353,18617.0,101048.0,145500.0
39000354,20667.0,99381.0,145500.0
39000355,20667.0,100214.0,145500.0
39000356,17642.0,98548.0,145500.0
39000357,18942.0,98548.0,145500.0
39000358,21533.0,98548.0,145500.0
39000359,22400.0,98548.0,145500.0
39000360,23267.0,99070.0,145500.0
39000361,27067.0,99070.0,145500.0
39000362,28067.0,98548.0,145500.0
39000363,29067.0,98548.0,145500.0
39000364,16867.0,114248.0,145500.0
39000365,20667.0,114248.0,145500.0
39000366,20292.0,114848.0,145500.0
39000367,18142.0,114848.0,145500.0
39000368,18642.0,114848.0,145500.0
39000369,19142.0,114848.0,145500.0
39000370,19642.0,114848.0,145500.0
39000371,29267.0,114848.0,145500.0
39000372,28867.0,113448.0,145500.0
39000373,29267.0,113448.0,145500.0
39000374,29667.0,113448.0,145500.0
39000375,20067.0,101048.0,145500.0
39000376,20067.0,98548.0,145500.0
39000377,16867.0,104698.0,145500.0
39000378,16867.0,105698.0,145500.0
39000379,20667.0,106710.0,145500.0
39000380,23267.0,114248.0,145500.0
39000381,30067.0,99381.0,145500.0
39000382,30067.0,100214.0,145500.0
39000383,30067.0,100881.0,145500.0
39000384,30067.0,105281.0,145500.0
39000385,30067.0,106214.0,145500.0
39000386,30067.0,102481.0,145500.0
39000387,30067.0,103414.0,145500.0
39000388,60347.0,101873.0,145500.0
39000389,60347.0,102698.0,145500.0
39000390,60347.0,103523.0,145500.0
39000391,63747.0,111328.0,145500.0
39000392,63747.0,112208.0,145500.0
39000393,63747.0,113088.0,145500.0
39000394,63747.0,113968.0,145500.0
39000395,61022.0,114848.0,145500.0
39000396,61697.0,114848.0,145500.0
39000397,62197.0,114848.0,145500.0
39000398,62697.0,114848.0,145500.0
39000399,63197.0,114848.0,145500.0
39000400,52947.0,104560.0,145500.0
39000401,52947.0,105423.0,145500.0
39000402,52947.0,106285.0,145500.0
39000403,53722.0,98548.0,145500.0
39000404,52947.0,99381.0,145500.0
39000405,52947.0,100214.0,145500.0
39000406,52947.0,101931.0,145500.0
39000407,52947.0,102814.0,145500.0
39000408,53397.0,101048.0,145500.0
39000409,53397.0,107148.0,145500.0
39000410,52947.0,107548.0,145500.0
39000411,52947.0,107948.0,145500.0
39000412,52947.0,108348.0,145500.0
39000413,56347.0,111328.0,145500.0
39000414,56347.0,112208.0,145500.0
39000415,56347.0,113088.0,145500.0
39000416,56347.0,113798.0,145500.0
39000417,56347.0,114148.0,145500.0
39000418,56347.0,114498.0,145500.0
39000419,52947.0,109110.0,145500.0
39000420,52947.0,109473.0,145500.0
39000421,52947.0,109835.0,145500.0
39000422,52947.0,111128.0,145500.0
39000423,52947.0,112058.0,145500.0
39000424,52947.0,112988.0,145500.0
39000425,52947.0,113918.0,145500.0
39000426,53622.0,114848.0,145500.0
39000427,54297.0,114848.0,145500.0
39000428,54797.0,114848.0,145500.0
39000429,55297.0,114848.0,145500.0
39000430,55797.0,114848.0,145500.0
39000431,54372.0,107123.0,145500.0
39000432,54897.0,107098.0,145500.0
39000433,55422.0,107073.0,145500.0
39000434,61197.0,110448.0,145500.0
39000435,62047.0,110448.0,145500.0
39000436,62897.0,110448.0,145500.0
39000437,56347.0,106673.0,145500.0
39000438,56347.0,99381.0,145500.0
39000439,56347.0,100214.0,145500.0
39000440,54959.0,98548.0,145500.0
39000441,55422.0,98548.0,145500.0
39000442,55884.0,98548.0,145500.0
39000443,63747.0,102064.0,145500.0
39000444,63747.0,103081.0,145500.0
39000445,63747.0,104098.0,145500.0
39000446,63747.0,105114.0,145500.0
39000447,63747.0,106131.0,145500.0
39000448,63747.0,99381.0,145500.0
39000449,63747.0,100214.0,145500.0
39000450,54680.0,101048.0,145500.0
39000451,55513.0,101048.0,145500.0
39000452,60822.0,98548.0,145500.0
39000453,61297.0,98548.0,145500.0
39000454,61797.0,98548.0,145500.0
39000455,62297.0,98548.0,145500.0
39000456,62797.0,98548.0,145500.0
39000457,63272.0,98548.0,145500.0
39000458,61197.0,101048.0,145500.0
39000459,62047.0,101048.0,145500.0
39000460,62897.0,101048.0,145500.0
39000461,111267.0,104698.0,145500.0
39000462,111267.0,105698.0,145500.0
39000463,108067.0,98548.0,145500.0
39000464,108067.0,101048.0,145500.0
39000465,98467.0,113448.0,145500.0
39000466,98867.0,113448.0,145500.0
39000467,99267.0,113448.0,145500.0
39000468,98867.0,114848.0,145500.0
39000469,108492.0,114848.0,145500.0
39000470,108992.0,114848.0,145500.0
39000471,109492.0,114848.0,145500.0
39000472,109992.0,114848.0,145500.0
39000473,107842.0,114848.0,145500.0
39000474,107467.0,114248.0,145500.0
39000475,111267.0,114248.0,145500.0
39000476,110767.0,114848.0,145500.0
39000477,110492.0,98548.0,145500.0
39000478,99067.0,98548.0,145500.0
39000479,100067.0,98548.0,145500.0
39000480,105733.0,98548.0,145500.0
39000481,106600.0,98548.0,145500.0
39000482,101067.0,99070.0,145500.0
39000483,104867.0,99070.0,145500.0
39000484,107467.0,99381.0,145500.0
39000485,107467.0,100214.0,145500.0
39000486,109517.0,101048.0,145500.0
39000487,108367.0,107106.0,145500.0
39000488,108767.0,107114.0,145500.0
39000489,109167.0,107123.0,145500.0
39000490,109567.0,107131.0,145500.0
39000491,109967.0,107139.0,145500.0
39000492,110817.0,101048.0,145500.0
39000493,111267.0,99381.0,145500.0
39000494,111267.0,100214.0,145500.0
39000495,111267.0,101931.0,145500.0
39000496,111267.0,102814.0,145500.0
39000497,99067.0,107148.0,145500.0
39000498,100067.0,107148.0,145500.0
39000499,101067.0,106723.0,145500.0
39000500,104867.0,106723.0,145500.0
39000501,105733.0,107139.0,145500.0
39000502,106600.0,107131.0,145500.0
39000503,110817.0,107148.0,145500.0
39000504,104867.0,107560.0,145500.0
39000505,104867.0,107973.0,145500.0
39000506,104867.0,108385.0,145500.0
39000507,111267.0,107548.0,145500.0
39000508,111267.0,107948.0,145500.0
39000509,111267.0,108348.0,145500.0
39000510,104867.0,109345.0,145500.0
39000511,105733.0,108798.0,145500.0
39000512,106600.0,108798.0,145500.0
39000513,107467.0,107541.0,145500.0
39000514,107467.0,107960.0,145500.0
39000515,107467.0,108379.0,145500.0
39000516,107467.0,109345.0,145500.0
39000517,98067.0,111448.0,145500.0
39000518,98067.0,112448.0,145500.0
39000519,100567.0,110448.0,145500.0
39000520,100367.0,113448.0,145500.0
39000521,101067.0,111448.0,145500.0
39000522,101067.0,112448.0,145500.0
39000523,98067.0,114148.0,145500.0
39000524,101067.0,113798.0,145500.0
39000525,101067.0,114148.0,145500.0
39000526,101067.0,114498.0,145500.0
39000527,111267.0,109110.0,145500.0
39000528,111267.0,109473.0,145500.0
39000529,111267.0,109835.0,145500.0
39000530,111267.0,111060.0,145500.0
39000531,111267.0,111923.0,145500.0
39000532,111267.0,112785.0,145500.0
39000533,100367.0,114848.0,145500.0
39000534,105733.0,114848.0,145500.0
39000535,106600.0,114848.0,145500.0
39000536,107467.0,106710.0,145500.0
39000537,98067.0,102481.0,145500.0
39000538,98067.0,103414.0,145500.0
39000539,98067.0,105281.0,145500.0
39000540,98067.0,106214.0,145500.0
39000541,104867.0,114248.0,145500.0
39000542,98067.0,99381.0,145500.0
39000543,98067.0,100214.0,145500.0
39000544,98567.0,110448.0,145500.0
39000545,99067.0,110448.0,145500.0
39000546,99567.0,110448.0,145500.0
39000547,109192.0,98548.0,145500.0
39000548,16867.0,114848.0,144400.0
39000549,16867.0,114848.0,143566.0
39000550,16867.0,114848.0,142733.0
39000551,17867.0,114848.0,144400.0
39000552,17867.0,114848.0,143566.0
39000553,17867.0,114848.0,142733.0
39000554,20667.0,114848.0,144400.0
39000555,20667.0,114848.0,143566.0
39000556,20667.0,114848.0,142733.0
39000557,23267.0,114848.0,144500.0
39000558,23267.0,114848.0,143633.0
39000559,23267.0,114848.0,142766.0
39000560,28467.0,114848.0,144600.0
39000561,28467.0,114848.0,143700.0
39000562,28467.0,114848.0,142800.0
39000563,27067.0,110448.0,144600.0
39000564,27067.0,110448.0,143700.0
39000565,27067.0,110448.0,142800.0
39000566,20667.0,109893.0,144600.0
39000567,20667.0,109893.0,143700.0
39000568,20667.0,109893.0,142800.0
39000569,16867.0,113648.0,144400.0
39000570,16867.0,113648.0,143566.0
39000571,16867.0,113648.0,142733.0
39000572,23267.0,109893.0,144600.0
39000573,23267.0,109893.0,143700.0
39000574,23267.0,109893.0,142800.0
39000575,16867.0,106698.0,144600.0
39000576,16867.0,106698.0,143700.0
39000577,16867.0,106698.0,142800.0
39000578,23267.0,106298.0,144600.0
39000579,23267.0,106298.0,143700.0
39000580,23267.0,106298.0,142800.0
39000581,27067.0,106298.0,144600.0
39000582,27067.0,106298.0,143700.0
39000583,27067.0,106298.0,142800.0
39000584,27067.0,107148.0,144600.0
39000585,27067.0,107148.0,143700.0
39000586,27067.0,107148.0,142800.0
39000587,16867.0,101048.0,144600.0
39000588,16867.0,101048.0,143700.0
39000589,16867.0,101048.0,142800.0
39000590,16867.0,103698.0,144600.0
39000591,16867.0,103698.0,143700.0
39000592,16867.0,103698.0,142800.0
39000593,16867.0,98548.0,144600.0
39000594,16867.0,98548.0,143700.0
39000595,16867.0,98548.0,142800.0
39000596,17767.0,101048.0,144600.0
39000597,17767.0,101048.0,143700.0
39000598,17767.0,101048.0,142800.0
39000599,19467.0,101048.0,144600.0
39000600,19467.0,101048.0,143700.0
39000601,19467.0,101048.0,142800.0
39000602,20667.0,101048.0,144600.0
39000603,20667.0,101048.0,143700.0
39000604,20667.0,101048.0,142800.0
39000605,23267.0,98548.0,144600.0
39000606,23267.0,98548.0,143700.0
39000607,23267.0,98548.0,142800.0
39000608,23267.0,99593.0,144600.0
39000609,23267.0,99593.0,143700.0
39000610,23267.0,99593.0,142800.0
39000611,27067.0,98548.0,144600.0
39000612,27067.0,98548.0,143700.0
39000613,27067.0,98548.0,142800.0
39000614,27067.0,99593.0,144600.0
39000615,27067.0,99593.0,143700.0
39000616,27067.0,99593.0,142800.0
39000617,30067.0,98548.0,144600.0
39000618,30067.0,98548.0,143700.0
39000619,30067.0,98548.0,142800.0
39000620,19917.0,114848.0,144400.0
39000621,19917.0,114848.0,143566.0
39000622,19917.0,114848.0,142733.0
39000623,30067.0,114848.0,144600.0
39000624,30067.0,114848.0,143700.0
39000625,30067.0,114848.0,142800.0
39000626,20667.0,106298.0,144600.0
39000627,20667.0,106298.0,143700.0
39000628,20667.0,106298.0,142800.0
39000629,20667.0,113648.0,144400.0
39000630,20667.0,113648.0,143566.0
39000631,20667.0,113648.0,142733.0
39000632,23267.0,113648.0,144600.0
39000633,23267.0,113648.0,143700.0
39000634,23267.0,113648.0,142800.0
39000635,20667.0,101548.0,144600.0
39000636,20667.0,101548.0,143700.0
39000637,20667.0,101548.0,142800.0
39000638,30067.0,107148.0,144600.0
39000639,30067.0,107148.0,143700.0
39000640,30067.0,107148.0,142800.0
39000641,30067.0,104348.0,144600.0
39000642,30067.0,104348.0,143700.0
39000643,30067.0,104348.0,142800.0
39000644,30067.0,101548.0,144600.0
39000645,30067.0,101548.0,143700.0
39000646,30067.0,101548.0,142800.0
39000647,60347.0,101048.0,144400.0
39000648,60347.0,101048.0,143566.0
39000649,60347.0,101048.0,142733.0
39000650,60347.0,104348.0,144400.0
39000651,60347.0,104348.0,143566.0
39000652,60347.0,104348.0,142733.0
39000653,63747.0,110448.0,144400.0
39000654,63747.0,110448.0,143566.0
39000655,63747.0,110448.0,142733.0
39000656,63747.0,114848.0,144400.0
39000657,63747.0,114848.0,143566.0
39000658,63747.0,114848.0,142733.0
39000659,60347.0,114848.0,144400.0
39000660,60347.0,114848.0,143566.0
39000661,60347.0,114848.0,142733.0
39000662,52947.0,103698.0,144600.0
39000663,52947.0,103698.0,143700.0
39000664,52947.0,103698.0,142800.0
39000665,52947.0,98548.0,144600.0
39000666,52947.0,98548.0,143700.0
39000667,52947.0,98548.0,142800.0
39000668,52947.0,101048.0,144600.0
39000669,52947.0,101048.0,143700.0
39000670,52947.0,101048.0,142800.0
39000671,53847.0,101048.0,144600.0
39000672,53847.0,101048.0,143700.0
39000673,53847.0,101048.0,142800.0
39000674,56347.0,107048.0,144600.0
39000675,56347.0,107048.0,143700.0
39000676,56347.0,107048.0,142800.0
39000677,56347.0,110448.0,144600.0
39000678,56347.0,110448.0,143700.0
39000679,56347.0,110448.0,142800.0
39000680,52947.0,114848.0,144400.0
39000681,52947.0,114848.0,143566.0
39000682,52947.0,114848.0,142733.0
39000683,60347.0,110448.0,144400.0
39000684,60347.0,110448.0,143566.0
39000685,60347.0,110448.0,142733.0
39000686,56347.0,106298.0,144600.0
39000687,56347.0,106298.0,143700.0
39000688,56347.0,106298.0,142800.0
39000689,56347.0,101048.0,144600.0
39000690,56347.0,101048.0,143700.0
39000691,56347.0,101048.0,142800.0
39000692,56347.0,101548.0,144600.0
39000693,56347.0,101548.0,143700.0
39000694,56347.0,101548.0,142800.0
39000695,63747.0,101048.0,144400.0
39000696,63747.0,101048.0,143566.0
39000697,63747.0,101048.0,142733.0
39000698,63747.0,107148.0,144400.0
39000699,63747.0,107148.0,143566.0
39000700,63747.0,107148.0,142733.0
39000701,63747.0,98548.0,144400.0
39000702,63747.0,98548.0,143566.0
39000703,63747.0,98548.0,142733.0
39000704,60347.0,98548.0,144400.0
39000705,60347.0,98548.0,143566.0
39000706,60347.0,98548.0,142733.0
39000707,111267.0,103698.0,144600.0
39000708,111267.0,103698.0,143700.0
39000709,111267.0,103698.0,142800.0
39000710,111267.0,106698.0,144600.0
39000711,111267.0,106698.0,143700.0
39000712,111267.0,106698.0,142800.0
39000713,107467.0,101048.0,144600.0
39000714,107467.0,101048.0,143700.0
39000715,107467.0,101048.0,142800.0
39000716,108667.0,101048.0,144600.0
39000717,108667.0,101048.0,143700.0
39000718,108667.0,101048.0,142800.0
39000719,98067.0,114848.0,144600.0
39000720,98067.0,114848.0,143700.0
39000721,98067.0,114848.0,142800.0
39000722,99667.0,114848.0,144600.0
39000723,99667.0,114848.0,143700.0
39000724,99667.0,114848.0,142800.0
39000725,108217.0,114848.0,144400.0
39000726,108217.0,114848.0,143566.0
39000727,108217.0,114848.0,142733.0
39000728,110267.0,114848.0,144400.0
39000729,110267.0,114848.0,143566.0
39000730,110267.0,114848.0,142733.0
39000731,107467.0,114848.0,144500.0
39000732,107467.0,114848.0,143633.0
39000733,107467.0,114848.0,142766.0
39000734,107467.0,113648.0,144400.0
39000735,107467.0,113648.0,143566.0
39000736,107467.0,113648.0,142733.0
39000737,111267.0,113648.0,144600.0
39000738,111267.0,113648.0,143700.0
39000739,111267.0,113648.0,142800.0
39000740,111267.0,114848.0,144500.0
39000741,111267.0,114848.0,143633.0
39000742,111267.0,114848.0,142766.0
39000743,111267.0,98548.0,144600.0
39000744,111267.0,98548.0,143700.0
39000745,111267.0,98548.0,142800.0
39000746,98067.0,98548.0,144600.0
39000747,98067.0,98548.0,143700.0
39000748,98067.0,98548.0,142800.0
39000749,101067.0,98548.0,144600.0
39000750,101067.0,98548.0,143700.0
39000751,101067.0,98548.0,142800.0
39000752,104867.0,98548.0,144600.0
39000753,104867.0,98548.0,143700.0
39000754,104867.0,98548.0,142800.0
39000755,101067.0,99593.0,144600.0
39000756,101067.0,99593.0,143700.0
39000757,101067.0,99593.0,142800.0
39000758,104867.0,99593.0,144600.0
39000759,104867.0,99593.0,143700.0
39000760,104867.0,99593.0,142800.0
39000761,107467.0,101548.0,144600.0
39000762,107467.0,101548.0,143700.0
39000763,107467.0,101548.0,142800.0
39000764,110367.0,101048.0,144600.0
39000765,110367.0,101048.0,143700.0
39000766,110367.0,101048.0,142800.0
39000767,111267.0,101048.0,144600.0
39000768,111267.0,101048.0,143700.0
39000769,111267.0,101048.0,142800.0
39000770,98067.0,107148.0,144600.0
39000771,98067.0,107148.0,143700.0
39000772,98067.0,107148.0,142800.0
39000773,101067.0,107148.0,144600.0
39000774,101067.0,107148.0,143700.0
39000775,101067.0,107148.0,142800.0
39000776,101067.0,106298.0,144600.0
39000777,101067.0,106298.0,143700.0
39000778,101067.0,106298.0,142800.0
39000779,104867.0,106298.0,144600.0
39000780,104867.0,106298.0,143700.0
39000781,104867.0,106298.0,142800.0
39000782,104867.0,109893.0,144600.0
39000783,104867.0,109893.0,143700.0
39000784,104867.0,109893.0,142800.0
39000785,107467.0,109893.0,144600.0
39000786,107467.0,109893.0,143700.0
39000787,107467.0,109893.0,142800.0
39000788,101067.0,110448.0,144600.0
39000789,101067.0,110448.0,143700.0
39000790,101067.0,110448.0,142800.0
39000791,104867.0,114848.0,144600.0
39000792,104867.0,114848.0,143700.0
39000793,104867.0,114848.0,142800.0
39000794,107467.0,106298.0,144600.0
39000795,107467.0,106298.0,143700.0
39000796,107467.0,106298.0,142800.0
39000797,98067.0,101548.0,144600.0
39000798,98067.0,101548.0,143700.0
39000799,98067.0,101548.0,142800.0
39000800,98067.0,104348.0,144600.0
39000801,98067.0,104348.0,143700.0
39000802,98067.0,104348.0,142800.0
39000803,104867.0,113648.0,144600.0
39000804,104867.0,113648.0,143700.0
39000805,104867.0,113648.0,142800.0
39000806,98067.0,101048.0,144599.0
39000807,98067.0,101048.0,143699.0
39000808,98067.0,101048.0,142800.0
39000809,16867.0,109110.0,144700.0
39000810,16867.0,109473.0,144700.0
39000811,16867.0,109835.0,144700.0
39000812,27067.0,113798.0,144900.0
39000813,27067.0,114148.0,144900.0
39000814,27067.0,114498.0,144900.0
39000815,20667.0,107541.0,144900.0
39000816,20667.0,107960.0,144900.0
39000817,20667.0,108379.0,144900.0
39000818,28567.0,110448.0,144900.0
39000819,29067.0,110448.0,144900.0
39000820,29567.0,110448.0,144900.0
39000821,16867.0,107548.0,144700.0
39000822,16867.0,107948.0,144700.0
39000823,16867.0,108348.0,144700.0
39000824,23267.0,107560.0,144900.0
39000825,23267.0,107973.0,144900.0
39000826,23267.0,108385.0,144900.0
39000827,18167.0,107139.0,144800.0
39000828,18567.0,107131.0,144800.0
39000829,18967.0,107123.0,144800.0
39000830,19367.0,107114.0,144800.0
39000831,19767.0,107106.0,144800.0
39000832,18942.0,98548.0,144700.0
39000833,28867.0,113448.0,144900.0
39000834,29267.0,113448.0,144900.0
39000835,29667.0,113448.0,144900.0
39000836,20067.0,98548.0,144700.0
39000837,52947.0,107548.0,144700.0
39000838,52947.0,107948.0,144700.0
39000839,52947.0,108348.0,144700.0
39000840,56347.0,113798.0,144900.0
39000841,56347.0,114148.0,144900.0
39000842,56347.0,114498.0,144900.0
39000843,52947.0,109110.0,144700.0
39000844,52947.0,109473.0,144700.0
39000845,52947.0,109835.0,144700.0
39000846,54372.0,107123.0,144800.0
39000847,54897.0,107098.0,144800.0
39000848,55422.0,107073.0,144800.0
39000849,54959.0,98548.0,144700.0
39000850,55422.0,98548.0,144700.0
39000851,55884.0,98548.0,144700.0
39000852,108067.0,98548.0,144700.0
39000853,98467.0,113448.0,144900.0
39000854,98867.0,113448.0,144900.0
39000855,99267.0,113448.0,144900.0
39000856,108367.0,107106.0,144800.0
39000857,108767.0,107114.0,144800.0
39000858,109167.0,107123.0,144800.0
39000859,109567.0,107131.0,144800.0
39000860,109967.0,107139.0,144800.0
39000861,104867.0,107560.0,144900.0
39000862,104867.0,107973.0,144900.0
39000863,104867.0,108385.0,144900.0
39000864,111267.0,107548.0,144700.0
39000865,111267.0,107948.0,144700.0
39000866,111267.0,108348.0,144700.0
39000867,107467.0,107541.0,144900.0
39000868,107467.0,107960.0,144900.0
39000869,107467.0,108379.0,144900.0
39000870,101067.0,113798.0,144900.0
39000871,101067.0,114148.0,144900.0
39000872,101067.0,114498.0,144900.0
39000873,111267.0,109110.0,144700.0
39000874,111267.0,109473.0,144700.0
39000875,111267.0,109835.0,144700.0
39000876,98567.0,110448.0,144900.0
39000877,99067.0,110448.0,144900.0
39000878,99567.0,110448.0,144900.0
39000879,109192.0,98548.0,144700.0
39000880,27067.0,114848.0,143700.0
39000881,27067.0,114848.0,142800.0
39000882,27067.0,113448.0,143700.0
39000883,27067.0,113448.0,142800.0
39000884,28467.0,113448.0,143700.0
39000885,28467.0,113448.0,142800.0
39000886,20667.0,108798.0,143700.0
39000887,20667.0,108798.0,142800.0
39000888,16867.0,110198.0,143566.0
39000889,16867.0,110198.0,142733.0
39000890,28067.0,110448.0,143700.0
39000891,28067.0,110448.0,142800.0
39000892,23267.0,108798.0,143700.0
39000893,23267.0,108798.0,142800.0
39000894,16867.0,107148.0,143700.0
39000895,16867.0,107148.0,142800.0
39000896,20167.0,107098.0,143700.0
39000897,20167.0,107098.0,142800.0
39000898,20667.0,107123.0,143700.0
39000899,20667.0,107123.0,142800.0
39000900,23267.0,107148.0,143700.0
39000901,23267.0,107148.0,142800.0
39000902,20667.0,98548.0,143700.0
39000903,20667.0,98548.0,142800.0
39000904,18417.0,98548.0,143700.0
39000905,18417.0,98548.0,142800.0
39000906,17767.0,107148.0,143700.0
39000907,17767.0,107148.0,142800.0
39000908,30067.0,113448.0,143700.0
39000909,30067.0,113448.0,142800.0
39000910,30067.0,110448.0,143700.0
39000911,30067.0,110448.0,142800.0
39000912,52947.0,107148.0,143700.0
39000913,52947.0,107148.0,142800.0
39000914,54497.0,98548.0,143700.0
39000915,54497.0,98548.0,142800.0
39000916,53847.0,107148.0,143700.0
39000917,53847.0,107148.0,142800.0
39000918,55947.0,107048.0,143700.0
39000919,55947.0,107048.0,142800.0
39000920,56347.0,113448.0,143700.0
39000921,56347.0,113448.0,142800.0
39000922,52947.0,110198.0,143566.0
39000923,52947.0,110198.0,142733.0
39000924,56347.0,114848.0,143566.0
39000925,56347.0,114848.0,142733.0
39000926,56347.0,98548.0,143700.0
39000927,56347.0,98548.0,142800.0
39000928,109717.0,98548.0,143700.0
39000929,109717.0,98548.0,142800.0
39000930,107467.0,98548.0,143700.0
39000931,107467.0,98548.0,142800.0
39000932,107467.0,107123.0,143700.0
39000933,107467.0,107123.0,142800.0
39000934,107967.0,107098.0,143700.0
39000935,107967.0,107098.0,142800.0
39000936,104867.0,107148.0,143700.0
39000937,104867.0,107148.0,142800.0
39000938,110367.0,107148.0,143700.0
39000939,110367.0,107148.0,142800.0
39000940,111267.0,107148.0,143700.0
39000941,111267.0,107148.0,142800.0
39000942,104867.0,108798.0,143700.0
39000943,104867.0,108798.0,142800.0
39000944,107467.0,108798.0,143700.0
39000945,107467.0,108798.0,142800.0
39000946,98067.0,110448.0,143700.0
39000947,98067.0,110448.0,142800.0
39000948,98067.0,113448.0,143700.0
39000949,98067.0,113448.0,142800.0
39000950,100067.0,110448.0,143700.0
39000951,100067.0,110448.0,142800.0
39000952,99667.0,113448.0,143700.0
39000953,99667.0,113448.0,142800.0
39000954,101067.0,113448.0,143700.0
39000955,101067.0,113448.0,142800.0
39000956,111267.0,110198.0,143700.0
39000957,111267.0,110198.0,142800.0
39000958,101067.0,114848.0,143700.0
39000959,101067.0,114848.0,142800.0
39000960,24217.0,107148.0,145500.0
39000961,25167.0,107148.0,145500.0
39000962,26117.0,107148.0,145500.0
39000963,27067.0,108248.0,145500.0
39000964,27067.0,109348.0,145500.0
39000965,26117.0,114848.0,145500.0
39000966,24217.0,114848.0,145500.0
39000967,23267.0,112748.0,145500.0
39000968,23267.0,110870.0,145500.0
39000969,28467.0,114148.0,145500.0
39000970,17817.0,108760.0,145500.0
39000971,18767.0,108773.0,145500.0
39000972,19717.0,108785.0,145500.0
39000973,20667.0,110870.0,145500.0
39000974,20667.0,112748.0,145500.0
39000975,18892.0,113648.0,145500.0
39000976,24217.0,104348.0,145500.0
39000977,25167.0,104348.0,145500.0
39000978,26117.0,104348.0,145500.0
39000979,27067.0,105323.0,145500.0
39000980,23267.0,105323.0,145500.0
39000981,19467.0,99381.0,145500.0
39000982,19467.0,100214.0,145500.0
39000983,24217.0,101548.0,145500.0
39000984,25167.0,101548.0,145500.0
39000985,26117.0,101548.0,145500.0
39000986,27067.0,102481.0,145500.0
39000987,27067.0,103414.0,145500.0
39000988,23267.0,102481.0,145500.0
39000989,23267.0,103414.0,145500.0
39000990,24217.0,98548.0,145500.0
39000991,26117.0,98548.0,145500.0
39000992,27067.0,100570.0,145500.0
39000993,23267.0,100570.0,145500.0
39000994,56347.0,107898.0,145500.0
39000995,53797.0,108748.0,145500.0
39000996,54647.0,108748.0,145500.0
39000997,55497.0,108748.0,145500.0
39000998,108667.0,99381.0,145500.0
39000999,108667.0,100214.0,145500.0
39001000,99667.0,114148.0,145500.0
39001001,109242.0,113648.0,145500.0
39001002,108417.0,108785.0,145500.0
39001003,109367.0,108773.0,145500.0
39001004,110317.0,108760.0,145500.0
39001005,107467.0,112748.0,145500.0
39001006,107467.0,110870.0,145500.0
39001007,101883.0,98548.0,145500.0
39001008,103783.0,98548.0,145500.0
39001009,104867.0,100570.0,145500.0
39001010,102017.0,101548.0,145500.0
39001011,102967.0,101548.0,145500.0
39001012,103917.0,101548.0,145500.0
39001013,101067.0,100570.0,145500.0
39001014,102017.0,104348.0,145500.0
39001015,102967.0,104348.0,145500.0
39001016,103917.0,104348.0,145500.0
39001017,104867.0,105323.0,145500.0
39001018,102017.0,107148.0,145500.0
39001019,102967.0,107148.0,145500.0
39001020,103917.0,107148.0,145500.0
39001021,101067.0,105323.0,145500.0
39001022,104867.0,110870.0,145500.0
39001023,104867.0,112748.0,145500.0
39001024,103783.0,114848.0,145500.0
39001025,101883.0,114848.0,145500.0
39001026,101067.0,108248.0,145500.0
39001027,101067.0,109348.0,145500.0
39001028,104867.0,102481.0,145500.0
39001029,104867.0,103414.0,145500.0
39001030,101067.0,102481.0,145500.0
39001031,101067.0,103414.0,145500.0
39001034,64282.0,106635.0,145499.0
39001035,108667.0,98548.0,145100.0
39001036,109192.0,98548.0,145100.0
39001037,109717.0,98548.0,145100.0
39001038,98067.0,110448.0,145200.0
39001039,98567.0,110448.0,145200.0
39001040,99067.0,110448.0,145200.0
39001041,99567.0,110448.0,145200.0
39001042,100067.0,110448.0,145200.0
39001043,111267.0,108748.0,145100.0
39001044,111267.0,109110.0,145100.0
39001045,111267.0,109473.0,145100.0
39001046,111267.0,109835.0,145100.0
39001047,111267.0,110198.0,145100.0
39001048,101067.0,113448.0,145200.0
39001049,101067.0,113798.0,145200.0
39001050,101067.0,114148.0,145200.0
39001051,101067.0,114498.0,145200.0
39001052,101067.0,114848.0,145200.0
39001053,107467.0,107123.0,145200.0
39001054,107467.0,107541.0,145200.0
39001055,107467.0,107960.0,145200.0
39001056,107467.0,108379.0,145200.0
39001057,107467.0,108798.0,145200.0
39001058,111267.0,107148.0,145100.0
39001059,111267.0,107548.0,145100.0
39001060,111267.0,107948.0,145100.0
39001061,111267.0,108348.0,145100.0
39001062,104867.0,107148.0,145200.0
39001063,104867.0,107560.0,145200.0
39001064,104867.0,107973.0,145200.0
39001065,104867.0,108385.0,145200.0
39001066,104867.0,108798.0,145200.0
39001067,107967.0,107098.0,145150.0
39001068,108367.0,107106.0,145150.0
39001069,108767.0,107114.0,145150.0
39001070,109167.0,107123.0,145150.0
39001071,109567.0,107131.0,145150.0
39001072,109967.0,107139.0,145150.0
39001073,110367.0,107148.0,145150.0
39001074,98067.0,113448.0,145200.0
39001075,98467.0,113448.0,145200.0
39001076,98867.0,113448.0,145200.0
39001077,99267.0,113448.0,145200.0
39001078,99667.0,113448.0,145200.0
39001079,107467.0,98548.0,145100.0
39001080,108067.0,98548.0,145100.0
39001081,54497.0,98548.0,145100.0
39001082,54959.0,98548.0,145100.0
39001083,55422.0,98548.0,145100.0
39001084,55884.0,98548.0,145100.0
39001085,56347.0,98548.0,145100.0
39001086,53847.0,107148.0,145150.0
39001087,54372.0,107123.0,145150.0
39001088,54897.0,107098.0,145150.0
39001089,55422.0,107073.0,145150.0
39001090,55947.0,107048.0,145150.0
39001091,52947.0,108748.0,145100.0
39001092,52947.0,109110.0,145100.0
39001093,52947.0,109473.0,145100.0
39001094,52947.0,109835.0,145100.0
39001095,52947.0,110198.0,145100.0
39001096,56347.0,113448.0,145200.0
39001097,56347.0,113798.0,145200.0
39001098,56347.0,114148.0,145200.0
39001099,56347.0,114498.0,145200.0
39001100,56347.0,114848.0,145200.0
39001101,52947.0,107148.0,145100.0
39001102,52947.0,107548.0,145100.0
39001103,52947.0,107948.0,145100.0
39001104,52947.0,108348.0,145100.0
39001105,19467.0,98548.0,145100.0
39001106,20067.0,98548.0,145100.0
39001107,20667.0,98548.0,145100.0
39001108,28467.0,113448.0,145200.0
39001109,28867.0,113448.0,145200.0
39001110,29267.0,113448.0,145200.0
39001111,29667.0,113448.0,145200.0
39001112,30067.0,113448.0,145200.0
39001113,18417.0,98548.0,145100.0
39001114,18942.0,98548.0,145100.0
39001115,17767.0,107148.0,145150.0
39001116,18167.0,107139.0,145150.0
39001117,18567.0,107131.0,145150.0
39001118,18967.0,107123.0,145150.0
39001119,19367.0,107114.0,145150.0
39001120,19767.0,107106.0,145150.0
39001121,20167.0,107098.0,145150.0
39001122,23267.0,107148.0,145200.0
39001123,23267.0,107560.0,145200.0
39001124,23267.0,107973.0,145200.0
39001125,23267.0,108385.0,145200.0
39001126,23267.0,108798.0,145200.0
39001127,16867.0,107148.0,145100.0
39001128,16867.0,107548.0,145100.0
39001129,16867.0,107948.0,145100.0
39001130,16867.0,108348.0,145100.0
39001131,16867.0,108748.0,145100.0
39001132,28067.0,110448.0,145200.0
39001133,28567.0,110448.0,145200.0
39001134,29067.0,110448.0,145200.0
39001135,29567.0,110448.0,145200.0
39001136,30067.0,110448.0,145200.0
39001137,20667.0,107123.0,145200.0
39001138,20667.0,107541.0,145200.0
39001139,20667.0,107960.0,145200.0
39001140,20667.0,108379.0,145200.0
39001141,20667.0,108798.0,145200.0
39001142,27067.0,113448.0,145200.0
39001143,27067.0,113798.0,145200.0
39001144,27067.0,114148.0,145200.0
39001145,27067.0,114498.0,145200.0
39001146,27067.0,114848.0,145200.0
39001147,16867.0,109110.0,145100.0
39001148,16867.0,109473.0,145100.0
39001149,16867.0,109835.0,145100.0
39001150,16867.0,110198.0,145100.0
39001151,17367.0,114848.0,144400.0
39001152,17367.0,114848.0,142733.0
39001153,17367.0,114848.0,143566.0
39001154,21533.0,114848.0,144500.0
39001155,22400.0,114848.0,144500.0
39001156,21533.0,114848.0,142766.0
39001157,22400.0,114848.0,142766.0
39001158,21533.0,114848.0,143633.0
39001159,22400.0,114848.0,143633.0
39001160,27767.0,114848.0,144600.0
39001161,27767.0,114848.0,142800.0
39001162,27767.0,114848.0,143700.0
39001163,16867.0,111060.0,144700.0
39001164,16867.0,111923.0,144700.0
39001165,16867.0,112785.0,144700.0
39001166,16867.0,111060.0,142733.0
39001167,16867.0,111923.0,142733.0
39001168,16867.0,112785.0,142733.0
39001169,16867.0,111060.0,143566.0
39001170,16867.0,112785.0,143566.0
39001171,16867.0,111923.0,143566.0
39001172,30067.0,114148.0,144600.0
39001173,30067.0,114148.0,142800.0
39001174,30067.0,114148.0,143700.0
39001175,27067.0,111448.0,144600.0
39001176,27067.0,112448.0,144600.0
39001177,27067.0,111448.0,142800.0
39001178,27067.0,112448.0,142800.0
39001179,27067.0,111448.0,143700.0
39001180,27067.0,112448.0,143700.0
39001181,27767.0,113448.0,144900.0
39001182,27767.0,113448.0,142800.0
39001183,27767.0,113448.0,143700.0
39001184,27567.0,110448.0,144600.0
39001185,27567.0,110448.0,142800.0
39001186,27567.0,110448.0,143700.0
39001187,30067.0,111448.0,144900.0
39001188,30067.0,112448.0,144900.0
39001189,30067.0,111448.0,142800.0
39001190,30067.0,112448.0,142800.0
39001191,30067.0,111448.0,143700.0
39001192,30067.0,112448.0,143700.0
39001193,20667.0,109345.0,144600.0
39001194,20667.0,109345.0,142800.0
39001195,20667.0,109345.0,143700.0
39001196,21533.0,108798.0,144900.0
39001197,22400.0,108798.0,144900.0
39001198,21533.0,108798.0,142800.0
39001199,22400.0,108798.0,142800.0
39001200,21533.0,108798.0,143700.0
39001201,22400.0,108798.0,143700.0
39001202,23267.0,109345.0,144600.0
39001203,23267.0,109345.0,142800.0
39001204,23267.0,109345.0,143700.0
39001205,17317.0,107148.0,144700.0
39001206,17317.0,107148.0,142800.0
39001207,17317.0,107148.0,143700.0
39001208,21533.0,107131.0,144900.0
39001209,22400.0,107139.0,144900.0
39001210,21533.0,107131.0,142800.0
39001211,22400.0,107139.0,142800.0
39001212,21533.0,107131.0,143700.0
39001213,22400.0,107139.0,143700.0
39001214,23267.0,106723.0,144600.0
39001215,23267.0,106723.0,142800.0
39001216,23267.0,106723.0,143700.0
39001217,27067.0,106723.0,144600.0
39001218,27067.0,106723.0,142800.0
39001219,27067.0,106723.0,143700.0
39001220,28067.0,107148.0,144600.0
39001221,29067.0,107148.0,144600.0
39001222,28067.0,107148.0,142800.0
39001223,29067.0,107148.0,142800.0
39001224,28067.0,107148.0,143700.0
39001225,29067.0,107148.0,143700.0
39001226,16867.0,101931.0,144600.0
39001227,16867.0,102814.0,144600.0
39001228,16867.0,101931.0,142800.0
39001229,16867.0,102814.0,142800.0
39001230,16867.0,101931.0,143700.0
39001231,16867.0,102814.0,143700.0
39001232,16867.0,99381.0,144600.0
39001233,16867.0,100214.0,144600.0
39001234,16867.0,99381.0,142800.0
39001235,16867.0,100214.0,142800.0
39001236,16867.0,99381.0,143700.0
39001237,16867.0,100214.0,143700.0
39001238,17317.0,101048.0,144600.0
39001239,17317.0,101048.0,142800.0
39001240,17317.0,101048.0,143700.0
39001241,18617.0,101048.0,144600.0
39001242,18617.0,101048.0,142800.0
39001243,18617.0,101048.0,143700.0
39001244,20667.0,99381.0,144600.0
39001245,20667.0,100214.0,144600.0
39001246,20667.0,99381.0,142800.0
39001247,20667.0,100214.0,142800.0
39001248,20667.0,99381.0,143700.0
39001249,20667.0,100214.0,143700.0
39001250,17642.0,98548.0,144600.0
39001251,17642.0,98548.0,142800.0
39001252,17642.0,98548.0,143700.0
39001253,21533.0,98548.0,144600.0
39001254,22400.0,98548.0,144600.0
39001255,21533.0,98548.0,142800.0
39001256,22400.0,98548.0,142800.0
39001257,21533.0,98548.0,143700.0
39001258,22400.0,98548.0,143700.0
39001259,23267.0,99070.0,144600.0
39001260,23267.0,99070.0,142800.0
39001261,23267.0,99070.0,143700.0
39001262,27067.0,99070.0,144600.0
39001263,27067.0,99070.0,142800.0
39001264,27067.0,99070.0,143700.0
39001265,28067.0,98548.0,144600.0
39001266,29067.0,98548.0,144600.0
39001267,28067.0,98548.0,142800.0
39001268,29067.0,98548.0,142800.0
39001269,28067.0,98548.0,143700.0
39001270,29067.0,98548.0,143700.0
39001271,16867.0,114248.0,144400.0
39001272,16867.0,114248.0,142733.0
39001273,16867.0,114248.0,143566.0
39001274,20667.0,114248.0,144400.0
39001275,20667.0,114248.0,142733.0
39001276,20667.0,114248.0,143566.0
39001277,20292.0,114848.0,144400.0
39001278,20292.0,114848.0,142733.0
39001279,20292.0,114848.0,143566.0
39001280,18142.0,114848.0,144400.0
39001281,18145.0,114848.0,144950.0
39001282,18642.0,114848.0,144950.0
39001283,19142.0,114848.0,144950.0
39001284,19639.0,114848.0,144950.0
39001285,19642.0,114848.0,144400.0
39001286,18142.0,114848.0,142733.0
39001287,19642.0,114848.0,142733.0
39001288,18142.0,114848.0,143566.0
39001289,19642.0,114848.0,143566.0
39001290,18642.0,114848.0,144400.0
39001291,19142.0,114848.0,144400.0
39001292,29267.0,114848.0,144600.0
39001293,29267.0,114848.0,142800.0
39001294,29267.0,114848.0,143700.0
39001295,20067.0,101048.0,144600.0
39001296,20067.0,101048.0,142800.0
39001297,20067.0,101048.0,143700.0
39001298,16867.0,104698.0,144600.0
39001299,16867.0,105698.0,144600.0
39001300,16867.0,104698.0,142800.0
39001301,16867.0,105698.0,142800.0
39001302,16867.0,104698.0,143700.0
39001303,16867.0,105698.0,143700.0
39001304,20667.0,106710.0,144600.0
39001305,20667.0,106710.0,142800.0
39001306,20667.0,106710.0,143700.0
39001307,23267.0,114248.0,144600.0
39001308,23267.0,114248.0,142800.0
39001309,23267.0,114248.0,143700.0
39001310,30067.0,99381.0,144600.0
39001311,30067.0,100214.0,144600.0
39001312,30067.0,100881.0,144600.0
39001313,30067.0,99381.0,142800.0
39001314,30067.0,100214.0,142800.0
39001315,30067.0,100881.0,142800.0
39001316,30067.0,99381.0,143700.0
39001317,30067.0,100881.0,143700.0
39001318,30067.0,100214.0,143700.0
39001319,30067.0,105281.0,144600.0
39001320,30067.0,106214.0,144600.0
39001321,30067.0,105281.0,142800.0
39001322,30067.0,106214.0,142800.0
39001323,30067.0,105281.0,143700.0
39001324,30067.0,106214.0,143700.0
39001325,30067.0,102481.0,144600.0
39001326,30067.0,103414.0,144600.0
39001327,30067.0,102481.0,142800.0
39001328,30067.0,103414.0,142800.0
39001329,30067.0,102481.0,143700.0
39001330,30067.0,103414.0,143700.0
39001331,60347.0,101873.0,144400.0
39001332,60347.0,102698.0,144400.0
39001333,60347.0,103523.0,144400.0
39001334,60347.0,101873.0,142733.0
39001335,60347.0,102698.0,142733.0
39001336,60347.0,103523.0,142733.0
39001337,60347.0,101873.0,143566.0
39001338,60347.0,103523.0,143566.0
39001339,60347.0,102698.0,143566.0
39001340,63747.0,111328.0,144400.0
39001341,63747.0,112208.0,144400.0
39001342,63747.0,113088.0,144400.0
39001343,63747.0,113968.0,144400.0
39001344,63747.0,111328.0,142733.0
39001345,63747.0,112208.0,142733.0
39001346,63747.0,113088.0,142733.0
39001347,63747.0,113968.0,142733.0
39001348,63747.0,111328.0,143566.0
39001349,63747.0,113968.0,143566.0
39001350,63747.0,112208.0,143566.0
39001351,63747.0,113088.0,143566.0
39001352,61022.0,114848.0,144400.0
39001353,61697.0,114848.0,144400.0
39001354,61700.0,114848.0,144950.0
39001355,62197.0,114848.0,144950.0
39001356,62697.0,114848.0,144950.0
39001357,63194.0,114848.0,144950.0
39001358,63197.0,114848.0,144400.0
39001359,61022.0,114848.0,142733.0
39001360,61697.0,114848.0,142733.0
39001361,63197.0,114848.0,142733.0
39001362,61022.0,114848.0,143566.0
39001363,63197.0,114848.0,143566.0
39001364,62197.0,114848.0,144400.0
39001365,61697.0,114848.0,143566.0
39001366,62697.0,114848.0,144400.0
39001367,52947.0,104560.0,144600.0
39001368,52947.0,105423.0,144600.0
39001369,52947.0,106285.0,144600.0
39001370,52947.0,104560.0,142800.0
39001371,52947.0,105423.0,142800.0
39001372,52947.0,106285.0,142800.0
39001373,52947.0,104560.0,143700.0
39001374,52947.0,106285.0,143700.0
39001375,52947.0,105423.0,143700.0
39001376,53722.0,98548.0,144600.0
39001377,53722.0,98548.0,142800.0
39001378,53722.0,98548.0,143700.0
39001379,52947.0,99381.0,144600.0
39001380,52947.0,100214.0,144600.0
39001381,52947.0,99381.0,142800.0
39001382,52947.0,100214.0,142800.0
39001383,52947.0,99381.0,143700.0
39001384,52947.0,100214.0,143700.0
39001385,52947.0,101931.0,144600.0
39001386,52947.0,102814.0,144600.0
39001387,52947.0,101931.0,142800.0
39001388,52947.0,102814.0,142800.0
39001389,52947.0,101931.0,143700.0
39001390,52947.0,102814.0,143700.0
39001391,53397.0,101048.0,144600.0
39001392,53397.0,101048.0,142800.0
39001393,53397.0,101048.0,143700.0
39001394,53397.0,107148.0,144700.0
39001395,53397.0,107148.0,142800.0
39001396,53397.0,107148.0,143700.0
39001397,56347.0,111328.0,144600.0
39001398,56347.0,112208.0,144600.0
39001399,56347.0,113088.0,144600.0
39001400,56347.0,111328.0,142800.0
39001401,56347.0,112208.0,142800.0
39001402,56347.0,113088.0,142800.0
39001403,56347.0,111328.0,143700.0
39001404,56347.0,113088.0,143700.0
39001405,56347.0,112208.0,143700.0
39001406,52947.0,111128.0,144700.0
39001407,52947.0,112058.0,144700.0
39001408,52947.0,112988.0,144700.0
39001409,52947.0,113918.0,144700.0
39001410,52947.0,111128.0,142733.0
39001411,52947.0,112058.0,142733.0
39001412,52947.0,112988.0,142733.0
39001413,52947.0,113918.0,142733.0
39001414,52947.0,111128.0,143566.0
39001415,52947.0,113918.0,143566.0
39001416,52947.0,112058.0,143566.0
39001417,52947.0,112988.0,143566.0
39001418,53622.0,114848.0,144400.0
39001419,54297.0,114848.0,144400.0
39001420,54300.0,114848.0,144950.0
39001421,54797.0,114848.0,144950.0
39001422,55297.0,114848.0,144950.0
39001423,55794.0,114848.0,144950.0
39001424,55797.0,114848.0,144400.0
39001425,53622.0,114848.0,142733.0
39001426,54297.0,114848.0,142733.0
39001427,55797.0,114848.0,142733.0
39001428,53622.0,114848.0,143566.0
39001429,55797.0,114848.0,143566.0
39001430,54797.0,114848.0,144400.0
39001431,54297.0,114848.0,143566.0
39001432,55297.0,114848.0,144400.0
39001433,61197.0,110448.0,144400.0
39001434,62047.0,110448.0,144400.0
39001435,62897.0,110448.0,144400.0
39001436,61197.0,110448.0,142733.0
39001437,62047.0,110448.0,142733.0
39001438,62897.0,110448.0,142733.0
39001439,61197.0,110448.0,143566.0
39001440,62897.0,110448.0,143566.0
39001441,62047.0,110448.0,143566.0
39001442,56347.0,106673.0,144600.0
39001443,56347.0,106673.0,142800.0
39001444,56347.0,106673.0,143700.0
39001445,56347.0,99381.0,144600.0
39001446,56347.0,100214.0,144600.0
39001447,56347.0,99381.0,142800.0
39001448,56347.0,100214.0,142800.0
39001449,56347.0,99381.0,143700.0
39001450,56347.0,100214.0,143700.0
39001451,63747.0,102064.0,144400.0
39001452,63747.0,103081.0,144400.0
39001453,63747.0,104098.0,144400.0
39001454,63747.0,105114.0,144400.0
39001455,63747.0,106131.0,144400.0
39001456,63747.0,102064.0,142733.0
39001457,63747.0,103081.0,142733.0
39001458,63747.0,104098.0,142733.0
39001459,63747.0,105114.0,142733.0
39001460,63747.0,106131.0,142733.0
39001461,63747.0,102064.0,143566.0
39001462,63747.0,106131.0,143566.0
39001463,63747.0,103081.0,143566.0
39001464,63747.0,104098.0,143566.0
39001465,63747.0,105114.0,143566.0
39001466,63747.0,99381.0,144400.0
39001467,63747.0,100214.0,144400.0
39001468,63747.0,99381.0,142733.0
39001469,63747.0,100214.0,142733.0
39001470,63747.0,99381.0,143566.0
39001471,63747.0,100214.0,143566.0
39001472,54680.0,101048.0,144600.0
39001473,55513.0,101048.0,144600.0
39001474,54680.0,101048.0,142800.0
39001475,55513.0,101048.0,142800.0
39001476,54680.0,101048.0,143700.0
39001477,55513.0,101048.0,143700.0
39001478,60822.0,98548.0,144400.0
39001479,61297.0,98548.0,144400.0
39001480,61300.0,98548.0,144950.0
39001481,61797.0,98548.0,144950.0
39001482,62297.0,98548.0,144950.0
39001483,62794.0,98548.0,144950.0
39001484,62797.0,98548.0,144400.0
39001485,63272.0,98548.0,144400.0
39001486,60822.0,98548.0,142733.0
39001487,61297.0,98548.0,142733.0
39001488,63272.0,98548.0,142733.0
39001489,62797.0,98548.0,142733.0
39001490,60822.0,98548.0,143566.0
39001491,63272.0,98548.0,143566.0
39001492,61797.0,98548.0,144400.0
39001493,61297.0,98548.0,143566.0
39001494,62297.0,98548.0,144400.0
39001495,62797.0,98548.0,143566.0
39001496,61197.0,101048.0,144400.0
39001497,62047.0,101048.0,144400.0
39001498,62897.0,101048.0,144400.0
39001499,61197.0,101048.0,142733.0
39001500,62047.0,101048.0,142733.0
39001501,62897.0,101048.0,142733.0
39001502,61197.0,101048.0,143566.0
39001503,62897.0,101048.0,143566.0
39001504,62047.0,101048.0,143566.0
39001505,111267.0,104698.0,144600.0
39001506,111267.0,105698.0,144600.0
39001507,111267.0,104698.0,142800.0
39001508,111267.0,105698.0,142800.0
39001509,111267.0,104698.0,143700.0
39001510,111267.0,105698.0,143700.0
39001511,108067.0,101048.0,144600.0
39001512,108067.0,101048.0,142800.0
39001513,108067.0,101048.0,143700.0
39001514,98867.0,114848.0,144600.0
39001515,98867.0,114848.0,142800.0
39001516,98867.0,114848.0,143700.0
39001517,108492.0,114848.0,144400.0
39001518,108495.0,114848.0,144950.0
39001519,108992.0,114848.0,144950.0
39001520,109492.0,114848.0,144950.0
39001521,109989.0,114848.0,144950.0
39001522,109992.0,114848.0,144400.0
39001523,108492.0,114848.0,142733.0
39001524,109992.0,114848.0,142733.0
39001525,108492.0,114848.0,143566.0
39001526,109992.0,114848.0,143566.0
39001527,108992.0,114848.0,144400.0
39001528,109492.0,114848.0,144400.0
39001529,107842.0,114848.0,144500.0
39001530,107842.0,114848.0,142766.0
39001531,107842.0,114848.0,143633.0
39001532,107467.0,114248.0,144500.0
39001533,107467.0,114248.0,142766.0
39001534,107467.0,114248.0,143633.0
39001535,111267.0,114248.0,144600.0
39001536,111267.0,114248.0,142800.0
39001537,111267.0,114248.0,143700.0
39001538,110767.0,114848.0,144500.0
39001539,110767.0,114848.0,142766.0
39001540,110767.0,114848.0,143633.0
39001541,110492.0,98548.0,144600.0
39001542,110492.0,98548.0,142800.0
39001543,110492.0,98548.0,143700.0
39001544,99067.0,98548.0,144600.0
39001545,100067.0,98548.0,144600.0
39001546,99067.0,98548.0,142800.0
39001547,100067.0,98548.0,142800.0
39001548,99067.0,98548.0,143700.0
39001549,100067.0,98548.0,143700.0
39001550,105733.0,98548.0,144600.0
39001551,106600.0,98548.0,144600.0
39001552,105733.0,98548.0,142800.0
39001553,106600.0,98548.0,142800.0
39001554,105733.0,98548.0,143700.0
39001555,106600.0,98548.0,143700.0
39001556,101067.0,99070.0,144600.0
39001557,101067.0,99070.0,142800.0
39001558,101067.0,99070.0,143700.0
39001559,104867.0,99070.0,144600.0
39001560,104867.0,99070.0,142800.0
39001561,104867.0,99070.0,143700.0
39001562,107467.0,99381.0,144600.0
39001563,107467.0,100214.0,144600.0
39001564,107467.0,99381.0,142800.0
39001565,107467.0,100214.0,142800.0
39001566,107467.0,99381.0,143700.0
39001567,107467.0,100214.0,143700.0
39001568,109517.0,101048.0,144600.0
39001569,109517.0,101048.0,142800.0
39001570,109517.0,101048.0,143700.0
39001571,110817.0,101048.0,144600.0
39001572,110817.0,101048.0,142800.0
39001573,110817.0,101048.0,143700.0
39001574,111267.0,99381.0,144600.0
39001575,111267.0,100214.0,144600.0
39001576,111267.0,99381.0,142800.0
39001577,111267.0,100214.0,142800.0
39001578,111267.0,99381.0,143700.0
39001579,111267.0,100214.0,143700.0
39001580,111267.0,101931.0,144600.0
39001581,111267.0,102814.0,144600.0
39001582,111267.0,101931.0,142800.0
39001583,111267.0,102814.0,142800.0
39001584,111267.0,101931.0,143700.0
39001585,111267.0,102814.0,143700.0
39001586,99067.0,107148.0,144600.0
39001587,100067.0,107148.0,144600.0
39001588,99067.0,107148.0,142800.0
39001589,100067.0,107148.0,142800.0
39001590,99067.0,107148.0,143700.0
39001591,100067.0,107148.0,143700.0
39001592,101067.0,106723.0,144600.0
39001593,101067.0,106723.0,142800.0
39001594,101067.0,106723.0,143700.0
39001595,104867.0,106723.0,144600.0
39001596,104867.0,106723.0,142800.0
39001597,104867.0,106723.0,143700.0
39001598,105733.0,107139.0,144900.0
39001599,106600.0,107131.0,144900.0
39001600,105733.0,107139.0,142800.0
39001601,106600.0,107131.0,142800.0
39001602,105733.0,107139.0,143700.0
39001603,106600.0,107131.0,143700.0
39001604,110817.0,107148.0,144700.0
39001605,110817.0,107148.0,142800.0
39001606,110817.0,107148.0,143700.0
39001607,104867.0,109345.0,144600.0
39001608,104867.0,109345.0,142800.0
39001609,104867.0,109345.0,143700.0
39001610,105733.0,108798.0,144900.0
39001611,106600.0,108798.0,144900.0
39001612,105733.0,108798.0,142800.0
39001613,106600.0,108798.0,142800.0
39001614,105733.0,108798.0,143700.0
39001615,106600.0,108798.0,143700.0
39001616,107467.0,109345.0,144600.0
39001617,107467.0,109345.0,142800.0
39001618,107467.0,109345.0,143700.0
39001619,98067.0,111448.0,144900.0
39001620,98067.0,112448.0,144900.0
39001621,98067.0,111448.0,142800.0
39001622,98067.0,112448.0,142800.0
39001623,98067.0,111448.0,143700.0
39001624,98067.0,112448.0,143700.0
39001625,100567.0,110448.0,144600.0
39001626,100567.0,110448.0,142800.0
39001627,100567.0,110448.0,143700.0
39001628,100367.0,113448.0,144900.0
39001629,100367.0,113448.0,142800.0
39001630,100367.0,113448.0,143700.0
39001631,101067.0,111448.0,144600.0
39001632,101067.0,112448.0,144600.0
39001633,101067.0,111448.0,142800.0
39001634,101067.0,112448.0,142800.0
39001635,101067.0,111448.0,143700.0
39001636,101067.0,112448.0,143700.0
39001637,98067.0,114148.0,144600.0
39001638,98067.0,114148.0,142800.0
39001639,98067.0,114148.0,143700.0
39001640,111267.0,111060.0,144600.0
39001641,111267.0,111923.0,144600.0
39001642,111267.0,112785.0,144600.0
39001643,111267.0,111060.0,142800.0
39001644,111267.0,111923.0,142800.0
39001645,111267.0,112785.0,142800.0
39001646,111267.0,111060.0,143700.0
39001647,111267.0,112785.0,143700.0
39001648,111267.0,111923.0,143700.0
39001649,100367.0,114848.0,144600.0
39001650,100367.0,114848.0,142800.0
39001651,100367.0,114848.0,143700.0
39001652,105733.0,114848.0,144600.0
39001653,106600.0,114848.0,144600.0
39001654,105733.0,114848.0,142800.0
39001655,106600.0,114848.0,142800.0
39001656,105733.0,114848.0,143700.0
39001657,106600.0,114848.0,143700.0
39001658,107467.0,106710.0,144600.0
39001659,107467.0,106710.0,142800.0
39001660,107467.0,106710.0,143700.0
39001661,98067.0,102481.0,144600.0
39001662,98067.0,103414.0,144600.0
39001663,98067.0,102481.0,142800.0
39001664,98067.0,103414.0,142800.0
39001665,98067.0,102481.0,143700.0
39001666,98067.0,103414.0,143700.0
39001667,98067.0,105281.0,144600.0
39001668,98067.0,106214.0,144600.0
39001669,98067.0,105281.0,142800.0
39001670,98067.0,106214.0,142800.0
39001671,98067.0,105281.0,143700.0
39001672,98067.0,106214.0,143700.0
39001673,104867.0,114248.0,144600.0
39001674,104867.0,114248.0,142800.0
39001675,104867.0,114248.0,143700.0
39001676,98067.0,99381.0,144600.0
39001677,98067.0,100214.0,144600.0
39001678,98067.0,99381.0,142800.0
39001679,98067.0,100214.0,142800.0
39001680,98067.0,99381.0,143700.0
39001681,98067.0,100214.0,143700.0
39001682,24217.0,113842.0,145500.0
39001683,24217.0,112888.0,145500.0
39001684,24217.0,111942.0,145500.0
39001685,24217.0,110977.0,145500.0
39001686,24217.0,109999.0,145500.0
39001687,24217.0,109011.0,145500.0
39001688,24217.0,108071.0,145500.0
39001689,25167.0,113929.0,145500.0
39001690,25167.0,113007.0,145500.0
39001691,25167.0,112066.0,145500.0
39001692,25167.0,111102.0,145500.0
39001693,25167.0,110119.0,145500.0
39001694,25167.0,109126.0,145500.0
39001695,25167.0,108135.0,145500.0
39001696,26117.0,114015.0,145500.0
39001697,26117.0,113157.0,145500.0
39001698,26117.0,112223.0,145500.0
39001699,26117.0,111253.0,145500.0
39001700,26117.0,110256.0,145500.0
39001701,26117.0,109228.0,145500.0
39001702,26117.0,108189.0,145500.0
39001703,27767.0,114148.0,145500.0
39001704,29267.0,114148.0,145500.0
39001705,17833.0,112807.0,145500.0
39001706,17803.0,111978.0,145500.0
39001707,17814.0,109560.0,145500.0
39001708,17803.0,110360.0,145500.0
39001709,17797.0,111175.0,145500.0
39001710,18747.0,110499.0,145500.0
39001711,18711.0,111308.0,145500.0
39001712,18758.0,109644.0,145500.0
39001713,18725.0,111989.0,145500.0
39001714,18796.0,112799.0,145500.0
39001715,19605.0,111720.0,145500.0
39001716,19687.0,110724.0,145500.0
39001717,19711.0,109759.0,145500.0
39001718,19736.0,112715.0,145500.0
39001719,17727.0,107952.0,145500.0
39001720,18522.0,107951.0,145500.0
39001721,19173.0,107945.0,145500.0
39001722,19928.0,107945.0,145500.0
39001723,21533.0,107964.0,145500.0
39001724,22400.0,107968.0,145500.0
39001725,24217.0,106235.0,145500.0
39001726,24217.0,105296.0,145500.0
39001727,25167.0,106224.0,145500.0
39001728,25167.0,105289.0,145500.0
39001729,26117.0,106235.0,145500.0
39001730,26117.0,105296.0,145500.0
39001731,17733.0,100214.0,145500.0
39001732,17704.0,99381.0,145500.0
39001733,18596.0,100214.0,145500.0
39001734,18559.0,99381.0,145500.0
39001735,24217.0,103414.0,145500.0
39001736,24217.0,102481.0,145500.0
39001737,25167.0,103414.0,145500.0
39001738,25167.0,102481.0,145500.0
39001739,26117.0,103414.0,145500.0
39001740,26117.0,102481.0,145500.0
39001741,24217.0,100556.0,145500.0
39001742,24217.0,99559.0,145500.0
39001743,25167.0,100552.0,145500.0
39001744,25167.0,99553.0,145500.0
39001745,26117.0,100556.0,145500.0
39001746,26117.0,99559.0,145500.0
39001747,53835.0,107943.0,145500.0
39001748,54736.0,107923.0,145500.0
39001749,55602.0,107903.0,145500.0
39001750,109538.0,100214.0,145500.0
39001751,109574.0,99381.0,145500.0
39001752,110401.0,100214.0,145500.0
39001753,110429.0,99381.0,145500.0
39001754,98867.0,114148.0,145500.0
39001755,100367.0,114148.0,145500.0
39001756,108372.0,112745.0,145500.0
39001757,108436.0,111814.0,145500.0
39001758,108445.0,109786.0,145500.0
39001759,108536.0,110807.0,145500.0
39001760,109424.0,111113.0,145500.0
39001761,109371.0,111930.0,145500.0
39001762,109425.0,110435.0,145500.0
39001763,109388.0,109627.0,145500.0
39001764,109326.0,112783.0,145500.0
39001765,110341.0,110329.0,145500.0
39001766,110337.0,111124.0,145500.0
39001767,110328.0,109547.0,145500.0
39001768,110293.0,112795.0,145500.0
39001769,110320.0,111948.0,145500.0
39001770,101998.0,100556.0,145500.0
39001771,101962.0,99558.0,145500.0
39001772,102940.0,100552.0,145500.0
39001773,102881.0,99553.0,145500.0
39001774,103898.0,100556.0,145500.0
39001775,103862.0,99559.0,145500.0
39001776,108205.0,107945.0,145500.0
39001777,108960.0,107945.0,145500.0
39001778,109611.0,107951.0,145500.0
39001779,110406.0,107952.0,145500.0
39001780,102017.0,106235.0,145500.0
39001781,102017.0,105296.0,145500.0
39001782,102967.0,106224.0,145500.0
39001783,102967.0,105289.0,145500.0
39001784,103917.0,106235.0,145500.0
39001785,103917.0,105296.0,145500.0
39001786,101960.0,114011.0,145500.0
39001787,101992.0,113153.0,145500.0
39001788,102002.0,112222.0,145500.0
39001789,102007.0,111252.0,145500.0
39001790,102010.0,110256.0,145500.0
39001791,102012.0,109228.0,145500.0
39001792,102014.0,108190.0,145500.0
39001793,102877.0,113924.0,145500.0
39001794,102929.0,113003.0,145500.0
39001795,102946.0,112064.0,145500.0
39001796,102953.0,111102.0,145500.0
39001797,102957.0,110120.0,145500.0
39001798,102960.0,109127.0,145500.0
39001799,102963.0,108135.0,145500.0
39001800,103858.0,113839.0,145500.0
39001801,103890.0,112886.0,145500.0
39001802,103902.0,111941.0,145500.0
39001803,103907.0,110977.0,145500.0
39001804,103910.0,110000.0,145500.0
39001805,103912.0,109011.0,145500.0
39001806,103914.0,108072.0,145500.0
39001807,102017.0,103414.0,145500.0
39001808,102017.0,102481.0,145500.0
39001809,102967.0,103414.0,145500.0
39001810,102967.0,102481.0,145500.0
39001811,103917.0,103414.0,145500.0
39001812,103917.0,102481.0,145500.0
39001813,105733.0,107968.0,145500.0
39001814,106600.0,107964.0,145500.0
40000001,23267.0,114848.0,149100.0
40000002,27067.0,114848.0,149100.0
40000003,20667.0,114848.0,149100.0
40000004,30067.0,114848.0,149100.0
40000005,27067.0,113448.0,149100.0
40000006,27067.0,110448.0,149100.0
40000007,30067.0,113448.0,149100.0
40000008,20667.0,111848.0,149100.0
40000009,20667.0,108798.0,149100.0
40000010,23267.0,111848.0,149100.0
40000011,16867.0,108748.0,149100.0
40000012,23267.0,108798.0,149100.0
40000013,16867.0,107148.0,149100.0
40000014,30067.0,107148.0,149100.0
40000015,23267.0,107148.0,149100.0
40000016,20667.0,107123.0,149100.0
40000017,27067.0,107148.0,149100.0
40000018,16867.0,101048.0,149100.0
40000019,17767.0,107148.0,149100.0
40000020,17767.0,101048.0,149100.0
40000021,20667.0,104348.0,149100.0
40000022,23267.0,104348.0,149100.0
40000023,27067.0,104348.0,149100.0
40000024,20667.0,101548.0,149100.0
40000025,20667.0,101048.0,149100.0
40000026,23267.0,101548.0,149100.0
40000027,27067.0,101548.0,149100.0
40000028,20667.0,98548.0,149100.0
40000029,23267.0,98548.0,149100.0
40000030,27067.0,98548.0,149100.0
40000031,16867.0,110198.0,149100.0
40000032,30067.0,110448.0,149100.0
40000033,23267.0,109893.0,149100.0
40000034,28067.0,110448.0,149100.0
40000035,23267.0,106298.0,149100.0
40000036,27067.0,106298.0,149100.0
40000037,20167.0,107098.0,149100.0
40000038,23267.0,99593.0,149100.0
40000039,27067.0,99593.0,149100.0
40000040,18417.0,98548.0,149100.0
40000041,20667.0,113648.0,149100.0
40000042,16867.0,113648.0,149100.0
40000043,19917.0,113648.0,149100.0
40000044,19917.0,114848.0,149100.0
40000045,17867.0,113648.0,149100.0
40000046,17867.0,114848.0,149100.0
40000047,28467.0,113448.0,149100.0
40000048,28467.0,114848.0,149100.0
40000049,19467.0,98548.0,149100.0
40000050,19467.0,101048.0,149100.0
40000051,17767.0,103698.0,149100.0
40000052,16867.0,103698.0,149100.0
40000053,20667.0,106298.0,149100.0
40000054,23267.0,113648.0,149100.0
40000055,20667.0,109893.0,149100.0
40000056,4867.0,114848.0,149100.0
40000057,4867.0,106698.0,149100.0
40000058,4867.0,98548.0,149100.0
40000059,4867.0,87098.0,149100.0
40000060,4867.0,126298.0,149100.0
40000061,9467.0,126348.0,149100.0
40000062,13067.0,126348.0,149100.0
40000063,124067.0,114848.0,149100.0
40000064,124067.0,106698.0,149100.0
40000065,124067.0,98548.0,149100.0
40000066,124067.0,87098.0,149100.0
40000067,124067.0,126298.0,149100.0
40000068,30067.0,98548.0,149100.0
40000069,30067.0,104348.0,149100.0
40000070,30067.0,101548.0,149100.0
40000071,13067.0,87048.0,149100.0
40000072,9467.0,87048.0,149100.0
40000073,63747.0,110448.0,149100.0
40000074,60347.0,101048.0,149100.0
40000075,60347.0,107048.0,149100.0
40000076,63747.0,107148.0,149100.0
40000077,52947.0,114848.0,149100.0
40000078,56347.0,108748.0,149100.0
40000079,52947.0,103698.0,149100.0
40000080,53847.0,103698.0,149100.0
40000081,54497.0,98548.0,149100.0
40000082,56347.0,110448.0,149100.0
40000083,52947.0,110198.0,149100.0
40000084,56347.0,113448.0,149100.0
40000085,52947.0,101048.0,149100.0
40000086,53847.0,101048.0,149100.0
40000087,53847.0,107148.0,149100.0
40000088,52947.0,107148.0,149100.0
40000089,56347.0,107048.0,149100.0
40000090,52947.0,108748.0,149100.0
40000091,56347.0,101548.0,149100.0
40000092,55947.0,107048.0,149100.0
40000093,56347.0,106298.0,149100.0
40000094,60347.0,110448.0,149100.0
40000095,56347.0,104348.0,149100.0
40000096,56347.0,101048.0,149100.0
40000097,63747.0,101048.0,149100.0
40000098,52947.0,98548.0,149100.0
40000099,60347.0,104348.0,149100.0
40000100,119800.0,87048.0,149100.0
40000101,115533.0,87048.0,149100.0
40000102,111267.0,103698.0,149100.0
40000103,110367.0,103698.0,149100.0
40000104,108667.0,101048.0,149100.0
40000105,108667.0,98548.0,149100.0
40000106,99667.0,114848.0,149100.0
40000107,99667.0,113448.0,149100.0
40000108,110267.0,114848.0,149100.0
40000109,110267.0,113648.0,149100.0
40000110,108217.0,114848.0,149100.0
40000111,108217.0,113648.0,149100.0
40000112,111267.0,113648.0,149100.0
40000113,107467.0,113648.0,149100.0
40000114,109717.0,98548.0,149100.0
40000115,101067.0,99593.0,149100.0
40000116,104867.0,99593.0,149100.0
40000117,107967.0,107098.0,149100.0
40000118,101067.0,106298.0,149100.0
40000119,104867.0,106298.0,149100.0
40000120,100067.0,110448.0,149100.0
40000121,104867.0,109893.0,149100.0
40000122,98067.0,110448.0,149100.0
40000123,111267.0,110198.0,149100.0
40000124,101067.0,98548.0,149100.0
40000125,104867.0,98548.0,149100.0
40000126,107467.0,98548.0,149100.0
40000127,101067.0,101548.0,149100.0
40000128,104867.0,101548.0,149100.0
40000129,107467.0,101048.0,149100.0
40000130,107467.0,101548.0,149100.0
40000131,101067.0,104348.0,149100.0
40000132,104867.0,104348.0,149100.0
40000133,107467.0,104348.0,149100.0
40000134,110367.0,101048.0,149100.0
40000135,110367.0,107148.0,149100.0
40000136,111267.0,101048.0,149100.0
40000137,101067.0,107148.0,149100.0
40000138,107467.0,107123.0,149100.0
40000139,104867.0,107148.0,149100.0
40000140,98067.0,107148.0,149100.0
40000141,111267.0,107148.0,149100.0
40000142,104867.0,108798.0,149100.0
40000143,111267.0,108748.0,149100.0
40000144,104867.0,111848.0,149100.0
40000145,107467.0,108798.0,149100.0
40000146,107467.0,111848.0,149100.0
40000147,98067.0,113448.0,149100.0
40000148,101067.0,110448.0,149100.0
40000149,101067.0,113448.0,149100.0
40000150,98067.0,114848.0,149100.0
40000151,107467.0,114848.0,149100.0
40000152,101067.0,114848.0,149100.0
40000153,104867.0,114848.0,149100.0
40000154,107467.0,106298.0,149100.0
40000155,98067.0,101548.0,149100.0
40000156,98067.0,104348.0,149100.0
40000157,107467.0,109893.0,149100.0
40000158,104867.0,113648.0,149100.0
40000159,98067.0,101048.0,149100.0
40000160,98067.0,98548.0,149100.0
40000161,56347.0,98548.0,149100.0
40000162,63747.0,98548.0,149100.0
40000163,56347.0,114848.0,149100.0
40000164,60347.0,114848.0,149100.0
40000165,60347.0,98548.0,149100.0
40000166,63747.0,114848.0,149100.0
40000167,16867.0,114848.0,149100.0
40000168,30067.0,126298.0,149100.0
40000169,16867.0,106698.0,149100.0
40000170,16867.0,98548.0,149100.0
40000171,16867.0,87098.0,149100.0
40000172,16867.0,126298.0,149100.0
40000173,30067.0,87098.0,149100.0
40000174,111267.0,98548.0,149100.0
40000175,111267.0,87098.0,149100.0
40000176,111267.0,126298.0,149100.0
40000177,98067.0,87098.0,149100.0
40000178,98067.0,126298.0,149100.0
40000179,111267.0,106698.0,149100.0
40000180,111267.0,114848.0,149100.0
40000181,41507.0,87098.0,149100.0
40000182,41507.0,126298.0,149100.0
40000183,52947.0,87098.0,149100.0
40000184,52947.0,126298.0,149100.0
40000185,75187.0,87098.0,149100.0
40000186,75187.0,126298.0,149100.0
40000187,86627.0,126298.0,149100.0
40000188,86627.0,87098.0,149100.0
40000189,63747.0,87098.0,149100.0
40000190,63747.0,126298.0,149100.0
40000191,102700.0,126348.0,149100.0
40000192,102700.0,114848.0,149100.0
40000193,102700.0,87048.0,149100.0
40000194,102700.0,98548.0,149100.0
40000195,119800.0,126348.0,149100.0
40000196,115533.0,126348.0,149100.0
40000197,107467.0,87048.0,149100.0
40000198,107467.0,126348.0,149100.0
40000199,92347.0,126348.0,149100.0
40000200,92347.0,87048.0,149100.0
40000201,80907.0,126348.0,149100.0
40000202,80907.0,87048.0,149100.0
40000203,69442.0,126348.0,149100.0
40000204,69442.0,87048.0,149100.0
40000205,47227.0,126348.0,149100.0
40000206,47227.0,87048.0,149100.0
40000207,58347.0,98548.0,149100.0
40000208,58347.0,87048.0,149100.0
40000209,58347.0,114848.0,149100.0
40000210,58347.0,126348.0,149100.0
40000211,35787.0,126348.0,149100.0
40000212,35787.0,87048.0,149100.0
40000213,25167.0,114848.0,149100.0
40000214,25167.0,126348.0,149100.0
40000215,25167.0,98548.0,149100.0
40000216,25167.0,87048.0,149100.0
40000217,20667.0,87048.0,149100.0
40000218,20667.0,126348.0,149100.0
40000219,86627.0,98548.0,149100.0
40000220,86627.0,114848.0,149100.0
40000221,86627.0,107148.0,149100.0
40000222,75187.0,98548.0,149100.0
40000223,75187.0,114848.0,149100.0
40000224,75187.0,107148.0,149100.0
40000225,13067.0,98548.0,149100.0
40000226,13067.0,114848.0,149100.0
40000227,13067.0,106698.0,149100.0
40000228,9467.0,98548.0,149100.0
40000229,9467.0,114848.0,149100.0
40000230,9467.0,106698.0,149100.0
40000231,119800.0,98548.0,149100.0
40000232,119800.0,114848.0,149100.0
40000233,119800.0,106698.0,149100.0
40000234,115533.0,98548.0,149100.0
40000235,115533.0,114848.0,149100.0
40000236,115533.0,106698.0,149100.0
40000237,92347.0,98548.0,149100.0
40000238,80907.0,98548.0,149100.0
40000239,69442.0,98548.0,149100.0
40000240,47227.0,98548.0,149100.0
40000241,35787.0,98548.0,149100.0
40000242,41507.0,98548.0,149100.0
40000243,92347.0,114848.0,149100.0
40000244,80907.0,114848.0,149100.0
40000245,69442.0,114848.0,149100.0
40000246,47227.0,114848.0,149100.0
40000247,35787.0,114848.0,149100.0
40000248,41507.0,114848.0,149100.0
40000249,47227.0,107148.0,149100.0
40000250,35787.0,107148.0,149100.0
40000251,41507.0,107148.0,149100.0
40000252,92347.0,107148.0,149100.0
40000253,80907.0,107148.0,149100.0
40000254,69442.0,107148.0,149100.0
40000255,16867.0,108748.0,148300.0
40000256,16867.0,110198.0,148300.0
40000257,27067.0,113448.0,148500.0
40000258,27067.0,114848.0,148500.0
40000259,20667.0,107123.0,148500.0
40000260,20667.0,108798.0,148500.0
40000261,28067.0,110448.0,148500.0
40000262,30067.0,110448.0,148500.0
40000263,16867.0,107148.0,148300.0
40000264,23267.0,107148.0,148500.0
40000265,23267.0,108798.0,148500.0
40000266,17767.0,107148.0,148400.0
40000267,20167.0,107098.0,148400.0
40000268,18417.0,98548.0,148300.0
40000269,19467.0,98548.0,148300.0
40000270,28467.0,113448.0,148500.0
40000271,30067.0,113448.0,148500.0
40000272,20667.0,98548.0,148300.0
40000273,52947.0,107148.0,148300.0
40000274,52947.0,108748.0,148300.0
40000275,56347.0,113448.0,148500.0
40000276,56347.0,114848.0,148500.0
40000277,52947.0,110198.0,148300.0
40000278,53847.0,107148.0,148400.0
40000279,55947.0,107048.0,148400.0
40000280,54497.0,98548.0,148300.0
40000281,56347.0,98548.0,148300.0
40000282,107467.0,98548.0,148300.0
40000283,108667.0,98548.0,148300.0
40000284,98067.0,113448.0,148500.0
40000285,99667.0,113448.0,148500.0
40000286,107967.0,107098.0,148400.0
40000287,110367.0,107148.0,148400.0
40000288,104867.0,107148.0,148500.0
40000289,104867.0,108798.0,148500.0
40000290,111267.0,107148.0,148300.0
40000291,111267.0,108748.0,148300.0
40000292,107467.0,107123.0,148500.0
40000293,107467.0,108798.0,148500.0
40000294,101067.0,113448.0,148500.0
40000295,101067.0,114848.0,148500.0
40000296,111267.0,110198.0,148300.0
40000297,98067.0,110448.0,148500.0
40000298,100067.0,110448.0,148500.0
40000299,109717.0,98548.0,148300.0
40000300,17367.0,114848.0,149100.0
40000301,21533.0,114848.0,149100.0
40000302,22400.0,114848.0,149100.0
40000303,27767.0,114848.0,149100.0
40000304,16867.0,111060.0,149100.0
40000305,16867.0,111923.0,149100.0
40000306,16867.0,112785.0,149100.0
40000307,16867.0,109110.0,149100.0
40000308,16867.0,109473.0,149100.0
40000309,16867.0,109835.0,149100.0
40000310,27067.0,113798.0,149100.0
40000311,27067.0,114148.0,149100.0
40000312,27067.0,114498.0,149100.0
40000313,30067.0,114148.0,149100.0
40000314,27067.0,111448.0,149100.0
40000315,27067.0,112448.0,149100.0
40000316,27767.0,113448.0,149100.0
40000317,27567.0,110448.0,149100.0
40000318,30067.0,111448.0,149100.0
40000319,30067.0,112448.0,149100.0
40000320,20667.0,109345.0,149100.0
40000321,20667.0,107541.0,149100.0
40000322,20667.0,107960.0,149100.0
40000323,20667.0,108379.0,149100.0
40000324,21533.0,108798.0,149100.0
40000325,22400.0,108798.0,149100.0
40000326,23267.0,109345.0,149100.0
40000327,28567.0,110448.0,149100.0
40000328,29067.0,110448.0,149100.0
40000329,29567.0,110448.0,149100.0
40000330,16867.0,107548.0,149100.0
40000331,16867.0,107948.0,149100.0
40000332,16867.0,108348.0,149100.0
40000333,23267.0,107560.0,149100.0
40000334,23267.0,107973.0,149100.0
40000335,23267.0,108385.0,149100.0
40000336,17317.0,107148.0,149100.0
40000337,21533.0,107131.0,149100.0
40000338,22400.0,107139.0,149100.0
40000339,23267.0,106723.0,149100.0
40000340,27067.0,106723.0,149100.0
40000341,28067.0,107148.0,149100.0
40000342,29067.0,107148.0,149100.0
40000343,16867.0,101931.0,149100.0
40000344,16867.0,102814.0,149100.0
40000345,16867.0,99381.0,149100.0
40000346,16867.0,100214.0,149100.0
40000347,17317.0,101048.0,149100.0
40000348,18167.0,107139.0,149100.0
40000349,18567.0,107131.0,149100.0
40000350,18967.0,107123.0,149100.0
40000351,19367.0,107114.0,149100.0
40000352,19767.0,107106.0,149100.0
40000353,18617.0,101048.0,149100.0
40000354,20667.0,99381.0,149100.0
40000355,20667.0,100214.0,149100.0
40000356,17642.0,98548.0,149100.0
40000357,18942.0,98548.0,149100.0
40000358,21533.0,98548.0,149100.0
40000359,22400.0,98548.0,149100.0
40000360,23267.0,99070.0,149100.0
40000361,27067.0,99070.0,149100.0
40000362,28067.0,98548.0,149100.0
40000363,29067.0,98548.0,149100.0
40000364,16867.0,114248.0,149100.0
40000365,20667.0,114248.0,149100.0
40000366,20292.0,114848.0,149100.0
40000367,18142.0,114848.0,149100.0
40000368,18642.0,114848.0,149100.0
40000369,19142.0,114848.0,149100.0
40000370,19642.0,114848.0,149100.0
40000371,29267.0,114848.0,149100.0
40000372,28867.0,113448.0,149100.0
40000373,29267.0,113448.0,149100.0
40000374,29667.0,113448.0,149100.0
40000375,20067.0,101048.0,149100.0
40000376,20067.0,98548.0,149100.0
40000377,16867.0,104698.0,149100.0
40000378,16867.0,105698.0,149100.0
40000379,20667.0,106710.0,149100.0
40000380,23267.0,114248.0,149100.0
40000381,30067.0,99381.0,149100.0
40000382,30067.0,100214.0,149100.0
40000383,30067.0,100881.0,149100.0
40000384,30067.0,105281.0,149100.0
40000385,30067.0,106214.0,149100.0
40000386,30067.0,102481.0,149100.0
40000387,30067.0,103414.0,149100.0
40000388,60347.0,101873.0,149100.0
40000389,60347.0,102698.0,149100.0
40000390,60347.0,103523.0,149100.0
40000391,63747.0,111328.0,149100.0
40000392,63747.0,112208.0,149100.0
40000393,63747.0,113088.0,149100.0
40000394,63747.0,113968.0,149100.0
40000395,61022.0,114848.0,149100.0
40000396,61697.0,114848.0,149100.0
40000397,62197.0,114848.0,149100.0
40000398,62697.0,114848.0,149100.0
40000399,63197.0,114848.0,149100.0
40000400,52947.0,104560.0,149100.0
40000401,52947.0,105423.0,149100.0
40000402,52947.0,106285.0,149100.0
40000403,53722.0,98548.0,149100.0
40000404,52947.0,99381.0,149100.0
40000405,52947.0,100214.0,149100.0
40000406,52947.0,101931.0,149100.0
40000407,52947.0,102814.0,149100.0
40000408,53397.0,101048.0,149100.0
40000409,53397.0,107148.0,149100.0
40000410,52947.0,107548.0,149100.0
40000411,52947.0,107948.0,149100.0
40000412,52947.0,108348.0,149100.0
40000413,56347.0,111328.0,149100.0
40000414,56347.0,112208.0,149100.0
40000415,56347.0,113088.0,149100.0
40000416,56347.0,113798.0,149100.0
40000417,56347.0,114148.0,149100.0
40000418,56347.0,114498.0,149100.0
40000419,52947.0,109110.0,149100.0
40000420,52947.0,109473.0,149100.0
40000421,52947.0,109835.0,149100.0
40000422,52947.0,111128.0,149100.0
40000423,52947.0,112058.0,149100.0
40000424,52947.0,112988.0,149100.0
40000425,52947.0,113918.0,149100.0
40000426,53622.0,114848.0,149100.0
40000427,54297.0,114848.0,149100.0
40000428,54797.0,114848.0,149100.0
40000429,55297.0,114848.0,149100.0
40000430,55797.0,114848.0,149100.0
40000431,54372.0,107123.0,149100.0
40000432,54897.0,107098.0,149100.0
40000433,55422.0,107073.0,149100.0
40000434,61197.0,110448.0,149100.0
40000435,62047.0,110448.0,149100.0
40000436,62897.0,110448.0,149100.0
40000437,56347.0,106673.0,149100.0
40000438,56347.0,99381.0,149100.0
40000439,56347.0,100214.0,149100.0
40000440,54959.0,98548.0,149100.0
40000441,55422.0,98548.0,149100.0
40000442,55884.0,98548.0,149100.0
40000443,63747.0,102064.0,149100.0
40000444,63747.0,103081.0,149100.0
40000445,63747.0,104098.0,149100.0
40000446,63747.0,105114.0,149100.0
40000447,63747.0,106131.0,149100.0
40000448,63747.0,99381.0,149100.0
40000449,63747.0,100214.0,149100.0
40000450,54680.0,101048.0,149100.0
40000451,55513.0,101048.0,149100.0
40000452,60822.0,98548.0,149100.0
40000453,61297.0,98548.0,149100.0
40000454,61797.0,98548.0,149100.0
40000455,62297.0,98548.0,149100.0
40000456,62797.0,98548.0,149100.0
40000457,63272.0,98548.0,149100.0
40000458,61197.0,101048.0,149100.0
40000459,62047.0,101048.0,149100.0
40000460,62897.0,101048.0,149100.0
40000461,111267.0,104698.0,149100.0
40000462,111267.0,105698.0,149100.0
40000463,108067.0,98548.0,149100.0
40000464,108067.0,101048.0,149100.0
40000465,98467.0,113448.0,149100.0
40000466,98867.0,113448.0,149100.0
40000467,99267.0,113448.0,149100.0
40000468,98867.0,114848.0,149100.0
40000469,108492.0,114848.0,149100.0
40000470,108992.0,114848.0,149100.0
40000471,109492.0,114848.0,149100.0
40000472,109992.0,114848.0,149100.0
40000473,107842.0,114848.0,149100.0
40000474,107467.0,114248.0,149100.0
40000475,111267.0,114248.0,149100.0
40000476,110767.0,114848.0,149100.0
40000477,110492.0,98548.0,149100.0
40000478,99067.0,98548.0,149100.0
40000479,100067.0,98548.0,149100.0
40000480,105733.0,98548.0,149100.0
40000481,106600.0,98548.0,149100.0
40000482,101067.0,99070.0,149100.0
40000483,104867.0,99070.0,149100.0
40000484,107467.0,99381.0,149100.0
40000485,107467.0,100214.0,149100.0
40000486,109517.0,101048.0,149100.0
40000487,108367.0,107106.0,149100.0
40000488,108767.0,107114.0,149100.0
40000489,109167.0,107123.0,149100.0
40000490,109567.0,107131.0,149100.0
40000491,109967.0,107139.0,149100.0
40000492,110817.0,101048.0,149100.0
40000493,111267.0,99381.0,149100.0
40000494,111267.0,100214.0,149100.0
40000495,111267.0,101931.0,149100.0
40000496,111267.0,102814.0,149100.0
40000497,99067.0,107148.0,149100.0
40000498,100067.0,107148.0,149100.0
40000499,101067.0,106723.0,149100.0
40000500,104867.0,106723.0,149100.0
40000501,105733.0,107139.0,149100.0
40000502,106600.0,107131.0,149100.0
40000503,110817.0,107148.0,149100.0
40000504,104867.0,107560.0,149100.0
40000505,104867.0,107973.0,149100.0
40000506,104867.0,108385.0,149100.0
40000507,111267.0,107548.0,149100.0
40000508,111267.0,107948.0,149100.0
40000509,111267.0,108348.0,149100.0
40000510,104867.0,109345.0,149100.0
40000511,105733.0,108798.0,149100.0
40000512,106600.0,108798.0,149100.0
40000513,107467.0,107541.0,149100.0
40000514,107467.0,107960.0,149100.0
40000515,107467.0,108379.0,149100.0
40000516,107467.0,109345.0,149100.0
40000517,98067.0,111448.0,149100.0
40000518,98067.0,112448.0,149100.0
40000519,100567.0,110448.0,149100.0
40000520,100367.0,113448.0,149100.0
40000521,101067.0,111448.0,149100.0
40000522,101067.0,112448.0,149100.0
40000523,98067.0,114148.0,149100.0
40000524,101067.0,113798.0,149100.0
40000525,101067.0,114148.0,149100.0
40000526,101067.0,114498.0,149100.0
40000527,111267.0,109110.0,149100.0
40000528,111267.0,109473.0,149100.0
40000529,111267.0,109835.0,149100.0
40000530,111267.0,111060.0,149100.0
40000531,111267.0,111923.0,149100.0
40000532,111267.0,112785.0,149100.0
40000533,100367.0,114848.0,149100.0
40000534,105733.0,114848.0,149100.0
40000535,106600.0,114848.0,149100.0
40000536,107467.0,106710.0,149100.0
40000537,98067.0,102481.0,149100.0
40000538,98067.0,103414.0,149100.0
40000539,98067.0,105281.0,149100.0
40000540,98067.0,106214.0,149100.0
40000541,104867.0,114248.0,149100.0
40000542,98067.0,99381.0,149100.0
40000543,98067.0,100214.0,149100.0
40000544,98567.0,110448.0,149100.0
40000545,99067.0,110448.0,149100.0
40000546,99567.0,110448.0,149100.0
40000547,109192.0,98548.0,149100.0
40000548,16867.0,114848.0,148000.0
40000549,16867.0,114848.0,147166.0
40000550,16867.0,114848.0,146333.0
40000551,17867.0,114848.0,148000.0
40000552,17867.0,114848.0,147166.0
40000553,17867.0,114848.0,146333.0
40000554,20667.0,114848.0,148000.0
40000555,20667.0,114848.0,147166.0
40000556,20667.0,114848.0,146333.0
40000557,23267.0,114848.0,148100.0
40000558,23267.0,114848.0,147233.0
40000559,23267.0,114848.0,146366.0
40000560,28467.0,114848.0,148200.0
40000561,28467.0,114848.0,147300.0
40000562,28467.0,114848.0,146400.0
40000563,27067.0,110448.0,148200.0
40000564,27067.0,110448.0,147300.0
40000565,27067.0,110448.0,146400.0
40000566,20667.0,109893.0,148200.0
40000567,20667.0,109893.0,147300.0
40000568,20667.0,109893.0,146400.0
40000569,16867.0,113648.0,148000.0
40000570,16867.0,113648.0,147166.0
40000571,16867.0,113648.0,146333.0
40000572,23267.0,109893.0,148200.0
40000573,23267.0,109893.0,147300.0
40000574,23267.0,109893.0,146400.0
40000575,16867.0,106698.0,148200.0
40000576,16867.0,106698.0,147300.0
40000577,16867.0,106698.0,146400.0
40000578,23267.0,106298.0,148200.0
40000579,23267.0,106298.0,147300.0
40000580,23267.0,106298.0,146400.0
40000581,27067.0,106298.0,148200.0
40000582,27067.0,106298.0,147300.0
40000583,27067.0,106298.0,146400.0
40000584,27067.0,107148.0,148200.0
40000585,27067.0,107148.0,147300.0
40000586,27067.0,107148.0,146400.0
40000587,16867.0,101048.0,148200.0
40000588,16867.0,101048.0,147300.0
40000589,16867.0,101048.0,146400.0
40000590,16867.0,103698.0,148200.0
40000591,16867.0,103698.0,147300.0
40000592,16867.0,103698.0,146400.0
40000593,16867.0,98548.0,148200.0
40000594,16867.0,98548.0,147300.0
40000595,16867.0,98548.0,146400.0
40000596,17767.0,101048.0,148200.0
40000597,17767.0,101048.0,147300.0
40000598,17767.0,101048.0,146400.0
40000599,19467.0,101048.0,148200.0
40000600,19467.0,101048.0,147300.0
40000601,19467.0,101048.0,146400.0
40000602,20667.0,101048.0,148200.0
40000603,20667.0,101048.0,147300.0
40000604,20667.0,101048.0,146400.0
40000605,23267.0,98548.0,148200.0
40000606,23267.0,98548.0,147300.0
40000607,23267.0,98548.0,146400.0
40000608,23267.0,99593.0,148200.0
40000609,23267.0,99593.0,147300.0
40000610,23267.0,99593.0,146400.0
40000611,27067.0,98548.0,148200.0
40000612,27067.0,98548.0,147300.0
40000613,27067.0,98548.0,146400.0
40000614,27067.0,99593.0,148200.0
40000615,27067.0,99593.0,147300.0
40000616,27067.0,99593.0,146400.0
40000617,30067.0,98548.0,148200.0
40000618,30067.0,98548.0,147300.0
40000619,30067.0,98548.0,146400.0
40000620,19917.0,114848.0,148000.0
40000621,19917.0,114848.0,147166.0
40000622,19917.0,114848.0,146333.0
40000623,30067.0,114848.0,148200.0
40000624,30067.0,114848.0,147300.0
40000625,30067.0,114848.0,146400.0
40000626,20667.0,106298.0,148200.0
40000627,20667.0,106298.0,147300.0
40000628,20667.0,106298.0,146400.0
40000629,20667.0,113648.0,148000.0
40000630,20667.0,113648.0,147166.0
40000631,20667.0,113648.0,146333.0
40000632,23267.0,113648.0,148200.0
40000633,23267.0,113648.0,147300.0
40000634,23267.0,113648.0,146400.0
40000635,20667.0,101548.0,148200.0
40000636,20667.0,101548.0,147300.0
40000637,20667.0,101548.0,146400.0
40000638,30067.0,107148.0,148200.0
40000639,30067.0,107148.0,147300.0
40000640,30067.0,107148.0,146400.0
40000641,30067.0,104348.0,148200.0
40000642,30067.0,104348.0,147300.0
40000643,30067.0,104348.0,146400.0
40000644,30067.0,101548.0,148200.0
40000645,30067.0,101548.0,147300.0
40000646,30067.0,101548.0,146400.0
40000647,60347.0,101048.0,148000.0
40000648,60347.0,101048.0,147166.0
40000649,60347.0,101048.0,146333.0
40000650,60347.0,104348.0,148000.0
40000651,60347.0,104348.0,147166.0
40000652,60347.0,104348.0,146333.0
40000653,63747.0,110448.0,148000.0
40000654,63747.0,110448.0,147166.0
40000655,63747.0,110448.0,146333.0
40000656,63747.0,114848.0,148000.0
40000657,63747.0,114848.0,147166.0
40000658,63747.0,114848.0,146333.0
40000659,60347.0,114848.0,148000.0
40000660,60347.0,114848.0,147166.0
40000661,60347.0,114848.0,146333.0
40000662,52947.0,103698.0,148200.0
40000663,52947.0,103698.0,147300.0
40000664,52947.0,103698.0,146400.0
40000665,52947.0,98548.0,148200.0
40000666,52947.0,98548.0,147300.0
40000667,52947.0,98548.0,146400.0
40000668,52947.0,101048.0,148200.0
40000669,52947.0,101048.0,147300.0
40000670,52947.0,101048.0,146400.0
40000671,53847.0,101048.0,148200.0
40000672,53847.0,101048.0,147300.0
40000673,53847.0,101048.0,146400.0
40000674,56347.0,107048.0,148200.0
40000675,56347.0,107048.0,147300.0
40000676,56347.0,107048.0,146400.0
40000677,56347.0,110448.0,148200.0
40000678,56347.0,110448.0,147300.0
40000679,56347.0,110448.0,146400.0
40000680,52947.0,114848.0,148000.0
40000681,52947.0,114848.0,147166.0
40000682,52947.0,114848.0,146333.0
40000683,60347.0,110448.0,148000.0
40000684,60347.0,110448.0,147166.0
40000685,60347.0,110448.0,146333.0
40000686,56347.0,106298.0,148200.0
40000687,56347.0,106298.0,147300.0
40000688,56347.0,106298.0,146400.0
40000689,56347.0,101048.0,148200.0
40000690,56347.0,101048.0,147300.0
40000691,56347.0,101048.0,146400.0
40000692,56347.0,101548.0,148200.0
40000693,56347.0,101548.0,147300.0
40000694,56347.0,101548.0,146400.0
40000695,63747.0,101048.0,148000.0
40000696,63747.0,101048.0,147166.0
40000697,63747.0,101048.0,146333.0
40000698,63747.0,107148.0,148000.0
40000699,63747.0,107148.0,147166.0
40000700,63747.0,107148.0,146333.0
40000701,63747.0,98548.0,148000.0
40000702,63747.0,98548.0,147166.0
40000703,63747.0,98548.0,146333.0
40000704,60347.0,98548.0,148000.0
40000705,60347.0,98548.0,147166.0
40000706,60347.0,98548.0,146333.0
40000707,111267.0,103698.0,148200.0
40000708,111267.0,103698.0,147300.0
40000709,111267.0,103698.0,146400.0
40000710,111267.0,106698.0,148200.0
40000711,111267.0,106698.0,147300.0
40000712,111267.0,106698.0,146400.0
40000713,107467.0,101048.0,148200.0
40000714,107467.0,101048.0,147300.0
40000715,107467.0,101048.0,146400.0
40000716,108667.0,101048.0,148200.0
40000717,108667.0,101048.0,147300.0
40000718,108667.0,101048.0,146400.0
40000719,98067.0,114848.0,148200.0
40000720,98067.0,114848.0,147300.0
40000721,98067.0,114848.0,146400.0
40000722,99667.0,114848.0,148200.0
40000723,99667.0,114848.0,147300.0
40000724,99667.0,114848.0,146400.0
40000725,108217.0,114848.0,148000.0
40000726,108217.0,114848.0,147166.0
40000727,108217.0,114848.0,146333.0
40000728,110267.0,114848.0,148000.0
40000729,110267.0,114848.0,147166.0
40000730,110267.0,114848.0,146333.0
40000731,107467.0,114848.0,148100.0
40000732,107467.0,114848.0,147233.0
40000733,107467.0,114848.0,146366.0
40000734,107467.0,113648.0,148000.0
40000735,107467.0,113648.0,147166.0
40000736,107467.0,113648.0,146333.0
40000737,111267.0,113648.0,148200.0
40000738,111267.0,113648.0,147300.0
40000739,111267.0,113648.0,146400.0
40000740,111267.0,114848.0,148100.0
40000741,111267.0,114848.0,147233.0
40000742,111267.0,114848.0,146366.0
40000743,111267.0,98548.0,148200.0
40000744,111267.0,98548.0,147300.0
40000745,111267.0,98548.0,146400.0
40000746,98067.0,98548.0,148200.0
40000747,98067.0,98548.0,147300.0
40000748,98067.0,98548.0,146400.0
40000749,101067.0,98548.0,148200.0
40000750,101067.0,98548.0,147300.0
40000751,101067.0,98548.0,146400.0
40000752,104867.0,98548.0,148200.0
40000753,104867.0,98548.0,147300.0
40000754,104867.0,98548.0,146400.0
40000755,101067.0,99593.0,148200.0
40000756,101067.0,99593.0,147300.0
40000757,101067.0,99593.0,146400.0
40000758,104867.0,99593.0,148200.0
40000759,104867.0,99593.0,147300.0
40000760,104867.0,99593.0,146400.0
40000761,107467.0,101548.0,148200.0
40000762,107467.0,101548.0,147300.0
40000763,107467.0,101548.0,146400.0
40000764,110367.0,101048.0,148200.0
40000765,110367.0,101048.0,147300.0
40000766,110367.0,101048.0,146400.0
40000767,111267.0,101048.0,148200.0
40000768,111267.0,101048.0,147300.0
40000769,111267.0,101048.0,146400.0
40000770,98067.0,107148.0,148200.0
40000771,98067.0,107148.0,147300.0
40000772,98067.0,107148.0,146400.0
40000773,101067.0,107148.0,148200.0
40000774,101067.0,107148.0,147300.0
40000775,101067.0,107148.0,146400.0
40000776,101067.0,106298.0,148200.0
40000777,101067.0,106298.0,147300.0
40000778,101067.0,106298.0,146400.0
40000779,104867.0,106298.0,148200.0
40000780,104867.0,106298.0,147300.0
40000781,104867.0,106298.0,146400.0
40000782,104867.0,109893.0,148200.0
40000783,104867.0,109893.0,147300.0
40000784,104867.0,109893.0,146400.0
40000785,107467.0,109893.0,148200.0
40000786,107467.0,109893.0,147300.0
40000787,107467.0,109893.0,146400.0
40000788,101067.0,110448.0,148200.0
40000789,101067.0,110448.0,147300.0
40000790,101067.0,110448.0,146400.0
40000791,104867.0,114848.0,148200.0
40000792,104867.0,114848.0,147300.0
40000793,104867.0,114848.0,146400.0
40000794,107467.0,106298.0,148200.0
40000795,107467.0,106298.0,147300.0
40000796,107467.0,106298.0,146400.0
40000797,98067.0,101548.0,148200.0
40000798,98067.0,101548.0,147300.0
40000799,98067.0,101548.0,146400.0
40000800,98067.0,104348.0,148200.0
40000801,98067.0,104348.0,147300.0
40000802,98067.0,104348.0,146400.0
40000803,104867.0,113648.0,148200.0
40000804,104867.0,113648.0,147300.0
40000805,104867.0,113648.0,146400.0
40000806,98067.0,101048.0,148200.0
40000807,98067.0,101048.0,147300.0
40000808,98067.0,101048.0,146400.0
40000809,16867.0,109110.0,148300.0
40000810,16867.0,109473.0,148300.0
40000811,16867.0,109835.0,148300.0
40000812,27067.0,113798.0,148500.0
40000813,27067.0,114148.0,148500.0
40000814,27067.0,114498.0,148500.0
40000815,20667.0,107541.0,148500.0
40000816,20667.0,107960.0,148500.0
40000817,20667.0,108379.0,148500.0
40000818,28567.0,110448.0,148500.0
40000819,29067.0,110448.0,148500.0
40000820,29567.0,110448.0,148500.0
40000821,16867.0,107548.0,148300.0
40000822,16867.0,107948.0,148300.0
40000823,16867.0,108348.0,148300.0
40000824,23267.0,107560.0,148500.0
40000825,23267.0,107973.0,148500.0
40000826,23267.0,108385.0,148500.0
40000827,18167.0,107139.0,148400.0
40000828,18567.0,107131.0,148400.0
40000829,18967.0,107123.0,148400.0
40000830,19367.0,107114.0,148400.0
40000831,19767.0,107106.0,148400.0
40000832,18942.0,98548.0,148300.0
40000833,28867.0,113448.0,148500.0
40000834,29267.0,113448.0,148500.0
40000835,29667.0,113448.0,148500.0
40000836,20067.0,98548.0,148300.0
40000837,52947.0,107548.0,148300.0
40000838,52947.0,107948.0,148300.0
40000839,52947.0,108348.0,148300.0
40000840,56347.0,113798.0,148500.0
40000841,56347.0,114148.0,148500.0
40000842,56347.0,114498.0,148500.0
40000843,52947.0,109110.0,148300.0
40000844,52947.0,109473.0,148300.0
40000845,52947.0,109835.0,148300.0
40000846,54372.0,107123.0,148400.0
40000847,54897.0,107098.0,148400.0
40000848,55422.0,107073.0,148400.0
40000849,54959.0,98548.0,148300.0
40000850,55422.0,98548.0,148300.0
40000851,55884.0,98548.0,148300.0
40000852,108067.0,98548.0,148300.0
40000853,98467.0,113448.0,148500.0
40000854,98867.0,113448.0,148500.0
40000855,99267.0,113448.0,148500.0
40000856,108367.0,107106.0,148400.0
40000857,108767.0,107114.0,148400.0
40000858,109167.0,107123.0,148400.0
40000859,109567.0,107131.0,148400.0
40000860,109967.0,107139.0,148400.0
40000861,104867.0,107560.0,148500.0
40000862,104867.0,107973.0,148500.0
40000863,104867.0,108385.0,148500.0
40000864,111267.0,107548.0,148300.0
40000865,111267.0,107948.0,148300.0
40000866,111267.0,108348.0,148300.0
40000867,107467.0,107541.0,148500.0
40000868,107467.0,107960.0,148500.0
40000869,107467.0,108379.0,148500.0
40000870,101067.0,113798.0,148500.0
40000871,101067.0,114148.0,148500.0
40000872,101067.0,114498.0,148500.0
40000873,111267.0,109110.0,148300.0
40000874,111267.0,109473.0,148300.0
40000875,111267.0,109835.0,148300.0
40000876,98567.0,110448.0,148500.0
40000877,99067.0,110448.0,148500.0
40000878,99567.0,110448.0,148500.0
40000879,109192.0,98548.0,148300.0
40000880,27067.0,114848.0,147300.0
40000881,27067.0,114848.0,146400.0
40000882,27067.0,113448.0,147300.0
40000883,27067.0,113448.0,146400.0
40000884,28467.0,113448.0,147300.0
40000885,28467.0,113448.0,146400.0
40000886,20667.0,108798.0,147300.0
40000887,20667.0,108798.0,146400.0
40000888,16867.0,110198.0,147166.0
40000889,16867.0,110198.0,146333.0
40000890,28067.0,110448.0,147300.0
40000891,28067.0,110448.0,146400.0
40000892,23267.0,108798.0,147300.0
40000893,23267.0,108798.0,146400.0
40000894,16867.0,107148.0,147300.0
40000895,16867.0,107148.0,146400.0
40000896,20167.0,107098.0,147300.0
40000897,20167.0,107098.0,146400.0
40000898,20667.0,107123.0,147300.0
40000899,20667.0,107123.0,146400.0
40000900,23267.0,107148.0,147300.0
40000901,23267.0,107148.0,146400.0
40000902,20667.0,98548.0,147300.0
40000903,20667.0,98548.0,146400.0
40000904,18417.0,98548.0,147300.0
40000905,18417.0,98548.0,146400.0
40000906,17767.0,107148.0,147300.0
40000907,17767.0,107148.0,146400.0
40000908,30067.0,113448.0,147300.0
40000909,30067.0,113448.0,146400.0
40000910,30067.0,110448.0,147300.0
40000911,30067.0,110448.0,146400.0
40000912,52947.0,107148.0,147300.0
40000913,52947.0,107148.0,146400.0
40000914,54497.0,98548.0,147300.0
40000915,54497.0,98548.0,146400.0
40000916,53847.0,107148.0,147300.0
40000917,53847.0,107148.0,146400.0
40000918,55947.0,107048.0,147300.0
40000919,55947.0,107048.0,146400.0
40000920,56347.0,113448.0,147300.0
40000921,56347.0,113448.0,146400.0
40000922,52947.0,110198.0,147166.0
40000923,52947.0,110198.0,146333.0
40000924,56347.0,114848.0,147166.0
40000925,56347.0,114848.0,146333.0
40000926,56347.0,98548.0,147300.0
40000927,56347.0,98548.0,146400.0
40000928,109717.0,98548.0,147300.0
40000929,109717.0,98548.0,146400.0
40000930,107467.0,98548.0,147300.0
40000931,107467.0,98548.0,146400.0
40000932,107467.0,107123.0,147300.0
40000933,107467.0,107123.0,146400.0
40000934,107967.0,107098.0,147300.0
40000935,107967.0,107098.0,146400.0
40000936,104867.0,107148.0,147300.0
40000937,104867.0,107148.0,146400.0
40000938,110367.0,107148.0,147300.0
40000939,110367.0,107148.0,146400.0
40000940,111267.0,107148.0,147300.0
40000941,111267.0,107148.0,146400.0
40000942,104867.0,108798.0,147300.0
40000943,104867.0,108798.0,146400.0
40000944,107467.0,108798.0,147300.0
40000945,107467.0,108798.0,146400.0
40000946,98067.0,110448.0,147300.0
40000947,98067.0,110448.0,146400.0
40000948,98067.0,113448.0,147300.0
40000949,98067.0,113448.0,146400.0
40000950,100067.0,110448.0,147300.0
40000951,100067.0,110448.0,146400.0
40000952,99667.0,113448.0,147300.0
40000953,99667.0,113448.0,146400.0
40000954,101067.0,113448.0,147300.0
40000955,101067.0,113448.0,146400.0
40000956,111267.0,110198.0,147300.0
40000957,111267.0,110198.0,146400.0
40000958,101067.0,114848.0,147300.0
40000959,101067.0,114848.0,146400.0
40000960,24217.0,107148.0,149100.0
40000961,25167.0,107148.0,149100.0
40000962,26117.0,107148.0,149100.0
40000963,27067.0,108248.0,149100.0
40000964,27067.0,109348.0,149100.0
40000965,26117.0,114848.0,149100.0
40000966,24217.0,114848.0,149100.0
40000967,23267.0,112748.0,149100.0
40000968,23267.0,110870.0,149100.0
40000969,28467.0,114148.0,149100.0
40000970,17817.0,108760.0,149100.0
40000971,18767.0,108773.0,149100.0
40000972,19717.0,108785.0,149100.0
40000973,20667.0,110870.0,149100.0
40000974,20667.0,112748.0,149100.0
40000975,18892.0,113648.0,149100.0
40000976,24217.0,104348.0,149100.0
40000977,25167.0,104348.0,149100.0
40000978,26117.0,104348.0,149100.0
40000979,27067.0,105323.0,149100.0
40000980,23267.0,105323.0,149100.0
40000981,19467.0,99381.0,149100.0
40000982,19467.0,100214.0,149100.0
40000983,24217.0,101548.0,149100.0
40000984,25167.0,101548.0,149100.0
40000985,26117.0,101548.0,149100.0
40000986,27067.0,102481.0,149100.0
40000987,27067.0,103414.0,149100.0
40000988,23267.0,102481.0,149100.0
40000989,23267.0,103414.0,149100.0
40000990,24217.0,98548.0,149100.0
40000991,26117.0,98548.0,149100.0
40000992,27067.0,100570.0,149100.0
40000993,23267.0,100570.0,149100.0
40000994,56347.0,107898.0,149100.0
40000995,53797.0,108748.0,149100.0
40000996,54647.0,108748.0,149100.0
40000997,55497.0,108748.0,149100.0
40000998,108667.0,99381.0,149100.0
40000999,108667.0,100214.0,149100.0
40001000,99667.0,114148.0,149100.0
40001001,109242.0,113648.0,149100.0
40001002,108417.0,108785.0,149100.0
40001003,109367.0,108773.0,149100.0
40001004,110317.0,108760.0,149100.0
40001005,107467.0,112748.0,149100.0
40001006,107467.0,110870.0,149100.0
40001007,101883.0,98548.0,149100.0
40001008,103783.0,98548.0,149100.0
40001009,104867.0,100570.0,149100.0
40001010,102017.0,101548.0,149100.0
40001011,102967.0,101548.0,149100.0
40001012,103917.0,101548.0,149100.0
40001013,101067.0,100570.0,149100.0
40001014,102017.0,104348.0,149100.0
40001015,102967.0,104348.0,149100.0
40001016,103917.0,104348.0,149100.0
40001017,104867.0,105323.0,149100.0
40001018,102017.0,107148.0,149100.0
40001019,102967.0,107148.0,149100.0
40001020,103917.0,107148.0,149100.0
40001021,101067.0,105323.0,149100.0
40001022,104867.0,110870.0,149100.0
40001023,104867.0,112748.0,149100.0
40001024,103783.0,114848.0,149100.0
40001025,101883.0,114848.0,149100.0
40001026,101067.0,108248.0,149100.0
40001027,101067.0,109348.0,149100.0
40001028,104867.0,102481.0,149100.0
40001029,104867.0,103414.0,149100.0
40001030,101067.0,102481.0,149100.0
40001031,101067.0,103414.0,149100.0
40001034,64282.0,106635.0,149099.0
40001035,108667.0,98548.0,148700.0
40001036,109192.0,98548.0,148700.0
40001037,109717.0,98548.0,148700.0
40001038,98067.0,110448.0,148800.0
40001039,98567.0,110448.0,148800.0
40001040,99067.0,110448.0,148800.0
40001041,99567.0,110448.0,148800.0
40001042,100067.0,110448.0,148800.0
40001043,111267.0,108748.0,148700.0
40001044,111267.0,109110.0,148700.0
40001045,111267.0,109473.0,148700.0
40001046,111267.0,109835.0,148700.0
40001047,111267.0,110198.0,148700.0
40001048,101067.0,113448.0,148800.0
40001049,101067.0,113798.0,148800.0
40001050,101067.0,114148.0,148800.0
40001051,101067.0,114498.0,148800.0
40001052,101067.0,114848.0,148800.0
40001053,107467.0,107123.0,148800.0
40001054,107467.0,107541.0,148800.0
40001055,107467.0,107960.0,148800.0
40001056,107467.0,108379.0,148800.0
40001057,107467.0,108798.0,148800.0
40001058,111267.0,107148.0,148700.0
40001059,111267.0,107548.0,148700.0
40001060,111267.0,107948.0,148700.0
40001061,111267.0,108348.0,148700.0
40001062,104867.0,107148.0,148800.0
40001063,104867.0,107560.0,148800.0
40001064,104867.0,107973.0,148800.0
40001065,104867.0,108385.0,148800.0
40001066,104867.0,108798.0,148800.0
40001067,107967.0,107098.0,148750.0
40001068,108367.0,107106.0,148750.0
40001069,108767.0,107114.0,148750.0
40001070,109167.0,107123.0,148750.0
40001071,109567.0,107131.0,148750.0
40001072,109967.0,107139.0,148750.0
40001073,110367.0,107148.0,148750.0
40001074,98067.0,113448.0,148800.0
40001075,98467.0,113448.0,148800.0
40001076,98867.0,113448.0,148800.0
40001077,99267.0,113448.0,148800.0
40001078,99667.0,113448.0,148800.0
40001079,107467.0,98548.0,148700.0
40001080,108067.0,98548.0,148700.0
40001081,54497.0,98548.0,148700.0
40001082,54959.0,98548.0,148700.0
40001083,55422.0,98548.0,148700.0
40001084,55884.0,98548.0,148700.0
40001085,56347.0,98548.0,148700.0
40001086,53847.0,107148.0,148750.0
40001087,54372.0,107123.0,148750.0
40001088,54897.0,107098.0,148750.0
40001089,55422.0,107073.0,148750.0
40001090,55947.0,107048.0,148750.0
40001091,52947.0,108748.0,148700.0
40001092,52947.0,109110.0,148700.0
40001093,52947.0,109473.0,148700.0
40001094,52947.0,109835.0,148700.0
40001095,52947.0,110198.0,148700.0
40001096,56347.0,113448.0,148800.0
40001097,56347.0,113798.0,148800.0
40001098,56347.0,114148.0,148800.0
40001099,56347.0,114498.0,148800.0
40001100,56347.0,114848.0,148800.0
40001101,52947.0,107148.0,148700.0
40001102,52947.0,107548.0,148700.0
40001103,52947.0,107948.0,148700.0
40001104,52947.0,108348.0,148700.0
40001105,19467.0,98548.0,148700.0
40001106,20067.0,98548.0,148700.0
40001107,20667.0,98548.0,148700.0
40001108,28467.0,113448.0,148800.0
40001109,28867.0,113448.0,148800.0
40001110,29267.0,113448.0,148800.0
40001111,29667.0,113448.0,148800.0
40001112,30067.0,113448.0,148800.0
40001113,18417.0,98548.0,148700.0
40001114,18942.0,98548.0,148700.0
40001115,17767.0,107148.0,148750.0
40001116,18167.0,107139.0,148750.0
40001117,18567.0,107131.0,148750.0
40001118,18967.0,107123.0,148750.0
40001119,19367.0,107114.0,148750.0
40001120,19767.0,107106.0,148750.0
40001121,20167.0,107098.0,148750.0
40001122,23267.0,107148.0,148800.0
40001123,23267.0,107560.0,148800.0
40001124,23267.0,107973.0,148800.0
40001125,23267.0,108385.0,148800.0
40001126,23267.0,108798.0,148800.0
40001127,16867.0,107148.0,148700.0
40001128,16867.0,107548.0,148700.0
40001129,16867.0,107948.0,148700.0
40001130,16867.0,108348.0,148700.0
40001131,16867.0,108748.0,148700.0
40001132,28067.0,110448.0,148800.0
40001133,28567.0,110448.0,148800.0
40001134,29067.0,110448.0,148800.0
40001135,29567.0,110448.0,148800.0
40001136,30067.0,110448.0,148800.0
40001137,20667.0,107123.0,148800.0
40001138,20667.0,107541.0,148800.0
40001139,20667.0,107960.0,148800.0
40001140,20667.0,108379.0,148800.0
40001141,20667.0,108798.0,148800.0
40001142,27067.0,113448.0,148800.0
40001143,27067.0,113798.0,148800.0
40001144,27067.0,114148.0,148800.0
40001145,27067.0,114498.0,148800.0
40001146,27067.0,114848.0,148800.0
40001147,16867.0,109110.0,148700.0
40001148,16867.0,109473.0,148700.0
40001149,16867.0,109835.0,148700.0
40001150,16867.0,110198.0,148700.0
40001151,17367.0,114848.0,148000.0
40001152,17367.0,114848.0,146333.0
40001153,17367.0,114848.0,147166.0
40001154,21533.0,114848.0,148100.0
40001155,22400.0,114848.0,148100.0
40001156,21533.0,114848.0,146366.0
40001157,22400.0,114848.0,146366.0
40001158,21533.0,114848.0,147233.0
40001159,22400.0,114848.0,147233.0
40001160,27767.0,114848.0,148200.0
40001161,27767.0,114848.0,146400.0
40001162,27767.0,114848.0,147300.0
40001163,16867.0,111060.0,148300.0
40001164,16867.0,111923.0,148300.0
40001165,16867.0,112785.0,148300.0
40001166,16867.0,111060.0,146333.0
40001167,16867.0,111923.0,146333.0
40001168,16867.0,112785.0,146333.0
40001169,16867.0,111060.0,147166.0
40001170,16867.0,112785.0,147166.0
40001171,16867.0,111923.0,147166.0
40001172,30067.0,114148.0,148200.0
40001173,30067.0,114148.0,146400.0
40001174,30067.0,114148.0,147300.0
40001175,27067.0,111448.0,148200.0
40001176,27067.0,112448.0,148200.0
40001177,27067.0,111448.0,146400.0
40001178,27067.0,112448.0,146400.0
40001179,27067.0,111448.0,147300.0
40001180,27067.0,112448.0,147300.0
40001181,27767.0,113448.0,148500.0
40001182,27767.0,113448.0,146400.0
40001183,27767.0,113448.0,147300.0
40001184,27567.0,110448.0,148200.0
40001185,27567.0,110448.0,146400.0
40001186,27567.0,110448.0,147300.0
40001187,30067.0,111448.0,148500.0
40001188,30067.0,112448.0,148500.0
40001189,30067.0,111448.0,146400.0
40001190,30067.0,112448.0,146400.0
40001191,30067.0,111448.0,147300.0
40001192,30067.0,112448.0,147300.0
40001193,20667.0,109345.0,148200.0
40001194,20667.0,109345.0,146400.0
40001195,20667.0,109345.0,147300.0
40001196,21533.0,108798.0,148500.0
40001197,22400.0,108798.0,148500.0
40001198,21533.0,108798.0,146400.0
40001199,22400.0,108798.0,146400.0
40001200,21533.0,108798.0,147300.0
40001201,22400.0,108798.0,147300.0
40001202,23267.0,109345.0,148200.0
40001203,23267.0,109345.0,146400.0
40001204,23267.0,109345.0,147300.0
40001205,17317.0,107148.0,148300.0
40001206,17317.0,107148.0,146400.0
40001207,17317.0,107148.0,147300.0
40001208,21533.0,107131.0,148500.0
40001209,22400.0,107139.0,148500.0
40001210,21533.0,107131.0,146400.0
40001211,22400.0,107139.0,146400.0
40001212,21533.0,107131.0,147300.0
40001213,22400.0,107139.0,147300.0
40001214,23267.0,106723.0,148200.0
40001215,23267.0,106723.0,146400.0
40001216,23267.0,106723.0,147300.0
40001217,27067.0,106723.0,148200.0
40001218,27067.0,106723.0,146400.0
40001219,27067.0,106723.0,147300.0
40001220,28067.0,107148.0,148200.0
40001221,29067.0,107148.0,148200.0
40001222,28067.0,107148.0,146400.0
40001223,29067.0,107148.0,146400.0
40001224,28067.0,107148.0,147300.0
40001225,29067.0,107148.0,147300.0
40001226,16867.0,101931.0,148200.0
40001227,16867.0,102814.0,148200.0
40001228,16867.0,101931.0,146400.0
40001229,16867.0,102814.0,146400.0
40001230,16867.0,101931.0,147300.0
40001231,16867.0,102814.0,147300.0
40001232,16867.0,99381.0,148200.0
40001233,16867.0,100214.0,148200.0
40001234,16867.0,99381.0,146400.0
40001235,16867.0,100214.0,146400.0
40001236,16867.0,99381.0,147300.0
40001237,16867.0,100214.0,147300.0
40001238,17317.0,101048.0,148200.0
40001239,17317.0,101048.0,146400.0
40001240,17317.0,101048.0,147300.0
40001241,18617.0,101048.0,148200.0
40001242,18617.0,101048.0,146400.0
40001243,18617.0,101048.0,147300.0
40001244,20667.0,99381.0,148200.0
40001245,20667.0,100214.0,148200.0
40001246,20667.0,99381.0,146400.0
40001247,20667.0,100214.0,146400.0
40001248,20667.0,99381.0,147300.0
40001249,20667.0,100214.0,147300.0
40001250,17642.0,98548.0,148200.0
40001251,17642.0,98548.0,146400.0
40001252,17642.0,98548.0,147300.0
40001253,21533.0,98548.0,148200.0
40001254,22400.0,98548.0,148200.0
40001255,21533.0,98548.0,146400.0
40001256,22400.0,98548.0,146400.0
40001257,21533.0,98548.0,147300.0
40001258,22400.0,98548.0,147300.0
40001259,23267.0,99070.0,148200.0
40001260,23267.0,99070.0,146400.0
40001261,23267.0,99070.0,147300.0
40001262,27067.0,99070.0,148200.0
40001263,27067.0,99070.0,146400.0
40001264,27067.0,99070.0,147300.0
40001265,28067.0,98548.0,148200.0
40001266,29067.0,98548.0,148200.0
40001267,28067.0,98548.0,146400.0
40001268,29067.0,98548.0,146400.0
40001269,28067.0,98548.0,147300.0
40001270,29067.0,98548.0,147300.0
40001271,16867.0,114248.0,148000.0
40001272,16867.0,114248.0,146333.0
40001273,16867.0,114248.0,147166.0
40001274,20667.0,114248.0,148000.0
40001275,20667.0,114248.0,146333.0
40001276,20667.0,114248.0,147166.0
40001277,20292.0,114848.0,148000.0
40001278,20292.0,114848.0,146333.0
40001279,20292.0,114848.0,147166.0
40001280,18142.0,114848.0,148000.0
40001281,18145.0,114848.0,148550.0
40001282,18642.0,114848.0,148550.0
40001283,19142.0,114848.0,148550.0
40001284,19639.0,114848.0,148550.0
40001285,19642.0,114848.0,148000.0
40001286,18142.0,114848.0,146333.0
40001287,19642.0,114848.0,146333.0
40001288,18142.0,114848.0,147166.0
40001289,19642.0,114848.0,147166.0
40001290,18642.0,114848.0,148000.0
40001291,19142.0,114848.0,148000.0
40001292,29267.0,114848.0,148200.0
40001293,29267.0,114848.0,146400.0
40001294,29267.0,114848.0,147300.0
40001295,20067.0,101048.0,148200.0
40001296,20067.0,101048.0,146400.0
40001297,20067.0,101048.0,147300.0
40001298,16867.0,104698.0,148200.0
40001299,16867.0,105698.0,148200.0
40001300,16867.0,104698.0,146400.0
40001301,16867.0,105698.0,146400.0
40001302,16867.0,104698.0,147300.0
40001303,16867.0,105698.0,147300.0
40001304,20667.0,106710.0,148200.0
40001305,20667.0,106710.0,146400.0
40001306,20667.0,106710.0,147300.0
40001307,23267.0,114248.0,148200.0
40001308,23267.0,114248.0,146400.0
40001309,23267.0,114248.0,147300.0
40001310,30067.0,99381.0,148200.0
40001311,30067.0,100214.0,148200.0
40001312,30067.0,100881.0,148200.0
40001313,30067.0,99381.0,146400.0
40001314,30067.0,100214.0,146400.0
40001315,30067.0,100881.0,146400.0
40001316,30067.0,99381.0,147300.0
40001317,30067.0,100881.0,147300.0
40001318,30067.0,100214.0,147300.0
40001319,30067.0,105281.0,148200.0
40001320,30067.0,106214.0,148200.0
40001321,30067.0,105281.0,146400.0
40001322,30067.0,106214.0,146400.0
40001323,30067.0,105281.0,147300.0
40001324,30067.0,106214.0,147300.0
40001325,30067.0,102481.0,148200.0
40001326,30067.0,103414.0,148200.0
40001327,30067.0,102481.0,146400.0
40001328,30067.0,103414.0,146400.0
40001329,30067.0,102481.0,147300.0
40001330,30067.0,103414.0,147300.0
40001331,60347.0,101873.0,148000.0
40001332,60347.0,102698.0,148000.0
40001333,60347.0,103523.0,148000.0
40001334,60347.0,101873.0,146333.0
40001335,60347.0,102698.0,146333.0
40001336,60347.0,103523.0,146333.0
40001337,60347.0,101873.0,147166.0
40001338,60347.0,103523.0,147166.0
40001339,60347.0,102698.0,147166.0
40001340,63747.0,111328.0,148000.0
40001341,63747.0,112208.0,148000.0
40001342,63747.0,113088.0,148000.0
40001343,63747.0,113968.0,148000.0
40001344,63747.0,111328.0,146333.0
40001345,63747.0,112208.0,146333.0
40001346,63747.0,113088.0,146333.0
40001347,63747.0,113968.0,146333.0
40001348,63747.0,111328.0,147166.0
40001349,63747.0,113968.0,147166.0
40001350,63747.0,112208.0,147166.0
40001351,63747.0,113088.0,147166.0
40001352,61022.0,114848.0,148000.0
40001353,61697.0,114848.0,148000.0
40001354,61700.0,114848.0,148550.0
40001355,62197.0,114848.0,148550.0
40001356,62697.0,114848.0,148550.0
40001357,63194.0,114848.0,148550.0
40001358,63197.0,114848.0,148000.0
40001359,61022.0,114848.0,146333.0
40001360,61697.0,114848.0,146333.0
40001361,63197.0,114848.0,146333.0
40001362,61022.0,114848.0,147166.0
40001363,63197.0,114848.0,147166.0
40001364,62197.0,114848.0,148000.0
40001365,61697.0,114848.0,147166.0
40001366,62697.0,114848.0,148000.0
40001367,52947.0,104560.0,148200.0
40001368,52947.0,105423.0,148200.0
40001369,52947.0,106285.0,148200.0
40001370,52947.0,104560.0,146400.0
40001371,52947.0,105423.0,146400.0
40001372,52947.0,106285.0,146400.0
40001373,52947.0,104560.0,147300.0
40001374,52947.0,106285.0,147300.0
40001375,52947.0,105423.0,147300.0
40001376,53722.0,98548.0,148200.0
40001377,53722.0,98548.0,146400.0
40001378,53722.0,98548.0,147300.0
40001379,52947.0,99381.0,148200.0
40001380,52947.0,100214.0,148200.0
40001381,52947.0,99381.0,146400.0
40001382,52947.0,100214.0,146400.0
40001383,52947.0,99381.0,147300.0
40001384,52947.0,100214.0,147300.0
40001385,52947.0,101931.0,148200.0
40001386,52947.0,102814.0,148200.0
40001387,52947.0,101931.0,146400.0
40001388,52947.0,102814.0,146400.0
40001389,52947.0,101931.0,147300.0
40001390,52947.0,102814.0,147300.0
40001391,53397.0,101048.0,148200.0
40001392,53397.0,101048.0,146400.0
40001393,53397.0,101048.0,147300.0
40001394,53397.0,107148.0,148300.0
40001395,53397.0,107148.0,146400.0
40001396,53397.0,107148.0,147300.0
40001397,56347.0,111328.0,148200.0
40001398,56347.0,112208.0,148200.0
40001399,56347.0,113088.0,148200.0
40001400,56347.0,111328.0,146400.0
40001401,56347.0,112208.0,146400.0
40001402,56347.0,113088.0,146400.0
40001403,56347.0,111328.0,147300.0
40001404,56347.0,113088.0,147300.0
40001405,56347.0,112208.0,147300.0
40001406,52947.0,111128.0,148300.0
40001407,52947.0,112058.0,148300.0
40001408,52947.0,112988.0,148300.0
40001409,52947.0,113918.0,148300.0
40001410,52947.0,111128.0,146333.0
40001411,52947.0,112058.0,146333.0
40001412,52947.0,112988.0,146333.0
40001413,52947.0,113918.0,146333.0
40001414,52947.0,111128.0,147166.0
40001415,52947.0,113918.0,147166.0
40001416,52947.0,112058.0,147166.0
40001417,52947.0,112988.0,147166.0
40001418,53622.0,114848.0,148000.0
40001419,54297.0,114848.0,148000.0
40001420,54300.0,114848.0,148550.0
40001421,54797.0,114848.0,148550.0
40001422,55297.0,114848.0,148550.0
40001423,55794.0,114848.0,148550.0
40001424,55797.0,114848.0,148000.0
40001425,53622.0,114848.0,146333.0
40001426,54297.0,114848.0,146333.0
40001427,55797.0,114848.0,146333.0
40001428,53622.0,114848.0,147166.0
40001429,55797.0,114848.0,147166.0
40001430,54797.0,114848.0,148000.0
40001431,54297.0,114848.0,147166.0
40001432,55297.0,114848.0,148000.0
40001433,61197.0,110448.0,148000.0
40001434,62047.0,110448.0,148000.0
40001435,62897.0,110448.0,148000.0
40001436,61197.0,110448.0,146333.0
40001437,62047.0,110448.0,146333.0
40001438,62897.0,110448.0,146333.0
40001439,61197.0,110448.0,147166.0
40001440,62897.0,110448.0,147166.0
40001441,62047.0,110448.0,147166.0
40001442,56347.0,106673.0,148200.0
40001443,56347.0,106673.0,146400.0
40001444,56347.0,106673.0,147300.0
40001445,56347.0,99381.0,148200.0
40001446,56347.0,100214.0,148200.0
40001447,56347.0,99381.0,146400.0
40001448,56347.0,100214.0,146400.0
40001449,56347.0,99381.0,147300.0
40001450,56347.0,100214.0,147300.0
40001451,63747.0,102064.0,148000.0
40001452,63747.0,103081.0,148000.0
40001453,63747.0,104098.0,148000.0
40001454,63747.0,105114.0,148000.0
40001455,63747.0,106131.0,148000.0
40001456,63747.0,102064.0,146333.0
40001457,63747.0,103081.0,146333.0
40001458,63747.0,104098.0,146333.0
40001459,63747.0,105114.0,146333.0
40001460,63747.0,106131.0,146333.0
40001461,63747.0,102064.0,147166.0
40001462,63747.0,106131.0,147166.0
40001463,63747.0,103081.0,147166.0
40001464,63747.0,104098.0,147166.0
40001465,63747.0,105114.0,147166.0
40001466,63747.0,99381.0,148000.0
40001467,63747.0,100214.0,148000.0
40001468,63747.0,99381.0,146333.0
40001469,63747.0,100214.0,146333.0
40001470,63747.0,99381.0,147166.0
40001471,63747.0,100214.0,147166.0
40001472,54680.0,101048.0,148200.0
40001473,55513.0,101048.0,148200.0
40001474,54680.0,101048.0,146400.0
40001475,55513.0,101048.0,146400.0
40001476,54680.0,101048.0,147300.0
40001477,55513.0,101048.0,147300.0
40001478,60822.0,98548.0,148000.0
40001479,61297.0,98548.0,148000.0
40001480,61300.0,98548.0,148550.0
40001481,61797.0,98548.0,148550.0
40001482,62297.0,98548.0,148550.0
40001483,62794.0,98548.0,148550.0
40001484,62797.0,98548.0,148000.0
40001485,63272.0,98548.0,148000.0
40001486,60822.0,98548.0,146333.0
40001487,61297.0,98548.0,146333.0
40001488,63272.0,98548.0,146333.0
40001489,62797.0,98548.0,146333.0
40001490,60822.0,98548.0,147166.0
40001491,63272.0,98548.0,147166.0
40001492,61797.0,98548.0,148000.0
40001493,61297.0,98548.0,147166.0
40001494,62297.0,98548.0,148000.0
40001495,62797.0,98548.0,147166.0
40001496,61197.0,101048.0,148000.0
40001497,62047.0,101048.0,148000.0
40001498,62897.0,101048.0,148000.0
40001499,61197.0,101048.0,146333.0
40001500,62047.0,101048.0,146333.0
40001501,62897.0,101048.0,146333.0
40001502,61197.0,101048.0,147166.0
40001503,62897.0,101048.0,147166.0
40001504,62047.0,101048.0,147166.0
40001505,111267.0,104698.0,148200.0
40001506,111267.0,105698.0,148200.0
40001507,111267.0,104698.0,146400.0
40001508,111267.0,105698.0,146400.0
40001509,111267.0,104698.0,147300.0
40001510,111267.0,105698.0,147300.0
40001511,108067.0,101048.0,148200.0
40001512,108067.0,101048.0,146400.0
40001513,108067.0,101048.0,147300.0
40001514,98867.0,114848.0,148200.0
40001515,98867.0,114848.0,146400.0
40001516,98867.0,114848.0,147300.0
40001517,108492.0,114848.0,148000.0
40001518,108495.0,114848.0,148550.0
40001519,108992.0,114848.0,148550.0
40001520,109492.0,114848.0,148550.0
40001521,109989.0,114848.0,148550.0
40001522,109992.0,114848.0,148000.0
40001523,108492.0,114848.0,146333.0
40001524,109992.0,114848.0,146333.0
40001525,108492.0,114848.0,147166.0
40001526,109992.0,114848.0,147166.0
40001527,108992.0,114848.0,148000.0
40001528,109492.0,114848.0,148000.0
40001529,107842.0,114848.0,148100.0
40001530,107842.0,114848.0,146366.0
40001531,107842.0,114848.0,147233.0
40001532,107467.0,114248.0,148100.0
40001533,107467.0,114248.0,146366.0
40001534,107467.0,114248.0,147233.0
40001535,111267.0,114248.0,148200.0
40001536,111267.0,114248.0,146400.0
40001537,111267.0,114248.0,147300.0
40001538,110767.0,114848.0,148100.0
40001539,110767.0,114848.0,146366.0
40001540,110767.0,114848.0,147233.0
40001541,110492.0,98548.0,148200.0
40001542,110492.0,98548.0,146400.0
40001543,110492.0,98548.0,147300.0
40001544,99067.0,98548.0,148200.0
40001545,100067.0,98548.0,148200.0
40001546,99067.0,98548.0,146400.0
40001547,100067.0,98548.0,146400.0
40001548,99067.0,98548.0,147300.0
40001549,100067.0,98548.0,147300.0
40001550,105733.0,98548.0,148200.0
40001551,106600.0,98548.0,148200.0
40001552,105733.0,98548.0,146400.0
40001553,106600.0,98548.0,146400.0
40001554,105733.0,98548.0,147300.0
40001555,106600.0,98548.0,147300.0
40001556,101067.0,99070.0,148200.0
40001557,101067.0,99070.0,146400.0
40001558,101067.0,99070.0,147300.0
40001559,104867.0,99070.0,148200.0
40001560,104867.0,99070.0,146400.0
40001561,104867.0,99070.0,147300.0
40001562,107467.0,99381.0,148200.0
40001563,107467.0,100214.0,148200.0
40001564,107467.0,99381.0,146400.0
40001565,107467.0,100214.0,146400.0
40001566,107467.0,99381.0,147300.0
40001567,107467.0,100214.0,147300.0
40001568,109517.0,101048.0,148200.0
40001569,109517.0,101048.0,146400.0
40001570,109517.0,101048.0,147300.0
40001571,110817.0,101048.0,148200.0
40001572,110817.0,101048.0,146400.0
40001573,110817.0,101048.0,147300.0
40001574,111267.0,99381.0,148200.0
40001575,111267.0,100214.0,148200.0
40001576,111267.0,99381.0,146400.0
40001577,111267.0,100214.0,146400.0
40001578,111267.0,99381.0,147300.0
40001579,111267.0,100214.0,147300.0
40001580,111267.0,101931.0,148200.0
40001581,111267.0,102814.0,148200.0
40001582,111267.0,101931.0,146400.0
40001583,111267.0,102814.0,146400.0
40001584,111267.0,101931.0,147300.0
40001585,111267.0,102814.0,147300.0
40001586,99067.0,107148.0,148200.0
40001587,100067.0,107148.0,148200.0
40001588,99067.0,107148.0,146400.0
40001589,100067.0,107148.0,146400.0
40001590,99067.0,107148.0,147300.0
40001591,100067.0,107148.0,147300.0
40001592,101067.0,106723.0,148200.0
40001593,101067.0,106723.0,146400.0
40001594,101067.0,106723.0,147300.0
40001595,104867.0,106723.0,148200.0
40001596,104867.0,106723.0,146400.0
40001597,104867.0,106723.0,147300.0
40001598,105733.0,107139.0,148500.0
40001599,106600.0,107131.0,148500.0
40001600,105733.0,107139.0,146400.0
40001601,106600.0,107131.0,146400.0
40001602,105733.0,107139.0,147300.0
40001603,106600.0,107131.0,147300.0
40001604,110817.0,107148.0,148300.0
40001605,110817.0,107148.0,146400.0
40001606,110817.0,107148.0,147300.0
40001607,104867.0,109345.0,148200.0
40001608,104867.0,109345.0,146400.0
40001609,104867.0,109345.0,147300.0
40001610,105733.0,108798.0,148500.0
40001611,106600.0,108798.0,148500.0
40001612,105733.0,108798.0,146400.0
40001613,106600.0,108798.0,146400.0
40001614,105733.0,108798.0,147300.0
40001615,106600.0,108798.0,147300.0
40001616,107467.0,109345.0,148200.0
40001617,107467.0,109345.0,146400.0
40001618,107467.0,109345.0,147300.0
40001619,98067.0,111448.0,148500.0
40001620,98067.0,112448.0,148500.0
40001621,98067.0,111448.0,146400.0
40001622,98067.0,112448.0,146400.0
40001623,98067.0,111448.0,147300.0
40001624,98067.0,112448.0,147300.0
40001625,100567.0,110448.0,148200.0
40001626,100567.0,110448.0,146400.0
40001627,100567.0,110448.0,147300.0
40001628,100367.0,113448.0,148500.0
40001629,100367.0,113448.0,146400.0
40001630,100367.0,113448.0,147300.0
40001631,101067.0,111448.0,148200.0
40001632,101067.0,112448.0,148200.0
40001633,101067.0,111448.0,146400.0
40001634,101067.0,112448.0,146400.0
40001635,101067.0,111448.0,147300.0
40001636,101067.0,112448.0,147300.0
40001637,98067.0,114148.0,148200.0
40001638,98067.0,114148.0,146400.0
40001639,98067.0,114148.0,147300.0
40001640,111267.0,111060.0,148200.0
40001641,111267.0,111923.0,148200.0
40001642,111267.0,112785.0,148200.0
40001643,111267.0,111060.0,146400.0
40001644,111267.0,111923.0,146400.0
40001645,111267.0,112785.0,146400.0
40001646,111267.0,111060.0,147300.0
40001647,111267.0,112785.0,147300.0
40001648,111267.0,111923.0,147300.0
40001649,100367.0,114848.0,148200.0
40001650,100367.0,114848.0,146400.0
40001651,100367.0,114848.0,147300.0
40001652,105733.0,114848.0,148200.0
40001653,106600.0,114848.0,148200.0
40001654,105733.0,114848.0,146400.0
40001655,106600.0,114848.0,146400.0
40001656,105733.0,114848.0,147300.0
40001657,106600.0,114848.0,147300.0
40001658,107467.0,106710.0,148200.0
40001659,107467.0,106710.0,146400.0
40001660,107467.0,106710.0,147300.0
40001661,98067.0,102481.0,148200.0
40001662,98067.0,103414.0,148200.0
40001663,98067.0,102481.0,146400.0
40001664,98067.0,103414.0,146400.0
40001665,98067.0,102481.0,147300.0
40001666,98067.0,103414.0,147300.0
40001667,98067.0,105281.0,148200.0
40001668,98067.0,106214.0,148200.0
40001669,98067.0,105281.0,146400.0
40001670,98067.0,106214.0,146400.0
40001671,98067.0,105281.0,147300.0
40001672,98067.0,106214.0,147300.0
40001673,104867.0,114248.0,148200.0
40001674,104867.0,114248.0,146400.0
40001675,104867.0,114248.0,147300.0
40001676,98067.0,99381.0,148200.0
40001677,98067.0,100214.0,148200.0
40001678,98067.0,99381.0,146400.0
40001679,98067.0,100214.0,146400.0
40001680,98067.0,99381.0,147300.0
40001681,98067.0,100214.0,147300.0
40001682,24217.0,113842.0,149100.0
40001683,24217.0,112888.0,149100.0
40001684,24217.0,111942.0,149100.0
40001685,24217.0,110977.0,149100.0
40001686,24217.0,109999.0,149100.0
40001687,24217.0,109011.0,149100.0
40001688,24217.0,108071.0,149100.0
40001689,25167.0,113929.0,149100.0
40001690,25167.0,113007.0,149100.0
40001691,25167.0,112066.0,149100.0
40001692,25167.0,111102.0,149100.0
40001693,25167.0,110119.0,149100.0
40001694,25167.0,109126.0,149100.0
40001695,25167.0,108135.0,149100.0
40001696,26117.0,114015.0,149100.0
40001697,26117.0,113157.0,149100.0
40001698,26117.0,112223.0,149100.0
40001699,26117.0,111253.0,149100.0
40001700,26117.0,110256.0,149100.0
40001701,26117.0,109228.0,149100.0
40001702,26117.0,108189.0,149100.0
40001703,27767.0,114148.0,149100.0
40001704,29267.0,114148.0,149100.0
40001705,17833.0,112807.0,149100.0
40001706,17803.0,111978.0,149100.0
40001707,17814.0,109560.0,149100.0
40001708,17803.0,110360.0,149100.0
40001709,17797.0,111175.0,149100.0
40001710,18747.0,110499.0,149100.0
40001711,18711.0,111308.0,149100.0
40001712,18758.0,109644.0,149100.0
40001713,18725.0,111989.0,149100.0
40001714,18796.0,112799.0,149100.0
40001715,19605.0,111720.0,149100.0
40001716,19687.0,110724.0,149100.0
40001717,19711.0,109759.0,149100.0
40001718,19736.0,112715.0,149100.0
40001719,17727.0,107952.0,149100.0
40001720,18522.0,107951.0,149100.0
40001721,19173.0,107945.0,149100.0
40001722,19928.0,107945.0,149100.0
40001723,21533.0,107964.0,149100.0
40001724,22400.0,107968.0,149100.0
40001725,24217.0,106235.0,149100.0
40001726,24217.0,105296.0,149100.0
40001727,25167.0,106224.0,149100.0
40001728,25167.0,105289.0,149100.0
40001729,26117.0,106235.0,149100.0
40001730,26117.0,105296.0,149100.0
40001731,17733.0,100214.0,149100.0
40001732,17704.0,99381.0,149100.0
40001733,18596.0,100214.0,149100.0
40001734,18559.0,99381.0,149100.0
40001735,24217.0,103414.0,149100.0
40001736,24217.0,102481.0,149100.0
40001737,25167.0,103414.0,149100.0
40001738,25167.0,102481.0,149100.0
40001739,26117.0,103414.0,149100.0
40001740,26117.0,102481.0,149100.0
40001741,24217.0,100556.0,149100.0
40001742,24217.0,99559.0,149100.0
40001743,25167.0,100552.0,149100.0
40001744,25167.0,99553.0,149100.0
40001745,26117.0,100556.0,149100.0
40001746,26117.0,99559.0,149100.0
40001747,53835.0,107943.0,149100.0
40001748,54736.0,107923.0,149100.0
40001749,55602.0,107903.0,149100.0
40001750,109538.0,100214.0,149100.0
40001751,109574.0,99381.0,149100.0
40001752,110401.0,100214.0,149100.0
40001753,110429.0,99381.0,149100.0
40001754,98867.0,114148.0,149100.0
40001755,100367.0,114148.0,149100.0
40001756,108372.0,112745.0,149100.0
40001757,108436.0,111814.0,149100.0
40001758,108445.0,109786.0,149100.0
40001759,108536.0,110807.0,149100.0
40001760,109424.0,111113.0,149100.0
40001761,109371.0,111930.0,149100.0
40001762,109425.0,110435.0,149100.0
40001763,109388.0,109627.0,149100.0
40001764,109326.0,112783.0,149100.0
40001765,110341.0,110329.0,149100.0
40001766,110337.0,111124.0,149100.0
40001767,110328.0,109547.0,149100.0
40001768,110293.0,112795.0,149100.0
40001769,110320.0,111948.0,149100.0
40001770,101998.0,100556.0,149100.0
40001771,101962.0,99558.0,149100.0
40001772,102940.0,100552.0,149100.0
40001773,102881.0,99553.0,149100.0
40001774,103898.0,100556.0,149100.0
40001775,103862.0,99559.0,149100.0
40001776,108205.0,107945.0,149100.0
40001777,108960.0,107945.0,149100.0
40001778,109611.0,107951.0,149100.0
40001779,110406.0,107952.0,149100.0
40001780,102017.0,106235.0,149100.0
40001781,102017.0,105296.0,149100.0
40001782,102967.0,106224.0,149100.0
40001783,102967.0,105289.0,149100.0
40001784,103917.0,106235.0,149100.0
40001785,103917.0,105296.0,149100.0
40001786,101960.0,114011.0,149100.0
40001787,101992.0,113153.0,149100.0
40001788,102002.0,112222.0,149100.0
40001789,102007.0,111252.0,149100.0
40001790,102010.0,110256.0,149100.0
40001791,102012.0,109228.0,149100.0
40001792,102014.0,108190.0,149100.0
40001793,102877.0,113924.0,149100.0
40001794,102929.0,113003.0,149100.0
40001795,102946.0,112064.0,149100.0
40001796,102953.0,111102.0,149100.0
40001797,102957.0,110120.0,149100.0
40001798,102960.0,109127.0,149100.0
40001799,102963.0,108135.0,149100.0
40001800,103858.0,113839.0,149100.0
40001801,103890.0,112886.0,149100.0
40001802,103902.0,111941.0,149100.0
40001803,103907.0,110977.0,149100.0
40001804,103910.0,110000.0,149100.0
40001805,103912.0,109011.0,149100.0
40001806,103914.0,108072.0,149100.0
40001807,102017.0,103414.0,149100.0
40001808,102017.0,102481.0,149100.0
40001809,102967.0,103414.0,149100.0
40001810,102967.0,102481.0,149100.0
40001811,103917.0,103414.0,149100.0
40001812,103917.0,102481.0,149100.0
40001813,105733.0,107968.0,149100.0
40001814,106600.0,107964.0,149100.0
41000001,23267.0,114848.0,152700.0
41000002,27067.0,114848.0,152700.0
41000003,20667.0,114848.0,152700.0
41000004,30067.0,114848.0,152700.0
41000005,27067.0,113448.0,152700.0
41000006,27067.0,110448.0,152700.0
41000007,30067.0,113448.0,152700.0
41000008,20667.0,111848.0,152700.0
41000009,20667.0,108798.0,152700.0
41000010,23267.0,111848.0,152700.0
41000011,16867.0,108748.0,152700.0
41000012,23267.0,108798.0,152700.0
41000013,16867.0,107148.0,152700.0
41000014,30067.0,107148.0,152700.0
41000015,23267.0,107148.0,152700.0
41000016,20667.0,107123.0,152700.0
41000017,27067.0,107148.0,152700.0
41000018,16867.0,101048.0,152700.0
41000019,17767.0,107148.0,152700.0
41000020,17767.0,101048.0,152700.0
41000021,20667.0,104348.0,152700.0
41000022,23267.0,104348.0,152700.0
41000023,27067.0,104348.0,152700.0
41000024,20667.0,101548.0,152700.0
41000025,20667.0,101048.0,152700.0
41000026,23267.0,101548.0,152700.0
41000027,27067.0,101548.0,152700.0
41000028,20667.0,98548.0,152700.0
41000029,23267.0,98548.0,152700.0
41000030,27067.0,98548.0,152700.0
41000031,16867.0,110198.0,152700.0
41000032,30067.0,110448.0,152700.0
41000033,23267.0,109893.0,152700.0
41000034,28067.0,110448.0,152700.0
41000035,23267.0,106298.0,152700.0
41000036,27067.0,106298.0,152700.0
41000037,20167.0,107098.0,152700.0
41000038,23267.0,99593.0,152700.0
41000039,27067.0,99593.0,152700.0
41000040,18417.0,98548.0,152700.0
41000041,20667.0,113648.0,152700.0
41000042,16867.0,113648.0,152700.0
41000043,19917.0,113648.0,152700.0
41000044,19917.0,114848.0,152700.0
41000045,17867.0,113648.0,152700.0
41000046,17867.0,114848.0,152700.0
41000047,28467.0,113448.0,152700.0
41000048,28467.0,114848.0,152700.0
41000049,19467.0,98548.0,152700.0
41000050,19467.0,101048.0,152700.0
41000051,17767.0,103698.0,152700.0
41000052,16867.0,103698.0,152700.0
41000053,20667.0,106298.0,152700.0
41000054,23267.0,113648.0,152700.0
41000055,20667.0,109893.0,152700.0
41000056,4867.0,114848.0,152700.0
41000057,4867.0,106698.0,152700.0
41000058,4867.0,98548.0,152700.0
41000059,4867.0,87098.0,152700.0
41000060,4867.0,126298.0,152700.0
41000061,9467.0,126348.0,152700.0
41000062,13067.0,126348.0,152700.0
41000063,124067.0,114848.0,152700.0
41000064,124067.0,106698.0,152700.0
41000065,124067.0,98548.0,152700.0
41000066,124067.0,87098.0,152700.0
41000067,124067.0,126298.0,152700.0
41000068,30067.0,98548.0,152700.0
41000069,30067.0,104348.0,152700.0
41000070,30067.0,101548.0,152700.0
41000071,13067.0,87048.0,152700.0
41000072,9467.0,87048.0,152700.0
41000073,63747.0,110448.0,152700.0
41000074,60347.0,101048.0,152700.0
41000075,60347.0,107048.0,152700.0
41000076,63747.0,107148.0,152700.0
41000077,52947.0,114848.0,152700.0
41000078,56347.0,108748.0,152700.0
41000079,52947.0,103698.0,152700.0
41000080,53847.0,103698.0,152700.0
41000081,54497.0,98548.0,152700.0
41000082,56347.0,110448.0,152700.0
41000083,52947.0,110198.0,152700.0
41000084,56347.0,113448.0,152700.0
41000085,52947.0,101048.0,152700.0
41000086,53847.0,101048.0,152700.0
41000087,53847.0,107148.0,152700.0
41000088,52947.0,107148.0,152700.0
41000089,56347.0,107048.0,152700.0
41000090,52947.0,108748.0,152700.0
41000091,56347.0,101548.0,152700.0
41000092,55947.0,107048.0,152700.0
41000093,56347.0,106298.0,152700.0
41000094,60347.0,110448.0,152700.0
41000095,56347.0,104348.0,152700.0
41000096,56347.0,101048.0,152700.0
41000097,63747.0,101048.0,152700.0
41000098,52947.0,98548.0,152700.0
41000099,60347.0,104348.0,152700.0
41000100,119800.0,87048.0,152700.0
41000101,115533.0,87048.0,152700.0
41000102,111267.0,103698.0,152700.0
41000103,110367.0,103698.0,152700.0
41000104,108667.0,101048.0,152700.0
41000105,108667.0,98548.0,152700.0
41000106,99667.0,114848.0,152700.0
41000107,99667.0,113448.0,152700.0
41000108,110267.0,114848.0,152700.0
41000109,110267.0,113648.0,152700.0
41000110,108217.0,114848.0,152700.0
41000111,108217.0,113648.0,152700.0
41000112,111267.0,113648.0,152700.0
41000113,107467.0,113648.0,152700.0
41000114,109717.0,98548.0,152700.0
41000115,101067.0,99593.0,152700.0
41000116,104867.0,99593.0,152700.0
41000117,107967.0,107098.0,152700.0
41000118,101067.0,106298.0,152700.0
41000119,104867.0,106298.0,152700.0
41000120,100067.0,110448.0,152700.0
41000121,104867.0,109893.0,152700.0
41000122,98067.0,110448.0,152700.0
41000123,111267.0,110198.0,152700.0
41000124,101067.0,98548.0,152700.0
41000125,104867.0,98548.0,152700.0
41000126,107467.0,98548.0,152700.0
41000127,101067.0,101548.0,152700.0
41000128,104867.0,101548.0,152700.0
41000129,107467.0,101048.0,152700.0
41000130,107467.0,101548.0,152700.0
41000131,101067.0,104348.0,152700.0
41000132,104867.0,104348.0,152700.0
41000133,107467.0,104348.0,152700.0
41000134,110367.0,101048.0,152700.0
41000135,110367.0,107148.0,152700.0
41000136,111267.0,101048.0,152700.0
41000137,101067.0,107148.0,152700.0
41000138,107467.0,107123.0,152700.0
41000139,104867.0,107148.0,152700.0
41000140,98067.0,107148.0,152700.0
41000141,111267.0,107148.0,152700.0
41000142,104867.0,108798.0,152700.0
41000143,111267.0,108748.0,152700.0
41000144,104867.0,111848.0,152700.0
41000145,107467.0,108798.0,152700.0
41000146,107467.0,111848.0,152700.0
41000147,98067.0,113448.0,152700.0
41000148,101067.0,110448.0,152700.0
41000149,101067.0,113448.0,152700.0
41000150,98067.0,114848.0,152700.0
41000151,107467.0,114848.0,152700.0
41000152,101067.0,114848.0,152700.0
41000153,104867.0,114848.0,152700.0
41000154,107467.0,106298.0,152700.0
41000155,98067.0,101548.0,152700.0
41000156,98067.0,104348.0,152700.0
41000157,107467.0,109893.0,152700.0
41000158,104867.0,113648.0,152700.0
41000159,98067.0,101048.0,152700.0
41000160,98067.0,98548.0,152700.0
41000161,56347.0,98548.0,152700.0
41000162,63747.0,98548.0,152700.0
41000163,56347.0,114848.0,152700.0
41000164,60347.0,114848.0,152700.0
41000165,60347.0,98548.0,152700.0
41000166,63747.0,114848.0,152700.0
41000167,16867.0,114848.0,152700.0
41000168,30067.0,126298.0,152700.0
41000169,16867.0,106698.0,152700.0
41000170,16867.0,98548.0,152700.0
41000171,16867.0,87098.0,152700.0
41000172,16867.0,126298.0,152700.0
41000173,30067.0,87098.0,152700.0
41000174,111267.0,98548.0,152700.0
41000175,111267.0,87098.0,152700.0
41000176,111267.0,126298.0,152700.0
41000177,98067.0,87098.0,152700.0
41000178,98067.0,126298.0,152700.0
41000179,111267.0,106698.0,152700.0
41000180,111267.0,114848.0,152700.0
41000181,41507.0,87098.0,152700.0
41000182,41507.0,126298.0,152700.0
41000183,52947.0,87098.0,152700.0
41000184,52947.0,126298.0,152700.0
41000185,75187.0,87098.0,152700.0
41000186,75187.0,126298.0,152700.0
41000187,86627.0,126298.0,152700.0
41000188,86627.0,87098.0,152700.0
41000189,63747.0,87098.0,152700.0
41000190,63747.0,126298.0,152700.0
41000191,102700.0,126348.0,152700.0
41000192,102700.0,114848.0,152700.0
41000193,102700.0,87048.0,152700.0
41000194,102700.0,98548.0,152700.0
41000195,119800.0,126348.0,152700.0
41000196,115533.0,126348.0,152700.0
41000197,107467.0,87048.0,152700.0
41000198,107467.0,126348.0,152700.0
41000199,92347.0,126348.0,152700.0
41000200,92347.0,87048.0,152700.0
41000201,80907.0,126348.0,152700.0
41000202,80907.0,87048.0,152700.0
41000203,69442.0,126348.0,152700.0
41000204,69442.0,87048.0,152700.0
41000205,47227.0,126348.0,152700.0
41000206,47227.0,87048.0,152700.0
41000207,58347.0,98548.0,152700.0
41000208,58347.0,87048.0,152700.0
41000209,58347.0,114848.0,152700.0
41000210,58347.0,126348.0,152700.0
41000211,35787.0,126348.0,152700.0
41000212,35787.0,87048.0,152700.0
41000213,25167.0,114848.0,152700.0
41000214,25167.0,126348.0,152700.0
41000215,25167.0,98548.0,152700.0
41000216,25167.0,87048.0,152700.0
41000217,20667.0,87048.0,152700.0
41000218,20667.0,126348.0,152700.0
41000219,86627.0,98548.0,152700.0
41000220,86627.0,114848.0,152700.0
41000221,86627.0,107148.0,152700.0
41000222,75187.0,98548.0,152700.0
41000223,75187.0,114848.0,152700.0
41000224,75187.0,107148.0,152700.0
41000225,13067.0,98548.0,152700.0
41000226,13067.0,114848.0,152700.0
41000227,13067.0,106698.0,152700.0
41000228,9467.0,98548.0,152700.0
41000229,9467.0,114848.0,152700.0
41000230,9467.0,106698.0,152700.0
41000231,119800.0,98548.0,152700.0
41000232,119800.0,114848.0,152700.0
41000233,119800.0,106698.0,152700.0
41000234,115533.0,98548.0,152700.0
41000235,115533.0,114848.0,152700.0
41000236,115533.0,106698.0,152700.0
41000237,92347.0,98548.0,152700.0
41000238,80907.0,98548.0,152700.0
41000239,69442.0,98548.0,152700.0
41000240,47227.0,98548.0,152700.0
41000241,35787.0,98548.0,152700.0
41000242,41507.0,98548.0,152700.0
41000243,92347.0,114848.0,152700.0
41000244,80907.0,114848.0,152700.0
41000245,69442.0,114848.0,152700.0
41000246,47227.0,114848.0,152700.0
41000247,35787.0,114848.0,152700.0
41000248,41507.0,114848.0,152700.0
41000249,47227.0,107148.0,152700.0
41000250,35787.0,107148.0,152700.0
41000251,41507.0,107148.0,152700.0
41000252,92347.0,107148.0,152700.0
41000253,80907.0,107148.0,152700.0
41000254,69442.0,107148.0,152700.0
41000255,16867.0,108748.0,151900.0
41000256,16867.0,110198.0,151900.0
41000257,27067.0,113448.0,152100.0
41000258,27067.0,114848.0,152100.0
41000259,20667.0,107123.0,152100.0
41000260,20667.0,108798.0,152100.0
41000261,28067.0,110448.0,152100.0
41000262,30067.0,110448.0,152100.0
41000263,16867.0,107148.0,151900.0
41000264,23267.0,107148.0,152100.0
41000265,23267.0,108798.0,152100.0
41000266,17767.0,107148.0,152000.0
41000267,20167.0,107098.0,152000.0
41000268,18417.0,98548.0,151900.0
41000269,19467.0,98548.0,151900.0
41000270,28467.0,113448.0,152100.0
41000271,30067.0,113448.0,152100.0
41000272,20667.0,98548.0,151900.0
41000273,52947.0,107148.0,151900.0
41000274,52947.0,108748.0,151900.0
41000275,56347.0,113448.0,152100.0
41000276,56347.0,114848.0,152100.0
41000277,52947.0,110198.0,151900.0
41000278,53847.0,107148.0,152000.0
41000279,55947.0,107048.0,152000.0
41000280,54497.0,98548.0,151900.0
41000281,56347.0,98548.0,151900.0
41000282,107467.0,98548.0,151900.0
41000283,108667.0,98548.0,151900.0
41000284,98067.0,113448.0,152100.0
41000285,99667.0,113448.0,152100.0
41000286,107967.0,107098.0,152000.0
41000287,110367.0,107148.0,152000.0
41000288,104867.0,107148.0,152100.0
41000289,104867.0,108798.0,152100.0
41000290,111267.0,107148.0,151900.0
41000291,111267.0,108748.0,151900.0
41000292,107467.0,107123.0,152100.0
41000293,107467.0,108798.0,152100.0
41000294,101067.0,113448.0,152100.0
41000295,101067.0,114848.0,152100.0
41000296,111267.0,110198.0,151900.0
41000297,98067.0,110448.0,152100.0
41000298,100067.0,110448.0,152100.0
41000299,109717.0,98548.0,151900.0
41000300,17367.0,114848.0,152700.0
41000301,21533.0,114848.0,152700.0
41000302,22400.0,114848.0,152700.0
41000303,27767.0,114848.0,152700.0
41000304,16867.0,111060.0,152700.0
41000305,16867.0,111923.0,152700.0
41000306,16867.0,112785.0,152700.0
41000307,16867.0,109110.0,152700.0
41000308,16867.0,109473.0,152700.0
41000309,16867.0,109835.0,152700.0
41000310,27067.0,113798.0,152700.0
41000311,27067.0,114148.0,152700.0
41000312,27067.0,114498.0,152700.0
41000313,30067.0,114148.0,152700.0
41000314,27067.0,111448.0,152700.0
41000315,27067.0,112448.0,152700.0
41000316,27767.0,113448.0,152700.0
41000317,27567.0,110448.0,152700.0
41000318,30067.0,111448.0,152700.0
41000319,30067.0,112448.0,152700.0
41000320,20667.0,109345.0,152700.0
41000321,20667.0,107541.0,152700.0
41000322,20667.0,107960.0,152700.0
41000323,20667.0,108379.0,152700.0
41000324,21533.0,108798.0,152700.0
41000325,22400.0,108798.0,152700.0
41000326,23267.0,109345.0,152700.0
41000327,28567.0,110448.0,152700.0
41000328,29067.0,110448.0,152700.0
41000329,29567.0,110448.0,152700.0
41000330,16867.0,107548.0,152700.0
41000331,16867.0,107948.0,152700.0
41000332,16867.0,108348.0,152700.0
41000333,23267.0,107560.0,152700.0
41000334,23267.0,107973.0,152700.0
41000335,23267.0,108385.0,152700.0
41000336,17317.0,107148.0,152700.0
41000337,21533.0,107131.0,152700.0
41000338,22400.0,107139.0,152700.0
41000339,23267.0,106723.0,152700.0
41000340,27067.0,106723.0,152700.0
41000341,28067.0,107148.0,152700.0
41000342,29067.0,107148.0,152700.0
41000343,16867.0,101931.0,152700.0
41000344,16867.0,102814.0,152700.0
41000345,16867.0,99381.0,152700.0
41000346,16867.0,100214.0,152700.0
41000347,17317.0,101048.0,152700.0
41000348,18167.0,107139.0,152700.0
41000349,18567.0,107131.0,152700.0
41000350,18967.0,107123.0,152700.0
41000351,19367.0,107114.0,152700.0
41000352,19767.0,107106.0,152700.0
41000353,18617.0,101048.0,152700.0
41000354,20667.0,99381.0,152700.0
41000355,20667.0,100214.0,152700.0
41000356,17642.0,98548.0,152700.0
41000357,18942.0,98548.0,152700.0
41000358,21533.0,98548.0,152700.0
41000359,22400.0,98548.0,152700.0
41000360,23267.0,99070.0,152700.0
41000361,27067.0,99070.0,152700.0
41000362,28067.0,98548.0,152700.0
41000363,29067.0,98548.0,152700.0
41000364,16867.0,114248.0,152700.0
41000365,20667.0,114248.0,152700.0
41000366,20292.0,114848.0,152700.0
41000367,18142.0,114848.0,152700.0
41000368,18642.0,114848.0,152700.0
41000369,19142.0,114848.0,152700.0
41000370,19642.0,114848.0,152700.0
41000371,29267.0,114848.0,152700.0
41000372,28867.0,113448.0,152700.0
41000373,29267.0,113448.0,152700.0
41000374,29667.0,113448.0,152700.0
41000375,20067.0,101048.0,152700.0
41000376,20067.0,98548.0,152700.0
41000377,16867.0,104698.0,152700.0
41000378,16867.0,105698.0,152700.0
41000379,20667.0,106710.0,152700.0
41000380,23267.0,114248.0,152700.0
41000381,30067.0,99381.0,152700.0
41000382,30067.0,100214.0,152700.0
41000383,30067.0,100881.0,152700.0
41000384,30067.0,105281.0,152700.0
41000385,30067.0,106214.0,152700.0
41000386,30067.0,102481.0,152700.0
41000387,30067.0,103414.0,152700.0
41000388,60347.0,101873.0,152700.0
41000389,60347.0,102698.0,152700.0
41000390,60347.0,103523.0,152700.0
41000391,63747.0,111328.0,152700.0
41000392,63747.0,112208.0,152700.0
41000393,63747.0,113088.0,152700.0
41000394,63747.0,113968.0,152700.0
41000395,61022.0,114848.0,152700.0
41000396,61697.0,114848.0,152700.0
41000397,62197.0,114848.0,152700.0
41000398,62697.0,114848.0,152700.0
41000399,63197.0,114848.0,152700.0
41000400,52947.0,104560.0,152700.0
41000401,52947.0,105423.0,152700.0
41000402,52947.0,106285.0,152700.0
41000403,53722.0,98548.0,152700.0
41000404,52947.0,99381.0,152700.0
41000405,52947.0,100214.0,152700.0
41000406,52947.0,101931.0,152700.0
41000407,52947.0,102814.0,152700.0
41000408,53397.0,101048.0,152700.0
41000409,53397.0,107148.0,152700.0
41000410,52947.0,107548.0,152700.0
41000411,52947.0,107948.0,152700.0
41000412,52947.0,108348.0,152700.0
41000413,56347.0,111328.0,152700.0
41000414,56347.0,112208.0,152700.0
41000415,56347.0,113088.0,152700.0
41000416,56347.0,113798.0,152700.0
41000417,56347.0,114148.0,152700.0
41000418,56347.0,114498.0,152700.0
41000419,52947.0,109110.0,152700.0
41000420,52947.0,109473.0,152700.0
41000421,52947.0,109835.0,152700.0
41000422,52947.0,111128.0,152700.0
41000423,52947.0,112058.0,152700.0
41000424,52947.0,112988.0,152700.0
41000425,52947.0,113918.0,152700.0
41000426,53622.0,114848.0,152700.0
41000427,54297.0,114848.0,152700.0
41000428,54797.0,114848.0,152700.0
41000429,55297.0,114848.0,152700.0
41000430,55797.0,114848.0,152700.0
41000431,54372.0,107123.0,152700.0
41000432,54897.0,107098.0,152700.0
41000433,55422.0,107073.0,152700.0
41000434,61197.0,110448.0,152700.0
41000435,62047.0,110448.0,152700.0
41000436,62897.0,110448.0,152700.0
41000437,56347.0,106673.0,152700.0
41000438,56347.0,99381.0,152700.0
41000439,56347.0,100214.0,152700.0
41000440,54959.0,98548.0,152700.0
41000441,55422.0,98548.0,152700.0
41000442,55884.0,98548.0,152700.0
41000443,63747.0,102064.0,152700.0
41000444,63747.0,103081.0,152700.0
41000445,63747.0,104098.0,152700.0
41000446,63747.0,105114.0,152700.0
41000447,63747.0,106131.0,152700.0
41000448,63747.0,99381.0,152700.0
41000449,63747.0,100214.0,152700.0
41000450,54680.0,101048.0,152700.0
41000451,55513.0,101048.0,152700.0
41000452,60822.0,98548.0,152700.0
41000453,61297.0,98548.0,152700.0
41000454,61797.0,98548.0,152700.0
41000455,62297.0,98548.0,152700.0
41000456,62797.0,98548.0,152700.0
41000457,63272.0,98548.0,152700.0
41000458,61197.0,101048.0,152700.0
41000459,62047.0,101048.0,152700.0
41000460,62897.0,101048.0,152700.0
41000461,111267.0,104698.0,152700.0
41000462,111267.0,105698.0,152700.0
41000463,108067.0,98548.0,152700.0
41000464,108067.0,101048.0,152700.0
41000465,98467.0,113448.0,152700.0
41000466,98867.0,113448.0,152700.0
41000467,99267.0,113448.0,152700.0
41000468,98867.0,114848.0,152700.0
41000469,108492.0,114848.0,152700.0
41000470,108992.0,114848.0,152700.0
41000471,109492.0,114848.0,152700.0
41000472,109992.0,114848.0,152700.0
41000473,107842.0,114848.0,152700.0
41000474,107467.0,114248.0,152700.0
41000475,111267.0,114248.0,152700.0
41000476,110767.0,114848.0,152700.0
41000477,110492.0,98548.0,152700.0
41000478,99067.0,98548.0,152700.0
41000479,100067.0,98548.0,152700.0
41000480,105733.0,98548.0,152700.0
41000481,106600.0,98548.0,152700.0
41000482,101067.0,99070.0,152700.0
41000483,104867.0,99070.0,152700.0
41000484,107467.0,99381.0,152700.0
41000485,107467.0,100214.0,152700.0
41000486,109517.0,101048.0,152700.0
41000487,108367.0,107106.0,152700.0
41000488,108767.0,107114.0,152700.0
41000489,109167.0,107123.0,152700.0
41000490,109567.0,107131.0,152700.0
41000491,109967.0,107139.0,152700.0
41000492,110817.0,101048.0,152700.0
41000493,111267.0,99381.0,152700.0
41000494,111267.0,100214.0,152700.0
41000495,111267.0,101931.0,152700.0
41000496,111267.0,102814.0,152700.0
41000497,99067.0,107148.0,152700.0
41000498,100067.0,107148.0,152700.0
41000499,101067.0,106723.0,152700.0
41000500,104867.0,106723.0,152700.0
41000501,105733.0,107139.0,152700.0
41000502,106600.0,107131.0,152700.0
41000503,110817.0,107148.0,152700.0
41000504,104867.0,107560.0,152700.0
41000505,104867.0,107973.0,152700.0
41000506,104867.0,108385.0,152700.0
41000507,111267.0,107548.0,152700.0
41000508,111267.0,107948.0,152700.0
41000509,111267.0,108348.0,152700.0
41000510,104867.0,109345.0,152700.0
41000511,105733.0,108798.0,152700.0
41000512,106600.0,108798.0,152700.0
41000513,107467.0,107541.0,152700.0
41000514,107467.0,107960.0,152700.0
41000515,107467.0,108379.0,152700.0
41000516,107467.0,109345.0,152700.0
41000517,98067.0,111448.0,152700.0
41000518,98067.0,112448.0,152700.0
41000519,100567.0,110448.0,152700.0
41000520,100367.0,113448.0,152700.0
41000521,101067.0,111448.0,152700.0
41000522,101067.0,112448.0,152700.0
41000523,98067.0,114148.0,152700.0
41000524,101067.0,113798.0,152700.0
41000525,101067.0,114148.0,152700.0
41000526,101067.0,114498.0,152700.0
41000527,111267.0,109110.0,152700.0
41000528,111267.0,109473.0,152700.0
41000529,111267.0,109835.0,152700.0
41000530,111267.0,111060.0,152700.0
41000531,111267.0,111923.0,152700.0
41000532,111267.0,112785.0,152700.0
41000533,100367.0,114848.0,152700.0
41000534,105733.0,114848.0,152700.0
41000535,106600.0,114848.0,152700.0
41000536,107467.0,106710.0,152700.0
41000537,98067.0,102481.0,152700.0
41000538,98067.0,103414.0,152700.0
41000539,98067.0,105281.0,152700.0
41000540,98067.0,106214.0,152700.0
41000541,104867.0,114248.0,152700.0
41000542,98067.0,99381.0,152700.0
41000543,98067.0,100214.0,152700.0
41000544,98567.0,110448.0,152700.0
41000545,99067.0,110448.0,152700.0
41000546,99567.0,110448.0,152700.0
41000547,109192.0,98548.0,152700.0
41000548,16867.0,114848.0,151600.0
41000549,16867.0,114848.0,150766.0
41000550,16867.0,114848.0,149933.0
41000551,17867.0,114848.0,151600.0
41000552,17867.0,114848.0,150766.0
41000553,17867.0,114848.0,149933.0
41000554,20667.0,114848.0,151600.0
41000555,20667.0,114848.0,150766.0
41000556,20667.0,114848.0,149933.0
41000557,23267.0,114848.0,151700.0
41000558,23267.0,114848.0,150833.0
41000559,23267.0,114848.0,149966.0
41000560,28467.0,114848.0,151800.0
41000561,28467.0,114848.0,150900.0
41000562,28467.0,114848.0,150000.0
41000563,27067.0,110448.0,151800.0
41000564,27067.0,110448.0,150900.0
41000565,27067.0,110448.0,150000.0
41000566,20667.0,109893.0,151800.0
41000567,20667.0,109893.0,150900.0
41000568,20667.0,109893.0,150000.0
41000569,16867.0,113648.0,151600.0
41000570,16867.0,113648.0,150766.0
41000571,16867.0,113648.0,149933.0
41000572,23267.0,109893.0,151800.0
41000573,23267.0,109893.0,150900.0
41000574,23267.0,109893.0,150000.0
41000575,16867.0,106698.0,151800.0
41000576,16867.0,106698.0,150900.0
41000577,16867.0,106698.0,150000.0
41000578,23267.0,106298.0,151800.0
41000579,23267.0,106298.0,150900.0
41000580,23267.0,106298.0,150000.0
41000581,27067.0,106298.0,151800.0
41000582,27067.0,106298.0,150900.0
41000583,27067.0,106298.0,150000.0
41000584,27067.0,107148.0,151800.0
41000585,27067.0,107148.0,150900.0
41000586,27067.0,107148.0,150000.0
41000587,16867.0,101048.0,151800.0
41000588,16867.0,101048.0,150900.0
41000589,16867.0,101048.0,150000.0
41000590,16867.0,103698.0,151800.0
41000591,16867.0,103698.0,150900.0
41000592,16867.0,103698.0,150000.0
41000593,16867.0,98548.0,151800.0
41000594,16867.0,98548.0,150900.0
41000595,16867.0,98548.0,150000.0
41000596,17767.0,101048.0,151800.0
41000597,17767.0,101048.0,150900.0
41000598,17767.0,101048.0,150000.0
41000599,19467.0,101048.0,151800.0
41000600,19467.0,101048.0,150900.0
41000601,19467.0,101048.0,150000.0
41000602,20667.0,101048.0,151800.0
41000603,20667.0,101048.0,150900.0
41000604,20667.0,101048.0,150000.0
41000605,23267.0,98548.0,151800.0
41000606,23267.0,98548.0,150900.0
41000607,23267.0,98548.0,150000.0
41000608,23267.0,99593.0,151800.0
41000609,23267.0,99593.0,150900.0
41000610,23267.0,99593.0,150000.0
41000611,27067.0,98548.0,151800.0
41000612,27067.0,98548.0,150900.0
41000613,27067.0,98548.0,150000.0
41000614,27067.0,99593.0,151800.0
41000615,27067.0,99593.0,150900.0
41000616,27067.0,99593.0,150000.0
41000617,30067.0,98548.0,151800.0
41000618,30067.0,98548.0,150900.0
41000619,30067.0,98548.0,150000.0
41000620,19917.0,114848.0,151600.0
41000621,19917.0,114848.0,150766.0
41000622,19917.0,114848.0,149933.0
41000623,30067.0,114848.0,151800.0
41000624,30067.0,114848.0,150900.0
41000625,30067.0,114848.0,150000.0
41000626,20667.0,106298.0,151800.0
41000627,20667.0,106298.0,150900.0
41000628,20667.0,106298.0,150000.0
41000629,20667.0,113648.0,151600.0
41000630,20667.0,113648.0,150766.0
41000631,20667.0,113648.0,149933.0
41000632,23267.0,113648.0,151800.0
41000633,23267.0,113648.0,150900.0
41000634,23267.0,113648.0,150000.0
41000635,20667.0,101548.0,151800.0
41000636,20667.0,101548.0,150900.0
41000637,20667.0,101548.0,150000.0
41000638,30067.0,107148.0,151800.0
41000639,30067.0,107148.0,150900.0
41000640,30067.0,107148.0,150000.0
41000641,30067.0,104348.0,151800.0
41000642,30067.0,104348.0,150900.0
41000643,30067.0,104348.0,150000.0
41000644,30067.0,101548.0,151800.0
41000645,30067.0,101548.0,150900.0
41000646,30067.0,101548.0,150000.0
41000647,60347.0,101048.0,151600.0
41000648,60347.0,101048.0,150766.0
41000649,60347.0,101048.0,149933.0
41000650,60347.0,104348.0,151600.0
41000651,60347.0,104348.0,150766.0
41000652,60347.0,104348.0,149933.0
41000653,63747.0,110448.0,151600.0
41000654,63747.0,110448.0,150766.0
41000655,63747.0,110448.0,149933.0
41000656,63747.0,114848.0,151600.0
41000657,63747.0,114848.0,150766.0
41000658,63747.0,114848.0,149933.0
41000659,60347.0,114848.0,151600.0
41000660,60347.0,114848.0,150766.0
41000661,60347.0,114848.0,149933.0
41000662,52947.0,103698.0,151800.0
41000663,52947.0,103698.0,150900.0
41000664,52947.0,103698.0,150000.0
41000665,52947.0,98548.0,151800.0
41000666,52947.0,98548.0,150900.0
41000667,52947.0,98548.0,150000.0
41000668,52947.0,101048.0,151800.0
41000669,52947.0,101048.0,150900.0
41000670,52947.0,101048.0,150000.0
41000671,53847.0,101048.0,151800.0
41000672,53847.0,101048.0,150900.0
41000673,53847.0,101048.0,150000.0
41000674,56347.0,107048.0,151800.0
41000675,56347.0,107048.0,150900.0
41000676,56347.0,107048.0,150000.0
41000677,56347.0,110448.0,151800.0
41000678,56347.0,110448.0,150900.0
41000679,56347.0,110448.0,150000.0
41000680,52947.0,114848.0,151600.0
41000681,52947.0,114848.0,150766.0
41000682,52947.0,114848.0,149933.0
41000683,60347.0,110448.0,151600.0
41000684,60347.0,110448.0,150766.0
41000685,60347.0,110448.0,149933.0
41000686,56347.0,106298.0,151800.0
41000687,56347.0,106298.0,150900.0
41000688,56347.0,106298.0,150000.0
41000689,56347.0,101048.0,151800.0
41000690,56347.0,101048.0,150900.0
41000691,56347.0,101048.0,150000.0
41000692,56347.0,101548.0,151800.0
41000693,56347.0,101548.0,150900.0
41000694,56347.0,101548.0,150000.0
41000695,63747.0,101048.0,151600.0
41000696,63747.0,101048.0,150766.0
41000697,63747.0,101048.0,149933.0
41000698,63747.0,107148.0,151600.0
41000699,63747.0,107148.0,150766.0
41000700,63747.0,107148.0,149933.0
41000701,63747.0,98548.0,151600.0
41000702,63747.0,98548.0,150766.0
41000703,63747.0,98548.0,149933.0
41000704,60347.0,98548.0,151600.0
41000705,60347.0,98548.0,150766.0
41000706,60347.0,98548.0,149933.0
41000707,111267.0,103698.0,151800.0
41000708,111267.0,103698.0,150900.0
41000709,111267.0,103698.0,150000.0
41000710,111267.0,106698.0,151800.0
41000711,111267.0,106698.0,150900.0
41000712,111267.0,106698.0,150000.0
41000713,107467.0,101048.0,151800.0
41000714,107467.0,101048.0,150900.0
41000715,107467.0,101048.0,150000.0
41000716,108667.0,101048.0,151800.0
41000717,108667.0,101048.0,150900.0
41000718,108667.0,101048.0,150000.0
41000719,98067.0,114848.0,151800.0
41000720,98067.0,114848.0,150900.0
41000721,98067.0,114848.0,150000.0
41000722,99667.0,114848.0,151800.0
41000723,99667.0,114848.0,150900.0
41000724,99667.0,114848.0,150000.0
41000725,108217.0,114848.0,151600.0
41000726,108217.0,114848.0,150766.0
41000727,108217.0,114848.0,149933.0
41000728,110267.0,114848.0,151600.0
41000729,110267.0,114848.0,150766.0
41000730,110267.0,114848.0,149933.0
41000731,107467.0,114848.0,151700.0
41000732,107467.0,114848.0,150833.0
41000733,107467.0,114848.0,149966.0
41000734,107467.0,113648.0,151600.0
41000735,107467.0,113648.0,150766.0
41000736,107467.0,113648.0,149933.0
41000737,111267.0,113648.0,151800.0
41000738,111267.0,113648.0,150900.0
41000739,111267.0,113648.0,150000.0
41000740,111267.0,114848.0,151700.0
41000741,111267.0,114848.0,150833.0
41000742,111267.0,114848.0,149966.0
41000743,111267.0,98548.0,151800.0
41000744,111267.0,98548.0,150900.0
41000745,111267.0,98548.0,150000.0
41000746,98067.0,98548.0,151800.0
41000747,98067.0,98548.0,150900.0
41000748,98067.0,98548.0,150000.0
41000749,101067.0,98548.0,151800.0
41000750,101067.0,98548.0,150900.0
41000751,101067.0,98548.0,150000.0
41000752,104867.0,98548.0,151800.0
41000753,104867.0,98548.0,150900.0
41000754,104867.0,98548.0,150000.0
41000755,101067.0,99593.0,151800.0
41000756,101067.0,99593.0,150900.0
41000757,101067.0,99593.0,150000.0
41000758,104867.0,99593.0,151800.0
41000759,104867.0,99593.0,150900.0
41000760,104867.0,99593.0,150000.0
41000761,107467.0,101548.0,151800.0
41000762,107467.0,101548.0,150900.0
41000763,107467.0,101548.0,150000.0
41000764,110367.0,101048.0,151800.0
41000765,110367.0,101048.0,150900.0
41000766,110367.0,101048.0,150000.0
41000767,111267.0,101048.0,151800.0
41000768,111267.0,101048.0,150900.0
41000769,111267.0,101048.0,150000.0
41000770,98067.0,107148.0,151800.0
41000771,98067.0,107148.0,150900.0
41000772,98067.0,107148.0,150000.0
41000773,101067.0,107148.0,151800.0
41000774,101067.0,107148.0,150900.0
41000775,101067.0,107148.0,150000.0
41000776,101067.0,106298.0,151800.0
41000777,101067.0,106298.0,150900.0
41000778,101067.0,106298.0,150000.0
41000779,104867.0,106298.0,151800.0
41000780,104867.0,106298.0,150900.0
41000781,104867.0,106298.0,150000.0
41000782,104867.0,109893.0,151800.0
41000783,104867.0,109893.0,150900.0
41000784,104867.0,109893.0,150000.0
41000785,107467.0,109893.0,151800.0
41000786,107467.0,109893.0,150900.0
41000787,107467.0,109893.0,150000.0
41000788,101067.0,110448.0,151800.0
41000789,101067.0,110448.0,150900.0
41000790,101067.0,110448.0,150000.0
41000791,104867.0,114848.0,151800.0
41000792,104867.0,114848.0,150900.0
41000793,104867.0,114848.0,150000.0
41000794,107467.0,106298.0,151800.0
41000795,107467.0,106298.0,150900.0
41000796,107467.0,106298.0,150000.0
41000797,98067.0,101548.0,151800.0
41000798,98067.0,101548.0,150900.0
41000799,98067.0,101548.0,150000.0
41000800,98067.0,104348.0,151800.0
41000801,98067.0,104348.0,150900.0
41000802,98067.0,104348.0,150000.0
41000803,104867.0,113648.0,151800.0
41000804,104867.0,113648.0,150900.0
41000805,104867.0,113648.0,150000.0
41000806,98067.0,101048.0,151800.0
41000807,98067.0,101048.0,150900.0
41000808,98067.0,101048.0,150000.0
41000809,16867.0,109110.0,151900.0
41000810,16867.0,109473.0,151900.0
41000811,16867.0,109835.0,151900.0
41000812,27067.0,113798.0,152100.0
41000813,27067.0,114148.0,152100.0
41000814,27067.0,114498.0,152100.0
41000815,20667.0,107541.0,152100.0
41000816,20667.0,107960.0,152100.0
41000817,20667.0,108379.0,152100.0
41000818,28567.0,110448.0,152100.0
41000819,29067.0,110448.0,152100.0
41000820,29567.0,110448.0,152100.0
41000821,16867.0,107548.0,151900.0
41000822,16867.0,107948.0,151900.0
41000823,16867.0,108348.0,151900.0
41000824,23267.0,107560.0,152100.0
41000825,23267.0,107973.0,152100.0
41000826,23267.0,108385.0,152100.0
41000827,18167.0,107139.0,152000.0
41000828,18567.0,107131.0,152000.0
41000829,18967.0,107123.0,152000.0
41000830,19367.0,107114.0,152000.0
41000831,19767.0,107106.0,152000.0
41000832,18942.0,98548.0,151900.0
41000833,28867.0,113448.0,152100.0
41000834,29267.0,113448.0,152100.0
41000835,29667.0,113448.0,152100.0
41000836,20067.0,98548.0,151900.0
41000837,52947.0,107548.0,151900.0
41000838,52947.0,107948.0,151900.0
41000839,52947.0,108348.0,151900.0
41000840,56347.0,113798.0,152100.0
41000841,56347.0,114148.0,152100.0
41000842,56347.0,114498.0,152100.0
41000843,52947.0,109110.0,151900.0
41000844,52947.0,109473.0,151900.0
41000845,52947.0,109835.0,151900.0
41000846,54372.0,107123.0,152000.0
41000847,54897.0,107098.0,152000.0
41000848,55422.0,107073.0,152000.0
41000849,54959.0,98548.0,151900.0
41000850,55422.0,98548.0,151900.0
41000851,55884.0,98548.0,151900.0
41000852,108067.0,98548.0,151900.0
41000853,98467.0,113448.0,152100.0
41000854,98867.0,113448.0,152100.0
41000855,99267.0,113448.0,152100.0
41000856,108367.0,107106.0,152000.0
41000857,108767.0,107114.0,152000.0
41000858,109167.0,107123.0,152000.0
41000859,109567.0,107131.0,152000.0
41000860,109967.0,107139.0,152000.0
41000861,104867.0,107560.0,152100.0
41000862,104867.0,107973.0,152100.0
41000863,104867.0,108385.0,152100.0
41000864,111267.0,107548.0,151900.0
41000865,111267.0,107948.0,151900.0
41000866,111267.0,108348.0,151900.0
41000867,107467.0,107541.0,152100.0
41000868,107467.0,107960.0,152100.0
41000869,107467.0,108379.0,152100.0
41000870,101067.0,113798.0,152100.0
41000871,101067.0,114148.0,152100.0
41000872,101067.0,114498.0,152100.0
41000873,111267.0,109110.0,151900.0
41000874,111267.0,109473.0,151900.0
41000875,111267.0,109835.0,151900.0
41000876,98567.0,110448.0,152100.0
41000877,99067.0,110448.0,152100.0
41000878,99567.0,110448.0,152100.0
41000879,109192.0,98548.0,151900.0
41000880,27067.0,114848.0,150900.0
41000881,27067.0,114848.0,150000.0
41000882,27067.0,113448.0,150900.0
41000883,27067.0,113448.0,150000.0
41000884,28467.0,113448.0,150900.0
41000885,28467.0,113448.0,150000.0
41000886,20667.0,108798.0,150900.0
41000887,20667.0,108798.0,150000.0
41000888,16867.0,110198.0,150766.0
41000889,16867.0,110198.0,149933.0
41000890,28067.0,110448.0,150900.0
41000891,28067.0,110448.0,150000.0
41000892,23267.0,108798.0,150900.0
41000893,23267.0,108798.0,150000.0
41000894,16867.0,107148.0,150900.0
41000895,16867.0,107148.0,150000.0
41000896,20167.0,107098.0,150900.0
41000897,20167.0,107098.0,150000.0
41000898,20667.0,107123.0,150900.0
41000899,20667.0,107123.0,150000.0
41000900,23267.0,107148.0,150900.0
41000901,23267.0,107148.0,150000.0
41000902,20667.0,98548.0,150900.0
41000903,20667.0,98548.0,150000.0
41000904,18417.0,98548.0,150900.0
41000905,18417.0,98548.0,150000.0
41000906,17767.0,107148.0,150900.0
41000907,17767.0,107148.0,150000.0
41000908,30067.0,113448.0,150900.0
41000909,30067.0,113448.0,150000.0
41000910,30067.0,110448.0,150900.0
41000911,30067.0,110448.0,150000.0
41000912,52947.0,107148.0,150900.0
41000913,52947.0,107148.0,150000.0
41000914,54497.0,98548.0,150900.0
41000915,54497.0,98548.0,150000.0
41000916,53847.0,107148.0,150900.0
41000917,53847.0,107148.0,150000.0
41000918,55947.0,107048.0,150900.0
41000919,55947.0,107048.0,150000.0
41000920,56347.0,113448.0,150900.0
41000921,56347.0,113448.0,150000.0
41000922,52947.0,110198.0,150766.0
41000923,52947.0,110198.0,149933.0
41000924,56347.0,114848.0,150766.0
41000925,56347.0,114848.0,149933.0
41000926,56347.0,98548.0,150900.0
41000927,56347.0,98548.0,150000.0
41000928,109717.0,98548.0,150900.0
41000929,109717.0,98548.0,150000.0
41000930,107467.0,98548.0,150900.0
41000931,107467.0,98548.0,150000.0
41000932,107467.0,107123.0,150900.0
41000933,107467.0,107123.0,150000.0
41000934,107967.0,107098.0,150900.0
41000935,107967.0,107098.0,150000.0
41000936,104867.0,107148.0,150900.0
41000937,104867.0,107148.0,150000.0
41000938,110367.0,107148.0,150900.0
41000939,110367.0,107148.0,150000.0
41000940,111267.0,107148.0,150900.0
41000941,111267.0,107148.0,150000.0
41000942,104867.0,108798.0,150900.0
41000943,104867.0,108798.0,150000.0
41000944,107467.0,108798.0,150900.0
41000945,107467.0,108798.0,150000.0
41000946,98067.0,110448.0,150900.0
41000947,98067.0,110448.0,150000.0
41000948,98067.0,113448.0,150900.0
41000949,98067.0,113448.0,150000.0
41000950,100067.0,110448.0,150900.0
41000951,100067.0,110448.0,150000.0
41000952,99667.0,113448.0,150900.0
41000953,99667.0,113448.0,150000.0
41000954,101067.0,113448.0,150900.0
41000955,101067.0,113448.0,150000.0
41000956,111267.0,110198.0,150900.0
41000957,111267.0,110198.0,150000.0
41000958,101067.0,114848.0,150900.0
41000959,101067.0,114848.0,150000.0
41000960,24217.0,107148.0,152700.0
41000961,25167.0,107148.0,152700.0
41000962,26117.0,107148.0,152700.0
41000963,27067.0,108248.0,152700.0
41000964,27067.0,109348.0,152700.0
41000965,26117.0,114848.0,152700.0
41000966,24217.0,114848.0,152700.0
41000967,23267.0,112748.0,152700.0
41000968,23267.0,110870.0,152700.0
41000969,28467.0,114148.0,152700.0
41000970,17817.0,108760.0,152700.0
41000971,18767.0,108773.0,152700.0
41000972,19717.0,108785.0,152700.0
41000973,20667.0,110870.0,152700.0
41000974,20667.0,112748.0,152700.0
41000975,18892.0,113648.0,152700.0
41000976,24217.0,104348.0,152700.0
41000977,25167.0,104348.0,152700.0
41000978,26117.0,104348.0,152700.0
41000979,27067.0,105323.0,152700.0
41000980,23267.0,105323.0,152700.0
41000981,19467.0,99381.0,152700.0
41000982,19467.0,100214.0,152700.0
41000983,24217.0,101548.0,152700.0
41000984,25167.0,101548.0,152700.0
41000985,26117.0,101548.0,152700.0
41000986,27067.0,102481.0,152700.0
41000987,27067.0,103414.0,152700.0
41000988,23267.0,102481.0,152700.0
41000989,23267.0,103414.0,152700.0
41000990,24217.0,98548.0,152700.0
41000991,26117.0,98548.0,152700.0
41000992,27067.0,100570.0,152700.0
41000993,23267.0,100570.0,152700.0
41000994,56347.0,107898.0,152700.0
41000995,53797.0,108748.0,152700.0
41000996,54647.0,108748.0,152700.0
41000997,55497.0,108748.0,152700.0
41000998,108667.0,99381.0,152700.0
41000999,108667.0,100214.0,152700.0
41001000,99667.0,114148.0,152700.0
41001001,109242.0,113648.0,152700.0
41001002,108417.0,108785.0,152700.0
41001003,109367.0,108773.0,152700.0
41001004,110317.0,108760.0,152700.0
41001005,107467.0,112748.0,152700.0
41001006,107467.0,110870.0,152700.0
41001007,101883.0,98548.0,152700.0
41001008,103783.0,98548.0,152700.0
41001009,104867.0,100570.0,152700.0
41001010,102017.0,101548.0,152700.0
41001011,102967.0,101548.0,152700.0
41001012,103917.0,101548.0,152700.0
41001013,101067.0,100570.0,152700.0
41001014,102017.0,104348.0,152700.0
41001015,102967.0,104348.0,152700.0
41001016,103917.0,104348.0,152700.0
41001017,104867.0,105323.0,152700.0
41001018,102017.0,107148.0,152700.0
41001019,102967.0,107148.0,152700.0
41001020,103917.0,107148.0,152700.0
41001021,101067.0,105323.0,152700.0
41001022,104867.0,110870.0,152700.0
41001023,104867.0,112748.0,152700.0
41001024,103783.0,114848.0,152700.0
41001025,101883.0,114848.0,152700.0
41001026,101067.0,108248.0,152700.0
41001027,101067.0,109348.0,152700.0
41001028,104867.0,102481.0,152700.0
41001029,104867.0,103414.0,152700.0
41001030,101067.0,102481.0,152700.0
41001031,101067.0,103414.0,152700.0
41001034,64282.0,106635.0,152700.0
41001035,108667.0,98548.0,152300.0
41001036,109192.0,98548.0,152300.0
41001037,109717.0,98548.0,152300.0
41001038,98067.0,110448.0,152400.0
41001039,98567.0,110448.0,152400.0
41001040,99067.0,110448.0,152400.0
41001041,99567.0,110448.0,152400.0
41001042,100067.0,110448.0,152400.0
41001043,111267.0,108748.0,152300.0
41001044,111267.0,109110.0,152300.0
41001045,111267.0,109473.0,152300.0
41001046,111267.0,109835.0,152300.0
41001047,111267.0,110198.0,152300.0
41001048,101067.0,113448.0,152400.0
41001049,101067.0,113798.0,152400.0
41001050,101067.0,114148.0,152400.0
41001051,101067.0,114498.0,152400.0
41001052,101067.0,114848.0,152400.0
41001053,107467.0,107123.0,152400.0
41001054,107467.0,107541.0,152400.0
41001055,107467.0,107960.0,152400.0
41001056,107467.0,108379.0,152400.0
41001057,107467.0,108798.0,152400.0
41001058,111267.0,107148.0,152300.0
41001059,111267.0,107548.0,152300.0
41001060,111267.0,107948.0,152300.0
41001061,111267.0,108348.0,152300.0
41001062,104867.0,107148.0,152400.0
41001063,104867.0,107560.0,152400.0
41001064,104867.0,107973.0,152400.0
41001065,104867.0,108385.0,152400.0
41001066,104867.0,108798.0,152400.0
41001067,107967.0,107098.0,152350.0
41001068,108367.0,107106.0,152350.0
41001069,108767.0,107114.0,152350.0
41001070,109167.0,107123.0,152350.0
41001071,109567.0,107131.0,152350.0
41001072,109967.0,107139.0,152350.0
41001073,110367.0,107148.0,152350.0
41001074,98067.0,113448.0,152400.0
41001075,98467.0,113448.0,152400.0
41001076,98867.0,113448.0,152400.0
41001077,99267.0,113448.0,152400.0
41001078,99667.0,113448.0,152400.0
41001079,107467.0,98548.0,152300.0
41001080,108067.0,98548.0,152300.0
41001081,54497.0,98548.0,152300.0
41001082,54959.0,98548.0,152300.0
41001083,55422.0,98548.0,152300.0
41001084,55884.0,98548.0,152300.0
41001085,56347.0,98548.0,152300.0
41001086,53847.0,107148.0,152350.0
41001087,54372.0,107123.0,152350.0
41001088,54897.0,107098.0,152350.0
41001089,55422.0,107073.0,152350.0
41001090,55947.0,107048.0,152350.0
41001091,52947.0,108748.0,152300.0
41001092,52947.0,109110.0,152300.0
41001093,52947.0,109473.0,152300.0
41001094,52947.0,109835.0,152300.0
41001095,52947.0,110198.0,152300.0
41001096,56347.0,113448.0,152400.0
41001097,56347.0,113798.0,152400.0
41001098,56347.0,114148.0,152400.0
41001099,56347.0,114498.0,152400.0
41001100,56347.0,114848.0,152400.0
41001101,52947.0,107148.0,152300.0
41001102,52947.0,107548.0,152300.0
41001103,52947.0,107948.0,152300.0
41001104,52947.0,108348.0,152300.0
41001105,19467.0,98548.0,152300.0
41001106,20067.0,98548.0,152300.0
41001107,20667.0,98548.0,152300.0
41001108,28467.0,113448.0,152400.0
41001109,28867.0,113448.0,152400.0
41001110,29267.0,113448.0,152400.0
41001111,29667.0,113448.0,152400.0
41001112,30067.0,113448.0,152400.0
41001113,18417.0,98548.0,152300.0
41001114,18942.0,98548.0,152300.0
41001115,17767.0,107148.0,152350.0
41001116,18167.0,107139.0,152350.0
41001117,18567.0,107131.0,152350.0
41001118,18967.0,107123.0,152350.0
41001119,19367.0,107114.0,152350.0
41001120,19767.0,107106.0,152350.0
41001121,20167.0,107098.0,152350.0
41001122,23267.0,107148.0,152400.0
41001123,23267.0,107560.0,152400.0
41001124,23267.0,107973.0,152400.0
41001125,23267.0,108385.0,152400.0
41001126,23267.0,108798.0,152400.0
41001127,16867.0,107148.0,152300.0
41001128,16867.0,107548.0,152300.0
41001129,16867.0,107948.0,152300.0
41001130,16867.0,108348.0,152300.0
41001131,16867.0,108748.0,152300.0
41001132,28067.0,110448.0,152400.0
41001133,28567.0,110448.0,152400.0
41001134,29067.0,110448.0,152400.0
41001135,29567.0,110448.0,152400.0
41001136,30067.0,110448.0,152400.0
41001137,20667.0,107123.0,152400.0
41001138,20667.0,107541.0,152400.0
41001139,20667.0,107960.0,152400.0
41001140,20667.0,108379.0,152400.0
41001141,20667.0,108798.0,152400.0
41001142,27067.0,113448.0,152400.0
41001143,27067.0,113798.0,152400.0
41001144,27067.0,114148.0,152400.0
41001145,27067.0,114498.0,152400.0
41001146,27067.0,114848.0,152400.0
41001147,16867.0,109110.0,152300.0
41001148,16867.0,109473.0,152300.0
41001149,16867.0,109835.0,152300.0
41001150,16867.0,110198.0,152300.0
41001151,17367.0,114848.0,151600.0
41001152,17367.0,114848.0,149933.0
41001153,17367.0,114848.0,150766.0
41001154,21533.0,114848.0,151700.0
41001155,22400.0,114848.0,151700.0
41001156,21533.0,114848.0,149966.0
41001157,22400.0,114848.0,149966.0
41001158,21533.0,114848.0,150833.0
41001159,22400.0,114848.0,150833.0
41001160,27767.0,114848.0,151800.0
41001161,27767.0,114848.0,150000.0
41001162,27767.0,114848.0,150900.0
41001163,16867.0,111060.0,151900.0
41001164,16867.0,111923.0,151900.0
41001165,16867.0,112785.0,151900.0
41001166,16867.0,111060.0,149933.0
41001167,16867.0,111923.0,149933.0
41001168,16867.0,112785.0,149933.0
41001169,16867.0,111060.0,150766.0
41001170,16867.0,112785.0,150766.0
41001171,16867.0,111923.0,150766.0
41001172,30067.0,114148.0,151800.0
41001173,30067.0,114148.0,150000.0
41001174,30067.0,114148.0,150900.0
41001175,27067.0,111448.0,151800.0
41001176,27067.0,112448.0,151800.0
41001177,27067.0,111448.0,150000.0
41001178,27067.0,112448.0,150000.0
41001179,27067.0,111448.0,150900.0
41001180,27067.0,112448.0,150900.0
41001181,27767.0,113448.0,152100.0
41001182,27767.0,113448.0,150000.0
41001183,27767.0,113448.0,150900.0
41001184,27567.0,110448.0,151800.0
41001185,27567.0,110448.0,150000.0
41001186,27567.0,110448.0,150900.0
41001187,30067.0,111448.0,152100.0
41001188,30067.0,112448.0,152100.0
41001189,30067.0,111448.0,150000.0
41001190,30067.0,112448.0,150000.0
41001191,30067.0,111448.0,150900.0
41001192,30067.0,112448.0,150900.0
41001193,20667.0,109345.0,151800.0
41001194,20667.0,109345.0,150000.0
41001195,20667.0,109345.0,150900.0
41001196,21533.0,108798.0,152100.0
41001197,22400.0,108798.0,152100.0
41001198,21533.0,108798.0,150000.0
41001199,22400.0,108798.0,150000.0
41001200,21533.0,108798.0,150900.0
41001201,22400.0,108798.0,150900.0
41001202,23267.0,109345.0,151800.0
41001203,23267.0,109345.0,150000.0
41001204,23267.0,109345.0,150900.0
41001205,17317.0,107148.0,151900.0
41001206,17317.0,107148.0,150000.0
41001207,17317.0,107148.0,150900.0
41001208,21533.0,107131.0,152100.0
41001209,22400.0,107139.0,152100.0
41001210,21533.0,107131.0,150000.0
41001211,22400.0,107139.0,150000.0
41001212,21533.0,107131.0,150900.0
41001213,22400.0,107139.0,150900.0
41001214,23267.0,106723.0,151800.0
41001215,23267.0,106723.0,150000.0
41001216,23267.0,106723.0,150900.0
41001217,27067.0,106723.0,151800.0
41001218,27067.0,106723.0,150000.0
41001219,27067.0,106723.0,150900.0
41001220,28067.0,107148.0,151800.0
41001221,29067.0,107148.0,151800.0
41001222,28067.0,107148.0,150000.0
41001223,29067.0,107148.0,150000.0
41001224,28067.0,107148.0,150900.0
41001225,29067.0,107148.0,150900.0
41001226,16867.0,101931.0,151800.0
41001227,16867.0,102814.0,151800.0
41001228,16867.0,101931.0,150000.0
41001229,16867.0,102814.0,150000.0
41001230,16867.0,101931.0,150900.0
41001231,16867.0,102814.0,150900.0
41001232,16867.0,99381.0,151800.0
41001233,16867.0,100214.0,151800.0
41001234,16867.0,99381.0,150000.0
41001235,16867.0,100214.0,150000.0
41001236,16867.0,99381.0,150900.0
41001237,16867.0,100214.0,150900.0
41001238,17317.0,101048.0,151800.0
41001239,17317.0,101048.0,150000.0
41001240,17317.0,101048.0,150900.0
41001241,18617.0,101048.0,151800.0
41001242,18617.0,101048.0,150000.0
41001243,18617.0,101048.0,150900.0
41001244,20667.0,99381.0,151800.0
41001245,20667.0,100214.0,151800.0
41001246,20667.0,99381.0,150000.0
41001247,20667.0,100214.0,150000.0
41001248,20667.0,99381.0,150900.0
41001249,20667.0,100214.0,150900.0
41001250,17642.0,98548.0,151800.0
41001251,17642.0,98548.0,150000.0
41001252,17642.0,98548.0,150900.0
41001253,21533.0,98548.0,151800.0
41001254,22400.0,98548.0,151800.0
41001255,21533.0,98548.0,150000.0
41001256,22400.0,98548.0,150000.0
41001257,21533.0,98548.0,150900.0
41001258,22400.0,98548.0,150900.0
41001259,23267.0,99070.0,151800.0
41001260,23267.0,99070.0,150000.0
41001261,23267.0,99070.0,150900.0
41001262,27067.0,99070.0,151800.0
41001263,27067.0,99070.0,150000.0
41001264,27067.0,99070.0,150900.0
41001265,28067.0,98548.0,151800.0
41001266,29067.0,98548.0,151800.0
41001267,28067.0,98548.0,150000.0
41001268,29067.0,98548.0,150000.0
41001269,28067.0,98548.0,150900.0
41001270,29067.0,98548.0,150900.0
41001271,16867.0,114248.0,151600.0
41001272,16867.0,114248.0,149933.0
41001273,16867.0,114248.0,150766.0
41001274,20667.0,114248.0,151600.0
41001275,20667.0,114248.0,149933.0
41001276,20667.0,114248.0,150766.0
41001277,20292.0,114848.0,151600.0
41001278,20292.0,114848.0,149933.0
41001279,20292.0,114848.0,150766.0
41001280,18142.0,114848.0,151600.0
41001281,18145.0,114848.0,152150.0
41001282,18642.0,114848.0,152150.0
41001283,19142.0,114848.0,152150.0
41001284,19639.0,114848.0,152150.0
41001285,19642.0,114848.0,151600.0
41001286,18142.0,114848.0,149933.0
41001287,19642.0,114848.0,149933.0
41001288,18142.0,114848.0,150766.0
41001289,19642.0,114848.0,150766.0
41001290,18642.0,114848.0,151600.0
41001291,19142.0,114848.0,151600.0
41001292,29267.0,114848.0,151800.0
41001293,29267.0,114848.0,150000.0
41001294,29267.0,114848.0,150900.0
41001295,20067.0,101048.0,151800.0
41001296,20067.0,101048.0,150000.0
41001297,20067.0,101048.0,150900.0
41001298,16867.0,104698.0,151800.0
41001299,16867.0,105698.0,151800.0
41001300,16867.0,104698.0,150000.0
41001301,16867.0,105698.0,150000.0
41001302,16867.0,104698.0,150900.0
41001303,16867.0,105698.0,150900.0
41001304,20667.0,106710.0,151800.0
41001305,20667.0,106710.0,150000.0
41001306,20667.0,106710.0,150900.0
41001307,23267.0,114248.0,151800.0
41001308,23267.0,114248.0,150000.0
41001309,23267.0,114248.0,150900.0
41001310,30067.0,99381.0,151800.0
41001311,30067.0,100214.0,151800.0
41001312,30067.0,100881.0,151800.0
41001313,30067.0,99381.0,150000.0
41001314,30067.0,100214.0,150000.0
41001315,30067.0,100881.0,150000.0
41001316,30067.0,99381.0,150900.0
41001317,30067.0,100881.0,150900.0
41001318,30067.0,100214.0,150900.0
41001319,30067.0,105281.0,151800.0
41001320,30067.0,106214.0,151800.0
41001321,30067.0,105281.0,150000.0
41001322,30067.0,106214.0,150000.0
41001323,30067.0,105281.0,150900.0
41001324,30067.0,106214.0,150900.0
41001325,30067.0,102481.0,151800.0
41001326,30067.0,103414.0,151800.0
41001327,30067.0,102481.0,150000.0
41001328,30067.0,103414.0,150000.0
41001329,30067.0,102481.0,150900.0
41001330,30067.0,103414.0,150900.0
41001331,60347.0,101873.0,151600.0
41001332,60347.0,102698.0,151600.0
41001333,60347.0,103523.0,151600.0
41001334,60347.0,101873.0,149933.0
41001335,60347.0,102698.0,149933.0
41001336,60347.0,103523.0,149933.0
41001337,60347.0,101873.0,150766.0
41001338,60347.0,103523.0,150766.0
41001339,60347.0,102698.0,150766.0
41001340,63747.0,111328.0,151600.0
41001341,63747.0,112208.0,151600.0
41001342,63747.0,113088.0,151600.0
41001343,63747.0,113968.0,151600.0
41001344,63747.0,111328.0,149933.0
41001345,63747.0,112208.0,149933.0
41001346,63747.0,113088.0,149933.0
41001347,63747.0,113968.0,149933.0
41001348,63747.0,111328.0,150766.0
41001349,63747.0,113968.0,150766.0
41001350,63747.0,112208.0,150766.0
41001351,63747.0,113088.0,150766.0
41001352,61022.0,114848.0,151600.0
41001353,61697.0,114848.0,151600.0
41001354,61700.0,114848.0,152150.0
41001355,62197.0,114848.0,152150.0
41001356,62697.0,114848.0,152150.0
41001357,63194.0,114848.0,152150.0
41001358,63197.0,114848.0,151600.0
41001359,61022.0,114848.0,149933.0
41001360,61697.0,114848.0,149933.0
41001361,63197.0,114848.0,149933.0
41001362,61022.0,114848.0,150766.0
41001363,63197.0,114848.0,150766.0
41001364,62197.0,114848.0,151600.0
41001365,61697.0,114848.0,150766.0
41001366,62697.0,114848.0,151600.0
41001367,52947.0,104560.0,151800.0
41001368,52947.0,105423.0,151800.0
41001369,52947.0,106285.0,151800.0
41001370,52947.0,104560.0,150000.0
41001371,52947.0,105423.0,150000.0
41001372,52947.0,106285.0,150000.0
41001373,52947.0,104560.0,150900.0
41001374,52947.0,106285.0,150900.0
41001375,52947.0,105423.0,150900.0
41001376,53722.0,98548.0,151800.0
41001377,53722.0,98548.0,150000.0
41001378,53722.0,98548.0,150900.0
41001379,52947.0,99381.0,151800.0
41001380,52947.0,100214.0,151800.0
41001381,52947.0,99381.0,150000.0
41001382,52947.0,100214.0,150000.0
41001383,52947.0,99381.0,150900.0
41001384,52947.0,100214.0,150900.0
41001385,52947.0,101931.0,151800.0
41001386,52947.0,102814.0,151800.0
41001387,52947.0,101931.0,150000.0
41001388,52947.0,102814.0,150000.0
41001389,52947.0,101931.0,150900.0
41001390,52947.0,102814.0,150900.0
41001391,53397.0,101048.0,151800.0
41001392,53397.0,101048.0,150000.0
41001393,53397.0,101048.0,150900.0
41001394,53397.0,107148.0,151900.0
41001395,53397.0,107148.0,150000.0
41001396,53397.0,107148.0,150900.0
41001397,56347.0,111328.0,151800.0
41001398,56347.0,112208.0,151800.0
41001399,56347.0,113088.0,151800.0
41001400,56347.0,111328.0,150000.0
41001401,56347.0,112208.0,150000.0
41001402,56347.0,113088.0,150000.0
41001403,56347.0,111328.0,150900.0
41001404,56347.0,113088.0,150900.0
41001405,56347.0,112208.0,150900.0
41001406,52947.0,111128.0,151900.0
41001407,52947.0,112058.0,151900.0
41001408,52947.0,112988.0,151900.0
41001409,52947.0,113918.0,151900.0
41001410,52947.0,111128.0,149933.0
41001411,52947.0,112058.0,149933.0
41001412,52947.0,112988.0,149933.0
41001413,52947.0,113918.0,149933.0
41001414,52947.0,111128.0,150766.0
41001415,52947.0,113918.0,150766.0
41001416,52947.0,112058.0,150766.0
41001417,52947.0,112988.0,150766.0
41001418,53622.0,114848.0,151600.0
41001419,54297.0,114848.0,151600.0
41001420,54300.0,114848.0,152150.0
41001421,54797.0,114848.0,152150.0
41001422,55297.0,114848.0,152150.0
41001423,55794.0,114848.0,152150.0
41001424,55797.0,114848.0,151600.0
41001425,53622.0,114848.0,149933.0
41001426,54297.0,114848.0,149933.0
41001427,55797.0,114848.0,149933.0
41001428,53622.0,114848.0,150766.0
41001429,55797.0,114848.0,150766.0
41001430,54797.0,114848.0,151600.0
41001431,54297.0,114848.0,150766.0
41001432,55297.0,114848.0,151600.0
41001433,61197.0,110448.0,151600.0
41001434,62047.0,110448.0,151600.0
41001435,62897.0,110448.0,151600.0
41001436,61197.0,110448.0,149933.0
41001437,62047.0,110448.0,149933.0
41001438,62897.0,110448.0,149933.0
41001439,61197.0,110448.0,150766.0
41001440,62897.0,110448.0,150766.0
41001441,62047.0,110448.0,150766.0
41001442,56347.0,106673.0,151800.0
41001443,56347.0,106673.0,150000.0
41001444,56347.0,106673.0,150900.0
41001445,56347.0,99381.0,151800.0
41001446,56347.0,100214.0,151800.0
41001447,56347.0,99381.0,150000.0
41001448,56347.0,100214.0,150000.0
41001449,56347.0,99381.0,150900.0
41001450,56347.0,100214.0,150900.0
41001451,63747.0,102064.0,151600.0
41001452,63747.0,103081.0,151600.0
41001453,63747.0,104098.0,151600.0
41001454,63747.0,105114.0,151600.0
41001455,63747.0,106131.0,151600.0
41001456,63747.0,102064.0,149933.0
41001457,63747.0,103081.0,149933.0
41001458,63747.0,104098.0,149933.0
41001459,63747.0,105114.0,149933.0
41001460,63747.0,106131.0,149933.0
41001461,63747.0,102064.0,150766.0
41001462,63747.0,106131.0,150766.0
41001463,63747.0,103081.0,150766.0
41001464,63747.0,104098.0,150766.0
41001465,63747.0,105114.0,150766.0
41001466,63747.0,99381.0,151600.0
41001467,63747.0,100214.0,151600.0
41001468,63747.0,99381.0,149933.0
41001469,63747.0,100214.0,149933.0
41001470,63747.0,99381.0,150766.0
41001471,63747.0,100214.0,150766.0
41001472,54680.0,101048.0,151800.0
41001473,55513.0,101048.0,151800.0
41001474,54680.0,101048.0,150000.0
41001475,55513.0,101048.0,150000.0
41001476,54680.0,101048.0,150900.0
41001477,55513.0,101048.0,150900.0
41001478,60822.0,98548.0,151600.0
41001479,61297.0,98548.0,151600.0
41001480,61300.0,98548.0,152150.0
41001481,61797.0,98548.0,152150.0
41001482,62297.0,98548.0,152150.0
41001483,62794.0,98548.0,152150.0
41001484,62797.0,98548.0,151600.0
41001485,63272.0,98548.0,151600.0
41001486,60822.0,98548.0,149933.0
41001487,61297.0,98548.0,149933.0
41001488,63272.0,98548.0,149933.0
41001489,62797.0,98548.0,149933.0
41001490,60822.0,98548.0,150766.0
41001491,63272.0,98548.0,150766.0
41001492,61797.0,98548.0,151600.0
41001493,61297.0,98548.0,150766.0
41001494,62297.0,98548.0,151600.0
41001495,62797.0,98548.0,150766.0
41001496,61197.0,101048.0,151600.0
41001497,62047.0,101048.0,151600.0
41001498,62897.0,101048.0,151600.0
41001499,61197.0,101048.0,149933.0
41001500,62047.0,101048.0,149933.0
41001501,62897.0,101048.0,149933.0
41001502,61197.0,101048.0,150766.0
41001503,62897.0,101048.0,150766.0
41001504,62047.0,101048.0,150766.0
41001505,111267.0,104698.0,151800.0
41001506,111267.0,105698.0,151800.0
41001507,111267.0,104698.0,150000.0
41001508,111267.0,105698.0,150000.0
41001509,111267.0,104698.0,150900.0
41001510,111267.0,105698.0,150900.0
41001511,108067.0,101048.0,151800.0
41001512,108067.0,101048.0,150000.0
41001513,108067.0,101048.0,150900.0
41001514,98867.0,114848.0,151800.0
41001515,98867.0,114848.0,150000.0
41001516,98867.0,114848.0,150900.0
41001517,108492.0,114848.0,151600.0
41001518,108495.0,114848.0,152150.0
41001519,108992.0,114848.0,152150.0
41001520,109492.0,114848.0,152150.0
41001521,109989.0,114848.0,152150.0
41001522,109992.0,114848.0,151600.0
41001523,108492.0,114848.0,149933.0
41001524,109992.0,114848.0,149933.0
41001525,108492.0,114848.0,150766.0
41001526,109992.0,114848.0,150766.0
41001527,108992.0,114848.0,151600.0
41001528,109492.0,114848.0,151600.0
41001529,107842.0,114848.0,151700.0
41001530,107842.0,114848.0,149966.0
41001531,107842.0,114848.0,150833.0
41001532,107467.0,114248.0,151700.0
41001533,107467.0,114248.0,149966.0
41001534,107467.0,114248.0,150833.0
41001535,111267.0,114248.0,151800.0
41001536,111267.0,114248.0,150000.0
41001537,111267.0,114248.0,150900.0
41001538,110767.0,114848.0,151700.0
41001539,110767.0,114848.0,149966.0
41001540,110767.0,114848.0,150833.0
41001541,110492.0,98548.0,151800.0
41001542,110492.0,98548.0,150000.0
41001543,110492.0,98548.0,150900.0
41001544,99067.0,98548.0,151800.0
41001545,100067.0,98548.0,151800.0
41001546,99067.0,98548.0,150000.0
41001547,100067.0,98548.0,150000.0
41001548,99067.0,98548.0,150900.0
41001549,100067.0,98548.0,150900.0
41001550,105733.0,98548.0,151800.0
41001551,106600.0,98548.0,151800.0
41001552,105733.0,98548.0,150000.0
41001553,106600.0,98548.0,150000.0
41001554,105733.0,98548.0,150900.0
41001555,106600.0,98548.0,150900.0
41001556,101067.0,99070.0,151800.0
41001557,101067.0,99070.0,150000.0
41001558,101067.0,99070.0,150900.0
41001559,104867.0,99070.0,151800.0
41001560,104867.0,99070.0,150000.0
41001561,104867.0,99070.0,150900.0
41001562,107467.0,99381.0,151800.0
41001563,107467.0,100214.0,151800.0
41001564,107467.0,99381.0,150000.0
41001565,107467.0,100214.0,150000.0
41001566,107467.0,99381.0,150900.0
41001567,107467.0,100214.0,150900.0
41001568,109517.0,101048.0,151800.0
41001569,109517.0,101048.0,150000.0
41001570,109517.0,101048.0,150900.0
41001571,110817.0,101048.0,151800.0
41001572,110817.0,101048.0,150000.0
41001573,110817.0,101048.0,150900.0
41001574,111267.0,99381.0,151800.0
41001575,111267.0,100214.0,151800.0
41001576,111267.0,99381.0,150000.0
41001577,111267.0,100214.0,150000.0
41001578,111267.0,99381.0,150900.0
41001579,111267.0,100214.0,150900.0
41001580,111267.0,101931.0,151800.0
41001581,111267.0,102814.0,151800.0
41001582,111267.0,101931.0,150000.0
41001583,111267.0,102814.0,150000.0
41001584,111267.0,101931.0,150900.0
41001585,111267.0,102814.0,150900.0
41001586,99067.0,107148.0,151800.0
41001587,100067.0,107148.0,151800.0
41001588,99067.0,107148.0,150000.0
41001589,100067.0,107148.0,150000.0
41001590,99067.0,107148.0,150900.0
41001591,100067.0,107148.0,150900.0
41001592,101067.0,106723.0,151800.0
41001593,101067.0,106723.0,150000.0
41001594,101067.0,106723.0,150900.0
41001595,104867.0,106723.0,151800.0
41001596,104867.0,106723.0,150000.0
41001597,104867.0,106723.0,150900.0
41001598,105733.0,107139.0,152100.0
41001599,106600.0,107131.0,152100.0
41001600,105733.0,107139.0,150000.0
41001601,106600.0,107131.0,150000.0
41001602,105733.0,107139.0,150900.0
41001603,106600.0,107131.0,150900.0
41001604,110817.0,107148.0,151900.0
41001605,110817.0,107148.0,150000.0
41001606,110817.0,107148.0,150900.0
41001607,104867.0,109345.0,151800.0
41001608,104867.0,109345.0,150000.0
41001609,104867.0,109345.0,150900.0
41001610,105733.0,108798.0,152100.0
41001611,106600.0,108798.0,152100.0
41001612,105733.0,108798.0,150000.0
41001613,106600.0,108798.0,150000.0
41001614,105733.0,108798.0,150900.0
41001615,106600.0,108798.0,150900.0
41001616,107467.0,109345.0,151800.0
41001617,107467.0,109345.0,150000.0
41001618,107467.0,109345.0,150900.0
41001619,98067.0,111448.0,152100.0
41001620,98067.0,112448.0,152100.0
41001621,98067.0,111448.0,150000.0
41001622,98067.0,112448.0,150000.0
41001623,98067.0,111448.0,150900.0
41001624,98067.0,112448.0,150900.0
41001625,100567.0,110448.0,151800.0
41001626,100567.0,110448.0,150000.0
41001627,100567.0,110448.0,150900.0
41001628,100367.0,113448.0,152100.0
41001629,100367.0,113448.0,150000.0
41001630,100367.0,113448.0,150900.0
41001631,101067.0,111448.0,151800.0
41001632,101067.0,112448.0,151800.0
41001633,101067.0,111448.0,150000.0
41001634,101067.0,112448.0,150000.0
41001635,101067.0,111448.0,150900.0
41001636,101067.0,112448.0,150900.0
41001637,98067.0,114148.0,151800.0
41001638,98067.0,114148.0,150000.0
41001639,98067.0,114148.0,150900.0
41001640,111267.0,111060.0,151800.0
41001641,111267.0,111923.0,151800.0
41001642,111267.0,112785.0,151800.0
41001643,111267.0,111060.0,150000.0
41001644,111267.0,111923.0,150000.0
41001645,111267.0,112785.0,150000.0
41001646,111267.0,111060.0,150900.0
41001647,111267.0,112785.0,150900.0
41001648,111267.0,111923.0,150900.0
41001649,100367.0,114848.0,151800.0
41001650,100367.0,114848.0,150000.0
41001651,100367.0,114848.0,150900.0
41001652,105733.0,114848.0,151800.0
41001653,106600.0,114848.0,151800.0
41001654,105733.0,114848.0,150000.0
41001655,106600.0,114848.0,150000.0
41001656,105733.0,114848.0,150900.0
41001657,106600.0,114848.0,150900.0
41001658,107467.0,106710.0,151800.0
41001659,107467.0,106710.0,150000.0
41001660,107467.0,106710.0,150900.0
41001661,98067.0,102481.0,151800.0
41001662,98067.0,103414.0,151800.0
41001663,98067.0,102481.0,150000.0
41001664,98067.0,103414.0,150000.0
41001665,98067.0,102481.0,150900.0
41001666,98067.0,103414.0,150900.0
41001667,98067.0,105281.0,151800.0
41001668,98067.0,106214.0,151800.0
41001669,98067.0,105281.0,150000.0
41001670,98067.0,106214.0,150000.0
41001671,98067.0,105281.0,150900.0
41001672,98067.0,106214.0,150900.0
41001673,104867.0,114248.0,151800.0
41001674,104867.0,114248.0,150000.0
41001675,104867.0,114248.0,150900.0
41001676,98067.0,99381.0,151800.0
41001677,98067.0,100214.0,151800.0
41001678,98067.0,99381.0,150000.0
41001679,98067.0,100214.0,150000.0
41001680,98067.0,99381.0,150900.0
41001681,98067.0,100214.0,150900.0
41001682,24217.0,113842.0,152700.0
41001683,24217.0,112888.0,152700.0
41001684,24217.0,111942.0,152700.0
41001685,24217.0,110977.0,152700.0
41001686,24217.0,109999.0,152700.0
41001687,24217.0,109011.0,152700.0
41001688,24217.0,108071.0,152700.0
41001689,25167.0,113929.0,152700.0
41001690,25167.0,113007.0,152700.0
41001691,25167.0,112066.0,152700.0
41001692,25167.0,111102.0,152700.0
41001693,25167.0,110119.0,152700.0
41001694,25167.0,109126.0,152700.0
41001695,25167.0,108135.0,152700.0
41001696,26117.0,114015.0,152700.0
41001697,26117.0,113157.0,152700.0
41001698,26117.0,112223.0,152700.0
41001699,26117.0,111253.0,152700.0
41001700,26117.0,110256.0,152700.0
41001701,26117.0,109228.0,152700.0
41001702,26117.0,108189.0,152700.0
41001703,27767.0,114148.0,152700.0
41001704,29267.0,114148.0,152700.0
41001705,17833.0,112807.0,152700.0
41001706,17803.0,111978.0,152700.0
41001707,17814.0,109560.0,152700.0
41001708,17803.0,110360.0,152700.0
41001709,17797.0,111175.0,152700.0
41001710,18747.0,110499.0,152700.0
41001711,18711.0,111308.0,152700.0
41001712,18758.0,109644.0,152700.0
41001713,18725.0,111989.0,152700.0
41001714,18796.0,112799.0,152700.0
41001715,19605.0,111720.0,152700.0
41001716,19687.0,110724.0,152700.0
41001717,19711.0,109759.0,152700.0
41001718,19736.0,112715.0,152700.0
41001719,17727.0,107952.0,152700.0
41001720,18522.0,107951.0,152700.0
41001721,19173.0,107945.0,152700.0
41001722,19928.0,107945.0,152700.0
41001723,21533.0,107964.0,152700.0
41001724,22400.0,107968.0,152700.0
41001725,24217.0,106235.0,152700.0
41001726,24217.0,105296.0,152700.0
41001727,25167.0,106224.0,152700.0
41001728,25167.0,105289.0,152700.0
41001729,26117.0,106235.0,152700.0
41001730,26117.0,105296.0,152700.0
41001731,17733.0,100214.0,152700.0
41001732,17704.0,99381.0,152700.0
41001733,18596.0,100214.0,152700.0
41001734,18559.0,99381.0,152700.0
41001735,24217.0,103414.0,152700.0
41001736,24217.0,102481.0,152700.0
41001737,25167.0,103414.0,152700.0
41001738,25167.0,102481.0,152700.0
41001739,26117.0,103414.0,152700.0
41001740,26117.0,102481.0,152700.0
41001741,24217.0,100556.0,152700.0
41001742,24217.0,99559.0,152700.0
41001743,25167.0,100552.0,152700.0
41001744,25167.0,99553.0,152700.0
41001745,26117.0,100556.0,152700.0
41001746,26117.0,99559.0,152700.0
41001747,53835.0,107943.0,152700.0
41001748,54736.0,107923.0,152700.0
41001749,55602.0,107903.0,152700.0
41001750,109538.0,100214.0,152700.0
41001751,109574.0,99381.0,152700.0
41001752,110401.0,100214.0,152700.0
41001753,110429.0,99381.0,152700.0
41001754,98867.0,114148.0,152700.0
41001755,100367.0,114148.0,152700.0
41001756,108372.0,112745.0,152700.0
41001757,108436.0,111814.0,152700.0
41001758,108445.0,109786.0,152700.0
41001759,108536.0,110807.0,152700.0
41001760,109424.0,111113.0,152700.0
41001761,109371.0,111930.0,152700.0
41001762,109425.0,110435.0,152700.0
41001763,109388.0,109627.0,152700.0
41001764,109326.0,112783.0,152700.0
41001765,110341.0,110329.0,152700.0
41001766,110337.0,111124.0,152700.0
41001767,110328.0,109547.0,152700.0
41001768,110293.0,112795.0,152700.0
41001769,110320.0,111948.0,152700.0
41001770,101998.0,100556.0,152700.0
41001771,101962.0,99558.0,152700.0
41001772,102940.0,100552.0,152700.0
41001773,102881.0,99553.0,152700.0
41001774,103898.0,100556.0,152700.0
41001775,103862.0,99559.0,152700.0
41001776,108205.0,107945.0,152700.0
41001777,108960.0,107945.0,152700.0
41001778,109611.0,107951.0,152700.0
41001779,110406.0,107952.0,152700.0
41001780,102017.0,106235.0,152700.0
41001781,102017.0,105296.0,152700.0
41001782,102967.0,106224.0,152700.0
41001783,102967.0,105289.0,152700.0
41001784,103917.0,106235.0,152700.0
41001785,103917.0,105296.0,152700.0
41001786,101960.0,114011.0,152700.0
41001787,101992.0,113153.0,152700.0
41001788,102002.0,112222.0,152700.0
41001789,102007.0,111252.0,152700.0
41001790,102010.0,110256.0,152700.0
41001791,102012.0,109228.0,152700.0
41001792,102014.0,108190.0,152700.0
41001793,102877.0,113924.0,152700.0
41001794,102929.0,113003.0,152700.0
41001795,102946.0,112064.0,152700.0
41001796,102953.0,111102.0,152700.0
41001797,102957.0,110120.0,152700.0
41001798,102960.0,109127.0,152700.0
41001799,102963.0,108135.0,152700.0
41001800,103858.0,113839.0,152700.0
41001801,103890.0,112886.0,152700.0
41001802,103902.0,111941.0,152700.0
41001803,103907.0,110977.0,152700.0
41001804,103910.0,110000.0,152700.0
41001805,103912.0,109011.0,152700.0
41001806,103914.0,108072.0,152700.0
41001807,102017.0,103414.0,152700.0
41001808,102017.0,102481.0,152700.0
41001809,102967.0,103414.0,152700.0
41001810,102967.0,102481.0,152700.0
41001811,103917.0,103414.0,152700.0
41001812,103917.0,102481.0,152700.0
41001813,105733.0,107968.0,152700.0
41001814,106600.0,107964.0,152700.0
42000001,23267.0,114848.0,156300.0
42000002,27067.0,114848.0,156300.0
42000003,20667.0,114848.0,156300.0
42000004,30067.0,114848.0,156300.0
42000005,27067.0,113448.0,156300.0
42000006,27067.0,110448.0,156300.0
42000007,30067.0,113448.0,156300.0
42000008,20667.0,111848.0,156300.0
42000009,20667.0,108798.0,156300.0
42000010,23267.0,111848.0,156300.0
42000011,16867.0,108748.0,156300.0
42000012,23267.0,108798.0,156300.0
42000013,16867.0,107148.0,156300.0
42000014,30067.0,107148.0,156300.0
42000015,23267.0,107148.0,156300.0
42000016,20667.0,107123.0,156300.0
42000017,27067.0,107148.0,156300.0
42000018,16867.0,101048.0,156300.0
42000019,17767.0,107148.0,156300.0
42000020,17767.0,101048.0,156300.0
42000021,20667.0,104348.0,156300.0
42000022,23267.0,104348.0,156300.0
42000023,27067.0,104348.0,156300.0
42000024,20667.0,101548.0,156300.0
42000025,20667.0,101048.0,156300.0
42000026,23267.0,101548.0,156300.0
42000027,27067.0,101548.0,156300.0
42000028,20667.0,98548.0,156300.0
42000029,23267.0,98548.0,156300.0
42000030,27067.0,98548.0,156300.0
42000031,16867.0,110198.0,156300.0
42000032,30067.0,110448.0,156300.0
42000033,23267.0,109893.0,156300.0
42000034,28067.0,110448.0,156300.0
42000035,23267.0,106298.0,156300.0
42000036,27067.0,106298.0,156300.0
42000037,20167.0,107098.0,156300.0
42000038,23267.0,99593.0,156300.0
42000039,27067.0,99593.0,156300.0
42000040,18417.0,98548.0,156300.0
42000041,20667.0,113648.0,156300.0
42000042,16867.0,113648.0,156300.0
42000043,19917.0,113648.0,156300.0
42000044,19917.0,114848.0,156300.0
42000045,17867.0,113648.0,156300.0
42000046,17867.0,114848.0,156300.0
42000047,28467.0,113448.0,156300.0
42000048,28467.0,114848.0,156300.0
42000049,19467.0,98548.0,156300.0
42000050,19467.0,101048.0,156300.0
42000051,17767.0,103698.0,156300.0
42000052,16867.0,103698.0,156300.0
42000053,20667.0,106298.0,156300.0
42000054,23267.0,113648.0,156300.0
42000055,20667.0,109893.0,156300.0
42000056,4867.0,114848.0,156300.0
42000057,4867.0,106698.0,156300.0
42000058,4867.0,98548.0,156300.0
42000059,4867.0,87098.0,156300.0
42000060,4867.0,126298.0,156300.0
42000061,9467.0,126348.0,156300.0
42000062,13067.0,126348.0,156300.0
42000063,124067.0,114848.0,156300.0
42000064,124067.0,106698.0,156300.0
42000065,124067.0,98548.0,156300.0
42000066,124067.0,87098.0,156300.0
42000067,124067.0,126298.0,156300.0
42000068,30067.0,98548.0,156300.0
42000069,30067.0,104348.0,156300.0
42000070,30067.0,101548.0,156300.0
42000071,13067.0,87048.0,156300.0
42000072,9467.0,87048.0,156300.0
42000073,63747.0,110448.0,156300.0
42000074,60347.0,101048.0,156300.0
42000075,60347.0,107048.0,156300.0
42000076,63747.0,107148.0,156300.0
42000077,52947.0,114848.0,156300.0
42000078,56347.0,108748.0,156300.0
42000079,52947.0,103698.0,156300.0
42000080,53847.0,103698.0,156300.0
42000081,54497.0,98548.0,156300.0
42000082,56347.0,110448.0,156300.0
42000083,52947.0,110198.0,156300.0
42000084,56347.0,113448.0,156300.0
42000085,52947.0,101048.0,156300.0
42000086,53847.0,101048.0,156300.0
42000087,53847.0,107148.0,156300.0
42000088,52947.0,107148.0,156300.0
42000089,56347.0,107048.0,156300.0
42000090,52947.0,108748.0,156300.0
42000091,56347.0,101548.0,156300.0
42000092,55947.0,107048.0,156300.0
42000093,56347.0,106298.0,156300.0
42000094,60347.0,110448.0,156300.0
42000095,56347.0,104348.0,156300.0
42000096,56347.0,101048.0,156300.0
42000097,63747.0,101048.0,156300.0
42000098,52947.0,98548.0,156300.0
42000099,60347.0,104348.0,156300.0
42000100,119800.0,87048.0,156300.0
42000101,115533.0,87048.0,156300.0
42000102,111267.0,103698.0,156300.0
42000103,110367.0,103698.0,156300.0
42000104,108667.0,101048.0,156300.0
42000105,108667.0,98548.0,156300.0
42000106,99667.0,114848.0,156300.0
42000107,99667.0,113448.0,156300.0
42000108,110267.0,114848.0,156300.0
42000109,110267.0,113648.0,156300.0
42000110,108217.0,114848.0,156300.0
42000111,108217.0,113648.0,156300.0
42000112,111267.0,113648.0,156300.0
42000113,107467.0,113648.0,156300.0
42000114,109717.0,98548.0,156300.0
42000115,101067.0,99593.0,156300.0
42000116,104867.0,99593.0,156300.0
42000117,107967.0,107098.0,156300.0
42000118,101067.0,106298.0,156300.0
42000119,104867.0,106298.0,156300.0
42000120,100067.0,110448.0,156300.0
42000121,104867.0,109893.0,156300.0
42000122,98067.0,110448.0,156300.0
42000123,111267.0,110198.0,156300.0
42000124,101067.0,98548.0,156300.0
42000125,104867.0,98548.0,156300.0
42000126,107467.0,98548.0,156300.0
42000127,101067.0,101548.0,156300.0
42000128,104867.0,101548.0,156300.0
42000129,107467.0,101048.0,156300.0
42000130,107467.0,101548.0,156300.0
42000131,101067.0,104348.0,156300.0
42000132,104867.0,104348.0,156300.0
42000133,107467.0,104348.0,156300.0
42000134,110367.0,101048.0,156300.0
42000135,110367.0,107148.0,156300.0
42000136,111267.0,101048.0,156300.0
42000137,101067.0,107148.0,156300.0
42000138,107467.0,107123.0,156300.0
42000139,104867.0,107148.0,156300.0
42000140,98067.0,107148.0,156300.0
42000141,111267.0,107148.0,156300.0
42000142,104867.0,108798.0,156300.0
42000143,111267.0,108748.0,156300.0
42000144,104867.0,111848.0,156300.0
42000145,107467.0,108798.0,156300.0
42000146,107467.0,111848.0,156300.0
42000147,98067.0,113448.0,156300.0
42000148,101067.0,110448.0,156300.0
42000149,101067.0,113448.0,156300.0
42000150,98067.0,114848.0,156300.0
42000151,107467.0,114848.0,156300.0
42000152,101067.0,114848.0,156300.0
42000153,104867.0,114848.0,156300.0
42000154,107467.0,106298.0,156300.0
42000155,98067.0,101548.0,156300.0
42000156,98067.0,104348.0,156300.0
42000157,107467.0,109893.0,156300.0
42000158,104867.0,113648.0,156300.0
42000159,98067.0,101048.0,156300.0
42000160,98067.0,98548.0,156300.0
42000161,56347.0,98548.0,156300.0
42000162,63747.0,98548.0,156300.0
42000163,56347.0,114848.0,156300.0
42000164,60347.0,114848.0,156300.0
42000165,60347.0,98548.0,156300.0
42000166,63747.0,114848.0,156300.0
42000167,16867.0,114848.0,156300.0
42000168,30067.0,126298.0,156300.0
42000169,16867.0,106698.0,156300.0
42000170,16867.0,98548.0,156300.0
42000171,16867.0,87098.0,156300.0
42000172,16867.0,126298.0,156300.0
42000173,30067.0,87098.0,156300.0
42000174,111267.0,98548.0,156300.0
42000175,111267.0,87098.0,156300.0
42000176,111267.0,126298.0,156300.0
42000177,98067.0,87098.0,156300.0
42000178,98067.0,126298.0,156300.0
42000179,111267.0,106698.0,156300.0
42000180,111267.0,114848.0,156300.0
42000181,41507.0,87098.0,156300.0
42000182,41507.0,126298.0,156300.0
42000183,52947.0,87098.0,156300.0
42000184,52947.0,126298.0,156300.0
42000185,75187.0,87098.0,156300.0
42000186,75187.0,126298.0,156300.0
42000187,86627.0,126298.0,156300.0
42000188,86627.0,87098.0,156300.0
42000189,63747.0,87098.0,156300.0
42000190,63747.0,126298.0,156300.0
42000191,102700.0,126348.0,156300.0
42000192,102700.0,114848.0,156300.0
42000193,102700.0,87048.0,156300.0
42000194,102700.0,98548.0,156300.0
42000195,119800.0,126348.0,156300.0
42000196,115533.0,126348.0,156300.0
42000197,107467.0,87048.0,156300.0
42000198,107467.0,126348.0,156300.0
42000199,92347.0,126348.0,156300.0
42000200,92347.0,87048.0,156300.0
42000201,80907.0,126348.0,156300.0
42000202,80907.0,87048.0,156300.0
42000203,69442.0,126348.0,156300.0
42000204,69442.0,87048.0,156300.0
42000205,47227.0,126348.0,156300.0
42000206,47227.0,87048.0,156300.0
42000207,58347.0,98548.0,156300.0
42000208,58347.0,87048.0,156300.0
42000209,58347.0,114848.0,156300.0
42000210,58347.0,126348.0,156300.0
42000211,35787.0,126348.0,156300.0
42000212,35787.0,87048.0,156300.0
42000213,25167.0,114848.0,156300.0
42000214,25167.0,126348.0,156300.0
42000215,25167.0,98548.0,156300.0
42000216,25167.0,87048.0,156300.0
42000217,20667.0,87048.0,156300.0
42000218,20667.0,126348.0,156300.0
42000219,86627.0,98548.0,156300.0
42000220,86627.0,114848.0,156300.0
42000221,86627.0,107148.0,156300.0
42000222,75187.0,98548.0,156300.0
42000223,75187.0,114848.0,156300.0
42000224,75187.0,107148.0,156300.0
42000225,13067.0,98548.0,156300.0
42000226,13067.0,114848.0,156300.0
42000227,13067.0,106698.0,156300.0
42000228,9467.0,98548.0,156300.0
42000229,9467.0,114848.0,156300.0
42000230,9467.0,106698.0,156300.0
42000231,119800.0,98548.0,156300.0
42000232,119800.0,114848.0,156300.0
42000233,119800.0,106698.0,156300.0
42000234,115533.0,98548.0,156300.0
42000235,115533.0,114848.0,156300.0
42000236,115533.0,106698.0,156300.0
42000237,92347.0,98548.0,156300.0
42000238,80907.0,98548.0,156300.0
42000239,69442.0,98548.0,156300.0
42000240,47227.0,98548.0,156300.0
42000241,35787.0,98548.0,156300.0
42000242,41507.0,98548.0,156300.0
42000243,92347.0,114848.0,156300.0
42000244,80907.0,114848.0,156300.0
42000245,69442.0,114848.0,156300.0
42000246,47227.0,114848.0,156300.0
42000247,35787.0,114848.0,156300.0
42000248,41507.0,114848.0,156300.0
42000249,47227.0,107148.0,156300.0
42000250,35787.0,107148.0,156300.0
42000251,41507.0,107148.0,156300.0
42000252,92347.0,107148.0,156300.0
42000253,80907.0,107148.0,156300.0
42000254,69442.0,107148.0,156300.0
42000255,16867.0,108748.0,155500.0
42000256,16867.0,110198.0,155500.0
42000257,27067.0,113448.0,155700.0
42000258,27067.0,114848.0,155700.0
42000259,20667.0,107123.0,155700.0
42000260,20667.0,108798.0,155700.0
42000261,28067.0,110448.0,155700.0
42000262,30067.0,110448.0,155700.0
42000263,16867.0,107148.0,155500.0
42000264,23267.0,107148.0,155700.0
42000265,23267.0,108798.0,155700.0
42000266,17767.0,107148.0,155600.0
42000267,20167.0,107098.0,155600.0
42000268,18417.0,98548.0,155500.0
42000269,19467.0,98548.0,155500.0
42000270,28467.0,113448.0,155700.0
42000271,30067.0,113448.0,155700.0
42000272,20667.0,98548.0,155500.0
42000273,52947.0,107148.0,155500.0
42000274,52947.0,108748.0,155500.0
42000275,56347.0,113448.0,155700.0
42000276,56347.0,114848.0,155700.0
42000277,52947.0,110198.0,155500.0
42000278,53847.0,107148.0,155600.0
42000279,55947.0,107048.0,155600.0
42000280,54497.0,98548.0,155500.0
42000281,56347.0,98548.0,155500.0
42000282,107467.0,98548.0,155500.0
42000283,108667.0,98548.0,155500.0
42000284,98067.0,113448.0,155700.0
42000285,99667.0,113448.0,155700.0
42000286,107967.0,107098.0,155600.0
42000287,110367.0,107148.0,155600.0
42000288,104867.0,107148.0,155700.0
42000289,104867.0,108798.0,155700.0
42000290,111267.0,107148.0,155500.0
42000291,111267.0,108748.0,155500.0
42000292,107467.0,107123.0,155700.0
42000293,107467.0,108798.0,155700.0
42000294,101067.0,113448.0,155700.0
42000295,101067.0,114848.0,155700.0
42000296,111267.0,110198.0,155500.0
42000297,98067.0,110448.0,155700.0
42000298,100067.0,110448.0,155700.0
42000299,109717.0,98548.0,155500.0
42000300,17367.0,114848.0,156300.0
42000301,21533.0,114848.0,156300.0
42000302,22400.0,114848.0,156300.0
42000303,27767.0,114848.0,156300.0
42000304,16867.0,111060.0,156300.0
42000305,16867.0,111923.0,156300.0
42000306,16867.0,112785.0,156300.0
42000307,16867.0,109110.0,156300.0
42000308,16867.0,109473.0,156300.0
42000309,16867.0,109835.0,156300.0
42000310,27067.0,113798.0,156300.0
42000311,27067.0,114148.0,156300.0
42000312,27067.0,114498.0,156300.0
42000313,30067.0,114148.0,156300.0
42000314,27067.0,111448.0,156300.0
42000315,27067.0,112448.0,156300.0
42000316,27767.0,113448.0,156300.0
42000317,27567.0,110448.0,156300.0
42000318,30067.0,111448.0,156300.0
42000319,30067.0,112448.0,156300.0
42000320,20667.0,109345.0,156300.0
42000321,20667.0,107541.0,156300.0
42000322,20667.0,107960.0,156300.0
42000323,20667.0,108379.0,156300.0
42000324,21533.0,108798.0,156300.0
42000325,22400.0,108798.0,156300.0
42000326,23267.0,109345.0,156300.0
42000327,28567.0,110448.0,156300.0
42000328,29067.0,110448.0,156300.0
42000329,29567.0,110448.0,156300.0
42000330,16867.0,107548.0,156300.0
42000331,16867.0,107948.0,156300.0
42000332,16867.0,108348.0,156300.0
42000333,23267.0,107560.0,156300.0
42000334,23267.0,107973.0,156300.0
42000335,23267.0,108385.0,156300.0
42000336,17317.0,107148.0,156300.0
42000337,21533.0,107131.0,156300.0
42000338,22400.0,107139.0,156300.0
42000339,23267.0,106723.0,156300.0
42000340,27067.0,106723.0,156300.0
42000341,28067.0,107148.0,156300.0
42000342,29067.0,107148.0,156300.0
42000343,16867.0,101931.0,156300.0
42000344,16867.0,102814.0,156300.0
42000345,16867.0,99381.0,156300.0
42000346,16867.0,100214.0,156300.0
42000347,17317.0,101048.0,156300.0
42000348,18167.0,107139.0,156300.0
42000349,18567.0,107131.0,156300.0
42000350,18967.0,107123.0,156300.0
42000351,19367.0,107114.0,156300.0
42000352,19767.0,107106.0,156300.0
42000353,18617.0,101048.0,156300.0
42000354,20667.0,99381.0,156300.0
42000355,20667.0,100214.0,156300.0
42000356,17642.0,98548.0,156300.0
42000357,18942.0,98548.0,156300.0
42000358,21533.0,98548.0,156300.0
42000359,22400.0,98548.0,156300.0
42000360,23267.0,99070.0,156300.0
42000361,27067.0,99070.0,156300.0
42000362,28067.0,98548.0,156300.0
42000363,29067.0,98548.0,156300.0
42000364,16867.0,114248.0,156300.0
42000365,20667.0,114248.0,156300.0
42000366,20292.0,114848.0,156300.0
42000367,18142.0,114848.0,156300.0
42000368,18642.0,114848.0,156300.0
42000369,19142.0,114848.0,156300.0
42000370,19642.0,114848.0,156300.0
42000371,29267.0,114848.0,156300.0
42000372,28867.0,113448.0,156300.0
42000373,29267.0,113448.0,156300.0
42000374,29667.0,113448.0,156300.0
42000375,20067.0,101048.0,156300.0
42000376,20067.0,98548.0,156300.0
42000377,16867.0,104698.0,156300.0
42000378,16867.0,105698.0,156300.0
42000379,20667.0,106710.0,156300.0
42000380,23267.0,114248.0,156300.0
42000381,30067.0,99381.0,156300.0
42000382,30067.0,100214.0,156300.0
42000383,30067.0,100881.0,156300.0
42000384,30067.0,105281.0,156300.0
42000385,30067.0,106214.0,156300.0
42000386,30067.0,102481.0,156300.0
42000387,30067.0,103414.0,156300.0
42000388,60347.0,101873.0,156300.0
42000389,60347.0,102698.0,156300.0
42000390,60347.0,103523.0,156300.0
42000391,63747.0,111328.0,156300.0
42000392,63747.0,112208.0,156300.0
42000393,63747.0,113088.0,156300.0
42000394,63747.0,113968.0,156300.0
42000395,61022.0,114848.0,156300.0
42000396,61697.0,114848.0,156300.0
42000397,62197.0,114848.0,156300.0
42000398,62697.0,114848.0,156300.0
42000399,63197.0,114848.0,156300.0
42000400,52947.0,104560.0,156300.0
42000401,52947.0,105423.0,156300.0
42000402,52947.0,106285.0,156300.0
42000403,53722.0,98548.0,156300.0
42000404,52947.0,99381.0,156300.0
42000405,52947.0,100214.0,156300.0
42000406,52947.0,101931.0,156300.0
42000407,52947.0,102814.0,156300.0
42000408,53397.0,101048.0,156300.0
42000409,53397.0,107148.0,156300.0
42000410,52947.0,107548.0,156300.0
42000411,52947.0,107948.0,156300.0
42000412,52947.0,108348.0,156300.0
42000413,56347.0,111328.0,156300.0
42000414,56347.0,112208.0,156300.0
42000415,56347.0,113088.0,156300.0
42000416,56347.0,113798.0,156300.0
42000417,56347.0,114148.0,156300.0
42000418,56347.0,114498.0,156300.0
42000419,52947.0,109110.0,156300.0
42000420,52947.0,109473.0,156300.0
42000421,52947.0,109835.0,156300.0
42000422,52947.0,111128.0,156300.0
42000423,52947.0,112058.0,156300.0
42000424,52947.0,112988.0,156300.0
42000425,52947.0,113918.0,156300.0
42000426,53622.0,114848.0,156300.0
42000427,54297.0,114848.0,156300.0
42000428,54797.0,114848.0,156300.0
42000429,55297.0,114848.0,156300.0
42000430,55797.0,114848.0,156300.0
42000431,54372.0,107123.0,156300.0
42000432,54897.0,107098.0,156300.0
42000433,55422.0,107073.0,156300.0
42000434,61197.0,110448.0,156300.0
42000435,62047.0,110448.0,156300.0
42000436,62897.0,110448.0,156300.0
42000437,56347.0,106673.0,156300.0
42000438,56347.0,99381.0,156300.0
42000439,56347.0,100214.0,156300.0
42000440,54959.0,98548.0,156300.0
42000441,55422.0,98548.0,156300.0
42000442,55884.0,98548.0,156300.0
42000443,63747.0,102064.0,156300.0
42000444,63747.0,103081.0,156300.0
42000445,63747.0,104098.0,156300.0
42000446,63747.0,105114.0,156300.0
42000447,63747.0,106131.0,156300.0
42000448,63747.0,99381.0,156300.0
42000449,63747.0,100214.0,156300.0
42000450,54680.0,101048.0,156300.0
42000451,55513.0,101048.0,156300.0
42000452,60822.0,98548.0,156300.0
42000453,61297.0,98548.0,156300.0
42000454,61797.0,98548.0,156300.0
42000455,62297.0,98548.0,156300.0
42000456,62797.0,98548.0,156300.0
42000457,63272.0,98548.0,156300.0
42000458,61197.0,101048.0,156300.0
42000459,62047.0,101048.0,156300.0
42000460,62897.0,101048.0,156300.0
42000461,111267.0,104698.0,156300.0
42000462,111267.0,105698.0,156300.0
42000463,108067.0,98548.0,156300.0
42000464,108067.0,101048.0,156300.0
42000465,98467.0,113448.0,156300.0
42000466,98867.0,113448.0,156300.0
42000467,99267.0,113448.0,156300.0
42000468,98867.0,114848.0,156300.0
42000469,108492.0,114848.0,156300.0
42000470,108992.0,114848.0,156300.0
42000471,109492.0,114848.0,156300.0
42000472,109992.0,114848.0,156300.0
42000473,107842.0,114848.0,156300.0
42000474,107467.0,114248.0,156300.0
42000475,111267.0,114248.0,156300.0
42000476,110767.0,114848.0,156300.0
42000477,110492.0,98548.0,156300.0
42000478,99067.0,98548.0,156300.0
42000479,100067.0,98548.0,156300.0
42000480,105733.0,98548.0,156300.0
42000481,106600.0,98548.0,156300.0
42000482,101067.0,99070.0,156300.0
42000483,104867.0,99070.0,156300.0
42000484,107467.0,99381.0,156300.0
42000485,107467.0,100214.0,156300.0
42000486,109517.0,101048.0,156300.0
42000487,108367.0,107106.0,156300.0
42000488,108767.0,107114.0,156300.0
42000489,109167.0,107123.0,156300.0
42000490,109567.0,107131.0,156300.0
42000491,109967.0,107139.0,156300.0
42000492,110817.0,101048.0,156300.0
42000493,111267.0,99381.0,156300.0
42000494,111267.0,100214.0,156300.0
42000495,111267.0,101931.0,156300.0
42000496,111267.0,102814.0,156300.0
42000497,99067.0,107148.0,156300.0
42000498,100067.0,107148.0,156300.0
42000499,101067.0,106723.0,156300.0
42000500,104867.0,106723.0,156300.0
42000501,105733.0,107139.0,156300.0
42000502,106600.0,107131.0,156300.0
42000503,110817.0,107148.0,156300.0
42000504,104867.0,107560.0,156300.0
42000505,104867.0,107973.0,156300.0
42000506,104867.0,108385.0,156300.0
42000507,111267.0,107548.0,156300.0
42000508,111267.0,107948.0,156300.0
42000509,111267.0,108348.0,156300.0
42000510,104867.0,109345.0,156300.0
42000511,105733.0,108798.0,156300.0
42000512,106600.0,108798.0,156300.0
42000513,107467.0,107541.0,156300.0
42000514,107467.0,107960.0,156300.0
42000515,107467.0,108379.0,156300.0
42000516,107467.0,109345.0,156300.0
42000517,98067.0,111448.0,156300.0
42000518,98067.0,112448.0,156300.0
42000519,100567.0,110448.0,156300.0
42000520,100367.0,113448.0,156300.0
42000521,101067.0,111448.0,156300.0
42000522,101067.0,112448.0,156300.0
42000523,98067.0,114148.0,156300.0
42000524,101067.0,113798.0,156300.0
42000525,101067.0,114148.0,156300.0
42000526,101067.0,114498.0,156300.0
42000527,111267.0,109110.0,156300.0
42000528,111267.0,109473.0,156300.0
42000529,111267.0,109835.0,156300.0
42000530,111267.0,111060.0,156300.0
42000531,111267.0,111923.0,156300.0
42000532,111267.0,112785.0,156300.0
42000533,100367.0,114848.0,156300.0
42000534,105733.0,114848.0,156300.0
42000535,106600.0,114848.0,156300.0
42000536,107467.0,106710.0,156300.0
42000537,98067.0,102481.0,156300.0
42000538,98067.0,103414.0,156300.0
42000539,98067.0,105281.0,156300.0
42000540,98067.0,106214.0,156300.0
42000541,104867.0,114248.0,156300.0
42000542,98067.0,99381.0,156300.0
42000543,98067.0,100214.0,156300.0
42000544,98567.0,110448.0,156300.0
42000545,99067.0,110448.0,156300.0
42000546,99567.0,110448.0,156300.0
42000547,109192.0,98548.0,156300.0
42000548,16867.0,114848.0,155200.0
42000549,16867.0,114848.0,154366.0
42000550,16867.0,114848.0,153533.0
42000551,17867.0,114848.0,155200.0
42000552,17867.0,114848.0,154366.0
42000553,17867.0,114848.0,153533.0
42000554,20667.0,114848.0,155200.0
42000555,20667.0,114848.0,154366.0
42000556,20667.0,114848.0,153533.0
42000557,23267.0,114848.0,155300.0
42000558,23267.0,114848.0,154433.0
42000559,23267.0,114848.0,153566.0
42000560,28467.0,114848.0,155400.0
42000561,28467.0,114848.0,154500.0
42000562,28467.0,114848.0,153600.0
42000563,27067.0,110448.0,155400.0
42000564,27067.0,110448.0,154500.0
42000565,27067.0,110448.0,153600.0
42000566,20667.0,109893.0,155400.0
42000567,20667.0,109893.0,154500.0
42000568,20667.0,109893.0,153600.0
42000569,16867.0,113648.0,155200.0
42000570,16867.0,113648.0,154366.0
42000571,16867.0,113648.0,153533.0
42000572,23267.0,109893.0,155400.0
42000573,23267.0,109893.0,154500.0
42000574,23267.0,109893.0,153600.0
42000575,16867.0,106698.0,155400.0
42000576,16867.0,106698.0,154500.0
42000577,16867.0,106698.0,153600.0
42000578,23267.0,106298.0,155400.0
42000579,23267.0,106298.0,154500.0
42000580,23267.0,106298.0,153600.0
42000581,27067.0,106298.0,155400.0
42000582,27067.0,106298.0,154500.0
42000583,27067.0,106298.0,153600.0
42000584,27067.0,107148.0,155400.0
42000585,27067.0,107148.0,154500.0
42000586,27067.0,107148.0,153600.0
42000587,16867.0,101048.0,155400.0
42000588,16867.0,101048.0,154500.0
42000589,16867.0,101048.0,153600.0
42000590,16867.0,103698.0,155400.0
42000591,16867.0,103698.0,154500.0
42000592,16867.0,103698.0,153600.0
42000593,16867.0,98548.0,155400.0
42000594,16867.0,98548.0,154500.0
42000595,16867.0,98548.0,153600.0
42000596,17767.0,101048.0,155400.0
42000597,17767.0,101048.0,154500.0
42000598,17767.0,101048.0,153600.0
42000599,19467.0,101048.0,155400.0
42000600,19467.0,101048.0,154500.0
42000601,19467.0,101048.0,153600.0
42000602,20667.0,101048.0,155400.0
42000603,20667.0,101048.0,154500.0
42000604,20667.0,101048.0,153600.0
42000605,23267.0,98548.0,155400.0
42000606,23267.0,98548.0,154500.0
42000607,23267.0,98548.0,153600.0
42000608,23267.0,99593.0,155400.0
42000609,23267.0,99593.0,154500.0
42000610,23267.0,99593.0,153600.0
42000611,27067.0,98548.0,155400.0
42000612,27067.0,98548.0,154500.0
42000613,27067.0,98548.0,153600.0
42000614,27067.0,99593.0,155400.0
42000615,27067.0,99593.0,154500.0
42000616,27067.0,99593.0,153600.0
42000617,30067.0,98548.0,155400.0
42000618,30067.0,98548.0,154500.0
42000619,30067.0,98548.0,153600.0
42000620,19917.0,114848.0,155200.0
42000621,19917.0,114848.0,154366.0
42000622,19917.0,114848.0,153533.0
42000623,30067.0,114848.0,155400.0
42000624,30067.0,114848.0,154500.0
42000625,30067.0,114848.0,153600.0
42000626,20667.0,106298.0,155400.0
42000627,20667.0,106298.0,154500.0
42000628,20667.0,106298.0,153600.0
42000629,20667.0,113648.0,155200.0
42000630,20667.0,113648.0,154366.0
42000631,20667.0,113648.0,153533.0
42000632,23267.0,113648.0,155400.0
42000633,23267.0,113648.0,154500.0
42000634,23267.0,113648.0,153600.0
42000635,20667.0,101548.0,155400.0
42000636,20667.0,101548.0,154500.0
42000637,20667.0,101548.0,153600.0
42000638,30067.0,107148.0,155400.0
42000639,30067.0,107148.0,154500.0
42000640,30067.0,107148.0,153600.0
42000641,30067.0,104348.0,155400.0
42000642,30067.0,104348.0,154500.0
42000643,30067.0,104348.0,153600.0
42000644,30067.0,101548.0,155400.0
42000645,30067.0,101548.0,154500.0
42000646,30067.0,101548.0,153600.0
42000647,60347.0,101048.0,155200.0
42000648,60347.0,101048.0,154366.0
42000649,60347.0,101048.0,153533.0
42000650,60347.0,104348.0,155200.0
42000651,60347.0,104348.0,154366.0
42000652,60347.0,104348.0,153533.0
42000653,63747.0,110448.0,155200.0
42000654,63747.0,110448.0,154366.0
42000655,63747.0,110448.0,153533.0
42000656,63747.0,114848.0,155200.0
42000657,63747.0,114848.0,154366.0
42000658,63747.0,114848.0,153533.0
42000659,60347.0,114848.0,155200.0
42000660,60347.0,114848.0,154366.0
42000661,60347.0,114848.0,153533.0
42000662,52947.0,103698.0,155400.0
42000663,52947.0,103698.0,154500.0
42000664,52947.0,103698.0,153600.0
42000665,52947.0,98548.0,155400.0
42000666,52947.0,98548.0,154500.0
42000667,52947.0,98548.0,153600.0
42000668,52947.0,101048.0,155400.0
42000669,52947.0,101048.0,154500.0
42000670,52947.0,101048.0,153600.0
42000671,53847.0,101048.0,155400.0
42000672,53847.0,101048.0,154500.0
42000673,53847.0,101048.0,153600.0
42000674,56347.0,107048.0,155400.0
42000675,56347.0,107048.0,154500.0
42000676,56347.0,107048.0,153600.0
42000677,56347.0,110448.0,155400.0
42000678,56347.0,110448.0,154500.0
42000679,56347.0,110448.0,153600.0
42000680,52947.0,114848.0,155200.0
42000681,52947.0,114848.0,154366.0
42000682,52947.0,114848.0,153533.0
42000683,60347.0,110448.0,155200.0
42000684,60347.0,110448.0,154366.0
42000685,60347.0,110448.0,153533.0
42000686,56347.0,106298.0,155400.0
42000687,56347.0,106298.0,154500.0
42000688,56347.0,106298.0,153600.0
42000689,56347.0,101048.0,155400.0
42000690,56347.0,101048.0,154500.0
42000691,56347.0,101048.0,153600.0
42000692,56347.0,101548.0,155400.0
42000693,56347.0,101548.0,154500.0
42000694,56347.0,101548.0,153600.0
42000695,63747.0,101048.0,155200.0
42000696,63747.0,101048.0,154366.0
42000697,63747.0,101048.0,153533.0
42000698,63747.0,107148.0,155200.0
42000699,63747.0,107148.0,154366.0
42000700,63747.0,107148.0,153533.0
42000701,63747.0,98548.0,155200.0
42000702,63747.0,98548.0,154366.0
42000703,63747.0,98548.0,153533.0
42000704,60347.0,98548.0,155200.0
42000705,60347.0,98548.0,154366.0
42000706,60347.0,98548.0,153533.0
42000707,111267.0,103698.0,155400.0
42000708,111267.0,103698.0,154500.0
42000709,111267.0,103698.0,153600.0
42000710,111267.0,106698.0,155400.0
42000711,111267.0,106698.0,154500.0
42000712,111267.0,106698.0,153600.0
42000713,107467.0,101048.0,155400.0
42000714,107467.0,101048.0,154500.0
42000715,107467.0,101048.0,153600.0
42000716,108667.0,101048.0,155400.0
42000717,108667.0,101048.0,154500.0
42000718,108667.0,101048.0,153600.0
42000719,98067.0,114848.0,155400.0
42000720,98067.0,114848.0,154500.0
42000721,98067.0,114848.0,153600.0
42000722,99667.0,114848.0,155400.0
42000723,99667.0,114848.0,154500.0
42000724,99667.0,114848.0,153600.0
42000725,108217.0,114848.0,155200.0
42000726,108217.0,114848.0,154366.0
42000727,108217.0,114848.0,153533.0
42000728,110267.0,114848.0,155200.0
42000729,110267.0,114848.0,154366.0
42000730,110267.0,114848.0,153533.0
42000731,107467.0,114848.0,155300.0
42000732,107467.0,114848.0,154433.0
42000733,107467.0,114848.0,153566.0
42000734,107467.0,113648.0,155200.0
42000735,107467.0,113648.0,154366.0
42000736,107467.0,113648.0,153533.0
42000737,111267.0,113648.0,155400.0
42000738,111267.0,113648.0,154500.0
42000739,111267.0,113648.0,153600.0
42000740,111267.0,114848.0,155300.0
42000741,111267.0,114848.0,154433.0
42000742,111267.0,114848.0,153566.0
42000743,111267.0,98548.0,155400.0
42000744,111267.0,98548.0,154500.0
42000745,111267.0,98548.0,153600.0
42000746,98067.0,98548.0,155400.0
42000747,98067.0,98548.0,154500.0
42000748,98067.0,98548.0,153600.0
42000749,101067.0,98548.0,155400.0
42000750,101067.0,98548.0,154500.0
42000751,101067.0,98548.0,153600.0
42000752,104867.0,98548.0,155400.0
42000753,104867.0,98548.0,154500.0
42000754,104867.0,98548.0,153600.0
42000755,101067.0,99593.0,155400.0
42000756,101067.0,99593.0,154500.0
42000757,101067.0,99593.0,153600.0
42000758,104867.0,99593.0,155400.0
42000759,104867.0,99593.0,154500.0
42000760,104867.0,99593.0,153600.0
42000761,107467.0,101548.0,155400.0
42000762,107467.0,101548.0,154500.0
42000763,107467.0,101548.0,153600.0
42000764,110367.0,101048.0,155400.0
42000765,110367.0,101048.0,154500.0
42000766,110367.0,101048.0,153600.0
42000767,111267.0,101048.0,155400.0
42000768,111267.0,101048.0,154500.0
42000769,111267.0,101048.0,153600.0
42000770,98067.0,107148.0,155400.0
42000771,98067.0,107148.0,154500.0
42000772,98067.0,107148.0,153600.0
42000773,101067.0,107148.0,155400.0
42000774,101067.0,107148.0,154500.0
42000775,101067.0,107148.0,153600.0
42000776,101067.0,106298.0,155400.0
42000777,101067.0,106298.0,154500.0
42000778,101067.0,106298.0,153600.0
42000779,104867.0,106298.0,155400.0
42000780,104867.0,106298.0,154500.0
42000781,104867.0,106298.0,153600.0
42000782,104867.0,109893.0,155400.0
42000783,104867.0,109893.0,154500.0
42000784,104867.0,109893.0,153600.0
42000785,107467.0,109893.0,155400.0
42000786,107467.0,109893.0,154500.0
42000787,107467.0,109893.0,153600.0
42000788,101067.0,110448.0,155400.0
42000789,101067.0,110448.0,154500.0
42000790,101067.0,110448.0,153600.0
42000791,104867.0,114848.0,155400.0
42000792,104867.0,114848.0,154500.0
42000793,104867.0,114848.0,153600.0
42000794,107467.0,106298.0,155400.0
42000795,107467.0,106298.0,154500.0
42000796,107467.0,106298.0,153600.0
42000797,98067.0,101548.0,155400.0
42000798,98067.0,101548.0,154500.0
42000799,98067.0,101548.0,153600.0
42000800,98067.0,104348.0,155400.0
42000801,98067.0,104348.0,154500.0
42000802,98067.0,104348.0,153600.0
42000803,104867.0,113648.0,155400.0
42000804,104867.0,113648.0,154500.0
42000805,104867.0,113648.0,153600.0
42000806,98067.0,101048.0,155400.0
42000807,98067.0,101048.0,154500.0
42000808,98067.0,101048.0,153600.0
42000809,16867.0,109110.0,155500.0
42000810,16867.0,109473.0,155500.0
42000811,16867.0,109835.0,155500.0
42000812,27067.0,113798.0,155700.0
42000813,27067.0,114148.0,155700.0
42000814,27067.0,114498.0,155700.0
42000815,20667.0,107541.0,155700.0
42000816,20667.0,107960.0,155700.0
42000817,20667.0,108379.0,155700.0
42000818,28567.0,110448.0,155700.0
42000819,29067.0,110448.0,155700.0
42000820,29567.0,110448.0,155700.0
42000821,16867.0,107548.0,155500.0
42000822,16867.0,107948.0,155500.0
42000823,16867.0,108348.0,155500.0
42000824,23267.0,107560.0,155700.0
42000825,23267.0,107973.0,155700.0
42000826,23267.0,108385.0,155700.0
42000827,18167.0,107139.0,155600.0
42000828,18567.0,107131.0,155600.0
42000829,18967.0,107123.0,155600.0
42000830,19367.0,107114.0,155600.0
42000831,19767.0,107106.0,155600.0
42000832,18942.0,98548.0,155500.0
42000833,28867.0,113448.0,155700.0
42000834,29267.0,113448.0,155700.0
42000835,29667.0,113448.0,155700.0
42000836,20067.0,98548.0,155500.0
42000837,52947.0,107548.0,155500.0
42000838,52947.0,107948.0,155500.0
42000839,52947.0,108348.0,155500.0
42000840,56347.0,113798.0,155700.0
42000841,56347.0,114148.0,155700.0
42000842,56347.0,114498.0,155700.0
42000843,52947.0,109110.0,155500.0
42000844,52947.0,109473.0,155500.0
42000845,52947.0,109835.0,155500.0
42000846,54372.0,107123.0,155600.0
42000847,54897.0,107098.0,155600.0
42000848,55422.0,107073.0,155600.0
42000849,54959.0,98548.0,155500.0
42000850,55422.0,98548.0,155500.0
42000851,55884.0,98548.0,155500.0
42000852,108067.0,98548.0,155500.0
42000853,98467.0,113448.0,155700.0
42000854,98867.0,113448.0,155700.0
42000855,99267.0,113448.0,155700.0
42000856,108367.0,107106.0,155600.0
42000857,108767.0,107114.0,155600.0
42000858,109167.0,107123.0,155600.0
42000859,109567.0,107131.0,155600.0
42000860,109967.0,107139.0,155600.0
42000861,104867.0,107560.0,155700.0
42000862,104867.0,107973.0,155700.0
42000863,104867.0,108385.0,155700.0
42000864,111267.0,107548.0,155500.0
42000865,111267.0,107948.0,155500.0
42000866,111267.0,108348.0,155500.0
42000867,107467.0,107541.0,155700.0
42000868,107467.0,107960.0,155700.0
42000869,107467.0,108379.0,155700.0
42000870,101067.0,113798.0,155700.0
42000871,101067.0,114148.0,155700.0
42000872,101067.0,114498.0,155700.0
42000873,111267.0,109110.0,155500.0
42000874,111267.0,109473.0,155500.0
42000875,111267.0,109835.0,155500.0
42000876,98567.0,110448.0,155700.0
42000877,99067.0,110448.0,155700.0
42000878,99567.0,110448.0,155700.0
42000879,109192.0,98548.0,155500.0
42000880,27067.0,114848.0,154500.0
42000881,27067.0,114848.0,153600.0
42000882,27067.0,113448.0,154500.0
42000883,27067.0,113448.0,153600.0
42000884,28467.0,113448.0,154500.0
42000885,28467.0,113448.0,153600.0
42000886,20667.0,108798.0,154500.0
42000887,20667.0,108798.0,153600.0
42000888,16867.0,110198.0,154366.0
42000889,16867.0,110198.0,153533.0
42000890,28067.0,110448.0,154500.0
42000891,28067.0,110448.0,153600.0
42000892,23267.0,108798.0,154500.0
42000893,23267.0,108798.0,153600.0
42000894,16867.0,107148.0,154500.0
42000895,16867.0,107148.0,153600.0
42000896,20167.0,107098.0,154500.0
42000897,20167.0,107098.0,153600.0
42000898,20667.0,107123.0,154500.0
42000899,20667.0,107123.0,153600.0
42000900,23267.0,107148.0,154500.0
42000901,23267.0,107148.0,153600.0
42000902,20667.0,98548.0,154500.0
42000903,20667.0,98548.0,153600.0
42000904,18417.0,98548.0,154500.0
42000905,18417.0,98548.0,153600.0
42000906,17767.0,107148.0,154500.0
42000907,17767.0,107148.0,153600.0
42000908,30067.0,113448.0,154500.0
42000909,30067.0,113448.0,153600.0
42000910,30067.0,110448.0,154500.0
42000911,30067.0,110448.0,153600.0
42000912,52947.0,107148.0,154500.0
42000913,52947.0,107148.0,153600.0
42000914,54497.0,98548.0,154500.0
42000915,54497.0,98548.0,153600.0
42000916,53847.0,107148.0,154500.0
42000917,53847.0,107148.0,153600.0
42000918,55947.0,107048.0,154500.0
42000919,55947.0,107048.0,153600.0
42000920,56347.0,113448.0,154500.0
42000921,56347.0,113448.0,153600.0
42000922,52947.0,110198.0,154366.0
42000923,52947.0,110198.0,153533.0
42000924,56347.0,114848.0,154366.0
42000925,56347.0,114848.0,153533.0
42000926,56347.0,98548.0,154500.0
42000927,56347.0,98548.0,153600.0
42000928,109717.0,98548.0,154500.0
42000929,109717.0,98548.0,153600.0
42000930,107467.0,98548.0,154500.0
42000931,107467.0,98548.0,153600.0
42000932,107467.0,107123.0,154500.0
42000933,107467.0,107123.0,153600.0
42000934,107967.0,107098.0,154500.0
42000935,107967.0,107098.0,153600.0
42000936,104867.0,107148.0,154500.0
42000937,104867.0,107148.0,153600.0
42000938,110367.0,107148.0,154500.0
42000939,110367.0,107148.0,153600.0
42000940,111267.0,107148.0,154500.0
42000941,111267.0,107148.0,153600.0
42000942,104867.0,108798.0,154500.0
42000943,104867.0,108798.0,153600.0
42000944,107467.0,108798.0,154500.0
42000945,107467.0,108798.0,153600.0
42000946,98067.0,110448.0,154500.0
42000947,98067.0,110448.0,153600.0
42000948,98067.0,113448.0,154500.0
42000949,98067.0,113448.0,153600.0
42000950,100067.0,110448.0,154500.0
42000951,100067.0,110448.0,153600.0
42000952,99667.0,113448.0,154500.0
42000953,99667.0,113448.0,153600.0
42000954,101067.0,113448.0,154500.0
42000955,101067.0,113448.0,153600.0
42000956,111267.0,110198.0,154500.0
42000957,111267.0,110198.0,153600.0
42000958,101067.0,114848.0,154500.0
42000959,101067.0,114848.0,153600.0
42000960,24217.0,107148.0,156300.0
42000961,25167.0,107148.0,156300.0
42000962,26117.0,107148.0,156300.0
42000963,27067.0,108248.0,156300.0
42000964,27067.0,109348.0,156300.0
42000965,26117.0,114848.0,156300.0
42000966,24217.0,114848.0,156300.0
42000967,23267.0,112748.0,156300.0
42000968,23267.0,110870.0,156300.0
42000969,28467.0,114148.0,156300.0
42000970,17817.0,108760.0,156300.0
42000971,18767.0,108773.0,156300.0
42000972,19717.0,108785.0,156300.0
42000973,20667.0,110870.0,156300.0
42000974,20667.0,112748.0,156300.0
42000975,18892.0,113648.0,156300.0
42000976,24217.0,104348.0,156300.0
42000977,25167.0,104348.0,156300.0
42000978,26117.0,104348.0,156300.0
42000979,27067.0,105323.0,156300.0
42000980,23267.0,105323.0,156300.0
42000981,19467.0,99381.0,156300.0
42000982,19467.0,100214.0,156300.0
42000983,24217.0,101548.0,156300.0
42000984,25167.0,101548.0,156300.0
42000985,26117.0,101548.0,156300.0
42000986,27067.0,102481.0,156300.0
42000987,27067.0,103414.0,156300.0
42000988,23267.0,102481.0,156300.0
42000989,23267.0,103414.0,156300.0
42000990,24217.0,98548.0,156300.0
42000991,26117.0,98548.0,156300.0
42000992,27067.0,100570.0,156300.0
42000993,23267.0,100570.0,156300.0
42000994,56347.0,107898.0,156300.0
42000995,53797.0,108748.0,156300.0
42000996,54647.0,108748.0,156300.0
42000997,55497.0,108748.0,156300.0
42000998,108667.0,99381.0,156300.0
42000999,108667.0,100214.0,156300.0
42001000,99667.0,114148.0,156300.0
42001001,109242.0,113648.0,156300.0
42001002,108417.0,108785.0,156300.0
42001003,109367.0,108773.0,156300.0
42001004,110317.0,108760.0,156300.0
42001005,107467.0,112748.0,156300.0
42001006,107467.0,110870.0,156300.0
42001007,101883.0,98548.0,156300.0
42001008,103783.0,98548.0,156300.0
42001009,104867.0,100570.0,156300.0
42001010,102017.0,101548.0,156300.0
42001011,102967.0,101548.0,156300.0
42001012,103917.0,101548.0,156300.0
42001013,101067.0,100570.0,156300.0
42001014,102017.0,104348.0,156300.0
42001015,102967.0,104348.0,156300.0
42001016,103917.0,104348.0,156300.0
42001017,104867.0,105323.0,156300.0
42001018,102017.0,107148.0,156300.0
42001019,102967.0,107148.0,156300.0
42001020,103917.0,107148.0,156300.0
42001021,101067.0,105323.0,156300.0
42001022,104867.0,110870.0,156300.0
42001023,104867.0,112748.0,156300.0
42001024,103783.0,114848.0,156300.0
42001025,101883.0,114848.0,156300.0
42001026,101067.0,108248.0,156300.0
42001027,101067.0,109348.0,156300.0
42001028,104867.0,102481.0,156300.0
42001029,104867.0,103414.0,156300.0
42001030,101067.0,102481.0,156300.0
42001031,101067.0,103414.0,156300.0
42001034,64282.0,106635.0,156299.0
42001035,108667.0,98548.0,155900.0
42001036,109192.0,98548.0,155900.0
42001037,109717.0,98548.0,155900.0
42001038,98067.0,110448.0,156000.0
42001039,98567.0,110448.0,156000.0
42001040,99067.0,110448.0,156000.0
42001041,99567.0,110448.0,156000.0
42001042,100067.0,110448.0,156000.0
42001043,111267.0,108748.0,155900.0
42001044,111267.0,109110.0,155900.0
42001045,111267.0,109473.0,155900.0
42001046,111267.0,109835.0,155900.0
42001047,111267.0,110198.0,155900.0
42001048,101067.0,113448.0,156000.0
42001049,101067.0,113798.0,156000.0
42001050,101067.0,114148.0,156000.0
42001051,101067.0,114498.0,156000.0
42001052,101067.0,114848.0,156000.0
42001053,107467.0,107123.0,156000.0
42001054,107467.0,107541.0,156000.0
42001055,107467.0,107960.0,156000.0
42001056,107467.0,108379.0,156000.0
42001057,107467.0,108798.0,156000.0
42001058,111267.0,107148.0,155900.0
42001059,111267.0,107548.0,155900.0
42001060,111267.0,107948.0,155900.0
42001061,111267.0,108348.0,155900.0
42001062,104867.0,107148.0,156000.0
42001063,104867.0,107560.0,156000.0
42001064,104867.0,107973.0,156000.0
42001065,104867.0,108385.0,156000.0
42001066,104867.0,108798.0,156000.0
42001067,107967.0,107098.0,155950.0
42001068,108367.0,107106.0,155950.0
42001069,108767.0,107114.0,155950.0
42001070,109167.0,107123.0,155950.0
42001071,109567.0,107131.0,155950.0
42001072,109967.0,107139.0,155950.0
42001073,110367.0,107148.0,155950.0
42001074,98067.0,113448.0,156000.0
42001075,98467.0,113448.0,156000.0
42001076,98867.0,113448.0,156000.0
42001077,99267.0,113448.0,156000.0
42001078,99667.0,113448.0,156000.0
42001079,107467.0,98548.0,155900.0
42001080,108067.0,98548.0,155900.0
42001081,54497.0,98548.0,155900.0
42001082,54959.0,98548.0,155900.0
42001083,55422.0,98548.0,155900.0
42001084,55884.0,98548.0,155900.0
42001085,56347.0,98548.0,155900.0
42001086,53847.0,107148.0,155950.0
42001087,54372.0,107123.0,155950.0
42001088,54897.0,107098.0,155950.0
42001089,55422.0,107073.0,155950.0
42001090,55947.0,107048.0,155950.0
42001091,52947.0,108748.0,155900.0
42001092,52947.0,109110.0,155900.0
42001093,52947.0,109473.0,155900.0
42001094,52947.0,109835.0,155900.0
42001095,52947.0,110198.0,155900.0
42001096,56347.0,113448.0,156000.0
42001097,56347.0,113798.0,156000.0
42001098,56347.0,114148.0,156000.0
42001099,56347.0,114498.0,156000.0
42001100,56347.0,114848.0,156000.0
42001101,52947.0,107148.0,155900.0
42001102,52947.0,107548.0,155900.0
42001103,52947.0,107948.0,155900.0
42001104,52947.0,108348.0,155900.0
42001105,19467.0,98548.0,155900.0
42001106,20067.0,98548.0,155900.0
42001107,20667.0,98548.0,155900.0
42001108,28467.0,113448.0,156000.0
42001109,28867.0,113448.0,156000.0
42001110,29267.0,113448.0,156000.0
42001111,29667.0,113448.0,156000.0
42001112,30067.0,113448.0,156000.0
42001113,18417.0,98548.0,155900.0
42001114,18942.0,98548.0,155900.0
42001115,17767.0,107148.0,155950.0
42001116,18167.0,107139.0,155950.0
42001117,18567.0,107131.0,155950.0
42001118,18967.0,107123.0,155950.0
42001119,19367.0,107114.0,155950.0
42001120,19767.0,107106.0,155950.0
42001121,20167.0,107098.0,155950.0
42001122,23267.0,107148.0,156000.0
42001123,23267.0,107560.0,156000.0
42001124,23267.0,107973.0,156000.0
42001125,23267.0,108385.0,156000.0
42001126,23267.0,108798.0,156000.0
42001127,16867.0,107148.0,155900.0
42001128,16867.0,107548.0,155900.0
42001129,16867.0,107948.0,155900.0
42001130,16867.0,108348.0,155900.0
42001131,16867.0,108748.0,155900.0
42001132,28067.0,110448.0,156000.0
42001133,28567.0,110448.0,156000.0
42001134,29067.0,110448.0,156000.0
42001135,29567.0,110448.0,156000.0
42001136,30067.0,110448.0,156000.0
42001137,20667.0,107123.0,156000.0
42001138,20667.0,107541.0,156000.0
42001139,20667.0,107960.0,156000.0
42001140,20667.0,108379.0,156000.0
42001141,20667.0,108798.0,156000.0
42001142,27067.0,113448.0,156000.0
42001143,27067.0,113798.0,156000.0
42001144,27067.0,114148.0,156000.0
42001145,27067.0,114498.0,156000.0
42001146,27067.0,114848.0,156000.0
42001147,16867.0,109110.0,155900.0
42001148,16867.0,109473.0,155900.0
42001149,16867.0,109835.0,155900.0
42001150,16867.0,110198.0,155900.0
42001151,17367.0,114848.0,155200.0
42001152,17367.0,114848.0,153533.0
42001153,17367.0,114848.0,154366.0
42001154,21533.0,114848.0,155300.0
42001155,22400.0,114848.0,155300.0
42001156,21533.0,114848.0,153566.0
42001157,22400.0,114848.0,153566.0
42001158,21533.0,114848.0,154433.0
42001159,22400.0,114848.0,154433.0
42001160,27767.0,114848.0,155400.0
42001161,27767.0,114848.0,153600.0
42001162,27767.0,114848.0,154500.0
42001163,16867.0,111060.0,155500.0
42001164,16867.0,111923.0,155500.0
42001165,16867.0,112785.0,155500.0
42001166,16867.0,111060.0,153533.0
42001167,16867.0,111923.0,153533.0
42001168,16867.0,112785.0,153533.0
42001169,16867.0,111060.0,154366.0
42001170,16867.0,112785.0,154366.0
42001171,16867.0,111923.0,154366.0
42001172,30067.0,114148.0,155400.0
42001173,30067.0,114148.0,153600.0
42001174,30067.0,114148.0,154500.0
42001175,27067.0,111448.0,155400.0
42001176,27067.0,112448.0,155400.0
42001177,27067.0,111448.0,153600.0
42001178,27067.0,112448.0,153600.0
42001179,27067.0,111448.0,154500.0
42001180,27067.0,112448.0,154500.0
42001181,27767.0,113448.0,155700.0
42001182,27767.0,113448.0,153600.0
42001183,27767.0,113448.0,154500.0
42001184,27567.0,110448.0,155400.0
42001185,27567.0,110448.0,153600.0
42001186,27567.0,110448.0,154500.0
42001187,30067.0,111448.0,155700.0
42001188,30067.0,112448.0,155700.0
42001189,30067.0,111448.0,153600.0
42001190,30067.0,112448.0,153600.0
42001191,30067.0,111448.0,154500.0
42001192,30067.0,112448.0,154500.0
42001193,20667.0,109345.0,155400.0
42001194,20667.0,109345.0,153600.0
42001195,20667.0,109345.0,154500.0
42001196,21533.0,108798.0,155700.0
42001197,22400.0,108798.0,155700.0
42001198,21533.0,108798.0,153600.0
42001199,22400.0,108798.0,153600.0
42001200,21533.0,108798.0,154500.0
42001201,22400.0,108798.0,154500.0
42001202,23267.0,109345.0,155400.0
42001203,23267.0,109345.0,153600.0
42001204,23267.0,109345.0,154500.0
42001205,17317.0,107148.0,155500.0
42001206,17317.0,107148.0,153600.0
42001207,17317.0,107148.0,154500.0
42001208,21533.0,107131.0,155700.0
42001209,22400.0,107139.0,155700.0
42001210,21533.0,107131.0,153600.0
42001211,22400.0,107139.0,153600.0
42001212,21533.0,107131.0,154500.0
42001213,22400.0,107139.0,154500.0
42001214,23267.0,106723.0,155400.0
42001215,23267.0,106723.0,153600.0
42001216,23267.0,106723.0,154500.0
42001217,27067.0,106723.0,155400.0
42001218,27067.0,106723.0,153600.0
42001219,27067.0,106723.0,154500.0
42001220,28067.0,107148.0,155400.0
42001221,29067.0,107148.0,155400.0
42001222,28067.0,107148.0,153600.0
42001223,29067.0,107148.0,153600.0
42001224,28067.0,107148.0,154500.0
42001225,29067.0,107148.0,154500.0
42001226,16867.0,101931.0,155400.0
42001227,16867.0,102814.0,155400.0
42001228,16867.0,101931.0,153600.0
42001229,16867.0,102814.0,153600.0
42001230,16867.0,101931.0,154500.0
42001231,16867.0,102814.0,154500.0
42001232,16867.0,99381.0,155400.0
42001233,16867.0,100214.0,155400.0
42001234,16867.0,99381.0,153600.0
42001235,16867.0,100214.0,153600.0
42001236,16867.0,99381.0,154500.0
42001237,16867.0,100214.0,154500.0
42001238,17317.0,101048.0,155400.0
42001239,17317.0,101048.0,153600.0
42001240,17317.0,101048.0,154500.0
42001241,18617.0,101048.0,155400.0
42001242,18617.0,101048.0,153600.0
42001243,18617.0,101048.0,154500.0
42001244,20667.0,99381.0,155400.0
42001245,20667.0,100214.0,155400.0
42001246,20667.0,99381.0,153600.0
42001247,20667.0,100214.0,153600.0
42001248,20667.0,99381.0,154500.0
42001249,20667.0,100214.0,154500.0
42001250,17642.0,98548.0,155400.0
42001251,17642.0,98548.0,153600.0
42001252,17642.0,98548.0,154500.0
42001253,21533.0,98548.0,155400.0
42001254,22400.0,98548.0,155400.0
42001255,21533.0,98548.0,153600.0
42001256,22400.0,98548.0,153600.0
42001257,21533.0,98548.0,154500.0
42001258,22400.0,98548.0,154500.0
42001259,23267.0,99070.0,155400.0
42001260,23267.0,99070.0,153600.0
42001261,23267.0,99070.0,154500.0
42001262,27067.0,99070.0,155400.0
42001263,27067.0,99070.0,153600.0
42001264,27067.0,99070.0,154500.0
42001265,28067.0,98548.0,155400.0
42001266,29067.0,98548.0,155400.0
42001267,28067.0,98548.0,153600.0
42001268,29067.0,98548.0,153600.0
42001269,28067.0,98548.0,154500.0
42001270,29067.0,98548.0,154500.0
42001271,16867.0,114248.0,155200.0
42001272,16867.0,114248.0,153533.0
42001273,16867.0,114248.0,154366.0
42001274,20667.0,114248.0,155200.0
42001275,20667.0,114248.0,153533.0
42001276,20667.0,114248.0,154366.0
42001277,20292.0,114848.0,155200.0
42001278,20292.0,114848.0,153533.0
42001279,20292.0,114848.0,154366.0
42001280,18142.0,114848.0,155200.0
42001281,18145.0,114848.0,155750.0
42001282,18642.0,114848.0,155750.0
42001283,19142.0,114848.0,155750.0
42001284,19639.0,114848.0,155750.0
42001285,19642.0,114848.0,155200.0
42001286,18142.0,114848.0,153533.0
42001287,19642.0,114848.0,153533.0
42001288,18142.0,114848.0,154366.0
42001289,19642.0,114848.0,154366.0
42001290,18642.0,114848.0,155200.0
42001291,19142.0,114848.0,155200.0
42001292,29267.0,114848.0,155400.0
42001293,29267.0,114848.0,153600.0
42001294,29267.0,114848.0,154500.0
42001295,20067.0,101048.0,155400.0
42001296,20067.0,101048.0,153600.0
42001297,20067.0,101048.0,154500.0
42001298,16867.0,104698.0,155400.0
42001299,16867.0,105698.0,155400.0
42001300,16867.0,104698.0,153600.0
42001301,16867.0,105698.0,153600.0
42001302,16867.0,104698.0,154500.0
42001303,16867.0,105698.0,154500.0
42001304,20667.0,106710.0,155400.0
42001305,20667.0,106710.0,153600.0
42001306,20667.0,106710.0,154500.0
42001307,23267.0,114248.0,155400.0
42001308,23267.0,114248.0,153600.0
42001309,23267.0,114248.0,154500.0
42001310,30067.0,99381.0,155400.0
42001311,30067.0,100214.0,155400.0
42001312,30067.0,100881.0,155400.0
42001313,30067.0,99381.0,153600.0
42001314,30067.0,100214.0,153600.0
42001315,30067.0,100881.0,153600.0
42001316,30067.0,99381.0,154500.0
42001317,30067.0,100881.0,154500.0
42001318,30067.0,100214.0,154500.0
42001319,30067.0,105281.0,155400.0
42001320,30067.0,106214.0,155400.0
42001321,30067.0,105281.0,153600.0
42001322,30067.0,106214.0,153600.0
42001323,30067.0,105281.0,154500.0
42001324,30067.0,106214.0,154500.0
42001325,30067.0,102481.0,155400.0
42001326,30067.0,103414.0,155400.0
42001327,30067.0,102481.0,153600.0
42001328,30067.0,103414.0,153600.0
42001329,30067.0,102481.0,154500.0
42001330,30067.0,103414.0,154500.0
42001331,60347.0,101873.0,155200.0
42001332,60347.0,102698.0,155200.0
42001333,60347.0,103523.0,155200.0
42001334,60347.0,101873.0,153533.0
42001335,60347.0,102698.0,153533.0
42001336,60347.0,103523.0,153533.0
42001337,60347.0,101873.0,154366.0
42001338,60347.0,103523.0,154366.0
42001339,60347.0,102698.0,154366.0
42001340,63747.0,111328.0,155200.0
42001341,63747.0,112208.0,155200.0
42001342,63747.0,113088.0,155200.0
42001343,63747.0,113968.0,155200.0
42001344,63747.0,111328.0,153533.0
42001345,63747.0,112208.0,153533.0
42001346,63747.0,113088.0,153533.0
42001347,63747.0,113968.0,153533.0
42001348,63747.0,111328.0,154366.0
42001349,63747.0,113968.0,154366.0
42001350,63747.0,112208.0,154366.0
42001351,63747.0,113088.0,154366.0
42001352,61022.0,114848.0,155200.0
42001353,61697.0,114848.0,155200.0
42001354,61700.0,114848.0,155750.0
42001355,62197.0,114848.0,155750.0
42001356,62697.0,114848.0,155750.0
42001357,63194.0,114848.0,155750.0
42001358,63197.0,114848.0,155200.0
42001359,61022.0,114848.0,153533.0
42001360,61697.0,114848.0,153533.0
42001361,63197.0,114848.0,153533.0
42001362,61022.0,114848.0,154366.0
42001363,63197.0,114848.0,154366.0
42001364,62197.0,114848.0,155200.0
42001365,61697.0,114848.0,154366.0
42001366,62697.0,114848.0,155200.0
42001367,52947.0,104560.0,155400.0
42001368,52947.0,105423.0,155400.0
42001369,52947.0,106285.0,155400.0
42001370,52947.0,104560.0,153600.0
42001371,52947.0,105423.0,153600.0
42001372,52947.0,106285.0,153600.0
42001373,52947.0,104560.0,154500.0
42001374,52947.0,106285.0,154500.0
42001375,52947.0,105423.0,154500.0
42001376,53722.0,98548.0,155400.0
42001377,53722.0,98548.0,153600.0
42001378,53722.0,98548.0,154500.0
42001379,52947.0,99381.0,155400.0
42001380,52947.0,100214.0,155400.0
42001381,52947.0,99381.0,153600.0
42001382,52947.0,100214.0,153600.0
42001383,52947.0,99381.0,154500.0
42001384,52947.0,100214.0,154500.0
42001385,52947.0,101931.0,155400.0
42001386,52947.0,102814.0,155400.0
42001387,52947.0,101931.0,153600.0
42001388,52947.0,102814.0,153600.0
42001389,52947.0,101931.0,154500.0
42001390,52947.0,102814.0,154500.0
42001391,53397.0,101048.0,155400.0
42001392,53397.0,101048.0,153600.0
42001393,53397.0,101048.0,154500.0
42001394,53397.0,107148.0,155500.0
42001395,53397.0,107148.0,153600.0
42001396,53397.0,107148.0,154500.0
42001397,56347.0,111328.0,155400.0
42001398,56347.0,112208.0,155400.0
42001399,56347.0,113088.0,155400.0
42001400,56347.0,111328.0,153600.0
42001401,56347.0,112208.0,153600.0
42001402,56347.0,113088.0,153600.0
42001403,56347.0,111328.0,154500.0
42001404,56347.0,113088.0,154500.0
42001405,56347.0,112208.0,154500.0
42001406,52947.0,111128.0,155500.0
42001407,52947.0,112058.0,155500.0
42001408,52947.0,112988.0,155500.0
42001409,52947.0,113918.0,155500.0
42001410,52947.0,111128.0,153533.0
42001411,52947.0,112058.0,153533.0
42001412,52947.0,112988.0,153533.0
42001413,52947.0,113918.0,153533.0
42001414,52947.0,111128.0,154366.0
42001415,52947.0,113918.0,154366.0
42001416,52947.0,112058.0,154366.0
42001417,52947.0,112988.0,154366.0
42001418,53622.0,114848.0,155200.0
42001419,54297.0,114848.0,155200.0
42001420,54300.0,114848.0,155750.0
42001421,54797.0,114848.0,155750.0
42001422,55297.0,114848.0,155750.0
42001423,55794.0,114848.0,155750.0
42001424,55797.0,114848.0,155200.0
42001425,53622.0,114848.0,153533.0
42001426,54297.0,114848.0,153533.0
42001427,55797.0,114848.0,153533.0
42001428,53622.0,114848.0,154366.0
42001429,55797.0,114848.0,154366.0
42001430,54797.0,114848.0,155200.0
42001431,54297.0,114848.0,154366.0
42001432,55297.0,114848.0,155200.0
42001433,61197.0,110448.0,155200.0
42001434,62047.0,110448.0,155200.0
42001435,62897.0,110448.0,155200.0
42001436,61197.0,110448.0,153533.0
42001437,62047.0,110448.0,153533.0
42001438,62897.0,110448.0,153533.0
42001439,61197.0,110448.0,154366.0
42001440,62897.0,110448.0,154366.0
42001441,62047.0,110448.0,154366.0
42001442,56347.0,106673.0,155400.0
42001443,56347.0,106673.0,153600.0
42001444,56347.0,106673.0,154500.0
42001445,56347.0,99381.0,155400.0
42001446,56347.0,100214.0,155400.0
42001447,56347.0,99381.0,153600.0
42001448,56347.0,100214.0,153600.0
42001449,56347.0,99381.0,154500.0
42001450,56347.0,100214.0,154500.0
42001451,63747.0,102064.0,155200.0
42001452,63747.0,103081.0,155200.0
42001453,63747.0,104098.0,155200.0
42001454,63747.0,105114.0,155200.0
42001455,63747.0,106131.0,155200.0
42001456,63747.0,102064.0,153533.0
42001457,63747.0,103081.0,153533.0
42001458,63747.0,104098.0,153533.0
42001459,63747.0,105114.0,153533.0
42001460,63747.0,106131.0,153533.0
42001461,63747.0,102064.0,154366.0
42001462,63747.0,106131.0,154366.0
42001463,63747.0,103081.0,154366.0
42001464,63747.0,104098.0,154366.0
42001465,63747.0,105114.0,154366.0
42001466,63747.0,99381.0,155200.0
42001467,63747.0,100214.0,155200.0
42001468,63747.0,99381.0,153533.0
42001469,63747.0,100214.0,153533.0
42001470,63747.0,99381.0,154366.0
42001471,63747.0,100214.0,154366.0
42001472,54680.0,101048.0,155400.0
42001473,55513.0,101048.0,155400.0
42001474,54680.0,101048.0,153600.0
42001475,55513.0,101048.0,153600.0
42001476,54680.0,101048.0,154500.0
42001477,55513.0,101048.0,154500.0
42001478,60822.0,98548.0,155200.0
42001479,61297.0,98548.0,155200.0
42001480,61300.0,98548.0,155750.0
42001481,61797.0,98548.0,155750.0
42001482,62297.0,98548.0,155750.0
42001483,62794.0,98548.0,155750.0
42001484,62797.0,98548.0,155200.0
42001485,63272.0,98548.0,155200.0
42001486,60822.0,98548.0,153533.0
42001487,61297.0,98548.0,153533.0
42001488,63272.0,98548.0,153533.0
42001489,62797.0,98548.0,153533.0
42001490,60822.0,98548.0,154366.0
42001491,63272.0,98548.0,154366.0
42001492,61797.0,98548.0,155200.0
42001493,61297.0,98548.0,154366.0
42001494,62297.0,98548.0,155200.0
42001495,62797.0,98548.0,154366.0
42001496,61197.0,101048.0,155200.0
42001497,62047.0,101048.0,155200.0
42001498,62897.0,101048.0,155200.0
42001499,61197.0,101048.0,153533.0
42001500,62047.0,101048.0,153533.0
42001501,62897.0,101048.0,153533.0
42001502,61197.0,101048.0,154366.0
42001503,62897.0,101048.0,154366.0
42001504,62047.0,101048.0,154366.0
42001505,111267.0,104698.0,155400.0
42001506,111267.0,105698.0,155400.0
42001507,111267.0,104698.0,153600.0
42001508,111267.0,105698.0,153600.0
42001509,111267.0,104698.0,154500.0
42001510,111267.0,105698.0,154500.0
42001511,108067.0,101048.0,155400.0
42001512,108067.0,101048.0,153600.0
42001513,108067.0,101048.0,154500.0
42001514,98867.0,114848.0,155400.0
42001515,98867.0,114848.0,153600.0
42001516,98867.0,114848.0,154500.0
42001517,108492.0,114848.0,155200.0
42001518,108495.0,114848.0,155750.0
42001519,108992.0,114848.0,155750.0
42001520,109492.0,114848.0,155750.0
42001521,109989.0,114848.0,155750.0
42001522,109992.0,114848.0,155200.0
42001523,108492.0,114848.0,153533.0
42001524,109992.0,114848.0,153533.0
42001525,108492.0,114848.0,154366.0
42001526,109992.0,114848.0,154366.0
42001527,108992.0,114848.0,155200.0
42001528,109492.0,114848.0,155200.0
42001529,107842.0,114848.0,155300.0
42001530,107842.0,114848.0,153566.0
42001531,107842.0,114848.0,154433.0
42001532,107467.0,114248.0,155300.0
42001533,107467.0,114248.0,153566.0
42001534,107467.0,114248.0,154433.0
42001535,111267.0,114248.0,155400.0
42001536,111267.0,114248.0,153600.0
42001537,111267.0,114248.0,154500.0
42001538,110767.0,114848.0,155300.0
42001539,110767.0,114848.0,153566.0
42001540,110767.0,114848.0,154433.0
42001541,110492.0,98548.0,155400.0
42001542,110492.0,98548.0,153600.0
42001543,110492.0,98548.0,154500.0
42001544,99067.0,98548.0,155400.0
42001545,100067.0,98548.0,155400.0
42001546,99067.0,98548.0,153600.0
42001547,100067.0,98548.0,153600.0
42001548,99067.0,98548.0,154500.0
42001549,100067.0,98548.0,154500.0
42001550,105733.0,98548.0,155400.0
42001551,106600.0,98548.0,155400.0
42001552,105733.0,98548.0,153600.0
42001553,106600.0,98548.0,153600.0
42001554,105733.0,98548.0,154500.0
42001555,106600.0,98548.0,154500.0
42001556,101067.0,99070.0,155400.0
42001557,101067.0,99070.0,153600.0
42001558,101067.0,99070.0,154500.0
42001559,104867.0,99070.0,155400.0
42001560,104867.0,99070.0,153600.0
42001561,104867.0,99070.0,154500.0
42001562,107467.0,99381.0,155400.0
42001563,107467.0,100214.0,155400.0
42001564,107467.0,99381.0,153600.0
42001565,107467.0,100214.0,153600.0
42001566,107467.0,99381.0,154500.0
42001567,107467.0,100214.0,154500.0
42001568,109517.0,101048.0,155400.0
42001569,109517.0,101048.0,153600.0
42001570,109517.0,101048.0,154500.0
42001571,110817.0,101048.0,155400.0
42001572,110817.0,101048.0,153600.0
42001573,110817.0,101048.0,154500.0
42001574,111267.0,99381.0,155400.0
42001575,111267.0,100214.0,155400.0
42001576,111267.0,99381.0,153600.0
42001577,111267.0,100214.0,153600.0
42001578,111267.0,99381.0,154500.0
42001579,111267.0,100214.0,154500.0
42001580,111267.0,101931.0,155400.0
42001581,111267.0,102814.0,155400.0
42001582,111267.0,101931.0,153600.0
42001583,111267.0,102814.0,153600.0
42001584,111267.0,101931.0,154500.0
42001585,111267.0,102814.0,154500.0
42001586,99067.0,107148.0,155400.0
42001587,100067.0,107148.0,155400.0
42001588,99067.0,107148.0,153600.0
42001589,100067.0,107148.0,153600.0
42001590,99067.0,107148.0,154500.0
42001591,100067.0,107148.0,154500.0
42001592,101067.0,106723.0,155400.0
42001593,101067.0,106723.0,153600.0
42001594,101067.0,106723.0,154500.0
42001595,104867.0,106723.0,155400.0
42001596,104867.0,106723.0,153600.0
42001597,104867.0,106723.0,154500.0
42001598,105733.0,107139.0,155700.0
42001599,106600.0,107131.0,155700.0
42001600,105733.0,107139.0,153600.0
42001601,106600.0,107131.0,153600.0
42001602,105733.0,107139.0,154500.0
42001603,106600.0,107131.0,154500.0
42001604,110817.0,107148.0,155500.0
42001605,110817.0,107148.0,153600.0
42001606,110817.0,107148.0,154500.0
42001607,104867.0,109345.0,155400.0
42001608,104867.0,109345.0,153600.0
42001609,104867.0,109345.0,154500.0
42001610,105733.0,108798.0,155700.0
42001611,106600.0,108798.0,155700.0
42001612,105733.0,108798.0,153600.0
42001613,106600.0,108798.0,153600.0
42001614,105733.0,108798.0,154500.0
42001615,106600.0,108798.0,154500.0
42001616,107467.0,109345.0,155400.0
42001617,107467.0,109345.0,153600.0
42001618,107467.0,109345.0,154500.0
42001619,98067.0,111448.0,155700.0
42001620,98067.0,112448.0,155700.0
42001621,98067.0,111448.0,153600.0
42001622,98067.0,112448.0,153600.0
42001623,98067.0,111448.0,154500.0
42001624,98067.0,112448.0,154500.0
42001625,100567.0,110448.0,155400.0
42001626,100567.0,110448.0,153600.0
42001627,100567.0,110448.0,154500.0
42001628,100367.0,113448.0,155700.0
42001629,100367.0,113448.0,153600.0
42001630,100367.0,113448.0,154500.0
42001631,101067.0,111448.0,155400.0
42001632,101067.0,112448.0,155400.0
42001633,101067.0,111448.0,153600.0
42001634,101067.0,112448.0,153600.0
42001635,101067.0,111448.0,154500.0
42001636,101067.0,112448.0,154500.0
42001637,98067.0,114148.0,155400.0
42001638,98067.0,114148.0,153600.0
42001639,98067.0,114148.0,154500.0
42001640,111267.0,111060.0,155400.0
42001641,111267.0,111923.0,155400.0
42001642,111267.0,112785.0,155400.0
42001643,111267.0,111060.0,153600.0
42001644,111267.0,111923.0,153600.0
42001645,111267.0,112785.0,153600.0
42001646,111267.0,111060.0,154500.0
42001647,111267.0,112785.0,154500.0
42001648,111267.0,111923.0,154500.0
42001649,100367.0,114848.0,155400.0
42001650,100367.0,114848.0,153600.0
42001651,100367.0,114848.0,154500.0
42001652,105733.0,114848.0,155400.0
42001653,106600.0,114848.0,155400.0
42001654,105733.0,114848.0,153600.0
42001655,106600.0,114848.0,153600.0
42001656,105733.0,114848.0,154500.0
42001657,106600.0,114848.0,154500.0
42001658,107467.0,106710.0,155400.0
42001659,107467.0,106710.0,153600.0
42001660,107467.0,106710.0,154500.0
42001661,98067.0,102481.0,155400.0
42001662,98067.0,103414.0,155400.0
42001663,98067.0,102481.0,153600.0
42001664,98067.0,103414.0,153600.0
42001665,98067.0,102481.0,154500.0
42001666,98067.0,103414.0,154500.0
42001667,98067.0,105281.0,155400.0
42001668,98067.0,106214.0,155400.0
42001669,98067.0,105281.0,153600.0
42001670,98067.0,106214.0,153600.0
42001671,98067.0,105281.0,154500.0
42001672,98067.0,106214.0,154500.0
42001673,104867.0,114248.0,155400.0
42001674,104867.0,114248.0,153600.0
42001675,104867.0,114248.0,154500.0
42001676,98067.0,99381.0,155400.0
42001677,98067.0,100214.0,155400.0
42001678,98067.0,99381.0,153600.0
42001679,98067.0,100214.0,153600.0
42001680,98067.0,99381.0,154500.0
42001681,98067.0,100214.0,154500.0
42001682,24217.0,113842.0,156300.0
42001683,24217.0,112888.0,156300.0
42001684,24217.0,111942.0,156300.0
42001685,24217.0,110977.0,156300.0
42001686,24217.0,109999.0,156300.0
42001687,24217.0,109011.0,156300.0
42001688,24217.0,108071.0,156300.0
42001689,25167.0,113929.0,156300.0
42001690,25167.0,113007.0,156300.0
42001691,25167.0,112066.0,156300.0
42001692,25167.0,111102.0,156300.0
42001693,25167.0,110119.0,156300.0
42001694,25167.0,109126.0,156300.0
42001695,25167.0,108135.0,156300.0
42001696,26117.0,114015.0,156300.0
42001697,26117.0,113157.0,156300.0
42001698,26117.0,112223.0,156300.0
42001699,26117.0,111253.0,156300.0
42001700,26117.0,110256.0,156300.0
42001701,26117.0,109228.0,156300.0
42001702,26117.0,108189.0,156300.0
42001703,27767.0,114148.0,156300.0
42001704,29267.0,114148.0,156300.0
42001705,17833.0,112807.0,156300.0
42001706,17803.0,111978.0,156300.0
42001707,17814.0,109560.0,156300.0
42001708,17803.0,110360.0,156300.0
42001709,17797.0,111175.0,156300.0
42001710,18747.0,110499.0,156300.0
42001711,18711.0,111308.0,156300.0
42001712,18758.0,109644.0,156300.0
42001713,18725.0,111989.0,156300.0
42001714,18796.0,112799.0,156300.0
42001715,19605.0,111720.0,156300.0
42001716,19687.0,110724.0,156300.0
42001717,19711.0,109759.0,156300.0
42001718,19736.0,112715.0,156300.0
42001719,17727.0,107952.0,156300.0
42001720,18522.0,107951.0,156300.0
42001721,19173.0,107945.0,156300.0
42001722,19928.0,107945.0,156300.0
42001723,21533.0,107964.0,156300.0
42001724,22400.0,107968.0,156300.0
42001725,24217.0,106235.0,156300.0
42001726,24217.0,105296.0,156300.0
42001727,25167.0,106224.0,156300.0
42001728,25167.0,105289.0,156300.0
42001729,26117.0,106235.0,156300.0
42001730,26117.0,105296.0,156300.0
42001731,17733.0,100214.0,156300.0
42001732,17704.0,99381.0,156300.0
42001733,18596.0,100214.0,156300.0
42001734,18559.0,99381.0,156300.0
42001735,24217.0,103414.0,156300.0
42001736,24217.0,102481.0,156300.0
42001737,25167.0,103414.0,156300.0
42001738,25167.0,102481.0,156300.0
42001739,26117.0,103414.0,156300.0
42001740,26117.0,102481.0,156300.0
42001741,24217.0,100556.0,156300.0
42001742,24217.0,99559.0,156300.0
42001743,25167.0,100552.0,156300.0
42001744,25167.0,99553.0,156300.0
42001745,26117.0,100556.0,156300.0
42001746,26117.0,99559.0,156300.0
42001747,53835.0,107943.0,156300.0
42001748,54736.0,107923.0,156300.0
42001749,55602.0,107903.0,156300.0
42001750,109538.0,100214.0,156300.0
42001751,109574.0,99381.0,156300.0
42001752,110401.0,100214.0,156300.0
42001753,110429.0,99381.0,156300.0
42001754,98867.0,114148.0,156300.0
42001755,100367.0,114148.0,156300.0
42001756,108372.0,112745.0,156300.0
42001757,108436.0,111814.0,156300.0
42001758,108445.0,109786.0,156300.0
42001759,108536.0,110807.0,156300.0
42001760,109424.0,111113.0,156300.0
42001761,109371.0,111930.0,156300.0
42001762,109425.0,110435.0,156300.0
42001763,109388.0,109627.0,156300.0
42001764,109326.0,112783.0,156300.0
42001765,110341.0,110329.0,156300.0
42001766,110337.0,111124.0,156300.0
42001767,110328.0,109547.0,156300.0
42001768,110293.0,112795.0,156300.0
42001769,110320.0,111948.0,156300.0
42001770,101998.0,100556.0,156300.0
42001771,101962.0,99558.0,156300.0
42001772,102940.0,100552.0,156300.0
42001773,102881.0,99553.0,156300.0
42001774,103898.0,100556.0,156300.0
42001775,103862.0,99559.0,156300.0
42001776,108205.0,107945.0,156300.0
42001777,108960.0,107945.0,156300.0
42001778,109611.0,107951.0,156300.0
42001779,110406.0,107952.0,156300.0
42001780,102017.0,106235.0,156300.0
42001781,102017.0,105296.0,156300.0
42001782,102967.0,106224.0,156300.0
42001783,102967.0,105289.0,156300.0
42001784,103917.0,106235.0,156300.0
42001785,103917.0,105296.0,156300.0
42001786,101960.0,114011.0,156300.0
42001787,101992.0,113153.0,156300.0
42001788,102002.0,112222.0,156300.0
42001789,102007.0,111252.0,156300.0
42001790,102010.0,110256.0,156300.0
42001791,102012.0,109228.0,156300.0
42001792,102014.0,108190.0,156300.0
42001793,102877.0,113924.0,156300.0
42001794,102929.0,113003.0,156300.0
42001795,102946.0,112064.0,156300.0
42001796,102953.0,111102.0,156300.0
42001797,102957.0,110120.0,156300.0
42001798,102960.0,109127.0,156300.0
42001799,102963.0,108135.0,156300.0
42001800,103858.0,113839.0,156300.0
42001801,103890.0,112886.0,156300.0
42001802,103902.0,111941.0,156300.0
42001803,103907.0,110977.0,156300.0
42001804,103910.0,110000.0,156300.0
42001805,103912.0,109011.0,156300.0
42001806,103914.0,108072.0,156300.0
42001807,102017.0,103414.0,156300.0
42001808,102017.0,102481.0,156300.0
42001809,102967.0,103414.0,156300.0
42001810,102967.0,102481.0,156300.0
42001811,103917.0,103414.0,156300.0
42001812,103917.0,102481.0,156300.0
42001813,105733.0,107968.0,156300.0
42001814,106600.0,107964.0,156300.0
43000001,23267.0,114848.0,159900.0
43000002,27067.0,114848.0,159900.0
43000003,20667.0,114848.0,159900.0
43000004,30067.0,114848.0,159900.0
43000005,27067.0,113448.0,159900.0
43000006,27067.0,110448.0,159900.0
43000007,30067.0,113448.0,159900.0
43000008,20667.0,111848.0,159900.0
43000009,20667.0,108798.0,159900.0
43000010,23267.0,111848.0,159900.0
43000011,16867.0,108748.0,159900.0
43000012,23267.0,108798.0,159900.0
43000013,16867.0,107148.0,159900.0
43000014,30067.0,107148.0,159900.0
43000015,23267.0,107148.0,159900.0
43000016,20667.0,107123.0,159900.0
43000017,27067.0,107148.0,159900.0
43000018,16867.0,101048.0,159900.0
43000019,17767.0,107148.0,159900.0
43000020,17767.0,101048.0,159900.0
43000021,20667.0,104348.0,159900.0
43000022,23267.0,104348.0,159900.0
43000023,27067.0,104348.0,159900.0
43000024,20667.0,101548.0,159900.0
43000025,20667.0,101048.0,159900.0
43000026,23267.0,101548.0,159900.0
43000027,27067.0,101548.0,159900.0
43000028,20667.0,98548.0,159900.0
43000029,23267.0,98548.0,159900.0
43000030,27067.0,98548.0,159900.0
43000031,16867.0,110198.0,159900.0
43000032,30067.0,110448.0,159900.0
43000033,23267.0,109893.0,159900.0
43000034,28067.0,110448.0,159900.0
43000035,23267.0,106298.0,159900.0
43000036,27067.0,106298.0,159900.0
43000037,20167.0,107098.0,159900.0
43000038,23267.0,99593.0,159900.0
43000039,27067.0,99593.0,159900.0
43000040,18417.0,98548.0,159900.0
43000041,20667.0,113648.0,159900.0
43000042,16867.0,113648.0,159900.0
43000043,19917.0,113648.0,159900.0
43000044,19917.0,114848.0,159900.0
43000045,17867.0,113648.0,159900.0
43000046,17867.0,114848.0,159900.0
43000047,28467.0,113448.0,159900.0
43000048,28467.0,114848.0,159900.0
43000049,19467.0,98548.0,159900.0
43000050,19467.0,101048.0,159900.0
43000051,17767.0,103698.0,159900.0
43000052,16867.0,103698.0,159900.0
43000053,20667.0,106298.0,159900.0
43000054,23267.0,113648.0,159900.0
43000055,20667.0,109893.0,159900.0
43000056,4867.0,114848.0,159900.0
43000057,4867.0,106698.0,159900.0
43000058,4867.0,98548.0,159900.0
43000059,4867.0,87098.0,159900.0
43000060,4867.0,126298.0,159900.0
43000061,9467.0,126348.0,159900.0
43000062,13067.0,126348.0,159900.0
43000063,124067.0,114848.0,159900.0
43000064,124067.0,106698.0,159900.0
43000065,124067.0,98548.0,159900.0
43000066,124067.0,87098.0,159900.0
43000067,124067.0,126298.0,159900.0
43000068,30067.0,98548.0,159900.0
43000069,30067.0,104348.0,159900.0
43000070,30067.0,101548.0,159900.0
43000071,13067.0,87048.0,159900.0
43000072,9467.0,87048.0,159900.0
43000073,63747.0,110448.0,159900.0
43000074,60347.0,101048.0,159900.0
43000075,60347.0,107048.0,159900.0
43000076,63747.0,107148.0,159900.0
43000077,52947.0,114848.0,159900.0
43000078,56347.0,108748.0,159900.0
43000079,52947.0,103698.0,159900.0
43000080,53847.0,103698.0,159900.0
43000081,54497.0,98548.0,159900.0
43000082,56347.0,110448.0,159900.0
43000083,52947.0,110198.0,159900.0
43000084,56347.0,113448.0,159900.0
43000085,52947.0,101048.0,159900.0
43000086,53847.0,101048.0,159900.0
43000087,53847.0,107148.0,159900.0
43000088,52947.0,107148.0,159900.0
43000089,56347.0,107048.0,159900.0
43000090,52947.0,108748.0,159900.0
43000091,56347.0,101548.0,159900.0
43000092,55947.0,107048.0,159900.0
43000093,56347.0,106298.0,159900.0
43000094,60347.0,110448.0,159900.0
43000095,56347.0,104348.0,159900.0
43000096,56347.0,101048.0,159900.0
43000097,63747.0,101048.0,159900.0
43000098,52947.0,98548.0,159900.0
43000099,60347.0,104348.0,159900.0
43000100,119800.0,87048.0,159900.0
43000101,115533.0,87048.0,159900.0
43000102,111267.0,103698.0,159900.0
43000103,110367.0,103698.0,159900.0
43000104,108667.0,101048.0,159900.0
43000105,108667.0,98548.0,159900.0
43000106,99667.0,114848.0,159900.0
43000107,99667.0,113448.0,159900.0
43000108,110267.0,114848.0,159900.0
43000109,110267.0,113648.0,159900.0
43000110,108217.0,114848.0,159900.0
43000111,108217.0,113648.0,159900.0
43000112,111267.0,113648.0,159900.0
43000113,107467.0,113648.0,159900.0
43000114,109717.0,98548.0,159900.0
43000115,101067.0,99593.0,159900.0
43000116,104867.0,99593.0,159900.0
43000117,107967.0,107098.0,159900.0
43000118,101067.0,106298.0,159900.0
43000119,104867.0,106298.0,159900.0
43000120,100067.0,110448.0,159900.0
43000121,104867.0,109893.0,159900.0
43000122,98067.0,110448.0,159900.0
43000123,111267.0,110198.0,159900.0
43000124,101067.0,98548.0,159900.0
43000125,104867.0,98548.0,159900.0
43000126,107467.0,98548.0,159900.0
43000127,101067.0,101548.0,159900.0
43000128,104867.0,101548.0,159900.0
43000129,107467.0,101048.0,159900.0
43000130,107467.0,101548.0,159900.0
43000131,101067.0,104348.0,159900.0
43000132,104867.0,104348.0,159900.0
43000133,107467.0,104348.0,159900.0
43000134,110367.0,101048.0,159900.0
43000135,110367.0,107148.0,159900.0
43000136,111267.0,101048.0,159900.0
43000137,101067.0,107148.0,159900.0
43000138,107467.0,107123.0,159900.0
43000139,104867.0,107148.0,159900.0
43000140,98067.0,107148.0,159900.0
43000141,111267.0,107148.0,159900.0
43000142,104867.0,108798.0,159900.0
43000143,111267.0,108748.0,159900.0
43000144,104867.0,111848.0,159900.0
43000145,107467.0,108798.0,159900.0
43000146,107467.0,111848.0,159900.0
43000147,98067.0,113448.0,159900.0
43000148,101067.0,110448.0,159900.0
43000149,101067.0,113448.0,159900.0
43000150,98067.0,114848.0,159900.0
43000151,107467.0,114848.0,159900.0
43000152,101067.0,114848.0,159900.0
43000153,104867.0,114848.0,159900.0
43000154,107467.0,106298.0,159900.0
43000155,98067.0,101548.0,159900.0
43000156,98067.0,104348.0,159900.0
43000157,107467.0,109893.0,159900.0
43000158,104867.0,113648.0,159900.0
43000159,98067.0,101048.0,159900.0
43000160,98067.0,98548.0,159900.0
43000161,56347.0,98548.0,159900.0
43000162,63747.0,98548.0,159900.0
43000163,56347.0,114848.0,159900.0
43000164,60347.0,114848.0,159900.0
43000165,60347.0,98548.0,159900.0
43000166,63747.0,114848.0,159900.0
43000167,16867.0,114848.0,159900.0
43000168,30067.0,126298.0,159900.0
43000169,16867.0,106698.0,159900.0
43000170,16867.0,98548.0,159900.0
43000171,16867.0,87098.0,159900.0
43000172,16867.0,126298.0,159900.0
43000173,30067.0,87098.0,159900.0
43000174,111267.0,98548.0,159900.0
43000175,111267.0,87098.0,159900.0
43000176,111267.0,126298.0,159900.0
43000177,98067.0,87098.0,159900.0
43000178,98067.0,126298.0,159900.0
43000179,111267.0,106698.0,159900.0
43000180,111267.0,114848.0,159900.0
43000181,41507.0,87098.0,159900.0
43000182,41507.0,126298.0,159900.0
43000183,52947.0,87098.0,159900.0
43000184,52947.0,126298.0,159900.0
43000185,75187.0,87098.0,159900.0
43000186,75187.0,126298.0,159900.0
43000187,86627.0,126298.0,159900.0
43000188,86627.0,87098.0,159900.0
43000189,63747.0,87098.0,159900.0
43000190,63747.0,126298.0,159900.0
43000191,102700.0,126348.0,159900.0
43000192,102700.0,114848.0,159900.0
43000193,102700.0,87048.0,159900.0
43000194,102700.0,98548.0,159900.0
43000195,119800.0,126348.0,159900.0
43000196,115533.0,126348.0,159900.0
43000197,107467.0,87048.0,159900.0
43000198,107467.0,126348.0,159900.0
43000199,92347.0,126348.0,159900.0
43000200,92347.0,87048.0,159900.0
43000201,80907.0,126348.0,159900.0
43000202,80907.0,87048.0,159900.0
43000203,69442.0,126348.0,159900.0
43000204,69442.0,87048.0,159900.0
43000205,47227.0,126348.0,159900.0
43000206,47227.0,87048.0,159900.0
43000207,58347.0,98548.0,159900.0
43000208,58347.0,87048.0,159900.0
43000209,58347.0,114848.0,159900.0
43000210,58347.0,126348.0,159900.0
43000211,35787.0,126348.0,159900.0
43000212,35787.0,87048.0,159900.0
43000213,25167.0,114848.0,159900.0
43000214,25167.0,126348.0,159900.0
43000215,25167.0,98548.0,159900.0
43000216,25167.0,87048.0,159900.0
43000217,20667.0,87048.0,159900.0
43000218,20667.0,126348.0,159900.0
43000219,86627.0,98548.0,159900.0
43000220,86627.0,114848.0,159900.0
43000221,86627.0,107148.0,159900.0
43000222,75187.0,98548.0,159900.0
43000223,75187.0,114848.0,159900.0
43000224,75187.0,107148.0,159900.0
43000225,13067.0,98548.0,159900.0
43000226,13067.0,114848.0,159900.0
43000227,13067.0,106698.0,159900.0
43000228,9467.0,98548.0,159900.0
43000229,9467.0,114848.0,159900.0
43000230,9467.0,106698.0,159900.0
43000231,119800.0,98548.0,159900.0
43000232,119800.0,114848.0,159900.0
43000233,119800.0,106698.0,159900.0
43000234,115533.0,98548.0,159900.0
43000235,115533.0,114848.0,159900.0
43000236,115533.0,106698.0,159900.0
43000237,92347.0,98548.0,159900.0
43000238,80907.0,98548.0,159900.0
43000239,69442.0,98548.0,159900.0
43000240,47227.0,98548.0,159900.0
43000241,35787.0,98548.0,159900.0
43000242,41507.0,98548.0,159900.0
43000243,92347.0,114848.0,159900.0
43000244,80907.0,114848.0,159900.0
43000245,69442.0,114848.0,159900.0
43000246,47227.0,114848.0,159900.0
43000247,35787.0,114848.0,159900.0
43000248,41507.0,114848.0,159900.0
43000249,47227.0,107148.0,159900.0
43000250,35787.0,107148.0,159900.0
43000251,41507.0,107148.0,159900.0
43000252,92347.0,107148.0,159900.0
43000253,80907.0,107148.0,159900.0
43000254,69442.0,107148.0,159900.0
43000255,16867.0,108748.0,159100.0
43000256,16867.0,110198.0,159100.0
43000257,27067.0,113448.0,159300.0
43000258,27067.0,114848.0,159300.0
43000259,20667.0,107123.0,159300.0
43000260,20667.0,108798.0,159300.0
43000261,28067.0,110448.0,159300.0
43000262,30067.0,110448.0,159300.0
43000263,16867.0,107148.0,159100.0
43000264,23267.0,107148.0,159300.0
43000265,23267.0,108798.0,159300.0
43000266,17767.0,107148.0,159200.0
43000267,20167.0,107098.0,159200.0
43000268,18417.0,98548.0,159100.0
43000269,19467.0,98548.0,159100.0
43000270,28467.0,113448.0,159300.0
43000271,30067.0,113448.0,159300.0
43000272,20667.0,98548.0,159100.0
43000273,52947.0,107148.0,159100.0
43000274,52947.0,108748.0,159100.0
43000275,56347.0,113448.0,159300.0
43000276,56347.0,114848.0,159300.0
43000277,52947.0,110198.0,159100.0
43000278,53847.0,107148.0,159200.0
43000279,55947.0,107048.0,159200.0
43000280,54497.0,98548.0,159100.0
43000281,56347.0,98548.0,159100.0
43000282,107467.0,98548.0,159100.0
43000283,108667.0,98548.0,159100.0
43000284,98067.0,113448.0,159300.0
43000285,99667.0,113448.0,159300.0
43000286,107967.0,107098.0,159200.0
43000287,110367.0,107148.0,159200.0
43000288,104867.0,107148.0,159300.0
43000289,104867.0,108798.0,159300.0
43000290,111267.0,107148.0,159100.0
43000291,111267.0,108748.0,159100.0
43000292,107467.0,107123.0,159300.0
43000293,107467.0,108798.0,159300.0
43000294,101067.0,113448.0,159300.0
43000295,101067.0,114848.0,159300.0
43000296,111267.0,110198.0,159100.0
43000297,98067.0,110448.0,159300.0
43000298,100067.0,110448.0,159300.0
43000299,109717.0,98548.0,159100.0
43000300,17367.0,114848.0,159900.0
43000301,21533.0,114848.0,159900.0
43000302,22400.0,114848.0,159900.0
43000303,27767.0,114848.0,159900.0
43000304,16867.0,111060.0,159900.0
43000305,16867.0,111923.0,159900.0
43000306,16867.0,112785.0,159900.0
43000307,16867.0,109110.0,159900.0
43000308,16867.0,109473.0,159900.0
43000309,16867.0,109835.0,159900.0
43000310,27067.0,113798.0,159900.0
43000311,27067.0,114148.0,159900.0
43000312,27067.0,114498.0,159900.0
43000313,30067.0,114148.0,159900.0
43000314,27067.0,111448.0,159900.0
43000315,27067.0,112448.0,159900.0
43000316,27767.0,113448.0,159900.0
43000317,27567.0,110448.0,159900.0
43000318,30067.0,111448.0,159900.0
43000319,30067.0,112448.0,159900.0
43000320,20667.0,109345.0,159900.0
43000321,20667.0,107541.0,159900.0
43000322,20667.0,107960.0,159900.0
43000323,20667.0,108379.0,159900.0
43000324,21533.0,108798.0,159900.0
43000325,22400.0,108798.0,159900.0
43000326,23267.0,109345.0,159900.0
43000327,28567.0,110448.0,159900.0
43000328,29067.0,110448.0,159900.0
43000329,29567.0,110448.0,159900.0
43000330,16867.0,107548.0,159900.0
43000331,16867.0,107948.0,159900.0
43000332,16867.0,108348.0,159900.0
43000333,23267.0,107560.0,159900.0
43000334,23267.0,107973.0,159900.0
43000335,23267.0,108385.0,159900.0
43000336,17317.0,107148.0,159900.0
43000337,21533.0,107131.0,159900.0
43000338,22400.0,107139.0,159900.0
43000339,23267.0,106723.0,159900.0
43000340,27067.0,106723.0,159900.0
43000341,28067.0,107148.0,159900.0
43000342,29067.0,107148.0,159900.0
43000343,16867.0,101931.0,159900.0
43000344,16867.0,102814.0,159900.0
43000345,16867.0,99381.0,159900.0
43000346,16867.0,100214.0,159900.0
43000347,17317.0,101048.0,159900.0
43000348,18167.0,107139.0,159900.0
43000349,18567.0,107131.0,159900.0
43000350,18967.0,107123.0,159900.0
43000351,19367.0,107114.0,159900.0
43000352,19767.0,107106.0,159900.0
43000353,18617.0,101048.0,159900.0
43000354,20667.0,99381.0,159900.0
43000355,20667.0,100214.0,159900.0
43000356,17642.0,98548.0,159900.0
43000357,18942.0,98548.0,159900.0
43000358,21533.0,98548.0,159900.0
43000359,22400.0,98548.0,159900.0
43000360,23267.0,99070.0,159900.0
43000361,27067.0,99070.0,159900.0
43000362,28067.0,98548.0,159900.0
43000363,29067.0,98548.0,159900.0
43000364,16867.0,114248.0,159900.0
43000365,20667.0,114248.0,159900.0
43000366,20292.0,114848.0,159900.0
43000367,18142.0,114848.0,159900.0
43000368,18642.0,114848.0,159900.0
43000369,19142.0,114848.0,159900.0
43000370,19642.0,114848.0,159900.0
43000371,29267.0,114848.0,159900.0
43000372,28867.0,113448.0,159900.0
43000373,29267.0,113448.0,159900.0
43000374,29667.0,113448.0,159900.0
43000375,20067.0,101048.0,159900.0
43000376,20067.0,98548.0,159900.0
43000377,16867.0,104698.0,159900.0
43000378,16867.0,105698.0,159900.0
43000379,20667.0,106710.0,159900.0
43000380,23267.0,114248.0,159900.0
43000381,30067.0,99381.0,159900.0
43000382,30067.0,100214.0,159900.0
43000383,30067.0,100881.0,159900.0
43000384,30067.0,105281.0,159900.0
43000385,30067.0,106214.0,159900.0
43000386,30067.0,102481.0,159900.0
43000387,30067.0,103414.0,159900.0
43000388,60347.0,101873.0,159900.0
43000389,60347.0,102698.0,159900.0
43000390,60347.0,103523.0,159900.0
43000391,63747.0,111328.0,159900.0
43000392,63747.0,112208.0,159900.0
43000393,63747.0,113088.0,159900.0
43000394,63747.0,113968.0,159900.0
43000395,61022.0,114848.0,159900.0
43000396,61697.0,114848.0,159900.0
43000397,62197.0,114848.0,159900.0
43000398,62697.0,114848.0,159900.0
43000399,63197.0,114848.0,159900.0
43000400,52947.0,104560.0,159900.0
43000401,52947.0,105423.0,159900.0
43000402,52947.0,106285.0,159900.0
43000403,53722.0,98548.0,159900.0
43000404,52947.0,99381.0,159900.0
43000405,52947.0,100214.0,159900.0
43000406,52947.0,101931.0,159900.0
43000407,52947.0,102814.0,159900.0
43000408,53397.0,101048.0,159900.0
43000409,53397.0,107148.0,159900.0
43000410,52947.0,107548.0,159900.0
43000411,52947.0,107948.0,159900.0
43000412,52947.0,108348.0,159900.0
43000413,56347.0,111328.0,159900.0
43000414,56347.0,112208.0,159900.0
43000415,56347.0,113088.0,159900.0
43000416,56347.0,113798.0,159900.0
43000417,56347.0,114148.0,159900.0
43000418,56347.0,114498.0,159900.0
43000419,52947.0,109110.0,159900.0
43000420,52947.0,109473.0,159900.0
43000421,52947.0,109835.0,159900.0
43000422,52947.0,111128.0,159900.0
43000423,52947.0,112058.0,159900.0
43000424,52947.0,112988.0,159900.0
43000425,52947.0,113918.0,159900.0
43000426,53622.0,114848.0,159900.0
43000427,54297.0,114848.0,159900.0
43000428,54797.0,114848.0,159900.0
43000429,55297.0,114848.0,159900.0
43000430,55797.0,114848.0,159900.0
43000431,54372.0,107123.0,159900.0
43000432,54897.0,107098.0,159900.0
43000433,55422.0,107073.0,159900.0
43000434,61197.0,110448.0,159900.0
43000435,62047.0,110448.0,159900.0
43000436,62897.0,110448.0,159900.0
43000437,56347.0,106673.0,159900.0
43000438,56347.0,99381.0,159900.0
43000439,56347.0,100214.0,159900.0
43000440,54959.0,98548.0,159900.0
43000441,55422.0,98548.0,159900.0
43000442,55884.0,98548.0,159900.0
43000443,63747.0,102064.0,159900.0
43000444,63747.0,103081.0,159900.0
43000445,63747.0,104098.0,159900.0
43000446,63747.0,105114.0,159900.0
43000447,63747.0,106131.0,159900.0
43000448,63747.0,99381.0,159900.0
43000449,63747.0,100214.0,159900.0
43000450,54680.0,101048.0,159900.0
43000451,55513.0,101048.0,159900.0
43000452,60822.0,98548.0,159900.0
43000453,61297.0,98548.0,159900.0
43000454,61797.0,98548.0,159900.0
43000455,62297.0,98548.0,159900.0
43000456,62797.0,98548.0,159900.0
43000457,63272.0,98548.0,159900.0
43000458,61197.0,101048.0,159900.0
43000459,62047.0,101048.0,159900.0
43000460,62897.0,101048.0,159900.0
43000461,111267.0,104698.0,159900.0
43000462,111267.0,105698.0,159900.0
43000463,108067.0,98548.0,159900.0
43000464,108067.0,101048.0,159900.0
43000465,98467.0,113448.0,159900.0
43000466,98867.0,113448.0,159900.0
43000467,99267.0,113448.0,159900.0
43000468,98867.0,114848.0,159900.0
43000469,108492.0,114848.0,159900.0
43000470,108992.0,114848.0,159900.0
43000471,109492.0,114848.0,159900.0
43000472,109992.0,114848.0,159900.0
43000473,107842.0,114848.0,159900.0
43000474,107467.0,114248.0,159900.0
43000475,111267.0,114248.0,159900.0
43000476,110767.0,114848.0,159900.0
43000477,110492.0,98548.0,159900.0
43000478,99067.0,98548.0,159900.0
43000479,100067.0,98548.0,159900.0
43000480,105733.0,98548.0,159900.0
43000481,106600.0,98548.0,159900.0
43000482,101067.0,99070.0,159900.0
43000483,104867.0,99070.0,159900.0
43000484,107467.0,99381.0,159900.0
43000485,107467.0,100214.0,159900.0
43000486,109517.0,101048.0,159900.0
43000487,108367.0,107106.0,159900.0
43000488,108767.0,107114.0,159900.0
43000489,109167.0,107123.0,159900.0
43000490,109567.0,107131.0,159900.0
43000491,109967.0,107139.0,159900.0
43000492,110817.0,101048.0,159900.0
43000493,111267.0,99381.0,159900.0
43000494,111267.0,100214.0,159900.0
43000495,111267.0,101931.0,159900.0
43000496,111267.0,102814.0,159900.0
43000497,99067.0,107148.0,159900.0
43000498,100067.0,107148.0,159900.0
43000499,101067.0,106723.0,159900.0
43000500,104867.0,106723.0,159900.0
43000501,105733.0,107139.0,159900.0
43000502,106600.0,107131.0,159900.0
43000503,110817.0,107148.0,159900.0
43000504,104867.0,107560.0,159900.0
43000505,104867.0,107973.0,159900.0
43000506,104867.0,108385.0,159900.0
43000507,111267.0,107548.0,159900.0
43000508,111267.0,107948.0,159900.0
43000509,111267.0,108348.0,159900.0
43000510,104867.0,109345.0,159900.0
43000511,105733.0,108798.0,159900.0
43000512,106600.0,108798.0,159900.0
43000513,107467.0,107541.0,159900.0
43000514,107467.0,107960.0,159900.0
43000515,107467.0,108379.0,159900.0
43000516,107467.0,109345.0,159900.0
43000517,98067.0,111448.0,159900.0
43000518,98067.0,112448.0,159900.0
43000519,100567.0,110448.0,159900.0
43000520,100367.0,113448.0,159900.0
43000521,101067.0,111448.0,159900.0
43000522,101067.0,112448.0,159900.0
43000523,98067.0,114148.0,159900.0
43000524,101067.0,113798.0,159900.0
43000525,101067.0,114148.0,159900.0
43000526,101067.0,114498.0,159900.0
43000527,111267.0,109110.0,159900.0
43000528,111267.0,109473.0,159900.0
43000529,111267.0,109835.0,159900.0
43000530,111267.0,111060.0,159900.0
43000531,111267.0,111923.0,159900.0
43000532,111267.0,112785.0,159900.0
43000533,100367.0,114848.0,159900.0
43000534,105733.0,114848.0,159900.0
43000535,106600.0,114848.0,159900.0
43000536,107467.0,106710.0,159900.0
43000537,98067.0,102481.0,159900.0
43000538,98067.0,103414.0,159900.0
43000539,98067.0,105281.0,159900.0
43000540,98067.0,106214.0,159900.0
43000541,104867.0,114248.0,159900.0
43000542,98067.0,99381.0,159900.0
43000543,98067.0,100214.0,159900.0
43000544,98567.0,110448.0,159900.0
43000545,99067.0,110448.0,159900.0
43000546,99567.0,110448.0,159900.0
43000547,109192.0,98548.0,159900.0
43000548,16867.0,114848.0,158800.0
43000549,16867.0,114848.0,157966.0
43000550,16867.0,114848.0,157133.0
43000551,17867.0,114848.0,158800.0
43000552,17867.0,114848.0,157966.0
43000553,17867.0,114848.0,157133.0
43000554,20667.0,114848.0,158800.0
43000555,20667.0,114848.0,157966.0
43000556,20667.0,114848.0,157133.0
43000557,23267.0,114848.0,158900.0
43000558,23267.0,114848.0,158033.0
43000559,23267.0,114848.0,157166.0
43000560,28467.0,114848.0,159000.0
43000561,28467.0,114848.0,158100.0
43000562,28467.0,114848.0,157200.0
43000563,27067.0,110448.0,159000.0
43000564,27067.0,110448.0,158100.0
43000565,27067.0,110448.0,157200.0
43000566,20667.0,109893.0,159000.0
43000567,20667.0,109893.0,158100.0
43000568,20667.0,109893.0,157200.0
43000569,16867.0,113648.0,158800.0
43000570,16867.0,113648.0,157966.0
43000571,16867.0,113648.0,157133.0
43000572,23267.0,109893.0,159000.0
43000573,23267.0,109893.0,158100.0
43000574,23267.0,109893.0,157200.0
43000575,16867.0,106698.0,159000.0
43000576,16867.0,106698.0,158100.0
43000577,16867.0,106698.0,157200.0
43000578,23267.0,106298.0,159000.0
43000579,23267.0,106298.0,158100.0
43000580,23267.0,106298.0,157200.0
43000581,27067.0,106298.0,159000.0
43000582,27067.0,106298.0,158100.0
43000583,27067.0,106298.0,157200.0
43000584,27067.0,107148.0,159000.0
43000585,27067.0,107148.0,158100.0
43000586,27067.0,107148.0,157200.0
43000587,16867.0,101048.0,159000.0
43000588,16867.0,101048.0,158100.0
43000589,16867.0,101048.0,157200.0
43000590,16867.0,103698.0,159000.0
43000591,16867.0,103698.0,158100.0
43000592,16867.0,103698.0,157200.0
43000593,16867.0,98548.0,159000.0
43000594,16867.0,98548.0,158100.0
43000595,16867.0,98548.0,157200.0
43000596,17767.0,101048.0,159000.0
43000597,17767.0,101048.0,158100.0
43000598,17767.0,101048.0,157200.0
43000599,19467.0,101048.0,159000.0
43000600,19467.0,101048.0,158100.0
43000601,19467.0,101048.0,157200.0
43000602,20667.0,101048.0,159000.0
43000603,20667.0,101048.0,158100.0
43000604,20667.0,101048.0,157200.0
43000605,23267.0,98548.0,159000.0
43000606,23267.0,98548.0,158100.0
43000607,23267.0,98548.0,157200.0
43000608,23267.0,99593.0,159000.0
43000609,23267.0,99593.0,158100.0
43000610,23267.0,99593.0,157200.0
43000611,27067.0,98548.0,159000.0
43000612,27067.0,98548.0,158100.0
43000613,27067.0,98548.0,157200.0
43000614,27067.0,99593.0,159000.0
43000615,27067.0,99593.0,158100.0
43000616,27067.0,99593.0,157200.0
43000617,30067.0,98548.0,159000.0
43000618,30067.0,98548.0,158100.0
43000619,30067.0,98548.0,157200.0
43000620,19917.0,114848.0,158800.0
43000621,19917.0,114848.0,157966.0
43000622,19917.0,114848.0,157133.0
43000623,30067.0,114848.0,159000.0
43000624,30067.0,114848.0,158100.0
43000625,30067.0,114848.0,157200.0
43000626,20667.0,106298.0,159000.0
43000627,20667.0,106298.0,158100.0
43000628,20667.0,106298.0,157200.0
43000629,20667.0,113648.0,158800.0
43000630,20667.0,113648.0,157966.0
43000631,20667.0,113648.0,157133.0
43000632,23267.0,113648.0,159000.0
43000633,23267.0,113648.0,158100.0
43000634,23267.0,113648.0,157200.0
43000635,20667.0,101548.0,159000.0
43000636,20667.0,101548.0,158100.0
43000637,20667.0,101548.0,157200.0
43000638,30067.0,107148.0,159000.0
43000639,30067.0,107148.0,158100.0
43000640,30067.0,107148.0,157200.0
43000641,30067.0,104348.0,159000.0
43000642,30067.0,104348.0,158100.0
43000643,30067.0,104348.0,157200.0
43000644,30067.0,101548.0,159000.0
43000645,30067.0,101548.0,158100.0
43000646,30067.0,101548.0,157200.0
43000647,60347.0,101048.0,158800.0
43000648,60347.0,101048.0,157966.0
43000649,60347.0,101048.0,157133.0
43000650,60347.0,104348.0,158800.0
43000651,60347.0,104348.0,157966.0
43000652,60347.0,104348.0,157133.0
43000653,63747.0,110448.0,158800.0
43000654,63747.0,110448.0,157966.0
43000655,63747.0,110448.0,157133.0
43000656,63747.0,114848.0,158800.0
43000657,63747.0,114848.0,157966.0
43000658,63747.0,114848.0,157133.0
43000659,60347.0,114848.0,158800.0
43000660,60347.0,114848.0,157966.0
43000661,60347.0,114848.0,157133.0
43000662,52947.0,103698.0,159000.0
43000663,52947.0,103698.0,158100.0
43000664,52947.0,103698.0,157200.0
43000665,52947.0,98548.0,159000.0
43000666,52947.0,98548.0,158100.0
43000667,52947.0,98548.0,157200.0
43000668,52947.0,101048.0,159000.0
43000669,52947.0,101048.0,158100.0
43000670,52947.0,101048.0,157200.0
43000671,53847.0,101048.0,159000.0
43000672,53847.0,101048.0,158100.0
43000673,53847.0,101048.0,157200.0
43000674,56347.0,107048.0,159000.0
43000675,56347.0,107048.0,158100.0
43000676,56347.0,107048.0,157200.0
43000677,56347.0,110448.0,159000.0
43000678,56347.0,110448.0,158100.0
43000679,56347.0,110448.0,157200.0
43000680,52947.0,114848.0,158800.0
43000681,52947.0,114848.0,157966.0
43000682,52947.0,114848.0,157133.0
43000683,60347.0,110448.0,158800.0
43000684,60347.0,110448.0,157966.0
43000685,60347.0,110448.0,157133.0
43000686,56347.0,106298.0,159000.0
43000687,56347.0,106298.0,158100.0
43000688,56347.0,106298.0,157200.0
43000689,56347.0,101048.0,159000.0
43000690,56347.0,101048.0,158100.0
43000691,56347.0,101048.0,157200.0
43000692,56347.0,101548.0,159000.0
43000693,56347.0,101548.0,158100.0
43000694,56347.0,101548.0,157200.0
43000695,63747.0,101048.0,158800.0
43000696,63747.0,101048.0,157966.0
43000697,63747.0,101048.0,157133.0
43000698,63747.0,107148.0,158800.0
43000699,63747.0,107148.0,157966.0
43000700,63747.0,107148.0,157133.0
43000701,63747.0,98548.0,158800.0
43000702,63747.0,98548.0,157966.0
43000703,63747.0,98548.0,157133.0
43000704,60347.0,98548.0,158800.0
43000705,60347.0,98548.0,157966.0
43000706,60347.0,98548.0,157133.0
43000707,111267.0,103698.0,159000.0
43000708,111267.0,103698.0,158100.0
43000709,111267.0,103698.0,157200.0
43000710,111267.0,106698.0,159000.0
43000711,111267.0,106698.0,158100.0
43000712,111267.0,106698.0,157200.0
43000713,107467.0,101048.0,159000.0
43000714,107467.0,101048.0,158100.0
43000715,107467.0,101048.0,157200.0
43000716,108667.0,101048.0,159000.0
43000717,108667.0,101048.0,158100.0
43000718,108667.0,101048.0,157200.0
43000719,98067.0,114848.0,159000.0
43000720,98067.0,114848.0,158100.0
43000721,98067.0,114848.0,157200.0
43000722,99667.0,114848.0,159000.0
43000723,99667.0,114848.0,158100.0
43000724,99667.0,114848.0,157200.0
43000725,108217.0,114848.0,158800.0
43000726,108217.0,114848.0,157966.0
43000727,108217.0,114848.0,157133.0
43000728,110267.0,114848.0,158800.0
43000729,110267.0,114848.0,157966.0
43000730,110267.0,114848.0,157133.0
43000731,107467.0,114848.0,158900.0
43000732,107467.0,114848.0,158033.0
43000733,107467.0,114848.0,157166.0
43000734,107467.0,113648.0,158800.0
43000735,107467.0,113648.0,157966.0
43000736,107467.0,113648.0,157133.0
43000737,111267.0,113648.0,159000.0
43000738,111267.0,113648.0,158100.0
43000739,111267.0,113648.0,157200.0
43000740,111267.0,114848.0,158900.0
43000741,111267.0,114848.0,158033.0
43000742,111267.0,114848.0,157166.0
43000743,111267.0,98548.0,159000.0
43000744,111267.0,98548.0,158100.0
43000745,111267.0,98548.0,157200.0
43000746,98067.0,98548.0,159000.0
43000747,98067.0,98548.0,158100.0
43000748,98067.0,98548.0,157200.0
43000749,101067.0,98548.0,159000.0
43000750,101067.0,98548.0,158100.0
43000751,101067.0,98548.0,157200.0
43000752,104867.0,98548.0,159000.0
43000753,104867.0,98548.0,158100.0
43000754,104867.0,98548.0,157200.0
43000755,101067.0,99593.0,159000.0
43000756,101067.0,99593.0,158100.0
43000757,101067.0,99593.0,157200.0
43000758,104867.0,99593.0,159000.0
43000759,104867.0,99593.0,158100.0
43000760,104867.0,99593.0,157200.0
43000761,107467.0,101548.0,159000.0
43000762,107467.0,101548.0,158100.0
43000763,107467.0,101548.0,157200.0
43000764,110367.0,101048.0,159000.0
43000765,110367.0,101048.0,158100.0
43000766,110367.0,101048.0,157200.0
43000767,111267.0,101048.0,159000.0
43000768,111267.0,101048.0,158100.0
43000769,111267.0,101048.0,157200.0
43000770,98067.0,107148.0,159000.0
43000771,98067.0,107148.0,158100.0
43000772,98067.0,107148.0,157200.0
43000773,101067.0,107148.0,159000.0
43000774,101067.0,107148.0,158100.0
43000775,101067.0,107148.0,157200.0
43000776,101067.0,106298.0,159000.0
43000777,101067.0,106298.0,158100.0
43000778,101067.0,106298.0,157200.0
43000779,104867.0,106298.0,159000.0
43000780,104867.0,106298.0,158100.0
43000781,104867.0,106298.0,157200.0
43000782,104867.0,109893.0,159000.0
43000783,104867.0,109893.0,158100.0
43000784,104867.0,109893.0,157200.0
43000785,107467.0,109893.0,159000.0
43000786,107467.0,109893.0,158100.0
43000787,107467.0,109893.0,157200.0
43000788,101067.0,110448.0,159000.0
43000789,101067.0,110448.0,158100.0
43000790,101067.0,110448.0,157200.0
43000791,104867.0,114848.0,159000.0
43000792,104867.0,114848.0,158100.0
43000793,104867.0,114848.0,157200.0
43000794,107467.0,106298.0,159000.0
43000795,107467.0,106298.0,158100.0
43000796,107467.0,106298.0,157200.0
43000797,98067.0,101548.0,159000.0
43000798,98067.0,101548.0,158100.0
43000799,98067.0,101548.0,157200.0
43000800,98067.0,104348.0,159000.0
43000801,98067.0,104348.0,158100.0
43000802,98067.0,104348.0,157200.0
43000803,104867.0,113648.0,159000.0
43000804,104867.0,113648.0,158100.0
43000805,104867.0,113648.0,157200.0
43000806,98067.0,101048.0,159000.0
43000807,98067.0,101048.0,158100.0
43000808,98067.0,101048.0,157200.0
43000809,16867.0,109110.0,159100.0
43000810,16867.0,109473.0,159100.0
43000811,16867.0,109835.0,159100.0
43000812,27067.0,113798.0,159300.0
43000813,27067.0,114148.0,159300.0
43000814,27067.0,114498.0,159300.0
43000815,20667.0,107541.0,159300.0
43000816,20667.0,107960.0,159300.0
43000817,20667.0,108379.0,159300.0
43000818,28567.0,110448.0,159300.0
43000819,29067.0,110448.0,159300.0
43000820,29567.0,110448.0,159300.0
43000821,16867.0,107548.0,159100.0
43000822,16867.0,107948.0,159100.0
43000823,16867.0,108348.0,159100.0
43000824,23267.0,107560.0,159300.0
43000825,23267.0,107973.0,159300.0
43000826,23267.0,108385.0,159300.0
43000827,18167.0,107139.0,159200.0
43000828,18567.0,107131.0,159200.0
43000829,18967.0,107123.0,159200.0
43000830,19367.0,107114.0,159200.0
43000831,19767.0,107106.0,159200.0
43000832,18942.0,98548.0,159100.0
43000833,28867.0,113448.0,159300.0
43000834,29267.0,113448.0,159300.0
43000835,29667.0,113448.0,159300.0
43000836,20067.0,98548.0,159100.0
43000837,52947.0,107548.0,159100.0
43000838,52947.0,107948.0,159100.0
43000839,52947.0,108348.0,159100.0
43000840,56347.0,113798.0,159300.0
43000841,56347.0,114148.0,159300.0
43000842,56347.0,114498.0,159300.0
43000843,52947.0,109110.0,159100.0
43000844,52947.0,109473.0,159100.0
43000845,52947.0,109835.0,159100.0
43000846,54372.0,107123.0,159200.0
43000847,54897.0,107098.0,159200.0
43000848,55422.0,107073.0,159200.0
43000849,54959.0,98548.0,159100.0
43000850,55422.0,98548.0,159100.0
43000851,55884.0,98548.0,159100.0
43000852,108067.0,98548.0,159100.0
43000853,98467.0,113448.0,159300.0
43000854,98867.0,113448.0,159300.0
43000855,99267.0,113448.0,159300.0
43000856,108367.0,107106.0,159200.0
43000857,108767.0,107114.0,159200.0
43000858,109167.0,107123.0,159200.0
43000859,109567.0,107131.0,159200.0
43000860,109967.0,107139.0,159200.0
43000861,104867.0,107560.0,159300.0
43000862,104867.0,107973.0,159300.0
43000863,104867.0,108385.0,159300.0
43000864,111267.0,107548.0,159100.0
43000865,111267.0,107948.0,159100.0
43000866,111267.0,108348.0,159100.0
43000867,107467.0,107541.0,159300.0
43000868,107467.0,107960.0,159300.0
43000869,107467.0,108379.0,159300.0
43000870,101067.0,113798.0,159300.0
43000871,101067.0,114148.0,159300.0
43000872,101067.0,114498.0,159300.0
43000873,111267.0,109110.0,159100.0
43000874,111267.0,109473.0,159100.0
43000875,111267.0,109835.0,159100.0
43000876,98567.0,110448.0,159300.0
43000877,99067.0,110448.0,159300.0
43000878,99567.0,110448.0,159300.0
43000879,109192.0,98548.0,159100.0
43000880,27067.0,114848.0,158100.0
43000881,27067.0,114848.0,157200.0
43000882,27067.0,113448.0,158100.0
43000883,27067.0,113448.0,157200.0
43000884,28467.0,113448.0,158100.0
43000885,28467.0,113448.0,157200.0
43000886,20667.0,108798.0,158100.0
43000887,20667.0,108798.0,157200.0
43000888,16867.0,110198.0,157966.0
43000889,16867.0,110198.0,157133.0
43000890,28067.0,110448.0,158100.0
43000891,28067.0,110448.0,157200.0
43000892,23267.0,108798.0,158100.0
43000893,23267.0,108798.0,157200.0
43000894,16867.0,107148.0,158100.0
43000895,16867.0,107148.0,157200.0
43000896,20167.0,107098.0,158100.0
43000897,20167.0,107098.0,157200.0
43000898,20667.0,107123.0,158100.0
43000899,20667.0,107123.0,157200.0
43000900,23267.0,107148.0,158100.0
43000901,23267.0,107148.0,157200.0
43000902,20667.0,98548.0,158100.0
43000903,20667.0,98548.0,157200.0
43000904,18417.0,98548.0,158100.0
43000905,18417.0,98548.0,157200.0
43000906,17767.0,107148.0,158100.0
43000907,17767.0,107148.0,157200.0
43000908,30067.0,113448.0,158100.0
43000909,30067.0,113448.0,157200.0
43000910,30067.0,110448.0,158100.0
43000911,30067.0,110448.0,157200.0
43000912,52947.0,107148.0,158100.0
43000913,52947.0,107148.0,157200.0
43000914,54497.0,98548.0,158100.0
43000915,54497.0,98548.0,157200.0
43000916,53847.0,107148.0,158100.0
43000917,53847.0,107148.0,157200.0
43000918,55947.0,107048.0,158100.0
43000919,55947.0,107048.0,157200.0
43000920,56347.0,113448.0,158100.0
43000921,56347.0,113448.0,157200.0
43000922,52947.0,110198.0,157966.0
43000923,52947.0,110198.0,157133.0
43000924,56347.0,114848.0,157966.0
43000925,56347.0,114848.0,157133.0
43000926,56347.0,98548.0,158100.0
43000927,56347.0,98548.0,157200.0
43000928,109717.0,98548.0,158100.0
43000929,109717.0,98548.0,157200.0
43000930,107467.0,98548.0,158100.0
43000931,107467.0,98548.0,157200.0
43000932,107467.0,107123.0,158100.0
43000933,107467.0,107123.0,157200.0
43000934,107967.0,107098.0,158100.0
43000935,107967.0,107098.0,157200.0
43000936,104867.0,107148.0,158100.0
43000937,104867.0,107148.0,157200.0
43000938,110367.0,107148.0,158100.0
43000939,110367.0,107148.0,157200.0
43000940,111267.0,107148.0,158100.0
43000941,111267.0,107148.0,157200.0
43000942,104867.0,108798.0,158100.0
43000943,104867.0,108798.0,157200.0
43000944,107467.0,108798.0,158100.0
43000945,107467.0,108798.0,157200.0
43000946,98067.0,110448.0,158100.0
43000947,98067.0,110448.0,157200.0
43000948,98067.0,113448.0,158100.0
43000949,98067.0,113448.0,157200.0
43000950,100067.0,110448.0,158100.0
43000951,100067.0,110448.0,157200.0
43000952,99667.0,113448.0,158100.0
43000953,99667.0,113448.0,157200.0
43000954,101067.0,113448.0,158100.0
43000955,101067.0,113448.0,157200.0
43000956,111267.0,110198.0,158100.0
43000957,111267.0,110198.0,157200.0
43000958,101067.0,114848.0,158100.0
43000959,101067.0,114848.0,157200.0
43000960,24217.0,107148.0,159900.0
43000961,25167.0,107148.0,159900.0
43000962,26117.0,107148.0,159900.0
43000963,27067.0,108248.0,159900.0
43000964,27067.0,109348.0,159900.0
43000965,26117.0,114848.0,159900.0
43000966,24217.0,114848.0,159900.0
43000967,23267.0,112748.0,159900.0
43000968,23267.0,110870.0,159900.0
43000969,28467.0,114148.0,159900.0
43000970,17817.0,108760.0,159900.0
43000971,18767.0,108773.0,159900.0
43000972,19717.0,108785.0,159900.0
43000973,20667.0,110870.0,159900.0
43000974,20667.0,112748.0,159900.0
43000975,18892.0,113648.0,159900.0
43000976,24217.0,104348.0,159900.0
43000977,25167.0,104348.0,159900.0
43000978,26117.0,104348.0,159900.0
43000979,27067.0,105323.0,159900.0
43000980,23267.0,105323.0,159900.0
43000981,19467.0,99381.0,159900.0
43000982,19467.0,100214.0,159900.0
43000983,24217.0,101548.0,159900.0
43000984,25167.0,101548.0,159900.0
43000985,26117.0,101548.0,159900.0
43000986,27067.0,102481.0,159900.0
43000987,27067.0,103414.0,159900.0
43000988,23267.0,102481.0,159900.0
43000989,23267.0,103414.0,159900.0
43000990,24217.0,98548.0,159900.0
43000991,26117.0,98548.0,159900.0
43000992,27067.0,100570.0,159900.0
43000993,23267.0,100570.0,159900.0
43000994,56347.0,107898.0,159900.0
43000995,53797.0,108748.0,159900.0
43000996,54647.0,108748.0,159900.0
43000997,55497.0,108748.0,159900.0
43000998,108667.0,99381.0,159900.0
43000999,108667.0,100214.0,159900.0
43001000,99667.0,114148.0,159900.0
43001001,109242.0,113648.0,159900.0
43001002,108417.0,108785.0,159900.0
43001003,109367.0,108773.0,159900.0
43001004,110317.0,108760.0,159900.0
43001005,107467.0,112748.0,159900.0
43001006,107467.0,110870.0,159900.0
43001007,101883.0,98548.0,159900.0
43001008,103783.0,98548.0,159900.0
43001009,104867.0,100570.0,159900.0
43001010,102017.0,101548.0,159900.0
43001011,102967.0,101548.0,159900.0
43001012,103917.0,101548.0,159900.0
43001013,101067.0,100570.0,159900.0
43001014,102017.0,104348.0,159900.0
43001015,102967.0,104348.0,159900.0
43001016,103917.0,104348.0,159900.0
43001017,104867.0,105323.0,159900.0
43001018,102017.0,107148.0,159900.0
43001019,102967.0,107148.0,159900.0
43001020,103917.0,107148.0,159900.0
43001021,101067.0,105323.0,159900.0
43001022,104867.0,110870.0,159900.0
43001023,104867.0,112748.0,159900.0
43001024,103783.0,114848.0,159900.0
43001025,101883.0,114848.0,159900.0
43001026,101067.0,108248.0,159900.0
43001027,101067.0,109348.0,159900.0
43001028,104867.0,102481.0,159900.0
43001029,104867.0,103414.0,159900.0
43001030,101067.0,102481.0,159900.0
43001031,101067.0,103414.0,159900.0
43001034,64282.0,106635.0,159900.0
43001035,108667.0,98548.0,159500.0
43001036,109192.0,98548.0,159500.0
43001037,109717.0,98548.0,159500.0
43001038,98067.0,110448.0,159600.0
43001039,98567.0,110448.0,159600.0
43001040,99067.0,110448.0,159600.0
43001041,99567.0,110448.0,159600.0
43001042,100067.0,110448.0,159600.0
43001043,111267.0,108748.0,159500.0
43001044,111267.0,109110.0,159500.0
43001045,111267.0,109473.0,159500.0
43001046,111267.0,109835.0,159500.0
43001047,111267.0,110198.0,159500.0
43001048,101067.0,113448.0,159600.0
43001049,101067.0,113798.0,159600.0
43001050,101067.0,114148.0,159600.0
43001051,101067.0,114498.0,159600.0
43001052,101067.0,114848.0,159600.0
43001053,107467.0,107123.0,159600.0
43001054,107467.0,107541.0,159600.0
43001055,107467.0,107960.0,159600.0
43001056,107467.0,108379.0,159600.0
43001057,107467.0,108798.0,159600.0
43001058,111267.0,107148.0,159500.0
43001059,111267.0,107548.0,159500.0
43001060,111267.0,107948.0,159500.0
43001061,111267.0,108348.0,159500.0
43001062,104867.0,107148.0,159600.0
43001063,104867.0,107560.0,159600.0
43001064,104867.0,107973.0,159600.0
43001065,104867.0,108385.0,159600.0
43001066,104867.0,108798.0,159600.0
43001067,107967.0,107098.0,159550.0
43001068,108367.0,107106.0,159550.0
43001069,108767.0,107114.0,159550.0
43001070,109167.0,107123.0,159550.0
43001071,109567.0,107131.0,159550.0
43001072,109967.0,107139.0,159550.0
43001073,110367.0,107148.0,159550.0
43001074,98067.0,113448.0,159600.0
43001075,98467.0,113448.0,159600.0
43001076,98867.0,113448.0,159600.0
43001077,99267.0,113448.0,159600.0
43001078,99667.0,113448.0,159600.0
43001079,107467.0,98548.0,159500.0
43001080,108067.0,98548.0,159500.0
43001081,54497.0,98548.0,159500.0
43001082,54959.0,98548.0,159500.0
43001083,55422.0,98548.0,159500.0
43001084,55884.0,98548.0,159500.0
43001085,56347.0,98548.0,159500.0
43001086,53847.0,107148.0,159550.0
43001087,54372.0,107123.0,159550.0
43001088,54897.0,107098.0,159550.0
43001089,55422.0,107073.0,159550.0
43001090,55947.0,107048.0,159550.0
43001091,52947.0,108748.0,159500.0
43001092,52947.0,109110.0,159500.0
43001093,52947.0,109473.0,159500.0
43001094,52947.0,109835.0,159500.0
43001095,52947.0,110198.0,159500.0
43001096,56347.0,113448.0,159600.0
43001097,56347.0,113798.0,159600.0
43001098,56347.0,114148.0,159600.0
43001099,56347.0,114498.0,159600.0
43001100,56347.0,114848.0,159600.0
43001101,52947.0,107148.0,159500.0
43001102,52947.0,107548.0,159500.0
43001103,52947.0,107948.0,159500.0
43001104,52947.0,108348.0,159500.0
43001105,19467.0,98548.0,159500.0
43001106,20067.0,98548.0,159500.0
43001107,20667.0,98548.0,159500.0
43001108,28467.0,113448.0,159600.0
43001109,28867.0,113448.0,159600.0
43001110,29267.0,113448.0,159600.0
43001111,29667.0,113448.0,159600.0
43001112,30067.0,113448.0,159600.0
43001113,18417.0,98548.0,159500.0
43001114,18942.0,98548.0,159500.0
43001115,17767.0,107148.0,159550.0
43001116,18167.0,107139.0,159550.0
43001117,18567.0,107131.0,159550.0
43001118,18967.0,107123.0,159550.0
43001119,19367.0,107114.0,159550.0
43001120,19767.0,107106.0,159550.0
43001121,20167.0,107098.0,159550.0
43001122,23267.0,107148.0,159600.0
43001123,23267.0,107560.0,159600.0
43001124,23267.0,107973.0,159600.0
43001125,23267.0,108385.0,159600.0
43001126,23267.0,108798.0,159600.0
43001127,16867.0,107148.0,159500.0
43001128,16867.0,107548.0,159500.0
43001129,16867.0,107948.0,159500.0
43001130,16867.0,108348.0,159500.0
43001131,16867.0,108748.0,159500.0
43001132,28067.0,110448.0,159600.0
43001133,28567.0,110448.0,159600.0
43001134,29067.0,110448.0,159600.0
43001135,29567.0,110448.0,159600.0
43001136,30067.0,110448.0,159600.0
43001137,20667.0,107123.0,159600.0
43001138,20667.0,107541.0,159600.0
43001139,20667.0,107960.0,159600.0
43001140,20667.0,108379.0,159600.0
43001141,20667.0,108798.0,159600.0
43001142,27067.0,113448.0,159600.0
43001143,27067.0,113798.0,159600.0
43001144,27067.0,114148.0,159600.0
43001145,27067.0,114498.0,159600.0
43001146,27067.0,114848.0,159600.0
43001147,16867.0,109110.0,159500.0
43001148,16867.0,109473.0,159500.0
43001149,16867.0,109835.0,159500.0
43001150,16867.0,110198.0,159500.0
43001151,17367.0,114848.0,158800.0
43001152,17367.0,114848.0,157133.0
43001153,17367.0,114848.0,157966.0
43001154,21533.0,114848.0,158900.0
43001155,22400.0,114848.0,158900.0
43001156,21533.0,114848.0,157166.0
43001157,22400.0,114848.0,157166.0
43001158,21533.0,114848.0,158033.0
43001159,22400.0,114848.0,158033.0
43001160,27767.0,114848.0,159000.0
43001161,27767.0,114848.0,157200.0
43001162,27767.0,114848.0,158100.0
43001163,16867.0,111060.0,159100.0
43001164,16867.0,111923.0,159100.0
43001165,16867.0,112785.0,159100.0
43001166,16867.0,111060.0,157133.0
43001167,16867.0,111923.0,157133.0
43001168,16867.0,112785.0,157133.0
43001169,16867.0,111060.0,157966.0
43001170,16867.0,112785.0,157966.0
43001171,16867.0,111923.0,157966.0
43001172,30067.0,114148.0,159000.0
43001173,30067.0,114148.0,157200.0
43001174,30067.0,114148.0,158100.0
43001175,27067.0,111448.0,159000.0
43001176,27067.0,112448.0,159000.0
43001177,27067.0,111448.0,157200.0
43001178,27067.0,112448.0,157200.0
43001179,27067.0,111448.0,158100.0
43001180,27067.0,112448.0,158100.0
43001181,27767.0,113448.0,159300.0
43001182,27767.0,113448.0,157200.0
43001183,27767.0,113448.0,158100.0
43001184,27567.0,110448.0,159000.0
43001185,27567.0,110448.0,157200.0
43001186,27567.0,110448.0,158100.0
43001187,30067.0,111448.0,159300.0
43001188,30067.0,112448.0,159300.0
43001189,30067.0,111448.0,157200.0
43001190,30067.0,112448.0,157200.0
43001191,30067.0,111448.0,158100.0
43001192,30067.0,112448.0,158100.0
43001193,20667.0,109345.0,159000.0
43001194,20667.0,109345.0,157200.0
43001195,20667.0,109345.0,158100.0
43001196,21533.0,108798.0,159300.0
43001197,22400.0,108798.0,159300.0
43001198,21533.0,108798.0,157200.0
43001199,22400.0,108798.0,157200.0
43001200,21533.0,108798.0,158100.0
43001201,22400.0,108798.0,158100.0
43001202,23267.0,109345.0,159000.0
43001203,23267.0,109345.0,157200.0
43001204,23267.0,109345.0,158100.0
43001205,17317.0,107148.0,159100.0
43001206,17317.0,107148.0,157200.0
43001207,17317.0,107148.0,158100.0
43001208,21533.0,107131.0,159300.0
43001209,22400.0,107139.0,159300.0
43001210,21533.0,107131.0,157200.0
43001211,22400.0,107139.0,157200.0
43001212,21533.0,107131.0,158100.0
43001213,22400.0,107139.0,158100.0
43001214,23267.0,106723.0,159000.0
43001215,23267.0,106723.0,157200.0
43001216,23267.0,106723.0,158100.0
43001217,27067.0,106723.0,159000.0
43001218,27067.0,106723.0,157200.0
43001219,27067.0,106723.0,158100.0
43001220,28067.0,107148.0,159000.0
43001221,29067.0,107148.0,159000.0
43001222,28067.0,107148.0,157200.0
43001223,29067.0,107148.0,157200.0
43001224,28067.0,107148.0,158100.0
43001225,29067.0,107148.0,158100.0
43001226,16867.0,101931.0,159000.0
43001227,16867.0,102814.0,159000.0
43001228,16867.0,101931.0,157200.0
43001229,16867.0,102814.0,157200.0
43001230,16867.0,101931.0,158100.0
43001231,16867.0,102814.0,158100.0
43001232,16867.0,99381.0,159000.0
43001233,16867.0,100214.0,159000.0
43001234,16867.0,99381.0,157200.0
43001235,16867.0,100214.0,157200.0
43001236,16867.0,99381.0,158100.0
43001237,16867.0,100214.0,158100.0
43001238,17317.0,101048.0,159000.0
43001239,17317.0,101048.0,157200.0
43001240,17317.0,101048.0,158100.0
43001241,18617.0,101048.0,159000.0
43001242,18617.0,101048.0,157200.0
43001243,18617.0,101048.0,158100.0
43001244,20667.0,99381.0,159000.0
43001245,20667.0,100214.0,159000.0
43001246,20667.0,99381.0,157200.0
43001247,20667.0,100214.0,157200.0
43001248,20667.0,99381.0,158100.0
43001249,20667.0,100214.0,158100.0
43001250,17642.0,98548.0,159000.0
43001251,17642.0,98548.0,157200.0
43001252,17642.0,98548.0,158100.0
43001253,21533.0,98548.0,159000.0
43001254,22400.0,98548.0,159000.0
43001255,21533.0,98548.0,157200.0
43001256,22400.0,98548.0,157200.0
43001257,21533.0,98548.0,158100.0
43001258,22400.0,98548.0,158100.0
43001259,23267.0,99070.0,159000.0
43001260,23267.0,99070.0,157200.0
43001261,23267.0,99070.0,158100.0
43001262,27067.0,99070.0,159000.0
43001263,27067.0,99070.0,157200.0
43001264,27067.0,99070.0,158100.0
43001265,28067.0,98548.0,159000.0
43001266,29067.0,98548.0,159000.0
43001267,28067.0,98548.0,157200.0
43001268,29067.0,98548.0,157200.0
43001269,28067.0,98548.0,158100.0
43001270,29067.0,98548.0,158100.0
43001271,16867.0,114248.0,158800.0
43001272,16867.0,114248.0,157133.0
43001273,16867.0,114248.0,157966.0
43001274,20667.0,114248.0,158800.0
43001275,20667.0,114248.0,157133.0
43001276,20667.0,114248.0,157966.0
43001277,20292.0,114848.0,158800.0
43001278,20292.0,114848.0,157133.0
43001279,20292.0,114848.0,157966.0
43001280,18142.0,114848.0,158800.0
43001281,18145.0,114848.0,159350.0
43001282,18642.0,114848.0,159350.0
43001283,19142.0,114848.0,159350.0
43001284,19639.0,114848.0,159350.0
43001285,19642.0,114848.0,158800.0
43001286,18142.0,114848.0,157133.0
43001287,19642.0,114848.0,157133.0
43001288,18142.0,114848.0,157966.0
43001289,19642.0,114848.0,157966.0
43001290,18642.0,114848.0,158800.0
43001291,19142.0,114848.0,158800.0
43001292,29267.0,114848.0,159000.0
43001293,29267.0,114848.0,157200.0
43001294,29267.0,114848.0,158100.0
43001295,20067.0,101048.0,159000.0
43001296,20067.0,101048.0,157200.0
43001297,20067.0,101048.0,158100.0
43001298,16867.0,104698.0,159000.0
43001299,16867.0,105698.0,159000.0
43001300,16867.0,104698.0,157200.0
43001301,16867.0,105698.0,157200.0
43001302,16867.0,104698.0,158100.0
43001303,16867.0,105698.0,158100.0
43001304,20667.0,106710.0,159000.0
43001305,20667.0,106710.0,157200.0
43001306,20667.0,106710.0,158100.0
43001307,23267.0,114248.0,159000.0
43001308,23267.0,114248.0,157200.0
43001309,23267.0,114248.0,158100.0
43001310,30067.0,99381.0,159000.0
43001311,30067.0,100214.0,159000.0
43001312,30067.0,100881.0,159000.0
43001313,30067.0,99381.0,157200.0
43001314,30067.0,100214.0,157200.0
43001315,30067.0,100881.0,157200.0
43001316,30067.0,99381.0,158100.0
43001317,30067.0,100881.0,158100.0
43001318,30067.0,100214.0,158100.0
43001319,30067.0,105281.0,159000.0
43001320,30067.0,106214.0,159000.0
43001321,30067.0,105281.0,157200.0
43001322,30067.0,106214.0,157200.0
43001323,30067.0,105281.0,158100.0
43001324,30067.0,106214.0,158100.0
43001325,30067.0,102481.0,159000.0
43001326,30067.0,103414.0,159000.0
43001327,30067.0,102481.0,157200.0
43001328,30067.0,103414.0,157200.0
43001329,30067.0,102481.0,158100.0
43001330,30067.0,103414.0,158100.0
43001331,60347.0,101873.0,158800.0
43001332,60347.0,102698.0,158800.0
43001333,60347.0,103523.0,158800.0
43001334,60347.0,101873.0,157133.0
43001335,60347.0,102698.0,157133.0
43001336,60347.0,103523.0,157133.0
43001337,60347.0,101873.0,157966.0
43001338,60347.0,103523.0,157966.0
43001339,60347.0,102698.0,157966.0
43001340,63747.0,111328.0,158800.0
43001341,63747.0,112208.0,158800.0
43001342,63747.0,113088.0,158800.0
43001343,63747.0,113968.0,158800.0
43001344,63747.0,111328.0,157133.0
43001345,63747.0,112208.0,157133.0
43001346,63747.0,113088.0,157133.0
43001347,63747.0,113968.0,157133.0
43001348,63747.0,111328.0,157966.0
43001349,63747.0,113968.0,157966.0
43001350,63747.0,112208.0,157966.0
43001351,63747.0,113088.0,157966.0
43001352,61022.0,114848.0,158800.0
43001353,61697.0,114848.0,158800.0
43001354,61700.0,114848.0,159350.0
43001355,62197.0,114848.0,159350.0
43001356,62697.0,114848.0,159350.0
43001357,63194.0,114848.0,159350.0
43001358,63197.0,114848.0,158800.0
43001359,61022.0,114848.0,157133.0
43001360,61697.0,114848.0,157133.0
43001361,63197.0,114848.0,157133.0
43001362,61022.0,114848.0,157966.0
43001363,63197.0,114848.0,157966.0
43001364,62197.0,114848.0,158800.0
43001365,61697.0,114848.0,157966.0
43001366,62697.0,114848.0,158800.0
43001367,52947.0,104560.0,159000.0
43001368,52947.0,105423.0,159000.0
43001369,52947.0,106285.0,159000.0
43001370,52947.0,104560.0,157200.0
43001371,52947.0,105423.0,157200.0
43001372,52947.0,106285.0,157200.0
43001373,52947.0,104560.0,158100.0
43001374,52947.0,106285.0,158100.0
43001375,52947.0,105423.0,158100.0
43001376,53722.0,98548.0,159000.0
43001377,53722.0,98548.0,157200.0
43001378,53722.0,98548.0,158100.0
43001379,52947.0,99381.0,159000.0
43001380,52947.0,100214.0,159000.0
43001381,52947.0,99381.0,157200.0
43001382,52947.0,100214.0,157200.0
43001383,52947.0,99381.0,158100.0
43001384,52947.0,100214.0,158100.0
43001385,52947.0,101931.0,159000.0
43001386,52947.0,102814.0,159000.0
43001387,52947.0,101931.0,157200.0
43001388,52947.0,102814.0,157200.0
43001389,52947.0,101931.0,158100.0
43001390,52947.0,102814.0,158100.0
43001391,53397.0,101048.0,159000.0
43001392,53397.0,101048.0,157200.0
43001393,53397.0,101048.0,158100.0
43001394,53397.0,107148.0,159100.0
43001395,53397.0,107148.0,157200.0
43001396,53397.0,107148.0,158100.0
43001397,56347.0,111328.0,159000.0
43001398,56347.0,112208.0,159000.0
43001399,56347.0,113088.0,159000.0
43001400,56347.0,111328.0,157200.0
43001401,56347.0,112208.0,157200.0
43001402,56347.0,113088.0,157200.0
43001403,56347.0,111328.0,158100.0
43001404,56347.0,113088.0,158100.0
43001405,56347.0,112208.0,158100.0
43001406,52947.0,111128.0,159100.0
43001407,52947.0,112058.0,159100.0
43001408,52947.0,112988.0,159100.0
43001409,52947.0,113918.0,159100.0
43001410,52947.0,111128.0,157133.0
43001411,52947.0,112058.0,157133.0
43001412,52947.0,112988.0,157133.0
43001413,52947.0,113918.0,157133.0
43001414,52947.0,111128.0,157966.0
43001415,52947.0,113918.0,157966.0
43001416,52947.0,112058.0,157966.0
43001417,52947.0,112988.0,157966.0
43001418,53622.0,114848.0,158800.0
43001419,54297.0,114848.0,158800.0
43001420,54300.0,114848.0,159350.0
43001421,54797.0,114848.0,159350.0
43001422,55297.0,114848.0,159350.0
43001423,55794.0,114848.0,159350.0
43001424,55797.0,114848.0,158800.0
43001425,53622.0,114848.0,157133.0
43001426,54297.0,114848.0,157133.0
43001427,55797.0,114848.0,157133.0
43001428,53622.0,114848.0,157966.0
43001429,55797.0,114848.0,157966.0
43001430,54797.0,114848.0,158800.0
43001431,54297.0,114848.0,157966.0
43001432,55297.0,114848.0,158800.0
43001433,61197.0,110448.0,158800.0
43001434,62047.0,110448.0,158800.0
43001435,62897.0,110448.0,158800.0
43001436,61197.0,110448.0,157133.0
43001437,62047.0,110448.0,157133.0
43001438,62897.0,110448.0,157133.0
43001439,61197.0,110448.0,157966.0
43001440,62897.0,110448.0,157966.0
43001441,62047.0,110448.0,157966.0
43001442,56347.0,106673.0,159000.0
43001443,56347.0,106673.0,157200.0
43001444,56347.0,106673.0,158100.0
43001445,56347.0,99381.0,159000.0
43001446,56347.0,100214.0,159000.0
43001447,56347.0,99381.0,157200.0
43001448,56347.0,100214.0,157200.0
43001449,56347.0,99381.0,158100.0
43001450,56347.0,100214.0,158100.0
43001451,63747.0,102064.0,158800.0
43001452,63747.0,103081.0,158800.0
43001453,63747.0,104098.0,158800.0
43001454,63747.0,105114.0,158800.0
43001455,63747.0,106131.0,158800.0
43001456,63747.0,102064.0,157133.0
43001457,63747.0,103081.0,157133.0
43001458,63747.0,104098.0,157133.0
43001459,63747.0,105114.0,157133.0
43001460,63747.0,106131.0,157133.0
43001461,63747.0,102064.0,157966.0
43001462,63747.0,106131.0,157966.0
43001463,63747.0,103081.0,157966.0
43001464,63747.0,104098.0,157966.0
43001465,63747.0,105114.0,157966.0
43001466,63747.0,99381.0,158800.0
43001467,63747.0,100214.0,158800.0
43001468,63747.0,99381.0,157133.0
43001469,63747.0,100214.0,157133.0
43001470,63747.0,99381.0,157966.0
43001471,63747.0,100214.0,157966.0
43001472,54680.0,101048.0,159000.0
43001473,55513.0,101048.0,159000.0
43001474,54680.0,101048.0,157200.0
43001475,55513.0,101048.0,157200.0
43001476,54680.0,101048.0,158100.0
43001477,55513.0,101048.0,158100.0
43001478,60822.0,98548.0,158800.0
43001479,61297.0,98548.0,158800.0
43001480,61300.0,98548.0,159350.0
43001481,61797.0,98548.0,159350.0
43001482,62297.0,98548.0,159350.0
43001483,62794.0,98548.0,159350.0
43001484,62797.0,98548.0,158800.0
43001485,63272.0,98548.0,158800.0
43001486,60822.0,98548.0,157133.0
43001487,61297.0,98548.0,157133.0
43001488,63272.0,98548.0,157133.0
43001489,62797.0,98548.0,157133.0
43001490,60822.0,98548.0,157966.0
43001491,63272.0,98548.0,157966.0
43001492,61797.0,98548.0,158800.0
43001493,61297.0,98548.0,157966.0
43001494,62297.0,98548.0,158800.0
43001495,62797.0,98548.0,157966.0
43001496,61197.0,101048.0,158800.0
43001497,62047.0,101048.0,158800.0
43001498,62897.0,101048.0,158800.0
43001499,61197.0,101048.0,157133.0
43001500,62047.0,101048.0,157133.0
43001501,62897.0,101048.0,157133.0
43001502,61197.0,101048.0,157966.0
43001503,62897.0,101048.0,157966.0
43001504,62047.0,101048.0,157966.0
43001505,111267.0,104698.0,159000.0
43001506,111267.0,105698.0,159000.0
43001507,111267.0,104698.0,157200.0
43001508,111267.0,105698.0,157200.0
43001509,111267.0,104698.0,158100.0
43001510,111267.0,105698.0,158100.0
43001511,108067.0,101048.0,159000.0
43001512,108067.0,101048.0,157200.0
43001513,108067.0,101048.0,158100.0
43001514,98867.0,114848.0,159000.0
43001515,98867.0,114848.0,157200.0
43001516,98867.0,114848.0,158100.0
43001517,108492.0,114848.0,158800.0
43001518,108495.0,114848.0,159350.0
43001519,108992.0,114848.0,159350.0
43001520,109492.0,114848.0,159350.0
43001521,109989.0,114848.0,159350.0
43001522,109992.0,114848.0,158800.0
43001523,108492.0,114848.0,157133.0
43001524,109992.0,114848.0,157133.0
43001525,108492.0,114848.0,157966.0
43001526,109992.0,114848.0,157966.0
43001527,108992.0,114848.0,158800.0
43001528,109492.0,114848.0,158800.0
43001529,107842.0,114848.0,158900.0
43001530,107842.0,114848.0,157166.0
43001531,107842.0,114848.0,158033.0
43001532,107467.0,114248.0,158900.0
43001533,107467.0,114248.0,157166.0
43001534,107467.0,114248.0,158033.0
43001535,111267.0,114248.0,159000.0
43001536,111267.0,114248.0,157200.0
43001537,111267.0,114248.0,158100.0
43001538,110767.0,114848.0,158900.0
43001539,110767.0,114848.0,157166.0
43001540,110767.0,114848.0,158033.0
43001541,110492.0,98548.0,159000.0
43001542,110492.0,98548.0,157200.0
43001543,110492.0,98548.0,158100.0
43001544,99067.0,98548.0,159000.0
43001545,100067.0,98548.0,159000.0
43001546,99067.0,98548.0,157200.0
43001547,100067.0,98548.0,157200.0
43001548,99067.0,98548.0,158100.0
43001549,100067.0,98548.0,158100.0
43001550,105733.0,98548.0,159000.0
43001551,106600.0,98548.0,159000.0
43001552,105733.0,98548.0,157200.0
43001553,106600.0,98548.0,157200.0
43001554,105733.0,98548.0,158100.0
43001555,106600.0,98548.0,158100.0
43001556,101067.0,99070.0,159000.0
43001557,101067.0,99070.0,157200.0
43001558,101067.0,99070.0,158100.0
43001559,104867.0,99070.0,159000.0
43001560,104867.0,99070.0,157200.0
43001561,104867.0,99070.0,158100.0
43001562,107467.0,99381.0,159000.0
43001563,107467.0,100214.0,159000.0
43001564,107467.0,99381.0,157200.0
43001565,107467.0,100214.0,157200.0
43001566,107467.0,99381.0,158100.0
43001567,107467.0,100214.0,158100.0
43001568,109517.0,101048.0,159000.0
43001569,109517.0,101048.0,157200.0
43001570,109517.0,101048.0,158100.0
43001571,110817.0,101048.0,159000.0
43001572,110817.0,101048.0,157200.0
43001573,110817.0,101048.0,158100.0
43001574,111267.0,99381.0,159000.0
43001575,111267.0,100214.0,159000.0
43001576,111267.0,99381.0,157200.0
43001577,111267.0,100214.0,157200.0
43001578,111267.0,99381.0,158100.0
43001579,111267.0,100214.0,158100.0
43001580,111267.0,101931.0,159000.0
43001581,111267.0,102814.0,159000.0
43001582,111267.0,101931.0,157200.0
43001583,111267.0,102814.0,157200.0
43001584,111267.0,101931.0,158100.0
43001585,111267.0,102814.0,158100.0
43001586,99067.0,107148.0,159000.0
43001587,100067.0,107148.0,159000.0
43001588,99067.0,107148.0,157200.0
43001589,100067.0,107148.0,157200.0
43001590,99067.0,107148.0,158100.0
43001591,100067.0,107148.0,158100.0
43001592,101067.0,106723.0,159000.0
43001593,101067.0,106723.0,157200.0
43001594,101067.0,106723.0,158100.0
43001595,104867.0,106723.0,159000.0
43001596,104867.0,106723.0,157200.0
43001597,104867.0,106723.0,158100.0
43001598,105733.0,107139.0,159300.0
43001599,106600.0,107131.0,159300.0
43001600,105733.0,107139.0,157200.0
43001601,106600.0,107131.0,157200.0
43001602,105733.0,107139.0,158100.0
43001603,106600.0,107131.0,158100.0
43001604,110817.0,107148.0,159100.0
43001605,110817.0,107148.0,157200.0
43001606,110817.0,107148.0,158100.0
43001607,104867.0,109345.0,159000.0
43001608,104867.0,109345.0,157200.0
43001609,104867.0,109345.0,158100.0
43001610,105733.0,108798.0,159300.0
43001611,106600.0,108798.0,159300.0
43001612,105733.0,108798.0,157200.0
43001613,106600.0,108798.0,157200.0
43001614,105733.0,108798.0,158100.0
43001615,106600.0,108798.0,158100.0
43001616,107467.0,109345.0,159000.0
43001617,107467.0,109345.0,157200.0
43001618,107467.0,109345.0,158100.0
43001619,98067.0,111448.0,159300.0
43001620,98067.0,112448.0,159300.0
43001621,98067.0,111448.0,157200.0
43001622,98067.0,112448.0,157200.0
43001623,98067.0,111448.0,158100.0
43001624,98067.0,112448.0,158100.0
43001625,100567.0,110448.0,159000.0
43001626,100567.0,110448.0,157200.0
43001627,100567.0,110448.0,158100.0
43001628,100367.0,113448.0,159300.0
43001629,100367.0,113448.0,157200.0
43001630,100367.0,113448.0,158100.0
43001631,101067.0,111448.0,159000.0
43001632,101067.0,112448.0,159000.0
43001633,101067.0,111448.0,157200.0
43001634,101067.0,112448.0,157200.0
43001635,101067.0,111448.0,158100.0
43001636,101067.0,112448.0,158100.0
43001637,98067.0,114148.0,159000.0
43001638,98067.0,114148.0,157200.0
43001639,98067.0,114148.0,158100.0
43001640,111267.0,111060.0,159000.0
43001641,111267.0,111923.0,159000.0
43001642,111267.0,112785.0,159000.0
43001643,111267.0,111060.0,157200.0
43001644,111267.0,111923.0,157200.0
43001645,111267.0,112785.0,157200.0
43001646,111267.0,111060.0,158100.0
43001647,111267.0,112785.0,158100.0
43001648,111267.0,111923.0,158100.0
43001649,100367.0,114848.0,159000.0
43001650,100367.0,114848.0,157200.0
43001651,100367.0,114848.0,158100.0
43001652,105733.0,114848.0,159000.0
43001653,106600.0,114848.0,159000.0
43001654,105733.0,114848.0,157200.0
43001655,106600.0,114848.0,157200.0
43001656,105733.0,114848.0,158100.0
43001657,106600.0,114848.0,158100.0
43001658,107467.0,106710.0,159000.0
43001659,107467.0,106710.0,157200.0
43001660,107467.0,106710.0,158100.0
43001661,98067.0,102481.0,159000.0
43001662,98067.0,103414.0,159000.0
43001663,98067.0,102481.0,157200.0
43001664,98067.0,103414.0,157200.0
43001665,98067.0,102481.0,158100.0
43001666,98067.0,103414.0,158100.0
43001667,98067.0,105281.0,159000.0
43001668,98067.0,106214.0,159000.0
43001669,98067.0,105281.0,157200.0
43001670,98067.0,106214.0,157200.0
43001671,98067.0,105281.0,158100.0
43001672,98067.0,106214.0,158100.0
43001673,104867.0,114248.0,159000.0
43001674,104867.0,114248.0,157200.0
43001675,104867.0,114248.0,158100.0
43001676,98067.0,99381.0,159000.0
43001677,98067.0,100214.0,159000.0
43001678,98067.0,99381.0,157200.0
43001679,98067.0,100214.0,157200.0
43001680,98067.0,99381.0,158100.0
43001681,98067.0,100214.0,158100.0
43001682,24217.0,113842.0,159900.0
43001683,24217.0,112888.0,159900.0
43001684,24217.0,111942.0,159900.0
43001685,24217.0,110977.0,159900.0
43001686,24217.0,109999.0,159900.0
43001687,24217.0,109011.0,159900.0
43001688,24217.0,108071.0,159900.0
43001689,25167.0,113929.0,159900.0
43001690,25167.0,113007.0,159900.0
43001691,25167.0,112066.0,159900.0
43001692,25167.0,111102.0,159900.0
43001693,25167.0,110119.0,159900.0
43001694,25167.0,109126.0,159900.0
43001695,25167.0,108135.0,159900.0
43001696,26117.0,114015.0,159900.0
43001697,26117.0,113157.0,159900.0
43001698,26117.0,112223.0,159900.0
43001699,26117.0,111253.0,159900.0
43001700,26117.0,110256.0,159900.0
43001701,26117.0,109228.0,159900.0
43001702,26117.0,108189.0,159900.0
43001703,27767.0,114148.0,159900.0
43001704,29267.0,114148.0,159900.0
43001705,17833.0,112807.0,159900.0
43001706,17803.0,111978.0,159900.0
43001707,17814.0,109560.0,159900.0
43001708,17803.0,110360.0,159900.0
43001709,17797.0,111175.0,159900.0
43001710,18747.0,110499.0,159900.0
43001711,18711.0,111308.0,159900.0
43001712,18758.0,109644.0,159900.0
43001713,18725.0,111989.0,159900.0
43001714,18796.0,112799.0,159900.0
43001715,19605.0,111720.0,159900.0
43001716,19687.0,110724.0,159900.0
43001717,19711.0,109759.0,159900.0
43001718,19736.0,112715.0,159900.0
43001719,17727.0,107952.0,159900.0
43001720,18522.0,107951.0,159900.0
43001721,19173.0,107945.0,159900.0
43001722,19928.0,107945.0,159900.0
43001723,21533.0,107964.0,159900.0
43001724,22400.0,107968.0,159900.0
43001725,24217.0,106235.0,159900.0
43001726,24217.0,105296.0,159900.0
43001727,25167.0,106224.0,159900.0
43001728,25167.0,105289.0,159900.0
43001729,26117.0,106235.0,159900.0
43001730,26117.0,105296.0,159900.0
43001731,17733.0,100214.0,159900.0
43001732,17704.0,99381.0,159900.0
43001733,18596.0,100214.0,159900.0
43001734,18559.0,99381.0,159900.0
43001735,24217.0,103414.0,159900.0
43001736,24217.0,102481.0,159900.0
43001737,25167.0,103414.0,159900.0
43001738,25167.0,102481.0,159900.0
43001739,26117.0,103414.0,159900.0
43001740,26117.0,102481.0,159900.0
43001741,24217.0,100556.0,159900.0
43001742,24217.0,99559.0,159900.0
43001743,25167.0,100552.0,159900.0
43001744,25167.0,99553.0,159900.0
43001745,26117.0,100556.0,159900.0
43001746,26117.0,99559.0,159900.0
43001747,53835.0,107943.0,159900.0
43001748,54736.0,107923.0,159900.0
43001749,55602.0,107903.0,159900.0
43001750,109538.0,100214.0,159900.0
43001751,109574.0,99381.0,159900.0
43001752,110401.0,100214.0,159900.0
43001753,110429.0,99381.0,159900.0
43001754,98867.0,114148.0,159900.0
43001755,100367.0,114148.0,159900.0
43001756,108372.0,112745.0,159900.0
43001757,108436.0,111814.0,159900.0
43001758,108445.0,109786.0,159900.0
43001759,108536.0,110807.0,159900.0
43001760,109424.0,111113.0,159900.0
43001761,109371.0,111930.0,159900.0
43001762,109425.0,110435.0,159900.0
43001763,109388.0,109627.0,159900.0
43001764,109326.0,112783.0,159900.0
43001765,110341.0,110329.0,159900.0
43001766,110337.0,111124.0,159900.0
43001767,110328.0,109547.0,159900.0
43001768,110293.0,112795.0,159900.0
43001769,110320.0,111948.0,159900.0
43001770,101998.0,100556.0,159900.0
43001771,101962.0,99558.0,159900.0
43001772,102940.0,100552.0,159900.0
43001773,102881.0,99553.0,159900.0
43001774,103898.0,100556.0,159900.0
43001775,103862.0,99559.0,159900.0
43001776,108205.0,107945.0,159900.0
43001777,108960.0,107945.0,159900.0
43001778,109611.0,107951.0,159900.0
43001779,110406.0,107952.0,159900.0
43001780,102017.0,106235.0,159900.0
43001781,102017.0,105296.0,159900.0
43001782,102967.0,106224.0,159900.0
43001783,102967.0,105289.0,159900.0
43001784,103917.0,106235.0,159900.0
43001785,103917.0,105296.0,159900.0
43001786,101960.0,114011.0,159900.0
43001787,101992.0,113153.0,159900.0
43001788,102002.0,112222.0,159900.0
43001789,102007.0,111252.0,159900.0
43001790,102010.0,110256.0,159900.0
43001791,102012.0,109228.0,159900.0
43001792,102014.0,108190.0,159900.0
43001793,102877.0,113924.0,159900.0
43001794,102929.0,113003.0,159900.0
43001795,102946.0,112064.0,159900.0
43001796,102953.0,111102.0,159900.0
43001797,102957.0,110120.0,159900.0
43001798,102960.0,109127.0,159900.0
43001799,102963.0,108135.0,159900.0
43001800,103858.0,113839.0,159900.0
43001801,103890.0,112886.0,159900.0
43001802,103902.0,111941.0,159900.0
43001803,103907.0,110977.0,159900.0
43001804,103910.0,110000.0,159900.0
43001805,103912.0,109011.0,159900.0
43001806,103914.0,108072.0,159900.0
43001807,102017.0,103414.0,159900.0
43001808,102017.0,102481.0,159900.0
43001809,102967.0,103414.0,159900.0
43001810,102967.0,102481.0,159900.0
43001811,103917.0,103414.0,159900.0
43001812,103917.0,102481.0,159900.0
43001813,105733.0,107968.0,159900.0
43001814,106600.0,107964.0,159900.0
44000001,23267.0,114848.0,163500.0
44000002,27067.0,114848.0,163500.0
44000003,20667.0,114848.0,163500.0
44000004,30067.0,114848.0,163500.0
44000005,27067.0,113448.0,163500.0
44000006,27067.0,110448.0,163500.0
44000007,30067.0,113448.0,163500.0
44000008,20667.0,111848.0,163500.0
44000009,20667.0,108798.0,163500.0
44000010,23267.0,111848.0,163500.0
44000011,16867.0,108748.0,163500.0
44000012,23267.0,108798.0,163500.0
44000013,16867.0,107148.0,163500.0
44000014,30067.0,107148.0,163500.0
44000015,23267.0,107148.0,163500.0
44000016,20667.0,107123.0,163500.0
44000017,27067.0,107148.0,163500.0
44000018,16867.0,101048.0,163500.0
44000019,17767.0,107148.0,163500.0
44000020,17767.0,101048.0,163500.0
44000021,20667.0,104348.0,163500.0
44000022,23267.0,104348.0,163500.0
44000023,27067.0,104348.0,163500.0
44000024,20667.0,101548.0,163500.0
44000025,20667.0,101048.0,163500.0
44000026,23267.0,101548.0,163500.0
44000027,27067.0,101548.0,163500.0
44000028,20667.0,98548.0,163500.0
44000029,23267.0,98548.0,163500.0
44000030,27067.0,98548.0,163500.0
44000031,16867.0,110198.0,163500.0
44000032,30067.0,110448.0,163500.0
44000033,23267.0,109893.0,163500.0
44000034,28067.0,110448.0,163500.0
44000035,23267.0,106298.0,163500.0
44000036,27067.0,106298.0,163500.0
44000037,20167.0,107098.0,163500.0
44000038,23267.0,99593.0,163500.0
44000039,27067.0,99593.0,163500.0
44000040,18417.0,98548.0,163500.0
44000041,20667.0,113648.0,163500.0
44000042,16867.0,113648.0,163500.0
44000043,19917.0,113648.0,163500.0
44000044,19917.0,114848.0,163500.0
44000045,17867.0,113648.0,163500.0
44000046,17867.0,114848.0,163500.0
44000047,28467.0,113448.0,163500.0
44000048,28467.0,114848.0,163500.0
44000049,19467.0,98548.0,163500.0
44000050,19467.0,101048.0,163500.0
44000051,17767.0,103698.0,163500.0
44000052,16867.0,103698.0,163500.0
44000053,20667.0,106298.0,163500.0
44000054,23267.0,113648.0,163500.0
44000055,20667.0,109893.0,163500.0
44000056,4867.0,114848.0,163500.0
44000057,4867.0,106698.0,163500.0
44000058,4867.0,98548.0,163500.0
44000059,4867.0,87098.0,163500.0
44000060,4867.0,126298.0,163500.0
44000061,9467.0,126348.0,163500.0
44000062,13067.0,126348.0,163500.0
44000063,124067.0,114848.0,163500.0
44000064,124067.0,106698.0,163500.0
44000065,124067.0,98548.0,163500.0
44000066,124067.0,87098.0,163500.0
44000067,124067.0,126298.0,163500.0
44000068,30067.0,98548.0,163500.0
44000069,30067.0,104348.0,163500.0
44000070,30067.0,101548.0,163500.0
44000071,13067.0,87048.0,163500.0
44000072,9467.0,87048.0,163500.0
44000073,63747.0,110448.0,163500.0
44000074,60347.0,101048.0,163500.0
44000075,60347.0,107048.0,163500.0
44000076,63747.0,107148.0,163500.0
44000077,52947.0,114848.0,163500.0
44000078,56347.0,108748.0,163500.0
44000079,52947.0,103698.0,163500.0
44000080,53847.0,103698.0,163500.0
44000081,54497.0,98548.0,163500.0
44000082,56347.0,110448.0,163500.0
44000083,52947.0,110198.0,163500.0
44000084,56347.0,113448.0,163500.0
44000085,52947.0,101048.0,163500.0
44000086,53847.0,101048.0,163500.0
44000087,53847.0,107148.0,163500.0
44000088,52947.0,107148.0,163500.0
44000089,56347.0,107048.0,163500.0
44000090,52947.0,108748.0,163500.0
44000091,56347.0,101548.0,163500.0
44000092,55947.0,107048.0,163500.0
44000093,56347.0,106298.0,163500.0
44000094,60347.0,110448.0,163500.0
44000095,56347.0,104348.0,163500.0
44000096,56347.0,101048.0,163500.0
44000097,63747.0,101048.0,163500.0
44000098,52947.0,98548.0,163500.0
44000099,60347.0,104348.0,163500.0
44000100,119800.0,87048.0,163500.0
44000101,115533.0,87048.0,163500.0
44000102,111267.0,103698.0,163500.0
44000103,110367.0,103698.0,163500.0
44000104,108667.0,101048.0,163500.0
44000105,108667.0,98548.0,163500.0
44000106,99667.0,114848.0,163500.0
44000107,99667.0,113448.0,163500.0
44000108,110267.0,114848.0,163500.0
44000109,110267.0,113648.0,163500.0
44000110,108217.0,114848.0,163500.0
44000111,108217.0,113648.0,163500.0
44000112,111267.0,113648.0,163500.0
44000113,107467.0,113648.0,163500.0
44000114,109717.0,98548.0,163500.0
44000115,101067.0,99593.0,163500.0
44000116,104867.0,99593.0,163500.0
44000117,107967.0,107098.0,163500.0
44000118,101067.0,106298.0,163500.0
44000119,104867.0,106298.0,163500.0
44000120,100067.0,110448.0,163500.0
44000121,104867.0,109893.0,163500.0
44000122,98067.0,110448.0,163500.0
44000123,111267.0,110198.0,163500.0
44000124,101067.0,98548.0,163500.0
44000125,104867.0,98548.0,163500.0
44000126,107467.0,98548.0,163500.0
44000127,101067.0,101548.0,163500.0
44000128,104867.0,101548.0,163500.0
44000129,107467.0,101048.0,163500.0
44000130,107467.0,101548.0,163500.0
44000131,101067.0,104348.0,163500.0
44000132,104867.0,104348.0,163500.0
44000133,107467.0,104348.0,163500.0
44000134,110367.0,101048.0,163500.0
44000135,110367.0,107148.0,163500.0
44000136,111267.0,101048.0,163500.0
44000137,101067.0,107148.0,163500.0
44000138,107467.0,107123.0,163500.0
44000139,104867.0,107148.0,163500.0
44000140,98067.0,107148.0,163500.0
44000141,111267.0,107148.0,163500.0
44000142,104867.0,108798.0,163500.0
44000143,111267.0,108748.0,163500.0
44000144,104867.0,111848.0,163500.0
44000145,107467.0,108798.0,163500.0
44000146,107467.0,111848.0,163500.0
44000147,98067.0,113448.0,163500.0
44000148,101067.0,110448.0,163500.0
44000149,101067.0,113448.0,163500.0
44000150,98067.0,114848.0,163500.0
44000151,107467.0,114848.0,163500.0
44000152,101067.0,114848.0,163500.0
44000153,104867.0,114848.0,163500.0
44000154,107467.0,106298.0,163500.0
44000155,98067.0,101548.0,163500.0
44000156,98067.0,104348.0,163500.0
44000157,107467.0,109893.0,163500.0
44000158,104867.0,113648.0,163500.0
44000159,98067.0,101048.0,163500.0
44000160,98067.0,98548.0,163500.0
44000161,56347.0,98548.0,163500.0
44000162,63747.0,98548.0,163500.0
44000163,56347.0,114848.0,163500.0
44000164,60347.0,114848.0,163500.0
44000165,60347.0,98548.0,163500.0
44000166,63747.0,114848.0,163500.0
44000167,16867.0,114848.0,163500.0
44000168,30067.0,126298.0,163500.0
44000169,16867.0,106698.0,163500.0
44000170,16867.0,98548.0,163500.0
44000171,16867.0,87098.0,163500.0
44000172,16867.0,126298.0,163500.0
44000173,30067.0,87098.0,163500.0
44000174,111267.0,98548.0,163500.0
44000175,111267.0,87098.0,163500.0
44000176,111267.0,126298.0,163500.0
44000177,98067.0,87098.0,163500.0
44000178,98067.0,126298.0,163500.0
44000179,111267.0,106698.0,163500.0
44000180,111267.0,114848.0,163500.0
44000181,41507.0,87098.0,163500.0
44000182,41507.0,126298.0,163500.0
44000183,52947.0,87098.0,163500.0
44000184,52947.0,126298.0,163500.0
44000185,75187.0,87098.0,163500.0
44000186,75187.0,126298.0,163500.0
44000187,86627.0,126298.0,163500.0
44000188,86627.0,87098.0,163500.0
44000189,63747.0,87098.0,163500.0
44000190,63747.0,126298.0,163500.0
44000191,102700.0,126348.0,163500.0
44000192,102700.0,114848.0,163500.0
44000193,102700.0,87048.0,163500.0
44000194,102700.0,98548.0,163500.0
44000195,119800.0,126348.0,163500.0
44000196,115533.0,126348.0,163500.0
44000197,107467.0,87048.0,163500.0
44000198,107467.0,126348.0,163500.0
44000199,92347.0,126348.0,163500.0
44000200,92347.0,87048.0,163500.0
44000201,80907.0,126348.0,163500.0
44000202,80907.0,87048.0,163500.0
44000203,69442.0,126348.0,163500.0
44000204,69442.0,87048.0,163500.0
44000205,47227.0,126348.0,163500.0
44000206,47227.0,87048.0,163500.0
44000207,58347.0,98548.0,163500.0
44000208,58347.0,87048.0,163500.0
44000209,58347.0,114848.0,163500.0
44000210,58347.0,126348.0,163500.0
44000211,35787.0,126348.0,163500.0
44000212,35787.0,87048.0,163500.0
44000213,25167.0,114848.0,163500.0
44000214,25167.0,126348.0,163500.0
44000215,25167.0,98548.0,163500.0
44000216,25167.0,87048.0,163500.0
44000217,20667.0,87048.0,163500.0
44000218,20667.0,126348.0,163500.0
44000219,86627.0,98548.0,163500.0
44000220,86627.0,114848.0,163500.0
44000221,86627.0,107148.0,163500.0
44000222,75187.0,98548.0,163500.0
44000223,75187.0,114848.0,163500.0
44000224,75187.0,107148.0,163500.0
44000225,13067.0,98548.0,163500.0
44000226,13067.0,114848.0,163500.0
44000227,13067.0,106698.0,163500.0
44000228,9467.0,98548.0,163500.0
44000229,9467.0,114848.0,163500.0
44000230,9467.0,106698.0,163500.0
44000231,119800.0,98548.0,163500.0
44000232,119800.0,114848.0,163500.0
44000233,119800.0,106698.0,163500.0
44000234,115533.0,98548.0,163500.0
44000235,115533.0,114848.0,163500.0
44000236,115533.0,106698.0,163500.0
44000237,92347.0,98548.0,163500.0
44000238,80907.0,98548.0,163500.0
44000239,69442.0,98548.0,163500.0
44000240,47227.0,98548.0,163500.0
44000241,35787.0,98548.0,163500.0
44000242,41507.0,98548.0,163500.0
44000243,92347.0,114848.0,163500.0
44000244,80907.0,114848.0,163500.0
44000245,69442.0,114848.0,163500.0
44000246,47227.0,114848.0,163500.0
44000247,35787.0,114848.0,163500.0
44000248,41507.0,114848.0,163500.0
44000249,47227.0,107148.0,163500.0
44000250,35787.0,107148.0,163500.0
44000251,41507.0,107148.0,163500.0
44000252,92347.0,107148.0,163500.0
44000253,80907.0,107148.0,163500.0
44000254,69442.0,107148.0,163500.0
44000255,16867.0,108748.0,162700.0
44000256,16867.0,110198.0,162700.0
44000257,27067.0,113448.0,162900.0
44000258,27067.0,114848.0,162900.0
44000259,20667.0,107123.0,162900.0
44000260,20667.0,108798.0,162900.0
44000261,28067.0,110448.0,162900.0
44000262,30067.0,110448.0,162900.0
44000263,16867.0,107148.0,162700.0
44000264,23267.0,107148.0,162900.0
44000265,23267.0,108798.0,162900.0
44000266,17767.0,107148.0,162800.0
44000267,20167.0,107098.0,162800.0
44000268,18417.0,98548.0,162700.0
44000269,19467.0,98548.0,162700.0
44000270,28467.0,113448.0,162900.0
44000271,30067.0,113448.0,162900.0
44000272,20667.0,98548.0,162700.0
44000273,52947.0,107148.0,162700.0
44000274,52947.0,108748.0,162700.0
44000275,56347.0,113448.0,162900.0
44000276,56347.0,114848.0,162900.0
44000277,52947.0,110198.0,162700.0
44000278,53847.0,107148.0,162800.0
44000279,55947.0,107048.0,162800.0
44000280,54497.0,98548.0,162700.0
44000281,56347.0,98548.0,162700.0
44000282,107467.0,98548.0,162700.0
44000283,108667.0,98548.0,162700.0
44000284,98067.0,113448.0,162900.0
44000285,99667.0,113448.0,162900.0
44000286,107967.0,107098.0,162800.0
44000287,110367.0,107148.0,162800.0
44000288,104867.0,107148.0,162900.0
44000289,104867.0,108798.0,162900.0
44000290,111267.0,107148.0,162700.0
44000291,111267.0,108748.0,162700.0
44000292,107467.0,107123.0,162900.0
44000293,107467.0,108798.0,162900.0
44000294,101067.0,113448.0,162900.0
44000295,101067.0,114848.0,162900.0
44000296,111267.0,110198.0,162700.0
44000297,98067.0,110448.0,162900.0
44000298,100067.0,110448.0,162900.0
44000299,109717.0,98548.0,162700.0
44000300,17367.0,114848.0,163500.0
44000301,21533.0,114848.0,163500.0
44000302,22400.0,114848.0,163500.0
44000303,27767.0,114848.0,163500.0
44000304,16867.0,111060.0,163500.0
44000305,16867.0,111923.0,163500.0
44000306,16867.0,112785.0,163500.0
44000307,16867.0,109110.0,163500.0
44000308,16867.0,109473.0,163500.0
44000309,16867.0,109835.0,163500.0
44000310,27067.0,113798.0,163500.0
44000311,27067.0,114148.0,163500.0
44000312,27067.0,114498.0,163500.0
44000313,30067.0,114148.0,163500.0
44000314,27067.0,111448.0,163500.0
44000315,27067.0,112448.0,163500.0
44000316,27767.0,113448.0,163500.0
44000317,27567.0,110448.0,163500.0
44000318,30067.0,111448.0,163500.0
44000319,30067.0,112448.0,163500.0
44000320,20667.0,109345.0,163500.0
44000321,20667.0,107541.0,163500.0
44000322,20667.0,107960.0,163500.0
44000323,20667.0,108379.0,163500.0
44000324,21533.0,108798.0,163500.0
44000325,22400.0,108798.0,163500.0
44000326,23267.0,109345.0,163500.0
44000327,28567.0,110448.0,163500.0
44000328,29067.0,110448.0,163500.0
44000329,29567.0,110448.0,163500.0
44000330,16867.0,107548.0,163500.0
44000331,16867.0,107948.0,163500.0
44000332,16867.0,108348.0,163500.0
44000333,23267.0,107560.0,163500.0
44000334,23267.0,107973.0,163500.0
44000335,23267.0,108385.0,163500.0
44000336,17317.0,107148.0,163500.0
44000337,21533.0,107131.0,163500.0
44000338,22400.0,107139.0,163500.0
44000339,23267.0,106723.0,163500.0
44000340,27067.0,106723.0,163500.0
44000341,28067.0,107148.0,163500.0
44000342,29067.0,107148.0,163500.0
44000343,16867.0,101931.0,163500.0
44000344,16867.0,102814.0,163500.0
44000345,16867.0,99381.0,163500.0
44000346,16867.0,100214.0,163500.0
44000347,17317.0,101048.0,163500.0
44000348,18167.0,107139.0,163500.0
44000349,18567.0,107131.0,163500.0
44000350,18967.0,107123.0,163500.0
44000351,19367.0,107114.0,163500.0
44000352,19767.0,107106.0,163500.0
44000353,18617.0,101048.0,163500.0
44000354,20667.0,99381.0,163500.0
44000355,20667.0,100214.0,163500.0
44000356,17642.0,98548.0,163500.0
44000357,18942.0,98548.0,163500.0
44000358,21533.0,98548.0,163500.0
44000359,22400.0,98548.0,163500.0
44000360,23267.0,99070.0,163500.0
44000361,27067.0,99070.0,163500.0
44000362,28067.0,98548.0,163500.0
44000363,29067.0,98548.0,163500.0
44000364,16867.0,114248.0,163500.0
44000365,20667.0,114248.0,163500.0
44000366,20292.0,114848.0,163500.0
44000367,18142.0,114848.0,163500.0
44000368,18642.0,114848.0,163500.0
44000369,19142.0,114848.0,163500.0
44000370,19642.0,114848.0,163500.0
44000371,29267.0,114848.0,163500.0
44000372,28867.0,113448.0,163500.0
44000373,29267.0,113448.0,163500.0
44000374,29667.0,113448.0,163500.0
44000375,20067.0,101048.0,163500.0
44000376,20067.0,98548.0,163500.0
44000377,16867.0,104698.0,163500.0
44000378,16867.0,105698.0,163500.0
44000379,20667.0,106710.0,163500.0
44000380,23267.0,114248.0,163500.0
44000381,30067.0,99381.0,163500.0
44000382,30067.0,100214.0,163500.0
44000383,30067.0,100881.0,163500.0
44000384,30067.0,105281.0,163500.0
44000385,30067.0,106214.0,163500.0
44000386,30067.0,102481.0,163500.0
44000387,30067.0,103414.0,163500.0
44000388,60347.0,101873.0,163500.0
44000389,60347.0,102698.0,163500.0
44000390,60347.0,103523.0,163500.0
44000391,63747.0,111328.0,163500.0
44000392,63747.0,112208.0,163500.0
44000393,63747.0,113088.0,163500.0
44000394,63747.0,113968.0,163500.0
44000395,61022.0,114848.0,163500.0
44000396,61697.0,114848.0,163500.0
44000397,62197.0,114848.0,163500.0
44000398,62697.0,114848.0,163500.0
44000399,63197.0,114848.0,163500.0
44000400,52947.0,104560.0,163500.0
44000401,52947.0,105423.0,163500.0
44000402,52947.0,106285.0,163500.0
44000403,53722.0,98548.0,163500.0
44000404,52947.0,99381.0,163500.0
44000405,52947.0,100214.0,163500.0
44000406,52947.0,101931.0,163500.0
44000407,52947.0,102814.0,163500.0
44000408,53397.0,101048.0,163500.0
44000409,53397.0,107148.0,163500.0
44000410,52947.0,107548.0,163500.0
44000411,52947.0,107948.0,163500.0
44000412,52947.0,108348.0,163500.0
44000413,56347.0,111328.0,163500.0
44000414,56347.0,112208.0,163500.0
44000415,56347.0,113088.0,163500.0
44000416,56347.0,113798.0,163500.0
44000417,56347.0,114148.0,163500.0
44000418,56347.0,114498.0,163500.0
44000419,52947.0,109110.0,163500.0
44000420,52947.0,109473.0,163500.0
44000421,52947.0,109835.0,163500.0
44000422,52947.0,111128.0,163500.0
44000423,52947.0,112058.0,163500.0
44000424,52947.0,112988.0,163500.0
44000425,52947.0,113918.0,163500.0
44000426,53622.0,114848.0,163500.0
44000427,54297.0,114848.0,163500.0
44000428,54797.0,114848.0,163500.0
44000429,55297.0,114848.0,163500.0
44000430,55797.0,114848.0,163500.0
44000431,54372.0,107123.0,163500.0
44000432,54897.0,107098.0,163500.0
44000433,55422.0,107073.0,163500.0
44000434,61197.0,110448.0,163500.0
44000435,62047.0,110448.0,163500.0
44000436,62897.0,110448.0,163500.0
44000437,56347.0,106673.0,163500.0
44000438,56347.0,99381.0,163500.0
44000439,56347.0,100214.0,163500.0
44000440,54959.0,98548.0,163500.0
44000441,55422.0,98548.0,163500.0
44000442,55884.0,98548.0,163500.0
44000443,63747.0,102064.0,163500.0
44000444,63747.0,103081.0,163500.0
44000445,63747.0,104098.0,163500.0
44000446,63747.0,105114.0,163500.0
44000447,63747.0,106131.0,163500.0
44000448,63747.0,99381.0,163500.0
44000449,63747.0,100214.0,163500.0
44000450,54680.0,101048.0,163500.0
44000451,55513.0,101048.0,163500.0
44000452,60822.0,98548.0,163500.0
44000453,61297.0,98548.0,163500.0
44000454,61797.0,98548.0,163500.0
44000455,62297.0,98548.0,163500.0
44000456,62797.0,98548.0,163500.0
44000457,63272.0,98548.0,163500.0
44000458,61197.0,101048.0,163500.0
44000459,62047.0,101048.0,163500.0
44000460,62897.0,101048.0,163500.0
44000461,111267.0,104698.0,163500.0
44000462,111267.0,105698.0,163500.0
44000463,108067.0,98548.0,163500.0
44000464,108067.0,101048.0,163500.0
44000465,98467.0,113448.0,163500.0
44000466,98867.0,113448.0,163500.0
44000467,99267.0,113448.0,163500.0
44000468,98867.0,114848.0,163500.0
44000469,108492.0,114848.0,163500.0
44000470,108992.0,114848.0,163500.0
44000471,109492.0,114848.0,163500.0
44000472,109992.0,114848.0,163500.0
44000473,107842.0,114848.0,163500.0
44000474,107467.0,114248.0,163500.0
44000475,111267.0,114248.0,163500.0
44000476,110767.0,114848.0,163500.0
44000477,110492.0,98548.0,163500.0
44000478,99067.0,98548.0,163500.0
44000479,100067.0,98548.0,163500.0
44000480,105733.0,98548.0,163500.0
44000481,106600.0,98548.0,163500.0
44000482,101067.0,99070.0,163500.0
44000483,104867.0,99070.0,163500.0
44000484,107467.0,99381.0,163500.0
44000485,107467.0,100214.0,163500.0
44000486,109517.0,101048.0,163500.0
44000487,108367.0,107106.0,163500.0
44000488,108767.0,107114.0,163500.0
44000489,109167.0,107123.0,163500.0
44000490,109567.0,107131.0,163500.0
44000491,109967.0,107139.0,163500.0
44000492,110817.0,101048.0,163500.0
44000493,111267.0,99381.0,163500.0
44000494,111267.0,100214.0,163500.0
44000495,111267.0,101931.0,163500.0
44000496,111267.0,102814.0,163500.0
44000497,99067.0,107148.0,163500.0
44000498,100067.0,107148.0,163500.0
44000499,101067.0,106723.0,163500.0
44000500,104867.0,106723.0,163500.0
44000501,105733.0,107139.0,163500.0
44000502,106600.0,107131.0,163500.0
44000503,110817.0,107148.0,163500.0
44000504,104867.0,107560.0,163500.0
44000505,104867.0,107973.0,163500.0
44000506,104867.0,108385.0,163500.0
44000507,111267.0,107548.0,163500.0
44000508,111267.0,107948.0,163500.0
44000509,111267.0,108348.0,163500.0
44000510,104867.0,109345.0,163500.0
44000511,105733.0,108798.0,163500.0
44000512,106600.0,108798.0,163500.0
44000513,107467.0,107541.0,163500.0
44000514,107467.0,107960.0,163500.0
44000515,107467.0,108379.0,163500.0
44000516,107467.0,109345.0,163500.0
44000517,98067.0,111448.0,163500.0
44000518,98067.0,112448.0,163500.0
44000519,100567.0,110448.0,163500.0
44000520,100367.0,113448.0,163500.0
44000521,101067.0,111448.0,163500.0
44000522,101067.0,112448.0,163500.0
44000523,98067.0,114148.0,163500.0
44000524,101067.0,113798.0,163500.0
44000525,101067.0,114148.0,163500.0
44000526,101067.0,114498.0,163500.0
44000527,111267.0,109110.0,163500.0
44000528,111267.0,109473.0,163500.0
44000529,111267.0,109835.0,163500.0
44000530,111267.0,111060.0,163500.0
44000531,111267.0,111923.0,163500.0
44000532,111267.0,112785.0,163500.0
44000533,100367.0,114848.0,163500.0
44000534,105733.0,114848.0,163500.0
44000535,106600.0,114848.0,163500.0
44000536,107467.0,106710.0,163500.0
44000537,98067.0,102481.0,163500.0
44000538,98067.0,103414.0,163500.0
44000539,98067.0,105281.0,163500.0
44000540,98067.0,106214.0,163500.0
44000541,104867.0,114248.0,163500.0
44000542,98067.0,99381.0,163500.0
44000543,98067.0,100214.0,163500.0
44000544,98567.0,110448.0,163500.0
44000545,99067.0,110448.0,163500.0
44000546,99567.0,110448.0,163500.0
44000547,109192.0,98548.0,163500.0
44000548,16867.0,114848.0,162400.0
44000549,16867.0,114848.0,161566.0
44000550,16867.0,114848.0,160733.0
44000551,17867.0,114848.0,162400.0
44000552,17867.0,114848.0,161566.0
44000553,17867.0,114848.0,160733.0
44000554,20667.0,114848.0,162400.0
44000555,20667.0,114848.0,161566.0
44000556,20667.0,114848.0,160733.0
44000557,23267.0,114848.0,162500.0
44000558,23267.0,114848.0,161633.0
44000559,23267.0,114848.0,160766.0
44000560,28467.0,114848.0,162600.0
44000561,28467.0,114848.0,161700.0
44000562,28467.0,114848.0,160800.0
44000563,27067.0,110448.0,162600.0
44000564,27067.0,110448.0,161700.0
44000565,27067.0,110448.0,160800.0
44000566,20667.0,109893.0,162600.0
44000567,20667.0,109893.0,161700.0
44000568,20667.0,109893.0,160800.0
44000569,16867.0,113648.0,162400.0
44000570,16867.0,113648.0,161566.0
44000571,16867.0,113648.0,160733.0
44000572,23267.0,109893.0,162600.0
44000573,23267.0,109893.0,161700.0
44000574,23267.0,109893.0,160800.0
44000575,16867.0,106698.0,162600.0
44000576,16867.0,106698.0,161700.0
44000577,16867.0,106698.0,160800.0
44000578,23267.0,106298.0,162600.0
44000579,23267.0,106298.0,161700.0
44000580,23267.0,106298.0,160800.0
44000581,27067.0,106298.0,162600.0
44000582,27067.0,106298.0,161700.0
44000583,27067.0,106298.0,160800.0
44000584,27067.0,107148.0,162600.0
44000585,27067.0,107148.0,161700.0
44000586,27067.0,107148.0,160800.0
44000587,16867.0,101048.0,162600.0
44000588,16867.0,101048.0,161700.0
44000589,16867.0,101048.0,160800.0
44000590,16867.0,103698.0,162600.0
44000591,16867.0,103698.0,161700.0
44000592,16867.0,103698.0,160800.0
44000593,16867.0,98548.0,162600.0
44000594,16867.0,98548.0,161700.0
44000595,16867.0,98548.0,160800.0
44000596,17767.0,101048.0,162600.0
44000597,17767.0,101048.0,161700.0
44000598,17767.0,101048.0,160800.0
44000599,19467.0,101048.0,162600.0
44000600,19467.0,101048.0,161700.0
44000601,19467.0,101048.0,160800.0
44000602,20667.0,101048.0,162600.0
44000603,20667.0,101048.0,161700.0
44000604,20667.0,101048.0,160800.0
44000605,23267.0,98548.0,162600.0
44000606,23267.0,98548.0,161700.0
44000607,23267.0,98548.0,160800.0
44000608,23267.0,99593.0,162600.0
44000609,23267.0,99593.0,161700.0
44000610,23267.0,99593.0,160800.0
44000611,27067.0,98548.0,162600.0
44000612,27067.0,98548.0,161700.0
44000613,27067.0,98548.0,160800.0
44000614,27067.0,99593.0,162600.0
44000615,27067.0,99593.0,161700.0
44000616,27067.0,99593.0,160800.0
44000617,30067.0,98548.0,162600.0
44000618,30067.0,98548.0,161700.0
44000619,30067.0,98548.0,160800.0
44000620,19917.0,114848.0,162400.0
44000621,19917.0,114848.0,161566.0
44000622,19917.0,114848.0,160733.0
44000623,30067.0,114848.0,162600.0
44000624,30067.0,114848.0,161700.0
44000625,30067.0,114848.0,160800.0
44000626,20667.0,106298.0,162600.0
44000627,20667.0,106298.0,161700.0
44000628,20667.0,106298.0,160800.0
44000629,20667.0,113648.0,162400.0
44000630,20667.0,113648.0,161566.0
44000631,20667.0,113648.0,160733.0
44000632,23267.0,113648.0,162600.0
44000633,23267.0,113648.0,161700.0
44000634,23267.0,113648.0,160800.0
44000635,20667.0,101548.0,162600.0
44000636,20667.0,101548.0,161700.0
44000637,20667.0,101548.0,160800.0
44000638,30067.0,107148.0,162600.0
44000639,30067.0,107148.0,161700.0
44000640,30067.0,107148.0,160800.0
44000641,30067.0,104348.0,162600.0
44000642,30067.0,104348.0,161700.0
44000643,30067.0,104348.0,160800.0
44000644,30067.0,101548.0,162600.0
44000645,30067.0,101548.0,161700.0
44000646,30067.0,101548.0,160800.0
44000647,60347.0,101048.0,162400.0
44000648,60347.0,101048.0,161566.0
44000649,60347.0,101048.0,160733.0
44000650,60347.0,104348.0,162400.0
44000651,60347.0,104348.0,161566.0
44000652,60347.0,104348.0,160733.0
44000653,63747.0,110448.0,162400.0
44000654,63747.0,110448.0,161566.0
44000655,63747.0,110448.0,160733.0
44000656,63747.0,114848.0,162400.0
44000657,63747.0,114848.0,161566.0
44000658,63747.0,114848.0,160733.0
44000659,60347.0,114848.0,162400.0
44000660,60347.0,114848.0,161566.0
44000661,60347.0,114848.0,160733.0
44000662,52947.0,103698.0,162600.0
44000663,52947.0,103698.0,161700.0
44000664,52947.0,103698.0,160800.0
44000665,52947.0,98548.0,162600.0
44000666,52947.0,98548.0,161700.0
44000667,52947.0,98548.0,160800.0
44000668,52947.0,101048.0,162600.0
44000669,52947.0,101048.0,161700.0
44000670,52947.0,101048.0,160800.0
44000671,53847.0,101048.0,162600.0
44000672,53847.0,101048.0,161700.0
44000673,53847.0,101048.0,160800.0
44000674,56347.0,107048.0,162600.0
44000675,56347.0,107048.0,161700.0
44000676,56347.0,107048.0,160800.0
44000677,56347.0,110448.0,162600.0
44000678,56347.0,110448.0,161700.0
44000679,56347.0,110448.0,160800.0
44000680,52947.0,114848.0,162400.0
44000681,52947.0,114848.0,161566.0
44000682,52947.0,114848.0,160733.0
44000683,60347.0,110448.0,162400.0
44000684,60347.0,110448.0,161566.0
44000685,60347.0,110448.0,160733.0
44000686,56347.0,106298.0,162600.0
44000687,56347.0,106298.0,161700.0
44000688,56347.0,106298.0,160800.0
44000689,56347.0,101048.0,162600.0
44000690,56347.0,101048.0,161700.0
44000691,56347.0,101048.0,160800.0
44000692,56347.0,101548.0,162600.0
44000693,56347.0,101548.0,161700.0
44000694,56347.0,101548.0,160800.0
44000695,63747.0,101048.0,162400.0
44000696,63747.0,101048.0,161566.0
44000697,63747.0,101048.0,160733.0
44000698,63747.0,107148.0,162400.0
44000699,63747.0,107148.0,161566.0
44000700,63747.0,107148.0,160733.0
44000701,63747.0,98548.0,162400.0
44000702,63747.0,98548.0,161566.0
44000703,63747.0,98548.0,160733.0
44000704,60347.0,98548.0,162400.0
44000705,60347.0,98548.0,161566.0
44000706,60347.0,98548.0,160733.0
44000707,111267.0,103698.0,162600.0
44000708,111267.0,103698.0,161700.0
44000709,111267.0,103698.0,160800.0
44000710,111267.0,106698.0,162600.0
44000711,111267.0,106698.0,161700.0
44000712,111267.0,106698.0,160800.0
44000713,107467.0,101048.0,162600.0
44000714,107467.0,101048.0,161700.0
44000715,107467.0,101048.0,160800.0
44000716,108667.0,101048.0,162600.0
44000717,108667.0,101048.0,161700.0
44000718,108667.0,101048.0,160800.0
44000719,98067.0,114848.0,162600.0
44000720,98067.0,114848.0,161700.0
44000721,98067.0,114848.0,160800.0
44000722,99667.0,114848.0,162600.0
44000723,99667.0,114848.0,161700.0
44000724,99667.0,114848.0,160800.0
44000725,108217.0,114848.0,162400.0
44000726,108217.0,114848.0,161566.0
44000727,108217.0,114848.0,160733.0
44000728,110267.0,114848.0,162400.0
44000729,110267.0,114848.0,161566.0
44000730,110267.0,114848.0,160733.0
44000731,107467.0,114848.0,162500.0
44000732,107467.0,114848.0,161633.0
44000733,107467.0,114848.0,160766.0
44000734,107467.0,113648.0,162400.0
44000735,107467.0,113648.0,161566.0
44000736,107467.0,113648.0,160733.0
44000737,111267.0,113648.0,162600.0
44000738,111267.0,113648.0,161700.0
44000739,111267.0,113648.0,160800.0
44000740,111267.0,114848.0,162500.0
44000741,111267.0,114848.0,161633.0
44000742,111267.0,114848.0,160766.0
44000743,111267.0,98548.0,162600.0
44000744,111267.0,98548.0,161700.0
44000745,111267.0,98548.0,160800.0
44000746,98067.0,98548.0,162600.0
44000747,98067.0,98548.0,161700.0
44000748,98067.0,98548.0,160800.0
44000749,101067.0,98548.0,162600.0
44000750,101067.0,98548.0,161700.0
44000751,101067.0,98548.0,160800.0
44000752,104867.0,98548.0,162600.0
44000753,104867.0,98548.0,161700.0
44000754,104867.0,98548.0,160800.0
44000755,101067.0,99593.0,162600.0
44000756,101067.0,99593.0,161700.0
44000757,101067.0,99593.0,160800.0
44000758,104867.0,99593.0,162600.0
44000759,104867.0,99593.0,161700.0
44000760,104867.0,99593.0,160800.0
44000761,107467.0,101548.0,162600.0
44000762,107467.0,101548.0,161700.0
44000763,107467.0,101548.0,160800.0
44000764,110367.0,101048.0,162600.0
44000765,110367.0,101048.0,161700.0
44000766,110367.0,101048.0,160800.0
44000767,111267.0,101048.0,162600.0
44000768,111267.0,101048.0,161700.0
44000769,111267.0,101048.0,160800.0
44000770,98067.0,107148.0,162600.0
44000771,98067.0,107148.0,161700.0
44000772,98067.0,107148.0,160800.0
44000773,101067.0,107148.0,162600.0
44000774,101067.0,107148.0,161700.0
44000775,101067.0,107148.0,160800.0
44000776,101067.0,106298.0,162600.0
44000777,101067.0,106298.0,161700.0
44000778,101067.0,106298.0,160800.0
44000779,104867.0,106298.0,162600.0
44000780,104867.0,106298.0,161700.0
44000781,104867.0,106298.0,160800.0
44000782,104867.0,109893.0,162600.0
44000783,104867.0,109893.0,161700.0
44000784,104867.0,109893.0,160800.0
44000785,107467.0,109893.0,162600.0
44000786,107467.0,109893.0,161700.0
44000787,107467.0,109893.0,160800.0
44000788,101067.0,110448.0,162600.0
44000789,101067.0,110448.0,161700.0
44000790,101067.0,110448.0,160800.0
44000791,104867.0,114848.0,162600.0
44000792,104867.0,114848.0,161700.0
44000793,104867.0,114848.0,160800.0
44000794,107467.0,106298.0,162600.0
44000795,107467.0,106298.0,161700.0
44000796,107467.0,106298.0,160800.0
44000797,98067.0,101548.0,162600.0
44000798,98067.0,101548.0,161700.0
44000799,98067.0,101548.0,160800.0
44000800,98067.0,104348.0,162600.0
44000801,98067.0,104348.0,161700.0
44000802,98067.0,104348.0,160800.0
44000803,104867.0,113648.0,162600.0
44000804,104867.0,113648.0,161700.0
44000805,104867.0,113648.0,160800.0
44000806,98067.0,101048.0,162600.0
44000807,98067.0,101048.0,161700.0
44000808,98067.0,101048.0,160800.0
44000809,16867.0,109110.0,162700.0
44000810,16867.0,109473.0,162700.0
44000811,16867.0,109835.0,162700.0
44000812,27067.0,113798.0,162900.0
44000813,27067.0,114148.0,162900.0
44000814,27067.0,114498.0,162900.0
44000815,20667.0,107541.0,162900.0
44000816,20667.0,107960.0,162900.0
44000817,20667.0,108379.0,162900.0
44000818,28567.0,110448.0,162900.0
44000819,29067.0,110448.0,162900.0
44000820,29567.0,110448.0,162900.0
44000821,16867.0,107548.0,162700.0
44000822,16867.0,107948.0,162700.0
44000823,16867.0,108348.0,162700.0
44000824,23267.0,107560.0,162900.0
44000825,23267.0,107973.0,162900.0
44000826,23267.0,108385.0,162900.0
44000827,18167.0,107139.0,162799.0
44000828,18567.0,107131.0,162800.0
44000829,18967.0,107123.0,162800.0
44000830,19367.0,107114.0,162800.0
44000831,19767.0,107106.0,162800.0
44000832,18942.0,98548.0,162700.0
44000833,28867.0,113448.0,162900.0
44000834,29267.0,113448.0,162900.0
44000835,29667.0,113448.0,162900.0
44000836,20067.0,98548.0,162700.0
44000837,52947.0,107548.0,162700.0
44000838,52947.0,107948.0,162700.0
44000839,52947.0,108348.0,162700.0
44000840,56347.0,113798.0,162900.0
44000841,56347.0,114148.0,162900.0
44000842,56347.0,114498.0,162900.0
44000843,52947.0,109110.0,162700.0
44000844,52947.0,109473.0,162700.0
44000845,52947.0,109835.0,162700.0
44000846,54372.0,107123.0,162800.0
44000847,54897.0,107098.0,162800.0
44000848,55422.0,107073.0,162800.0
44000849,54959.0,98548.0,162700.0
44000850,55422.0,98548.0,162700.0
44000851,55884.0,98548.0,162700.0
44000852,108067.0,98548.0,162700.0
44000853,98467.0,113448.0,162900.0
44000854,98867.0,113448.0,162900.0
44000855,99267.0,113448.0,162900.0
44000856,108367.0,107106.0,162799.0
44000857,108767.0,107114.0,162800.0
44000858,109167.0,107123.0,162800.0
44000859,109567.0,107131.0,162800.0
44000860,109967.0,107139.0,162800.0
44000861,104867.0,107560.0,162900.0
44000862,104867.0,107973.0,162900.0
44000863,104867.0,108385.0,162900.0
44000864,111267.0,107548.0,162700.0
44000865,111267.0,107948.0,162700.0
44000866,111267.0,108348.0,162700.0
44000867,107467.0,107541.0,162900.0
44000868,107467.0,107960.0,162900.0
44000869,107467.0,108379.0,162900.0
44000870,101067.0,113798.0,162900.0
44000871,101067.0,114148.0,162900.0
44000872,101067.0,114498.0,162900.0
44000873,111267.0,109110.0,162700.0
44000874,111267.0,109473.0,162700.0
44000875,111267.0,109835.0,162700.0
44000876,98567.0,110448.0,162900.0
44000877,99067.0,110448.0,162900.0
44000878,99567.0,110448.0,162900.0
44000879,109192.0,98548.0,162700.0
44000880,27067.0,114848.0,161700.0
44000881,27067.0,114848.0,160800.0
44000882,27067.0,113448.0,161700.0
44000883,27067.0,113448.0,160800.0
44000884,28467.0,113448.0,161700.0
44000885,28467.0,113448.0,160800.0
44000886,20667.0,108798.0,161700.0
44000887,20667.0,108798.0,160800.0
44000888,16867.0,110198.0,161566.0
44000889,16867.0,110198.0,160733.0
44000890,28067.0,110448.0,161700.0
44000891,28067.0,110448.0,160800.0
44000892,23267.0,108798.0,161700.0
44000893,23267.0,108798.0,160800.0
44000894,16867.0,107148.0,161700.0
44000895,16867.0,107148.0,160800.0
44000896,20167.0,107098.0,161700.0
44000897,20167.0,107098.0,160800.0
44000898,20667.0,107123.0,161700.0
44000899,20667.0,107123.0,160800.0
44000900,23267.0,107148.0,161700.0
44000901,23267.0,107148.0,160800.0
44000902,20667.0,98548.0,161700.0
44000903,20667.0,98548.0,160800.0
44000904,18417.0,98548.0,161700.0
44000905,18417.0,98548.0,160800.0
44000906,17767.0,107148.0,161700.0
44000907,17767.0,107148.0,160800.0
44000908,30067.0,113448.0,161700.0
44000909,30067.0,113448.0,160800.0
44000910,30067.0,110448.0,161700.0
44000911,30067.0,110448.0,160800.0
44000912,52947.0,107148.0,161700.0
44000913,52947.0,107148.0,160800.0
44000914,54497.0,98548.0,161700.0
44000915,54497.0,98548.0,160800.0
44000916,53847.0,107148.0,161700.0
44000917,53847.0,107148.0,160800.0
44000918,55947.0,107048.0,161700.0
44000919,55947.0,107048.0,160800.0
44000920,56347.0,113448.0,161700.0
44000921,56347.0,113448.0,160800.0
44000922,52947.0,110198.0,161566.0
44000923,52947.0,110198.0,160733.0
44000924,56347.0,114848.0,161566.0
44000925,56347.0,114848.0,160733.0
44000926,56347.0,98548.0,161700.0
44000927,56347.0,98548.0,160800.0
44000928,109717.0,98548.0,161700.0
44000929,109717.0,98548.0,160800.0
44000930,107467.0,98548.0,161700.0
44000931,107467.0,98548.0,160800.0
44000932,107467.0,107123.0,161700.0
44000933,107467.0,107123.0,160800.0
44000934,107967.0,107098.0,161700.0
44000935,107967.0,107098.0,160800.0
44000936,104867.0,107148.0,161700.0
44000937,104867.0,107148.0,160800.0
44000938,110367.0,107148.0,161700.0
44000939,110367.0,107148.0,160800.0
44000940,111267.0,107148.0,161700.0
44000941,111267.0,107148.0,160800.0
44000942,104867.0,108798.0,161700.0
44000943,104867.0,108798.0,160800.0
44000944,107467.0,108798.0,161700.0
44000945,107467.0,108798.0,160800.0
44000946,98067.0,110448.0,161700.0
44000947,98067.0,110448.0,160800.0
44000948,98067.0,113448.0,161700.0
44000949,98067.0,113448.0,160800.0
44000950,100067.0,110448.0,161700.0
44000951,100067.0,110448.0,160800.0
44000952,99667.0,113448.0,161700.0
44000953,99667.0,113448.0,160800.0
44000954,101067.0,113448.0,161700.0
44000955,101067.0,113448.0,160800.0
44000956,111267.0,110198.0,161700.0
44000957,111267.0,110198.0,160800.0
44000958,101067.0,114848.0,161700.0
44000959,101067.0,114848.0,160800.0
44000960,24217.0,107148.0,163500.0
44000961,25167.0,107148.0,163500.0
44000962,26117.0,107148.0,163500.0
44000963,27067.0,108248.0,163500.0
44000964,27067.0,109348.0,163500.0
44000965,26117.0,114848.0,163500.0
44000966,24217.0,114848.0,163500.0
44000967,23267.0,112748.0,163500.0
44000968,23267.0,110870.0,163500.0
44000969,28467.0,114148.0,163500.0
44000970,17817.0,108760.0,163500.0
44000971,18767.0,108773.0,163500.0
44000972,19717.0,108785.0,163500.0
44000973,20667.0,110870.0,163500.0
44000974,20667.0,112748.0,163500.0
44000975,18892.0,113648.0,163500.0
44000976,24217.0,104348.0,163500.0
44000977,25167.0,104348.0,163500.0
44000978,26117.0,104348.0,163500.0
44000979,27067.0,105323.0,163500.0
44000980,23267.0,105323.0,163500.0
44000981,19467.0,99381.0,163500.0
44000982,19467.0,100214.0,163500.0
44000983,24217.0,101548.0,163500.0
44000984,25167.0,101548.0,163500.0
44000985,26117.0,101548.0,163500.0
44000986,27067.0,102481.0,163500.0
44000987,27067.0,103414.0,163500.0
44000988,23267.0,102481.0,163500.0
44000989,23267.0,103414.0,163500.0
44000990,24217.0,98548.0,163500.0
44000991,26117.0,98548.0,163500.0
44000992,27067.0,100570.0,163500.0
44000993,23267.0,100570.0,163500.0
44000994,56347.0,107898.0,163500.0
44000995,53797.0,108748.0,163500.0
44000996,54647.0,108748.0,163500.0
44000997,55497.0,108748.0,163500.0
44000998,108667.0,99381.0,163500.0
44000999,108667.0,100214.0,163500.0
44001000,99667.0,114148.0,163500.0
44001001,109242.0,113648.0,163500.0
44001002,108417.0,108785.0,163500.0
44001003,109367.0,108773.0,163500.0
44001004,110317.0,108760.0,163500.0
44001005,107467.0,112748.0,163500.0
44001006,107467.0,110870.0,163500.0
44001007,101883.0,98548.0,163500.0
44001008,103783.0,98548.0,163500.0
44001009,104867.0,100570.0,163500.0
44001010,102017.0,101548.0,163500.0
44001011,102967.0,101548.0,163500.0
44001012,103917.0,101548.0,163500.0
44001013,101067.0,100570.0,163500.0
44001014,102017.0,104348.0,163500.0
44001015,102967.0,104348.0,163500.0
44001016,103917.0,104348.0,163500.0
44001017,104867.0,105323.0,163500.0
44001018,102017.0,107148.0,163500.0
44001019,102967.0,107148.0,163500.0
44001020,103917.0,107148.0,163500.0
44001021,101067.0,105323.0,163500.0
44001022,104867.0,110870.0,163500.0
44001023,104867.0,112748.0,163500.0
44001024,103783.0,114848.0,163500.0
44001025,101883.0,114848.0,163500.0
44001026,101067.0,108248.0,163500.0
44001027,101067.0,109348.0,163500.0
44001028,104867.0,102481.0,163500.0
44001029,104867.0,103414.0,163500.0
44001030,101067.0,102481.0,163500.0
44001031,101067.0,103414.0,163500.0
44001034,64282.0,106635.0,163499.0
44001035,108667.0,98548.0,163100.0
44001036,109192.0,98548.0,163100.0
44001037,109717.0,98548.0,163100.0
44001038,98067.0,110448.0,163200.0
44001039,98567.0,110448.0,163200.0
44001040,99067.0,110448.0,163200.0
44001041,99567.0,110448.0,163200.0
44001042,100067.0,110448.0,163200.0
44001043,111267.0,108748.0,163100.0
44001044,111267.0,109110.0,163100.0
44001045,111267.0,109473.0,163100.0
44001046,111267.0,109835.0,163100.0
44001047,111267.0,110198.0,163100.0
44001048,101067.0,113448.0,163200.0
44001049,101067.0,113798.0,163200.0
44001050,101067.0,114148.0,163200.0
44001051,101067.0,114498.0,163200.0
44001052,101067.0,114848.0,163200.0
44001053,107467.0,107123.0,163200.0
44001054,107467.0,107541.0,163200.0
44001055,107467.0,107960.0,163200.0
44001056,107467.0,108379.0,163200.0
44001057,107467.0,108798.0,163200.0
44001058,111267.0,107148.0,163100.0
44001059,111267.0,107548.0,163100.0
44001060,111267.0,107948.0,163100.0
44001061,111267.0,108348.0,163100.0
44001062,104867.0,107148.0,163200.0
44001063,104867.0,107560.0,163200.0
44001064,104867.0,107973.0,163200.0
44001065,104867.0,108385.0,163200.0
44001066,104867.0,108798.0,163200.0
44001067,107967.0,107098.0,163150.0
44001068,108367.0,107106.0,163150.0
44001069,108767.0,107114.0,163150.0
44001070,109167.0,107123.0,163150.0
44001071,109567.0,107131.0,163150.0
44001072,109967.0,107139.0,163150.0
44001073,110367.0,107148.0,163150.0
44001074,98067.0,113448.0,163200.0
44001075,98467.0,113448.0,163200.0
44001076,98867.0,113448.0,163200.0
44001077,99267.0,113448.0,163200.0
44001078,99667.0,113448.0,163200.0
44001079,107467.0,98548.0,163100.0
44001080,108067.0,98548.0,163100.0
44001081,54497.0,98548.0,163100.0
44001082,54959.0,98548.0,163100.0
44001083,55422.0,98548.0,163100.0
44001084,55884.0,98548.0,163100.0
44001085,56347.0,98548.0,163100.0
44001086,53847.0,107148.0,163150.0
44001087,54372.0,107123.0,163150.0
44001088,54897.0,107098.0,163150.0
44001089,55422.0,107073.0,163150.0
44001090,55947.0,107048.0,163150.0
44001091,52947.0,108748.0,163100.0
44001092,52947.0,109110.0,163100.0
44001093,52947.0,109473.0,163100.0
44001094,52947.0,109835.0,163100.0
44001095,52947.0,110198.0,163100.0
44001096,56347.0,113448.0,163200.0
44001097,56347.0,113798.0,163200.0
44001098,56347.0,114148.0,163200.0
44001099,56347.0,114498.0,163200.0
44001100,56347.0,114848.0,163200.0
44001101,52947.0,107148.0,163100.0
44001102,52947.0,107548.0,163100.0
44001103,52947.0,107948.0,163100.0
44001104,52947.0,108348.0,163100.0
44001105,19467.0,98548.0,163100.0
44001106,20067.0,98548.0,163100.0
44001107,20667.0,98548.0,163100.0
44001108,28467.0,113448.0,163200.0
44001109,28867.0,113448.0,163200.0
44001110,29267.0,113448.0,163200.0
44001111,29667.0,113448.0,163200.0
44001112,30067.0,113448.0,163200.0
44001113,18417.0,98548.0,163100.0
44001114,18942.0,98548.0,163100.0
44001115,17767.0,107148.0,163150.0
44001116,18167.0,107139.0,163150.0
44001117,18567.0,107131.0,163150.0
44001118,18967.0,107123.0,163150.0
44001119,19367.0,107114.0,163150.0
44001120,19767.0,107106.0,163150.0
44001121,20167.0,107098.0,163150.0
44001122,23267.0,107148.0,163200.0
44001123,23267.0,107560.0,163200.0
44001124,23267.0,107973.0,163200.0
44001125,23267.0,108385.0,163200.0
44001126,23267.0,108798.0,163200.0
44001127,16867.0,107148.0,163100.0
44001128,16867.0,107548.0,163100.0
44001129,16867.0,107948.0,163100.0
44001130,16867.0,108348.0,163100.0
44001131,16867.0,108748.0,163100.0
44001132,28067.0,110448.0,163200.0
44001133,28567.0,110448.0,163200.0
44001134,29067.0,110448.0,163200.0
44001135,29567.0,110448.0,163200.0
44001136,30067.0,110448.0,163200.0
44001137,20667.0,107123.0,163200.0
44001138,20667.0,107541.0,163200.0
44001139,20667.0,107960.0,163200.0
44001140,20667.0,108379.0,163200.0
44001141,20667.0,108798.0,163200.0
44001142,27067.0,113448.0,163200.0
44001143,27067.0,113798.0,163200.0
44001144,27067.0,114148.0,163200.0
44001145,27067.0,114498.0,163200.0
44001146,27067.0,114848.0,163200.0
44001147,16867.0,109110.0,163100.0
44001148,16867.0,109473.0,163100.0
44001149,16867.0,109835.0,163100.0
44001150,16867.0,110198.0,163100.0
44001151,17367.0,114848.0,162400.0
44001152,17367.0,114848.0,160733.0
44001153,17367.0,114848.0,161566.0
44001154,21533.0,114848.0,162500.0
44001155,22400.0,114848.0,162500.0
44001156,21533.0,114848.0,160766.0
44001157,22400.0,114848.0,160766.0
44001158,21533.0,114848.0,161633.0
44001159,22400.0,114848.0,161633.0
44001160,27767.0,114848.0,162600.0
44001161,27767.0,114848.0,160800.0
44001162,27767.0,114848.0,161700.0
44001163,16867.0,111060.0,162700.0
44001164,16867.0,111923.0,162700.0
44001165,16867.0,112785.0,162700.0
44001166,16867.0,111060.0,160733.0
44001167,16867.0,111923.0,160733.0
44001168,16867.0,112785.0,160733.0
44001169,16867.0,111060.0,161566.0
44001170,16867.0,112785.0,161566.0
44001171,16867.0,111923.0,161566.0
44001172,30067.0,114148.0,162600.0
44001173,30067.0,114148.0,160800.0
44001174,30067.0,114148.0,161700.0
44001175,27067.0,111448.0,162600.0
44001176,27067.0,112448.0,162600.0
44001177,27067.0,111448.0,160800.0
44001178,27067.0,112448.0,160800.0
44001179,27067.0,111448.0,161700.0
44001180,27067.0,112448.0,161700.0
44001181,27767.0,113448.0,162900.0
44001182,27767.0,113448.0,160800.0
44001183,27767.0,113448.0,161700.0
44001184,27567.0,110448.0,162600.0
44001185,27567.0,110448.0,160800.0
44001186,27567.0,110448.0,161700.0
44001187,30067.0,111448.0,162900.0
44001188,30067.0,112448.0,162900.0
44001189,30067.0,111448.0,160800.0
44001190,30067.0,112448.0,160800.0
44001191,30067.0,111448.0,161700.0
44001192,30067.0,112448.0,161700.0
44001193,20667.0,109345.0,162600.0
44001194,20667.0,109345.0,160800.0
44001195,20667.0,109345.0,161700.0
44001196,21533.0,108798.0,162900.0
44001197,22400.0,108798.0,162900.0
44001198,21533.0,108798.0,160800.0
44001199,22400.0,108798.0,160800.0
44001200,21533.0,108798.0,161700.0
44001201,22400.0,108798.0,161700.0
44001202,23267.0,109345.0,162600.0
44001203,23267.0,109345.0,160800.0
44001204,23267.0,109345.0,161700.0
44001205,17317.0,107148.0,162700.0
44001206,17317.0,107148.0,160800.0
44001207,17317.0,107148.0,161700.0
44001208,21533.0,107131.0,162900.0
44001209,22400.0,107139.0,162900.0
44001210,21533.0,107131.0,160800.0
44001211,22400.0,107139.0,160800.0
44001212,21533.0,107131.0,161700.0
44001213,22400.0,107139.0,161700.0
44001214,23267.0,106723.0,162600.0
44001215,23267.0,106723.0,160800.0
44001216,23267.0,106723.0,161700.0
44001217,27067.0,106723.0,162600.0
44001218,27067.0,106723.0,160800.0
44001219,27067.0,106723.0,161700.0
44001220,28067.0,107148.0,162600.0
44001221,29067.0,107148.0,162600.0
44001222,28067.0,107148.0,160800.0
44001223,29067.0,107148.0,160800.0
44001224,28067.0,107148.0,161700.0
44001225,29067.0,107148.0,161700.0
44001226,16867.0,101931.0,162600.0
44001227,16867.0,102814.0,162600.0
44001228,16867.0,101931.0,160800.0
44001229,16867.0,102814.0,160800.0
44001230,16867.0,101931.0,161700.0
44001231,16867.0,102814.0,161700.0
44001232,16867.0,99381.0,162600.0
44001233,16867.0,100214.0,162600.0
44001234,16867.0,99381.0,160800.0
44001235,16867.0,100214.0,160800.0
44001236,16867.0,99381.0,161700.0
44001237,16867.0,100214.0,161700.0
44001238,17317.0,101048.0,162600.0
44001239,17317.0,101048.0,160800.0
44001240,17317.0,101048.0,161700.0
44001241,18617.0,101048.0,162600.0
44001242,18617.0,101048.0,160800.0
44001243,18617.0,101048.0,161700.0
44001244,20667.0,99381.0,162600.0
44001245,20667.0,100214.0,162600.0
44001246,20667.0,99381.0,160800.0
44001247,20667.0,100214.0,160800.0
44001248,20667.0,99381.0,161700.0
44001249,20667.0,100214.0,161700.0
44001250,17642.0,98548.0,162600.0
44001251,17642.0,98548.0,160800.0
44001252,17642.0,98548.0,161700.0
44001253,21533.0,98548.0,162600.0
44001254,22400.0,98548.0,162600.0
44001255,21533.0,98548.0,160800.0
44001256,22400.0,98548.0,160800.0
44001257,21533.0,98548.0,161700.0
44001258,22400.0,98548.0,161700.0
44001259,23267.0,99070.0,162600.0
44001260,23267.0,99070.0,160800.0
44001261,23267.0,99070.0,161700.0
44001262,27067.0,99070.0,162600.0
44001263,27067.0,99070.0,160800.0
44001264,27067.0,99070.0,161700.0
44001265,28067.0,98548.0,162600.0
44001266,29067.0,98548.0,162600.0
44001267,28067.0,98548.0,160800.0
44001268,29067.0,98548.0,160800.0
44001269,28067.0,98548.0,161700.0
44001270,29067.0,98548.0,161700.0
44001271,16867.0,114248.0,162400.0
44001272,16867.0,114248.0,160733.0
44001273,16867.0,114248.0,161566.0
44001274,20667.0,114248.0,162400.0
44001275,20667.0,114248.0,160733.0
44001276,20667.0,114248.0,161566.0
44001277,20292.0,114848.0,162400.0
44001278,20292.0,114848.0,160733.0
44001279,20292.0,114848.0,161566.0
44001280,18142.0,114848.0,162400.0
44001281,18145.0,114848.0,162950.0
44001282,18642.0,114848.0,162950.0
44001283,19142.0,114848.0,162950.0
44001284,19639.0,114848.0,162950.0
44001285,19642.0,114848.0,162400.0
44001286,18142.0,114848.0,160733.0
44001287,19642.0,114848.0,160733.0
44001288,18142.0,114848.0,161566.0
44001289,19642.0,114848.0,161566.0
44001290,18642.0,114848.0,162400.0
44001291,19142.0,114848.0,162400.0
44001292,29267.0,114848.0,162600.0
44001293,29267.0,114848.0,160800.0
44001294,29267.0,114848.0,161700.0
44001295,20067.0,101048.0,162600.0
44001296,20067.0,101048.0,160800.0
44001297,20067.0,101048.0,161700.0
44001298,16867.0,104698.0,162600.0
44001299,16867.0,105698.0,162600.0
44001300,16867.0,104698.0,160800.0
44001301,16867.0,105698.0,160800.0
44001302,16867.0,104698.0,161700.0
44001303,16867.0,105698.0,161700.0
44001304,20667.0,106710.0,162600.0
44001305,20667.0,106710.0,160800.0
44001306,20667.0,106710.0,161700.0
44001307,23267.0,114248.0,162600.0
44001308,23267.0,114248.0,160800.0
44001309,23267.0,114248.0,161700.0
44001310,30067.0,99381.0,162600.0
44001311,30067.0,100214.0,162600.0
44001312,30067.0,100881.0,162600.0
44001313,30067.0,99381.0,160800.0
44001314,30067.0,100214.0,160800.0
44001315,30067.0,100881.0,160800.0
44001316,30067.0,99381.0,161700.0
44001317,30067.0,100881.0,161700.0
44001318,30067.0,100214.0,161700.0
44001319,30067.0,105281.0,162600.0
44001320,30067.0,106214.0,162600.0
44001321,30067.0,105281.0,160800.0
44001322,30067.0,106214.0,160800.0
44001323,30067.0,105281.0,161700.0
44001324,30067.0,106214.0,161700.0
44001325,30067.0,102481.0,162600.0
44001326,30067.0,103414.0,162600.0
44001327,30067.0,102481.0,160800.0
44001328,30067.0,103414.0,160800.0
44001329,30067.0,102481.0,161700.0
44001330,30067.0,103414.0,161700.0
44001331,60347.0,101873.0,162400.0
44001332,60347.0,102698.0,162400.0
44001333,60347.0,103523.0,162400.0
44001334,60347.0,101873.0,160733.0
44001335,60347.0,102698.0,160733.0
44001336,60347.0,103523.0,160733.0
44001337,60347.0,101873.0,161566.0
44001338,60347.0,103523.0,161566.0
44001339,60347.0,102698.0,161566.0
44001340,63747.0,111328.0,162400.0
44001341,63747.0,112208.0,162400.0
44001342,63747.0,113088.0,162400.0
44001343,63747.0,113968.0,162400.0
44001344,63747.0,111328.0,160733.0
44001345,63747.0,112208.0,160733.0
44001346,63747.0,113088.0,160733.0
44001347,63747.0,113968.0,160733.0
44001348,63747.0,111328.0,161566.0
44001349,63747.0,113968.0,161566.0
44001350,63747.0,112208.0,161566.0
44001351,63747.0,113088.0,161566.0
44001352,61022.0,114848.0,162400.0
44001353,61697.0,114848.0,162400.0
44001354,61700.0,114848.0,162950.0
44001355,62197.0,114848.0,162950.0
44001356,62697.0,114848.0,162950.0
44001357,63194.0,114848.0,162950.0
44001358,63197.0,114848.0,162400.0
44001359,61022.0,114848.0,160733.0
44001360,61697.0,114848.0,160733.0
44001361,63197.0,114848.0,160733.0
44001362,61022.0,114848.0,161566.0
44001363,63197.0,114848.0,161566.0
44001364,62197.0,114848.0,162400.0
44001365,61697.0,114848.0,161566.0
44001366,62697.0,114848.0,162400.0
44001367,52947.0,104560.0,162600.0
44001368,52947.0,105423.0,162600.0
44001369,52947.0,106285.0,162600.0
44001370,52947.0,104560.0,160800.0
44001371,52947.0,105423.0,160800.0
44001372,52947.0,106285.0,160800.0
44001373,52947.0,104560.0,161700.0
44001374,52947.0,106285.0,161700.0
44001375,52947.0,105423.0,161700.0
44001376,53722.0,98548.0,162600.0
44001377,53722.0,98548.0,160800.0
44001378,53722.0,98548.0,161700.0
44001379,52947.0,99381.0,162600.0
44001380,52947.0,100214.0,162600.0
44001381,52947.0,99381.0,160800.0
44001382,52947.0,100214.0,160800.0
44001383,52947.0,99381.0,161700.0
44001384,52947.0,100214.0,161700.0
44001385,52947.0,101931.0,162600.0
44001386,52947.0,102814.0,162600.0
44001387,52947.0,101931.0,160800.0
44001388,52947.0,102814.0,160800.0
44001389,52947.0,101931.0,161700.0
44001390,52947.0,102814.0,161700.0
44001391,53397.0,101048.0,162600.0
44001392,53397.0,101048.0,160800.0
44001393,53397.0,101048.0,161700.0
44001394,53397.0,107148.0,162700.0
44001395,53397.0,107148.0,160800.0
44001396,53397.0,107148.0,161700.0
44001397,56347.0,111328.0,162600.0
44001398,56347.0,112208.0,162600.0
44001399,56347.0,113088.0,162600.0
44001400,56347.0,111328.0,160800.0
44001401,56347.0,112208.0,160800.0
44001402,56347.0,113088.0,160800.0
44001403,56347.0,111328.0,161700.0
44001404,56347.0,113088.0,161700.0
44001405,56347.0,112208.0,161700.0
44001406,52947.0,111128.0,162700.0
44001407,52947.0,112058.0,162700.0
44001408,52947.0,112988.0,162700.0
44001409,52947.0,113918.0,162700.0
44001410,52947.0,111128.0,160733.0
44001411,52947.0,112058.0,160733.0
44001412,52947.0,112988.0,160733.0
44001413,52947.0,113918.0,160733.0
44001414,52947.0,111128.0,161566.0
44001415,52947.0,113918.0,161566.0
44001416,52947.0,112058.0,161566.0
44001417,52947.0,112988.0,161566.0
44001418,53622.0,114848.0,162400.0
44001419,54297.0,114848.0,162400.0
44001420,54300.0,114848.0,162950.0
44001421,54797.0,114848.0,162950.0
44001422,55297.0,114848.0,162950.0
44001423,55794.0,114848.0,162950.0
44001424,55797.0,114848.0,162400.0
44001425,53622.0,114848.0,160733.0
44001426,54297.0,114848.0,160733.0
44001427,55797.0,114848.0,160733.0
44001428,53622.0,114848.0,161566.0
44001429,55797.0,114848.0,161566.0
44001430,54797.0,114848.0,162400.0
44001431,54297.0,114848.0,161566.0
44001432,55297.0,114848.0,162400.0
44001433,61197.0,110448.0,162400.0
44001434,62047.0,110448.0,162400.0
44001435,62897.0,110448.0,162400.0
44001436,61197.0,110448.0,160733.0
44001437,62047.0,110448.0,160733.0
44001438,62897.0,110448.0,160733.0
44001439,61197.0,110448.0,161566.0
44001440,62897.0,110448.0,161566.0
44001441,62047.0,110448.0,161566.0
44001442,56347.0,106673.0,162600.0
44001443,56347.0,106673.0,160800.0
44001444,56347.0,106673.0,161700.0
44001445,56347.0,99381.0,162600.0
44001446,56347.0,100214.0,162600.0
44001447,56347.0,99381.0,160800.0
44001448,56347.0,100214.0,160800.0
44001449,56347.0,99381.0,161700.0
44001450,56347.0,100214.0,161700.0
44001451,63747.0,102064.0,162400.0
44001452,63747.0,103081.0,162400.0
44001453,63747.0,104098.0,162400.0
44001454,63747.0,105114.0,162400.0
44001455,63747.0,106131.0,162400.0
44001456,63747.0,102064.0,160733.0
44001457,63747.0,103081.0,160733.0
44001458,63747.0,104098.0,160733.0
44001459,63747.0,105114.0,160733.0
44001460,63747.0,106131.0,160733.0
44001461,63747.0,102064.0,161566.0
44001462,63747.0,106131.0,161566.0
44001463,63747.0,103081.0,161566.0
44001464,63747.0,104098.0,161566.0
44001465,63747.0,105114.0,161566.0
44001466,63747.0,99381.0,162400.0
44001467,63747.0,100214.0,162400.0
44001468,63747.0,99381.0,160733.0
44001469,63747.0,100214.0,160733.0
44001470,63747.0,99381.0,161566.0
44001471,63747.0,100214.0,161566.0
44001472,54680.0,101048.0,162600.0
44001473,55513.0,101048.0,162600.0
44001474,54680.0,101048.0,160800.0
44001475,55513.0,101048.0,160800.0
44001476,54680.0,101048.0,161700.0
44001477,55513.0,101048.0,161700.0
44001478,60822.0,98548.0,162400.0
44001479,61297.0,98548.0,162400.0
44001480,61300.0,98548.0,162950.0
44001481,61797.0,98548.0,162950.0
44001482,62297.0,98548.0,162950.0
44001483,62794.0,98548.0,162950.0
44001484,62797.0,98548.0,162400.0
44001485,63272.0,98548.0,162400.0
44001486,60822.0,98548.0,160733.0
44001487,61297.0,98548.0,160733.0
44001488,63272.0,98548.0,160733.0
44001489,62797.0,98548.0,160733.0
44001490,60822.0,98548.0,161566.0
44001491,63272.0,98548.0,161566.0
44001492,61797.0,98548.0,162400.0
44001493,61297.0,98548.0,161566.0
44001494,62297.0,98548.0,162400.0
44001495,62797.0,98548.0,161566.0
44001496,61197.0,101048.0,162400.0
44001497,62047.0,101048.0,162400.0
44001498,62897.0,101048.0,162400.0
44001499,61197.0,101048.0,160733.0
44001500,62047.0,101048.0,160733.0
44001501,62897.0,101048.0,160733.0
44001502,61197.0,101048.0,161566.0
44001503,62897.0,101048.0,161566.0
44001504,62047.0,101048.0,161566.0
44001505,111267.0,104698.0,162600.0
44001506,111267.0,105698.0,162600.0
44001507,111267.0,104698.0,160800.0
44001508,111267.0,105698.0,160800.0
44001509,111267.0,104698.0,161700.0
44001510,111267.0,105698.0,161700.0
44001511,108067.0,101048.0,162600.0
44001512,108067.0,101048.0,160800.0
44001513,108067.0,101048.0,161700.0
44001514,98867.0,114848.0,162600.0
44001515,98867.0,114848.0,160800.0
44001516,98867.0,114848.0,161700.0
44001517,108492.0,114848.0,162400.0
44001518,108495.0,114848.0,162950.0
44001519,108992.0,114848.0,162950.0
44001520,109492.0,114848.0,162950.0
44001521,109989.0,114848.0,162950.0
44001522,109992.0,114848.0,162400.0
44001523,108492.0,114848.0,160733.0
44001524,109992.0,114848.0,160733.0
44001525,108492.0,114848.0,161566.0
44001526,109992.0,114848.0,161566.0
44001527,108992.0,114848.0,162400.0
44001528,109492.0,114848.0,162400.0
44001529,107842.0,114848.0,162500.0
44001530,107842.0,114848.0,160766.0
44001531,107842.0,114848.0,161633.0
44001532,107467.0,114248.0,162500.0
44001533,107467.0,114248.0,160766.0
44001534,107467.0,114248.0,161633.0
44001535,111267.0,114248.0,162600.0
44001536,111267.0,114248.0,160800.0
44001537,111267.0,114248.0,161700.0
44001538,110767.0,114848.0,162500.0
44001539,110767.0,114848.0,160766.0
44001540,110767.0,114848.0,161633.0
44001541,110492.0,98548.0,162600.0
44001542,110492.0,98548.0,160800.0
44001543,110492.0,98548.0,161700.0
44001544,99067.0,98548.0,162600.0
44001545,100067.0,98548.0,162600.0
44001546,99067.0,98548.0,160800.0
44001547,100067.0,98548.0,160800.0
44001548,99067.0,98548.0,161700.0
44001549,100067.0,98548.0,161700.0
44001550,105733.0,98548.0,162600.0
44001551,106600.0,98548.0,162600.0
44001552,105733.0,98548.0,160800.0
44001553,106600.0,98548.0,160800.0
44001554,105733.0,98548.0,161700.0
44001555,106600.0,98548.0,161700.0
44001556,101067.0,99070.0,162600.0
44001557,101067.0,99070.0,160800.0
44001558,101067.0,99070.0,161700.0
44001559,104867.0,99070.0,162600.0
44001560,104867.0,99070.0,160800.0
44001561,104867.0,99070.0,161700.0
44001562,107467.0,99381.0,162600.0
44001563,107467.0,100214.0,162600.0
44001564,107467.0,99381.0,160800.0
44001565,107467.0,100214.0,160800.0
44001566,107467.0,99381.0,161700.0
44001567,107467.0,100214.0,161700.0
44001568,109517.0,101048.0,162600.0
44001569,109517.0,101048.0,160800.0
44001570,109517.0,101048.0,161700.0
44001571,110817.0,101048.0,162600.0
44001572,110817.0,101048.0,160800.0
44001573,110817.0,101048.0,161700.0
44001574,111267.0,99381.0,162600.0
44001575,111267.0,100214.0,162600.0
44001576,111267.0,99381.0,160800.0
44001577,111267.0,100214.0,160800.0
44001578,111267.0,99381.0,161700.0
44001579,111267.0,100214.0,161700.0
44001580,111267.0,101931.0,162600.0
44001581,111267.0,102814.0,162600.0
44001582,111267.0,101931.0,160800.0
44001583,111267.0,102814.0,160800.0
44001584,111267.0,101931.0,161700.0
44001585,111267.0,102814.0,161700.0
44001586,99067.0,107148.0,162600.0
44001587,100067.0,107148.0,162600.0
44001588,99067.0,107148.0,160800.0
44001589,100067.0,107148.0,160800.0
44001590,99067.0,107148.0,161700.0
44001591,100067.0,107148.0,161700.0
44001592,101067.0,106723.0,162600.0
44001593,101067.0,106723.0,160800.0
44001594,101067.0,106723.0,161700.0
44001595,104867.0,106723.0,162600.0
44001596,104867.0,106723.0,160800.0
44001597,104867.0,106723.0,161700.0
44001598,105733.0,107139.0,162900.0
44001599,106600.0,107131.0,162900.0
44001600,105733.0,107139.0,160800.0
44001601,106600.0,107131.0,160800.0
44001602,105733.0,107139.0,161700.0
44001603,106600.0,107131.0,161700.0
44001604,110817.0,107148.0,162700.0
44001605,110817.0,107148.0,160800.0
44001606,110817.0,107148.0,161700.0
44001607,104867.0,109345.0,162600.0
44001608,104867.0,109345.0,160800.0
44001609,104867.0,109345.0,161700.0
44001610,105733.0,108798.0,162900.0
44001611,106600.0,108798.0,162900.0
44001612,105733.0,108798.0,160800.0
44001613,106600.0,108798.0,160800.0
44001614,105733.0,108798.0,161700.0
44001615,106600.0,108798.0,161700.0
44001616,107467.0,109345.0,162600.0
44001617,107467.0,109345.0,160800.0
44001618,107467.0,109345.0,161700.0
44001619,98067.0,111448.0,162900.0
44001620,98067.0,112448.0,162900.0
44001621,98067.0,111448.0,160800.0
44001622,98067.0,112448.0,160800.0
44001623,98067.0,111448.0,161700.0
44001624,98067.0,112448.0,161700.0
44001625,100567.0,110448.0,162600.0
44001626,100567.0,110448.0,160800.0
44001627,100567.0,110448.0,161700.0
44001628,100367.0,113448.0,162900.0
44001629,100367.0,113448.0,160800.0
44001630,100367.0,113448.0,161700.0
44001631,101067.0,111448.0,162600.0
44001632,101067.0,112448.0,162600.0
44001633,101067.0,111448.0,160800.0
44001634,101067.0,112448.0,160800.0
44001635,101067.0,111448.0,161700.0
44001636,101067.0,112448.0,161700.0
44001637,98067.0,114148.0,162600.0
44001638,98067.0,114148.0,160800.0
44001639,98067.0,114148.0,161700.0
44001640,111267.0,111060.0,162600.0
44001641,111267.0,111923.0,162600.0
44001642,111267.0,112785.0,162600.0
44001643,111267.0,111060.0,160800.0
44001644,111267.0,111923.0,160800.0
44001645,111267.0,112785.0,160800.0
44001646,111267.0,111060.0,161700.0
44001647,111267.0,112785.0,161700.0
44001648,111267.0,111923.0,161700.0
44001649,100367.0,114848.0,162600.0
44001650,100367.0,114848.0,160800.0
44001651,100367.0,114848.0,161700.0
44001652,105733.0,114848.0,162600.0
44001653,106600.0,114848.0,162600.0
44001654,105733.0,114848.0,160800.0
44001655,106600.0,114848.0,160800.0
44001656,105733.0,114848.0,161700.0
44001657,106600.0,114848.0,161700.0
44001658,107467.0,106710.0,162600.0
44001659,107467.0,106710.0,160800.0
44001660,107467.0,106710.0,161700.0
44001661,98067.0,102481.0,162600.0
44001662,98067.0,103414.0,162600.0
44001663,98067.0,102481.0,160800.0
44001664,98067.0,103414.0,160800.0
44001665,98067.0,102481.0,161700.0
44001666,98067.0,103414.0,161700.0
44001667,98067.0,105281.0,162600.0
44001668,98067.0,106214.0,162600.0
44001669,98067.0,105281.0,160800.0
44001670,98067.0,106214.0,160800.0
44001671,98067.0,105281.0,161700.0
44001672,98067.0,106214.0,161700.0
44001673,104867.0,114248.0,162600.0
44001674,104867.0,114248.0,160800.0
44001675,104867.0,114248.0,161700.0
44001676,98067.0,99381.0,162600.0
44001677,98067.0,100214.0,162600.0
44001678,98067.0,99381.0,160800.0
44001679,98067.0,100214.0,160800.0
44001680,98067.0,99381.0,161700.0
44001681,98067.0,100214.0,161700.0
44001682,24217.0,113842.0,163500.0
44001683,24217.0,112888.0,163500.0
44001684,24217.0,111942.0,163500.0
44001685,24217.0,110977.0,163500.0
44001686,24217.0,109999.0,163500.0
44001687,24217.0,109011.0,163500.0
44001688,24217.0,108071.0,163500.0
44001689,25167.0,113929.0,163500.0
44001690,25167.0,113007.0,163500.0
44001691,25167.0,112066.0,163500.0
44001692,25167.0,111102.0,163500.0
44001693,25167.0,110119.0,163500.0
44001694,25167.0,109126.0,163500.0
44001695,25167.0,108135.0,163500.0
44001696,26117.0,114015.0,163500.0
44001697,26117.0,113157.0,163500.0
44001698,26117.0,112223.0,163500.0
44001699,26117.0,111253.0,163500.0
44001700,26117.0,110256.0,163500.0
44001701,26117.0,109228.0,163500.0
44001702,26117.0,108189.0,163500.0
44001703,27767.0,114148.0,163500.0
44001704,29267.0,114148.0,163500.0
44001705,17833.0,112807.0,163500.0
44001706,17803.0,111978.0,163500.0
44001707,17814.0,109560.0,163500.0
44001708,17803.0,110360.0,163500.0
44001709,17797.0,111175.0,163500.0
44001710,18747.0,110499.0,163500.0
44001711,18711.0,111308.0,163500.0
44001712,18758.0,109644.0,163500.0
44001713,18725.0,111989.0,163500.0
44001714,18796.0,112799.0,163500.0
44001715,19605.0,111720.0,163500.0
44001716,19687.0,110724.0,163500.0
44001717,19711.0,109759.0,163500.0
44001718,19736.0,112715.0,163500.0
44001719,17727.0,107952.0,163500.0
44001720,18522.0,107951.0,163500.0
44001721,19173.0,107945.0,163500.0
44001722,19928.0,107945.0,163500.0
44001723,21533.0,107964.0,163500.0
44001724,22400.0,107968.0,163500.0
44001725,24217.0,106235.0,163500.0
44001726,24217.0,105296.0,163500.0
44001727,25167.0,106224.0,163500.0
44001728,25167.0,105289.0,163500.0
44001729,26117.0,106235.0,163500.0
44001730,26117.0,105296.0,163500.0
44001731,17733.0,100214.0,163500.0
44001732,17704.0,99381.0,163500.0
44001733,18596.0,100214.0,163500.0
44001734,18559.0,99381.0,163500.0
44001735,24217.0,103414.0,163500.0
44001736,24217.0,102481.0,163500.0
44001737,25167.0,103414.0,163500.0
44001738,25167.0,102481.0,163500.0
44001739,26117.0,103414.0,163500.0
44001740,26117.0,102481.0,163500.0
44001741,24217.0,100556.0,163500.0
44001742,24217.0,99559.0,163500.0
44001743,25167.0,100552.0,163500.0
44001744,25167.0,99553.0,163500.0
44001745,26117.0,100556.0,163500.0
44001746,26117.0,99559.0,163500.0
44001747,53835.0,107943.0,163500.0
44001748,54736.0,107923.0,163500.0
44001749,55602.0,107903.0,163500.0
44001750,109538.0,100214.0,163500.0
44001751,109574.0,99381.0,163500.0
44001752,110401.0,100214.0,163500.0
44001753,110429.0,99381.0,163500.0
44001754,98867.0,114148.0,163500.0
44001755,100367.0,114148.0,163500.0
44001756,108372.0,112745.0,163500.0
44001757,108436.0,111814.0,163500.0
44001758,108445.0,109786.0,163500.0
44001759,108536.0,110807.0,163500.0
44001760,109424.0,111113.0,163500.0
44001761,109371.0,111930.0,163500.0
44001762,109425.0,110435.0,163500.0
44001763,109388.0,109627.0,163500.0
44001764,109326.0,112783.0,163500.0
44001765,110341.0,110329.0,163500.0
44001766,110337.0,111124.0,163500.0
44001767,110328.0,109547.0,163500.0
44001768,110293.0,112795.0,163500.0
44001769,110320.0,111948.0,163500.0
44001770,101998.0,100556.0,163500.0
44001771,101962.0,99558.0,163500.0
44001772,102940.0,100552.0,163500.0
44001773,102881.0,99553.0,163500.0
44001774,103898.0,100556.0,163500.0
44001775,103862.0,99559.0,163500.0
44001776,108205.0,107945.0,163500.0
44001777,108960.0,107945.0,163500.0
44001778,109611.0,107951.0,163500.0
44001779,110406.0,107952.0,163500.0
44001780,102017.0,106235.0,163500.0
44001781,102017.0,105296.0,163500.0
44001782,102967.0,106224.0,163500.0
44001783,102967.0,105289.0,163500.0
44001784,103917.0,106235.0,163500.0
44001785,103917.0,105296.0,163500.0
44001786,101960.0,114011.0,163500.0
44001787,101992.0,113153.0,163500.0
44001788,102002.0,112222.0,163500.0
44001789,102007.0,111252.0,163500.0
44001790,102010.0,110256.0,163500.0
44001791,102012.0,109228.0,163500.0
44001792,102014.0,108190.0,163500.0
44001793,102877.0,113924.0,163500.0
44001794,102929.0,113003.0,163500.0
44001795,102946.0,112064.0,163500.0
44001796,102953.0,111102.0,163500.0
44001797,102957.0,110120.0,163500.0
44001798,102960.0,109127.0,163500.0
44001799,102963.0,108135.0,163500.0
44001800,103858.0,113839.0,163500.0
44001801,103890.0,112886.0,163500.0
44001802,103902.0,111941.0,163500.0
44001803,103907.0,110977.0,163500.0
44001804,103910.0,110000.0,163500.0
44001805,103912.0,109011.0,163500.0
44001806,103914.0,108072.0,163500.0
44001807,102017.0,103414.0,163500.0
44001808,102017.0,102481.0,163500.0
44001809,102967.0,103414.0,163500.0
44001810,102967.0,102481.0,163500.0
44001811,103917.0,103414.0,163500.0
44001812,103917.0,102481.0,163500.0
44001813,105733.0,107968.0,163500.0
44001814,106600.0,107964.0,163500.0
45000001,23267.0,114848.0,167100.0
45000002,27067.0,114848.0,167100.0
45000003,20667.0,114848.0,167100.0
45000004,30067.0,114848.0,167100.0
45000005,27067.0,113448.0,167100.0
45000006,27067.0,110448.0,167100.0
45000007,30067.0,113448.0,167100.0
45000008,20667.0,111848.0,167100.0
45000009,20667.0,108798.0,167100.0
45000010,23267.0,111848.0,167100.0
45000011,16867.0,108748.0,167100.0
45000012,23267.0,108798.0,167100.0
45000013,16867.0,107148.0,167100.0
45000014,30067.0,107148.0,167100.0
45000015,23267.0,107148.0,167100.0
45000016,20667.0,107123.0,167100.0
45000017,27067.0,107148.0,167100.0
45000018,16867.0,101048.0,167100.0
45000019,17767.0,107148.0,167100.0
45000020,17767.0,101048.0,167100.0
45000021,20667.0,104348.0,167100.0
45000022,23267.0,104348.0,167100.0
45000023,27067.0,104348.0,167100.0
45000024,20667.0,101548.0,167100.0
45000025,20667.0,101048.0,167100.0
45000026,23267.0,101548.0,167100.0
45000027,27067.0,101548.0,167100.0
45000028,20667.0,98548.0,167100.0
45000029,23267.0,98548.0,167100.0
45000030,27067.0,98548.0,167100.0
45000031,16867.0,110198.0,167100.0
45000032,30067.0,110448.0,167100.0
45000033,23267.0,109893.0,167100.0
45000034,28067.0,110448.0,167100.0
45000035,23267.0,106298.0,167100.0
45000036,27067.0,106298.0,167100.0
45000037,20167.0,107098.0,167100.0
45000038,23267.0,99593.0,167100.0
45000039,27067.0,99593.0,167100.0
45000040,18417.0,98548.0,167100.0
45000041,20667.0,113648.0,167100.0
45000042,16867.0,113648.0,167100.0
45000043,19917.0,113648.0,167100.0
45000044,19917.0,114848.0,167100.0
45000045,17867.0,113648.0,167100.0
45000046,17867.0,114848.0,167100.0
45000047,28467.0,113448.0,167100.0
45000048,28467.0,114848.0,167100.0
45000049,19467.0,98548.0,167100.0
45000050,19467.0,101048.0,167100.0
45000051,17767.0,103698.0,167100.0
45000052,16867.0,103698.0,167100.0
45000053,20667.0,106298.0,167100.0
45000054,23267.0,113648.0,167100.0
45000055,20667.0,109893.0,167100.0
45000056,4867.0,114848.0,167100.0
45000057,4867.0,106698.0,167100.0
45000058,4867.0,98548.0,167100.0
45000059,4867.0,87098.0,167100.0
45000060,4867.0,126298.0,167100.0
45000061,9467.0,126348.0,167100.0
45000062,13067.0,126348.0,167100.0
45000063,124067.0,114848.0,167100.0
45000064,124067.0,106698.0,167100.0
45000065,124067.0,98548.0,167100.0
45000066,124067.0,87098.0,167100.0
45000067,124067.0,126298.0,167100.0
45000068,30067.0,98548.0,167100.0
45000069,30067.0,104348.0,167100.0
45000070,30067.0,101548.0,167100.0
45000071,13067.0,87048.0,167100.0
45000072,9467.0,87048.0,167100.0
45000073,63747.0,110448.0,167100.0
45000074,60347.0,101048.0,167100.0
45000075,60347.0,107048.0,167100.0
45000076,63747.0,107148.0,167100.0
45000077,52947.0,114848.0,167100.0
45000078,56347.0,108748.0,167100.0
45000079,52947.0,103698.0,167100.0
45000080,53847.0,103698.0,167100.0
45000081,54497.0,98548.0,167100.0
45000082,56347.0,110448.0,167100.0
45000083,52947.0,110198.0,167100.0
45000084,56347.0,113448.0,167100.0
45000085,52947.0,101048.0,167100.0
45000086,53847.0,101048.0,167100.0
45000087,53847.0,107148.0,167100.0
45000088,52947.0,107148.0,167100.0
45000089,56347.0,107048.0,167100.0
45000090,52947.0,108748.0,167100.0
45000091,56347.0,101548.0,167100.0
45000092,55947.0,107048.0,167100.0
45000093,56347.0,106298.0,167100.0
45000094,60347.0,110448.0,167100.0
45000095,56347.0,104348.0,167100.0
45000096,56347.0,101048.0,167100.0
45000097,63747.0,101048.0,167100.0
45000098,52947.0,98548.0,167100.0
45000099,60347.0,104348.0,167100.0
45000100,119800.0,87048.0,167100.0
45000101,115533.0,87048.0,167100.0
45000102,111267.0,103698.0,167100.0
45000103,110367.0,103698.0,167100.0
45000104,108667.0,101048.0,167100.0
45000105,108667.0,98548.0,167100.0
45000106,99667.0,114848.0,167100.0
45000107,99667.0,113448.0,167100.0
45000108,110267.0,114848.0,167100.0
45000109,110267.0,113648.0,167100.0
45000110,108217.0,114848.0,167100.0
45000111,108217.0,113648.0,167100.0
45000112,111267.0,113648.0,167100.0
45000113,107467.0,113648.0,167100.0
45000114,109717.0,98548.0,167100.0
45000115,101067.0,99593.0,167100.0
45000116,104867.0,99593.0,167100.0
45000117,107967.0,107098.0,167100.0
45000118,101067.0,106298.0,167100.0
45000119,104867.0,106298.0,167100.0
45000120,100067.0,110448.0,167100.0
45000121,104867.0,109893.0,167100.0
45000122,98067.0,110448.0,167100.0
45000123,111267.0,110198.0,167100.0
45000124,101067.0,98548.0,167100.0
45000125,104867.0,98548.0,167100.0
45000126,107467.0,98548.0,167100.0
45000127,101067.0,101548.0,167100.0
45000128,104867.0,101548.0,167100.0
45000129,107467.0,101048.0,167100.0
45000130,107467.0,101548.0,167100.0
45000131,101067.0,104348.0,167100.0
45000132,104867.0,104348.0,167100.0
45000133,107467.0,104348.0,167100.0
45000134,110367.0,101048.0,167100.0
45000135,110367.0,107148.0,167100.0
45000136,111267.0,101048.0,167100.0
45000137,101067.0,107148.0,167100.0
45000138,107467.0,107123.0,167100.0
45000139,104867.0,107148.0,167100.0
45000140,98067.0,107148.0,167100.0
45000141,111267.0,107148.0,167100.0
45000142,104867.0,108798.0,167100.0
45000143,111267.0,108748.0,167100.0
45000144,104867.0,111848.0,167100.0
45000145,107467.0,108798.0,167100.0
45000146,107467.0,111848.0,167100.0
45000147,98067.0,113448.0,167100.0
45000148,101067.0,110448.0,167100.0
45000149,101067.0,113448.0,167100.0
45000150,98067.0,114848.0,167100.0
45000151,107467.0,114848.0,167100.0
45000152,101067.0,114848.0,167100.0
45000153,104867.0,114848.0,167100.0
45000154,107467.0,106298.0,167100.0
45000155,98067.0,101548.0,167100.0
45000156,98067.0,104348.0,167100.0
45000157,107467.0,109893.0,167100.0
45000158,104867.0,113648.0,167100.0
45000159,98067.0,101048.0,167100.0
45000160,98067.0,98548.0,167100.0
45000161,56347.0,98548.0,167100.0
45000162,63747.0,98548.0,167100.0
45000163,56347.0,114848.0,167100.0
45000164,60347.0,114848.0,167100.0
45000165,60347.0,98548.0,167100.0
45000166,63747.0,114848.0,167100.0
45000167,16867.0,114848.0,167100.0
45000168,30067.0,126298.0,167100.0
45000169,16867.0,106698.0,167100.0
45000170,16867.0,98548.0,167100.0
45000171,16867.0,87098.0,167100.0
45000172,16867.0,126298.0,167100.0
45000173,30067.0,87098.0,167100.0
45000174,111267.0,98548.0,167100.0
45000175,111267.0,87098.0,167100.0
45000176,111267.0,126298.0,167100.0
45000177,98067.0,87098.0,167100.0
45000178,98067.0,126298.0,167100.0
45000179,111267.0,106698.0,167100.0
45000180,111267.0,114848.0,167100.0
45000181,41507.0,87098.0,167100.0
45000182,41507.0,126298.0,167100.0
45000183,52947.0,87098.0,167100.0
45000184,52947.0,126298.0,167100.0
45000185,75187.0,87098.0,167100.0
45000186,75187.0,126298.0,167100.0
45000187,86627.0,126298.0,167100.0
45000188,86627.0,87098.0,167100.0
45000189,63747.0,87098.0,167100.0
45000190,63747.0,126298.0,167100.0
45000191,102700.0,126348.0,167100.0
45000192,102700.0,114848.0,167100.0
45000193,102700.0,87048.0,167100.0
45000194,102700.0,98548.0,167100.0
45000195,119800.0,126348.0,167100.0
45000196,115533.0,126348.0,167100.0
45000197,107467.0,87048.0,167100.0
45000198,107467.0,126348.0,167100.0
45000199,92347.0,126348.0,167100.0
45000200,92347.0,87048.0,167100.0
45000201,80907.0,126348.0,167100.0
45000202,80907.0,87048.0,167100.0
45000203,69442.0,126348.0,167100.0
45000204,69442.0,87048.0,167100.0
45000205,47227.0,126348.0,167100.0
45000206,47227.0,87048.0,167100.0
45000207,58347.0,98548.0,167100.0
45000208,58347.0,87048.0,167100.0
45000209,58347.0,114848.0,167100.0
45000210,58347.0,126348.0,167100.0
45000211,35787.0,126348.0,167100.0
45000212,35787.0,87048.0,167100.0
45000213,25167.0,114848.0,167100.0
45000214,25167.0,126348.0,167100.0
45000215,25167.0,98548.0,167100.0
45000216,25167.0,87048.0,167100.0
45000217,20667.0,87048.0,167100.0
45000218,20667.0,126348.0,167100.0
45000219,86627.0,98548.0,167100.0
45000220,86627.0,114848.0,167100.0
45000221,86627.0,107148.0,167100.0
45000222,75187.0,98548.0,167100.0
45000223,75187.0,114848.0,167100.0
45000224,75187.0,107148.0,167100.0
45000225,13067.0,98548.0,167100.0
45000226,13067.0,114848.0,167100.0
45000227,13067.0,106698.0,167100.0
45000228,9467.0,98548.0,167100.0
45000229,9467.0,114848.0,167100.0
45000230,9467.0,106698.0,167100.0
45000231,119800.0,98548.0,167100.0
45000232,119800.0,114848.0,167100.0
45000233,119800.0,106698.0,167100.0
45000234,115533.0,98548.0,167100.0
45000235,115533.0,114848.0,167100.0
45000236,115533.0,106698.0,167100.0
45000237,92347.0,98548.0,167100.0
45000238,80907.0,98548.0,167100.0
45000239,69442.0,98548.0,167100.0
45000240,47227.0,98548.0,167100.0
45000241,35787.0,98548.0,167100.0
45000242,41507.0,98548.0,167100.0
45000243,92347.0,114848.0,167100.0
45000244,80907.0,114848.0,167100.0
45000245,69442.0,114848.0,167100.0
45000246,47227.0,114848.0,167100.0
45000247,35787.0,114848.0,167100.0
45000248,41507.0,114848.0,167100.0
45000249,47227.0,107148.0,167100.0
45000250,35787.0,107148.0,167100.0
45000251,41507.0,107148.0,167100.0
45000252,92347.0,107148.0,167100.0
45000253,80907.0,107148.0,167100.0
45000254,69442.0,107148.0,167100.0
45000255,16867.0,108748.0,166300.0
45000256,16867.0,110198.0,166300.0
45000257,27067.0,113448.0,166500.0
45000258,27067.0,114848.0,166500.0
45000259,20667.0,107123.0,166500.0
45000260,20667.0,108798.0,166500.0
45000261,28067.0,110448.0,166500.0
45000262,30067.0,110448.0,166500.0
45000263,16867.0,107148.0,166300.0
45000264,23267.0,107148.0,166500.0
45000265,23267.0,108798.0,166500.0
45000266,17767.0,107148.0,166400.0
45000267,20167.0,107098.0,166400.0
45000268,18417.0,98548.0,166300.0
45000269,19467.0,98548.0,166300.0
45000270,28467.0,113448.0,166500.0
45000271,30067.0,113448.0,166500.0
45000272,20667.0,98548.0,166300.0
45000273,52947.0,107148.0,166300.0
45000274,52947.0,108748.0,166300.0
45000275,56347.0,113448.0,166500.0
45000276,56347.0,114848.0,166500.0
45000277,52947.0,110198.0,166300.0
45000278,53847.0,107148.0,166400.0
45000279,55947.0,107048.0,166400.0
45000280,54497.0,98548.0,166300.0
45000281,56347.0,98548.0,166300.0
45000282,107467.0,98548.0,166300.0
45000283,108667.0,98548.0,166300.0
45000284,98067.0,113448.0,166500.0
45000285,99667.0,113448.0,166500.0
45000286,107967.0,107098.0,166400.0
45000287,110367.0,107148.0,166400.0
45000288,104867.0,107148.0,166500.0
45000289,104867.0,108798.0,166500.0
45000290,111267.0,107148.0,166300.0
45000291,111267.0,108748.0,166300.0
45000292,107467.0,107123.0,166500.0
45000293,107467.0,108798.0,166500.0
45000294,101067.0,113448.0,166500.0
45000295,101067.0,114848.0,166500.0
45000296,111267.0,110198.0,166300.0
45000297,98067.0,110448.0,166500.0
45000298,100067.0,110448.0,166500.0
45000299,109717.0,98548.0,166300.0
45000300,17367.0,114848.0,167100.0
45000301,21533.0,114848.0,167100.0
45000302,22400.0,114848.0,167100.0
45000303,27767.0,114848.0,167100.0
45000304,16867.0,111060.0,167100.0
45000305,16867.0,111923.0,167100.0
45000306,16867.0,112785.0,167100.0
45000307,16867.0,109110.0,167100.0
45000308,16867.0,109473.0,167100.0
45000309,16867.0,109835.0,167100.0
45000310,27067.0,113798.0,167100.0
45000311,27067.0,114148.0,167100.0
45000312,27067.0,114498.0,167100.0
45000313,30067.0,114148.0,167100.0
45000314,27067.0,111448.0,167100.0
45000315,27067.0,112448.0,167100.0
45000316,27767.0,113448.0,167100.0
45000317,27567.0,110448.0,167100.0
45000318,30067.0,111448.0,167100.0
45000319,30067.0,112448.0,167100.0
45000320,20667.0,109345.0,167100.0
45000321,20667.0,107541.0,167100.0
45000322,20667.0,107960.0,167100.0
45000323,20667.0,108379.0,167100.0
45000324,21533.0,108798.0,167100.0
45000325,22400.0,108798.0,167100.0
45000326,23267.0,109345.0,167100.0
45000327,28567.0,110448.0,167100.0
45000328,29067.0,110448.0,167100.0
45000329,29567.0,110448.0,167100.0
45000330,16867.0,107548.0,167100.0
45000331,16867.0,107948.0,167100.0
45000332,16867.0,108348.0,167100.0
45000333,23267.0,107560.0,167100.0
45000334,23267.0,107973.0,167100.0
45000335,23267.0,108385.0,167100.0
45000336,17317.0,107148.0,167100.0
45000337,21533.0,107131.0,167100.0
45000338,22400.0,107139.0,167100.0
45000339,23267.0,106723.0,167100.0
45000340,27067.0,106723.0,167100.0
45000341,28067.0,107148.0,167100.0
45000342,29067.0,107148.0,167100.0
45000343,16867.0,101931.0,167100.0
45000344,16867.0,102814.0,167100.0
45000345,16867.0,99381.0,167100.0
45000346,16867.0,100214.0,167100.0
45000347,17317.0,101048.0,167100.0
45000348,18167.0,107139.0,167100.0
45000349,18567.0,107131.0,167100.0
45000350,18967.0,107123.0,167100.0
45000351,19367.0,107114.0,167100.0
45000352,19767.0,107106.0,167100.0
45000353,18617.0,101048.0,167100.0
45000354,20667.0,99381.0,167100.0
45000355,20667.0,100214.0,167100.0
45000356,17642.0,98548.0,167100.0
45000357,18942.0,98548.0,167100.0
45000358,21533.0,98548.0,167100.0
45000359,22400.0,98548.0,167100.0
45000360,23267.0,99070.0,167100.0
45000361,27067.0,99070.0,167100.0
45000362,28067.0,98548.0,167100.0
45000363,29067.0,98548.0,167100.0
45000364,16867.0,114248.0,167100.0
45000365,20667.0,114248.0,167100.0
45000366,20292.0,114848.0,167100.0
45000367,18142.0,114848.0,167100.0
45000368,18642.0,114848.0,167100.0
45000369,19142.0,114848.0,167100.0
45000370,19642.0,114848.0,167100.0
45000371,29267.0,114848.0,167100.0
45000372,28867.0,113448.0,167100.0
45000373,29267.0,113448.0,167100.0
45000374,29667.0,113448.0,167100.0
45000375,20067.0,101048.0,167100.0
45000376,20067.0,98548.0,167100.0
45000377,16867.0,104698.0,167100.0
45000378,16867.0,105698.0,167100.0
45000379,20667.0,106710.0,167100.0
45000380,23267.0,114248.0,167100.0
45000381,30067.0,99381.0,167100.0
45000382,30067.0,100214.0,167100.0
45000383,30067.0,100881.0,167100.0
45000384,30067.0,105281.0,167100.0
45000385,30067.0,106214.0,167100.0
45000386,30067.0,102481.0,167100.0
45000387,30067.0,103414.0,167100.0
45000388,60347.0,101873.0,167100.0
45000389,60347.0,102698.0,167100.0
45000390,60347.0,103523.0,167100.0
45000391,63747.0,111328.0,167100.0
45000392,63747.0,112208.0,167100.0
45000393,63747.0,113088.0,167100.0
45000394,63747.0,113968.0,167100.0
45000395,61022.0,114848.0,167100.0
45000396,61697.0,114848.0,167100.0
45000397,62197.0,114848.0,167100.0
45000398,62697.0,114848.0,167100.0
45000399,63197.0,114848.0,167100.0
45000400,52947.0,104560.0,167100.0
45000401,52947.0,105423.0,167100.0
45000402,52947.0,106285.0,167100.0
45000403,53722.0,98548.0,167100.0
45000404,52947.0,99381.0,167100.0
45000405,52947.0,100214.0,167100.0
45000406,52947.0,101931.0,167100.0
45000407,52947.0,102814.0,167100.0
45000408,53397.0,101048.0,167100.0
45000409,53397.0,107148.0,167100.0
45000410,52947.0,107548.0,167100.0
45000411,52947.0,107948.0,167100.0
45000412,52947.0,108348.0,167100.0
45000413,56347.0,111328.0,167100.0
45000414,56347.0,112208.0,167100.0
45000415,56347.0,113088.0,167100.0
45000416,56347.0,113798.0,167100.0
45000417,56347.0,114148.0,167100.0
45000418,56347.0,114498.0,167100.0
45000419,52947.0,109110.0,167100.0
45000420,52947.0,109473.0,167100.0
45000421,52947.0,109835.0,167100.0
45000422,52947.0,111128.0,167100.0
45000423,52947.0,112058.0,167100.0
45000424,52947.0,112988.0,167100.0
45000425,52947.0,113918.0,167100.0
45000426,53622.0,114848.0,167100.0
45000427,54297.0,114848.0,167100.0
45000428,54797.0,114848.0,167100.0
45000429,55297.0,114848.0,167100.0
45000430,55797.0,114848.0,167100.0
45000431,54372.0,107123.0,167100.0
45000432,54897.0,107098.0,167100.0
45000433,55422.0,107073.0,167100.0
45000434,61197.0,110448.0,167100.0
45000435,62047.0,110448.0,167100.0
45000436,62897.0,110448.0,167100.0
45000437,56347.0,106673.0,167100.0
45000438,56347.0,99381.0,167100.0
45000439,56347.0,100214.0,167100.0
45000440,54959.0,98548.0,167100.0
45000441,55422.0,98548.0,167100.0
45000442,55884.0,98548.0,167100.0
45000443,63747.0,102064.0,167099.0
45000444,63747.0,103081.0,167100.0
45000445,63747.0,104098.0,167100.0
45000446,63747.0,105114.0,167100.0
45000447,63747.0,106131.0,167100.0
45000448,63747.0,99381.0,167100.0
45000449,63747.0,100214.0,167100.0
45000450,54680.0,101048.0,167100.0
45000451,55513.0,101048.0,167100.0
45000452,60822.0,98548.0,167100.0
45000453,61297.0,98548.0,167100.0
45000454,61797.0,98548.0,167100.0
45000455,62297.0,98548.0,167100.0
45000456,62797.0,98548.0,167100.0
45000457,63272.0,98548.0,167100.0
45000458,61197.0,101048.0,167100.0
45000459,62047.0,101048.0,167100.0
45000460,62897.0,101048.0,167100.0
45000461,111267.0,104698.0,167100.0
45000462,111267.0,105698.0,167100.0
45000463,108067.0,98548.0,167100.0
45000464,108067.0,101048.0,167100.0
45000465,98467.0,113448.0,167100.0
45000466,98867.0,113448.0,167100.0
45000467,99267.0,113448.0,167100.0
45000468,98867.0,114848.0,167100.0
45000469,108492.0,114848.0,167100.0
45000470,108992.0,114848.0,167100.0
45000471,109492.0,114848.0,167100.0
45000472,109992.0,114848.0,167100.0
45000473,107842.0,114848.0,167100.0
45000474,107467.0,114248.0,167100.0
45000475,111267.0,114248.0,167100.0
45000476,110767.0,114848.0,167100.0
45000477,110492.0,98548.0,167100.0
45000478,99067.0,98548.0,167100.0
45000479,100067.0,98548.0,167100.0
45000480,105733.0,98548.0,167100.0
45000481,106600.0,98548.0,167100.0
45000482,101067.0,99070.0,167100.0
45000483,104867.0,99070.0,167100.0
45000484,107467.0,99381.0,167100.0
45000485,107467.0,100214.0,167100.0
45000486,109517.0,101048.0,167100.0
45000487,108367.0,107106.0,167100.0
45000488,108767.0,107114.0,167100.0
45000489,109167.0,107123.0,167100.0
45000490,109567.0,107131.0,167100.0
45000491,109967.0,107139.0,167100.0
45000492,110817.0,101048.0,167100.0
45000493,111267.0,99381.0,167100.0
45000494,111267.0,100214.0,167100.0
45000495,111267.0,101931.0,167100.0
45000496,111267.0,102814.0,167100.0
45000497,99067.0,107148.0,167100.0
45000498,100067.0,107148.0,167100.0
45000499,101067.0,106723.0,167100.0
45000500,104867.0,106723.0,167100.0
45000501,105733.0,107139.0,167100.0
45000502,106600.0,107131.0,167100.0
45000503,110817.0,107148.0,167100.0
45000504,104867.0,107560.0,167100.0
45000505,104867.0,107973.0,167100.0
45000506,104867.0,108385.0,167100.0
45000507,111267.0,107548.0,167100.0
45000508,111267.0,107948.0,167100.0
45000509,111267.0,108348.0,167100.0
45000510,104867.0,109345.0,167100.0
45000511,105733.0,108798.0,167100.0
45000512,106600.0,108798.0,167100.0
45000513,107467.0,107541.0,167100.0
45000514,107467.0,107960.0,167100.0
45000515,107467.0,108379.0,167100.0
45000516,107467.0,109345.0,167100.0
45000517,98067.0,111448.0,167100.0
45000518,98067.0,112448.0,167100.0
45000519,100567.0,110448.0,167100.0
45000520,100367.0,113448.0,167100.0
45000521,101067.0,111448.0,167100.0
45000522,101067.0,112448.0,167100.0
45000523,98067.0,114148.0,167100.0
45000524,101067.0,113798.0,167100.0
45000525,101067.0,114148.0,167100.0
45000526,101067.0,114498.0,167100.0
45000527,111267.0,109110.0,167100.0
45000528,111267.0,109473.0,167100.0
45000529,111267.0,109835.0,167100.0
45000530,111267.0,111060.0,167100.0
45000531,111267.0,111923.0,167100.0
45000532,111267.0,112785.0,167100.0
45000533,100367.0,114848.0,167100.0
45000534,105733.0,114848.0,167100.0
45000535,106600.0,114848.0,167100.0
45000536,107467.0,106710.0,167100.0
45000537,98067.0,102481.0,167100.0
45000538,98067.0,103414.0,167100.0
45000539,98067.0,105281.0,167100.0
45000540,98067.0,106214.0,167100.0
45000541,104867.0,114248.0,167100.0
45000542,98067.0,99381.0,167100.0
45000543,98067.0,100214.0,167100.0
45000544,98567.0,110448.0,167100.0
45000545,99067.0,110448.0,167100.0
45000546,99567.0,110448.0,167100.0
45000547,109192.0,98548.0,167100.0
45000548,16867.0,114848.0,166000.0
45000549,16867.0,114848.0,165166.0
45000550,16867.0,114848.0,164333.0
45000551,17867.0,114848.0,166000.0
45000552,17867.0,114848.0,165166.0
45000553,17867.0,114848.0,164333.0
45000554,20667.0,114848.0,166000.0
45000555,20667.0,114848.0,165166.0
45000556,20667.0,114848.0,164333.0
45000557,23267.0,114848.0,166100.0
45000558,23267.0,114848.0,165233.0
45000559,23267.0,114848.0,164366.0
45000560,28467.0,114848.0,166200.0
45000561,28467.0,114848.0,165300.0
45000562,28467.0,114848.0,164400.0
45000563,27067.0,110448.0,166200.0
45000564,27067.0,110448.0,165300.0
45000565,27067.0,110448.0,164400.0
45000566,20667.0,109893.0,166200.0
45000567,20667.0,109893.0,165300.0
45000568,20667.0,109893.0,164400.0
45000569,16867.0,113648.0,166000.0
45000570,16867.0,113648.0,165166.0
45000571,16867.0,113648.0,164333.0
45000572,23267.0,109893.0,166200.0
45000573,23267.0,109893.0,165300.0
45000574,23267.0,109893.0,164400.0
45000575,16867.0,106698.0,166200.0
45000576,16867.0,106698.0,165300.0
45000577,16867.0,106698.0,164400.0
45000578,23267.0,106298.0,166200.0
45000579,23267.0,106298.0,165300.0
45000580,23267.0,106298.0,164400.0
45000581,27067.0,106298.0,166200.0
45000582,27067.0,106298.0,165300.0
45000583,27067.0,106298.0,164400.0
45000584,27067.0,107148.0,166200.0
45000585,27067.0,107148.0,165300.0
45000586,27067.0,107148.0,164400.0
45000587,16867.0,101048.0,166200.0
45000588,16867.0,101048.0,165300.0
45000589,16867.0,101048.0,164400.0
45000590,16867.0,103698.0,166200.0
45000591,16867.0,103698.0,165300.0
45000592,16867.0,103698.0,164400.0
45000593,16867.0,98548.0,166200.0
45000594,16867.0,98548.0,165300.0
45000595,16867.0,98548.0,164400.0
45000596,17767.0,101048.0,166200.0
45000597,17767.0,101048.0,165300.0
45000598,17767.0,101048.0,164400.0
45000599,19467.0,101048.0,166200.0
45000600,19467.0,101048.0,165300.0
45000601,19467.0,101048.0,164400.0
45000602,20667.0,101048.0,166200.0
45000603,20667.0,101048.0,165300.0
45000604,20667.0,101048.0,164400.0
45000605,23267.0,98548.0,166200.0
45000606,23267.0,98548.0,165300.0
45000607,23267.0,98548.0,164400.0
45000608,23267.0,99593.0,166200.0
45000609,23267.0,99593.0,165300.0
45000610,23267.0,99593.0,164400.0
45000611,27067.0,98548.0,166200.0
45000612,27067.0,98548.0,165300.0
45000613,27067.0,98548.0,164400.0
45000614,27067.0,99593.0,166200.0
45000615,27067.0,99593.0,165300.0
45000616,27067.0,99593.0,164400.0
45000617,30067.0,98548.0,166200.0
45000618,30067.0,98548.0,165300.0
45000619,30067.0,98548.0,164400.0
45000620,19917.0,114848.0,166000.0
45000621,19917.0,114848.0,165166.0
45000622,19917.0,114848.0,164333.0
45000623,30067.0,114848.0,166200.0
45000624,30067.0,114848.0,165300.0
45000625,30067.0,114848.0,164400.0
45000626,20667.0,106298.0,166200.0
45000627,20667.0,106298.0,165300.0
45000628,20667.0,106298.0,164400.0
45000629,20667.0,113648.0,166000.0
45000630,20667.0,113648.0,165166.0
45000631,20667.0,113648.0,164333.0
45000632,23267.0,113648.0,166200.0
45000633,23267.0,113648.0,165300.0
45000634,23267.0,113648.0,164400.0
45000635,20667.0,101548.0,166200.0
45000636,20667.0,101548.0,165300.0
45000637,20667.0,101548.0,164400.0
45000638,30067.0,107148.0,166200.0
45000639,30067.0,107148.0,165300.0
45000640,30067.0,107148.0,164400.0
45000641,30067.0,104348.0,166200.0
45000642,30067.0,104348.0,165300.0
45000643,30067.0,104348.0,164400.0
45000644,30067.0,101548.0,166200.0
45000645,30067.0,101548.0,165300.0
45000646,30067.0,101548.0,164400.0
45000647,60347.0,101048.0,166000.0
45000648,60347.0,101048.0,165166.0
45000649,60347.0,101048.0,164333.0
45000650,60347.0,104348.0,166000.0
45000651,60347.0,104348.0,165166.0
45000652,60347.0,104348.0,164333.0
45000653,63747.0,110448.0,166000.0
45000654,63747.0,110448.0,165166.0
45000655,63747.0,110448.0,164333.0
45000656,63747.0,114848.0,166000.0
45000657,63747.0,114848.0,165166.0
45000658,63747.0,114848.0,164333.0
45000659,60347.0,114848.0,166000.0
45000660,60347.0,114848.0,165166.0
45000661,60347.0,114848.0,164333.0
45000662,52947.0,103698.0,166200.0
45000663,52947.0,103698.0,165300.0
45000664,52947.0,103698.0,164400.0
45000665,52947.0,98548.0,166200.0
45000666,52947.0,98548.0,165300.0
45000667,52947.0,98548.0,164400.0
45000668,52947.0,101048.0,166200.0
45000669,52947.0,101048.0,165300.0
45000670,52947.0,101048.0,164400.0
45000671,53847.0,101048.0,166200.0
45000672,53847.0,101048.0,165300.0
45000673,53847.0,101048.0,164400.0
45000674,56347.0,107048.0,166200.0
45000675,56347.0,107048.0,165300.0
45000676,56347.0,107048.0,164400.0
45000677,56347.0,110448.0,166200.0
45000678,56347.0,110448.0,165300.0
45000679,56347.0,110448.0,164400.0
45000680,52947.0,114848.0,166000.0
45000681,52947.0,114848.0,165166.0
45000682,52947.0,114848.0,164333.0
45000683,60347.0,110448.0,166000.0
45000684,60347.0,110448.0,165166.0
45000685,60347.0,110448.0,164333.0
45000686,56347.0,106298.0,166200.0
45000687,56347.0,106298.0,165300.0
45000688,56347.0,106298.0,164400.0
45000689,56347.0,101048.0,166200.0
45000690,56347.0,101048.0,165300.0
45000691,56347.0,101048.0,164400.0
45000692,56347.0,101548.0,166200.0
45000693,56347.0,101548.0,165300.0
45000694,56347.0,101548.0,164400.0
45000695,63747.0,101048.0,166000.0
45000696,63747.0,101048.0,165166.0
45000697,63747.0,101048.0,164333.0
45000698,63747.0,107148.0,166000.0
45000699,63747.0,107148.0,165166.0
45000700,63747.0,107148.0,164333.0
45000701,63747.0,98548.0,166000.0
45000702,63747.0,98548.0,165166.0
45000703,63747.0,98548.0,164333.0
45000704,60347.0,98548.0,166000.0
45000705,60347.0,98548.0,165166.0
45000706,60347.0,98548.0,164333.0
45000707,111267.0,103698.0,166200.0
45000708,111267.0,103698.0,165300.0
45000709,111267.0,103698.0,164400.0
45000710,111267.0,106698.0,166200.0
45000711,111267.0,106698.0,165300.0
45000712,111267.0,106698.0,164400.0
45000713,107467.0,101048.0,166200.0
45000714,107467.0,101048.0,165300.0
45000715,107467.0,101048.0,164400.0
45000716,108667.0,101048.0,166200.0
45000717,108667.0,101048.0,165300.0
45000718,108667.0,101048.0,164400.0
45000719,98067.0,114848.0,166200.0
45000720,98067.0,114848.0,165300.0
45000721,98067.0,114848.0,164400.0
45000722,99667.0,114848.0,166200.0
45000723,99667.0,114848.0,165300.0
45000724,99667.0,114848.0,164400.0
45000725,108217.0,114848.0,166000.0
45000726,108217.0,114848.0,165166.0
45000727,108217.0,114848.0,164333.0
45000728,110267.0,114848.0,166000.0
45000729,110267.0,114848.0,165166.0
45000730,110267.0,114848.0,164333.0
45000731,107467.0,114848.0,166100.0
45000732,107467.0,114848.0,165233.0
45000733,107467.0,114848.0,164366.0
45000734,107467.0,113648.0,166000.0
45000735,107467.0,113648.0,165166.0
45000736,107467.0,113648.0,164333.0
45000737,111267.0,113648.0,166200.0
45000738,111267.0,113648.0,165300.0
45000739,111267.0,113648.0,164400.0
45000740,111267.0,114848.0,166100.0
45000741,111267.0,114848.0,165233.0
45000742,111267.0,114848.0,164366.0
45000743,111267.0,98548.0,166200.0
45000744,111267.0,98548.0,165300.0
45000745,111267.0,98548.0,164400.0
45000746,98067.0,98548.0,166200.0
45000747,98067.0,98548.0,165300.0
45000748,98067.0,98548.0,164400.0
45000749,101067.0,98548.0,166200.0
45000750,101067.0,98548.0,165300.0
45000751,101067.0,98548.0,164400.0
45000752,104867.0,98548.0,166200.0
45000753,104867.0,98548.0,165300.0
45000754,104867.0,98548.0,164400.0
45000755,101067.0,99593.0,166200.0
45000756,101067.0,99593.0,165300.0
45000757,101067.0,99593.0,164400.0
45000758,104867.0,99593.0,166200.0
45000759,104867.0,99593.0,165300.0
45000760,104867.0,99593.0,164400.0
45000761,107467.0,101548.0,166200.0
45000762,107467.0,101548.0,165300.0
45000763,107467.0,101548.0,164400.0
45000764,110367.0,101048.0,166200.0
45000765,110367.0,101048.0,165300.0
45000766,110367.0,101048.0,164400.0
45000767,111267.0,101048.0,166200.0
45000768,111267.0,101048.0,165300.0
45000769,111267.0,101048.0,164400.0
45000770,98067.0,107148.0,166200.0
45000771,98067.0,107148.0,165300.0
45000772,98067.0,107148.0,164400.0
45000773,101067.0,107148.0,166200.0
45000774,101067.0,107148.0,165300.0
45000775,101067.0,107148.0,164400.0
45000776,101067.0,106298.0,166200.0
45000777,101067.0,106298.0,165300.0
45000778,101067.0,106298.0,164400.0
45000779,104867.0,106298.0,166200.0
45000780,104867.0,106298.0,165300.0
45000781,104867.0,106298.0,164400.0
45000782,104867.0,109893.0,166200.0
45000783,104867.0,109893.0,165300.0
45000784,104867.0,109893.0,164400.0
45000785,107467.0,109893.0,166200.0
45000786,107467.0,109893.0,165300.0
45000787,107467.0,109893.0,164400.0
45000788,101067.0,110448.0,166200.0
45000789,101067.0,110448.0,165300.0
45000790,101067.0,110448.0,164400.0
45000791,104867.0,114848.0,166200.0
45000792,104867.0,114848.0,165300.0
45000793,104867.0,114848.0,164400.0
45000794,107467.0,106298.0,166200.0
45000795,107467.0,106298.0,165300.0
45000796,107467.0,106298.0,164400.0
45000797,98067.0,101548.0,166200.0
45000798,98067.0,101548.0,165300.0
45000799,98067.0,101548.0,164400.0
45000800,98067.0,104348.0,166200.0
45000801,98067.0,104348.0,165300.0
45000802,98067.0,104348.0,164400.0
45000803,104867.0,113648.0,166200.0
45000804,104867.0,113648.0,165300.0
45000805,104867.0,113648.0,164400.0
45000806,98067.0,101048.0,166200.0
45000807,98067.0,101048.0,165300.0
45000808,98067.0,101048.0,164400.0
45000809,16867.0,109110.0,166300.0
45000810,16867.0,109473.0,166300.0
45000811,16867.0,109835.0,166300.0
45000812,27067.0,113798.0,166500.0
45000813,27067.0,114148.0,166500.0
45000814,27067.0,114498.0,166500.0
45000815,20667.0,107541.0,166500.0
45000816,20667.0,107960.0,166500.0
45000817,20667.0,108379.0,166500.0
45000818,28567.0,110448.0,166500.0
45000819,29067.0,110448.0,166500.0
45000820,29567.0,110448.0,166500.0
45000821,16867.0,107548.0,166300.0
45000822,16867.0,107948.0,166300.0
45000823,16867.0,108348.0,166300.0
45000824,23267.0,107560.0,166500.0
45000825,23267.0,107973.0,166500.0
45000826,23267.0,108385.0,166500.0
45000827,18167.0,107139.0,166399.0
45000828,18567.0,107131.0,166400.0
45000829,18967.0,107123.0,166400.0
45000830,19367.0,107114.0,166400.0
45000831,19767.0,107106.0,166400.0
45000832,18942.0,98548.0,166300.0
45000833,28867.0,113448.0,166500.0
45000834,29267.0,113448.0,166500.0
45000835,29667.0,113448.0,166500.0
45000836,20067.0,98548.0,166300.0
45000837,52947.0,107548.0,166300.0
45000838,52947.0,107948.0,166300.0
45000839,52947.0,108348.0,166300.0
45000840,56347.0,113798.0,166500.0
45000841,56347.0,114148.0,166500.0
45000842,56347.0,114498.0,166500.0
45000843,52947.0,109110.0,166300.0
45000844,52947.0,109473.0,166300.0
45000845,52947.0,109835.0,166300.0
45000846,54372.0,107123.0,166400.0
45000847,54897.0,107098.0,166400.0
45000848,55422.0,107073.0,166400.0
45000849,54959.0,98548.0,166300.0
45000850,55422.0,98548.0,166300.0
45000851,55884.0,98548.0,166300.0
45000852,108067.0,98548.0,166300.0
45000853,98467.0,113448.0,166500.0
45000854,98867.0,113448.0,166500.0
45000855,99267.0,113448.0,166500.0
45000856,108367.0,107106.0,166399.0
45000857,108767.0,107114.0,166400.0
45000858,109167.0,107123.0,166400.0
45000859,109567.0,107131.0,166400.0
45000860,109967.0,107139.0,166400.0
45000861,104867.0,107560.0,166500.0
45000862,104867.0,107973.0,166500.0
45000863,104867.0,108385.0,166500.0
45000864,111267.0,107548.0,166300.0
45000865,111267.0,107948.0,166300.0
45000866,111267.0,108348.0,166300.0
45000867,107467.0,107541.0,166500.0
45000868,107467.0,107960.0,166500.0
45000869,107467.0,108379.0,166500.0
45000870,101067.0,113798.0,166500.0
45000871,101067.0,114148.0,166500.0
45000872,101067.0,114498.0,166500.0
45000873,111267.0,109110.0,166300.0
45000874,111267.0,109473.0,166300.0
45000875,111267.0,109835.0,166300.0
45000876,98567.0,110448.0,166500.0
45000877,99067.0,110448.0,166500.0
45000878,99567.0,110448.0,166500.0
45000879,109192.0,98548.0,166300.0
45000880,27067.0,114848.0,165300.0
45000881,27067.0,114848.0,164400.0
45000882,27067.0,113448.0,165300.0
45000883,27067.0,113448.0,164400.0
45000884,28467.0,113448.0,165300.0
45000885,28467.0,113448.0,164400.0
45000886,20667.0,108798.0,165300.0
45000887,20667.0,108798.0,164400.0
45000888,16867.0,110198.0,165166.0
45000889,16867.0,110198.0,164333.0
45000890,28067.0,110448.0,165300.0
45000891,28067.0,110448.0,164400.0
45000892,23267.0,108798.0,165300.0
45000893,23267.0,108798.0,164400.0
45000894,16867.0,107148.0,165300.0
45000895,16867.0,107148.0,164400.0
45000896,20167.0,107098.0,165300.0
45000897,20167.0,107098.0,164400.0
45000898,20667.0,107123.0,165300.0
45000899,20667.0,107123.0,164400.0
45000900,23267.0,107148.0,165300.0
45000901,23267.0,107148.0,164400.0
45000902,20667.0,98548.0,165300.0
45000903,20667.0,98548.0,164400.0
45000904,18417.0,98548.0,165300.0
45000905,18417.0,98548.0,164400.0
45000906,17767.0,107148.0,165300.0
45000907,17767.0,107148.0,164400.0
45000908,30067.0,113448.0,165300.0
45000909,30067.0,113448.0,164400.0
45000910,30067.0,110448.0,165300.0
45000911,30067.0,110448.0,164400.0
45000912,52947.0,107148.0,165300.0
45000913,52947.0,107148.0,164400.0
45000914,54497.0,98548.0,165300.0
45000915,54497.0,98548.0,164400.0
45000916,53847.0,107148.0,165300.0
45000917,53847.0,107148.0,164400.0
45000918,55947.0,107048.0,165300.0
45000919,55947.0,107048.0,164400.0
45000920,56347.0,113448.0,165300.0
45000921,56347.0,113448.0,164400.0
45000922,52947.0,110198.0,165166.0
45000923,52947.0,110198.0,164333.0
45000924,56347.0,114848.0,165166.0
45000925,56347.0,114848.0,164333.0
45000926,56347.0,98548.0,165300.0
45000927,56347.0,98548.0,164400.0
45000928,109717.0,98548.0,165300.0
45000929,109717.0,98548.0,164400.0
45000930,107467.0,98548.0,165300.0
45000931,107467.0,98548.0,164400.0
45000932,107467.0,107123.0,165300.0
45000933,107467.0,107123.0,164400.0
45000934,107967.0,107098.0,165300.0
45000935,107967.0,107098.0,164400.0
45000936,104867.0,107148.0,165300.0
45000937,104867.0,107148.0,164400.0
45000938,110367.0,107148.0,165300.0
45000939,110367.0,107148.0,164400.0
45000940,111267.0,107148.0,165300.0
45000941,111267.0,107148.0,164400.0
45000942,104867.0,108798.0,165300.0
45000943,104867.0,108798.0,164400.0
45000944,107467.0,108798.0,165300.0
45000945,107467.0,108798.0,164400.0
45000946,98067.0,110448.0,165300.0
45000947,98067.0,110448.0,164400.0
45000948,98067.0,113448.0,165300.0
45000949,98067.0,113448.0,164400.0
45000950,100067.0,110448.0,165300.0
45000951,100067.0,110448.0,164400.0
45000952,99667.0,113448.0,165300.0
45000953,99667.0,113448.0,164400.0
45000954,101067.0,113448.0,165300.0
45000955,101067.0,113448.0,164400.0
45000956,111267.0,110198.0,165300.0
45000957,111267.0,110198.0,164400.0
45000958,101067.0,114848.0,165300.0
45000959,101067.0,114848.0,164400.0
45000960,24217.0,107148.0,167100.0
45000961,25167.0,107148.0,167100.0
45000962,26117.0,107148.0,167100.0
45000963,27067.0,108248.0,167100.0
45000964,27067.0,109348.0,167100.0
45000965,26117.0,114848.0,167100.0
45000966,24217.0,114848.0,167100.0
45000967,23267.0,112748.0,167100.0
45000968,23267.0,110870.0,167100.0
45000969,28467.0,114148.0,167100.0
45000970,17817.0,108760.0,167100.0
45000971,18767.0,108773.0,167100.0
45000972,19717.0,108785.0,167100.0
45000973,20667.0,110870.0,167100.0
45000974,20667.0,112748.0,167100.0
45000975,18892.0,113648.0,167100.0
45000976,24217.0,104348.0,167100.0
45000977,25167.0,104348.0,167100.0
45000978,26117.0,104348.0,167100.0
45000979,27067.0,105323.0,167100.0
45000980,23267.0,105323.0,167100.0
45000981,19467.0,99381.0,167100.0
45000982,19467.0,100214.0,167100.0
45000983,24217.0,101548.0,167100.0
45000984,25167.0,101548.0,167100.0
45000985,26117.0,101548.0,167100.0
45000986,27067.0,102481.0,167100.0
45000987,27067.0,103414.0,167100.0
45000988,23267.0,102481.0,167100.0
45000989,23267.0,103414.0,167100.0
45000990,24217.0,98548.0,167100.0
45000991,26117.0,98548.0,167100.0
45000992,27067.0,100570.0,167100.0
45000993,23267.0,100570.0,167100.0
45000994,56347.0,107898.0,167100.0
45000995,53797.0,108748.0,167100.0
45000996,54647.0,108748.0,167100.0
45000997,55497.0,108748.0,167100.0
45000998,108667.0,99381.0,167100.0
45000999,108667.0,100214.0,167100.0
45001000,99667.0,114148.0,167100.0
45001001,109242.0,113648.0,167100.0
45001002,108417.0,108785.0,167100.0
45001003,109367.0,108773.0,167100.0
45001004,110317.0,108760.0,167100.0
45001005,107467.0,112748.0,167100.0
45001006,107467.0,110870.0,167100.0
45001007,101883.0,98548.0,167100.0
45001008,103783.0,98548.0,167100.0
45001009,104867.0,100570.0,167100.0
45001010,102017.0,101548.0,167100.0
45001011,102967.0,101548.0,167100.0
45001012,103917.0,101548.0,167100.0
45001013,101067.0,100570.0,167100.0
45001014,102017.0,104348.0,167100.0
45001015,102967.0,104348.0,167100.0
45001016,103917.0,104348.0,167100.0
45001017,104867.0,105323.0,167100.0
45001018,102017.0,107148.0,167100.0
45001019,102967.0,107148.0,167100.0
45001020,103917.0,107148.0,167100.0
45001021,101067.0,105323.0,167100.0
45001022,104867.0,110870.0,167100.0
45001023,104867.0,112748.0,167100.0
45001024,103783.0,114848.0,167100.0
45001025,101883.0,114848.0,167100.0
45001026,101067.0,108248.0,167100.0
45001027,101067.0,109348.0,167100.0
45001028,104867.0,102481.0,167100.0
45001029,104867.0,103414.0,167100.0
45001030,101067.0,102481.0,167100.0
45001031,101067.0,103414.0,167100.0
45001034,64282.0,106635.0,167099.0
45001035,108667.0,98548.0,166700.0
45001036,109192.0,98548.0,166700.0
45001037,109717.0,98548.0,166700.0
45001038,98067.0,110448.0,166800.0
45001039,98567.0,110448.0,166800.0
45001040,99067.0,110448.0,166800.0
45001041,99567.0,110448.0,166800.0
45001042,100067.0,110448.0,166800.0
45001043,111267.0,108748.0,166700.0
45001044,111267.0,109110.0,166700.0
45001045,111267.0,109473.0,166700.0
45001046,111267.0,109835.0,166700.0
45001047,111267.0,110198.0,166700.0
45001048,101067.0,113448.0,166800.0
45001049,101067.0,113798.0,166800.0
45001050,101067.0,114148.0,166800.0
45001051,101067.0,114498.0,166800.0
45001052,101067.0,114848.0,166800.0
45001053,107467.0,107123.0,166800.0
45001054,107467.0,107541.0,166800.0
45001055,107467.0,107960.0,166800.0
45001056,107467.0,108379.0,166800.0
45001057,107467.0,108798.0,166800.0
45001058,111267.0,107148.0,166700.0
45001059,111267.0,107548.0,166700.0
45001060,111267.0,107948.0,166700.0
45001061,111267.0,108348.0,166700.0
45001062,104867.0,107148.0,166800.0
45001063,104867.0,107560.0,166800.0
45001064,104867.0,107973.0,166800.0
45001065,104867.0,108385.0,166800.0
45001066,104867.0,108798.0,166800.0
45001067,107967.0,107098.0,166750.0
45001068,108367.0,107106.0,166750.0
45001069,108767.0,107114.0,166750.0
45001070,109167.0,107123.0,166750.0
45001071,109567.0,107131.0,166750.0
45001072,109967.0,107139.0,166750.0
45001073,110367.0,107148.0,166750.0
45001074,98067.0,113448.0,166800.0
45001075,98467.0,113448.0,166800.0
45001076,98867.0,113448.0,166800.0
45001077,99267.0,113448.0,166800.0
45001078,99667.0,113448.0,166800.0
45001079,107467.0,98548.0,166700.0
45001080,108067.0,98548.0,166700.0
45001081,54497.0,98548.0,166700.0
45001082,54959.0,98548.0,166700.0
45001083,55422.0,98548.0,166700.0
45001084,55884.0,98548.0,166700.0
45001085,56347.0,98548.0,166700.0
45001086,53847.0,107148.0,166750.0
45001087,54372.0,107123.0,166750.0
45001088,54897.0,107098.0,166750.0
45001089,55422.0,107073.0,166750.0
45001090,55947.0,107048.0,166750.0
45001091,52947.0,108748.0,166700.0
45001092,52947.0,109110.0,166700.0
45001093,52947.0,109473.0,166700.0
45001094,52947.0,109835.0,166700.0
45001095,52947.0,110198.0,166700.0
45001096,56347.0,113448.0,166800.0
45001097,56347.0,113798.0,166800.0
45001098,56347.0,114148.0,166800.0
45001099,56347.0,114498.0,166800.0
45001100,56347.0,114848.0,166800.0
45001101,52947.0,107148.0,166700.0
45001102,52947.0,107548.0,166700.0
45001103,52947.0,107948.0,166700.0
45001104,52947.0,108348.0,166700.0
45001105,19467.0,98548.0,166700.0
45001106,20067.0,98548.0,166700.0
45001107,20667.0,98548.0,166700.0
45001108,28467.0,113448.0,166800.0
45001109,28867.0,113448.0,166800.0
45001110,29267.0,113448.0,166800.0
45001111,29667.0,113448.0,166800.0
45001112,30067.0,113448.0,166800.0
45001113,18417.0,98548.0,166700.0
45001114,18942.0,98548.0,166700.0
45001115,17767.0,107148.0,166750.0
45001116,18167.0,107139.0,166750.0
45001117,18567.0,107131.0,166750.0
45001118,18967.0,107123.0,166750.0
45001119,19367.0,107114.0,166750.0
45001120,19767.0,107106.0,166750.0
45001121,20167.0,107098.0,166750.0
45001122,23267.0,107148.0,166800.0
45001123,23267.0,107560.0,166800.0
45001124,23267.0,107973.0,166800.0
45001125,23267.0,108385.0,166800.0
45001126,23267.0,108798.0,166800.0
45001127,16867.0,107148.0,166700.0
45001128,16867.0,107548.0,166700.0
45001129,16867.0,107948.0,166700.0
45001130,16867.0,108348.0,166700.0
45001131,16867.0,108748.0,166700.0
45001132,28067.0,110448.0,166800.0
45001133,28567.0,110448.0,166800.0
45001134,29067.0,110448.0,166800.0
45001135,29567.0,110448.0,166800.0
45001136,30067.0,110448.0,166800.0
45001137,20667.0,107123.0,166800.0
45001138,20667.0,107541.0,166800.0
45001139,20667.0,107960.0,166800.0
45001140,20667.0,108379.0,166800.0
45001141,20667.0,108798.0,166800.0
45001142,27067.0,113448.0,166800.0
45001143,27067.0,113798.0,166800.0
45001144,27067.0,114148.0,166800.0
45001145,27067.0,114498.0,166800.0
45001146,27067.0,114848.0,166800.0
45001147,16867.0,109110.0,166700.0
45001148,16867.0,109473.0,166700.0
45001149,16867.0,109835.0,166700.0
45001150,16867.0,110198.0,166700.0
45001151,17367.0,114848.0,166000.0
45001152,17367.0,114848.0,164333.0
45001153,17367.0,114848.0,165166.0
45001154,21533.0,114848.0,166100.0
45001155,22400.0,114848.0,166100.0
45001156,21533.0,114848.0,164366.0
45001157,22400.0,114848.0,164366.0
45001158,21533.0,114848.0,165233.0
45001159,22400.0,114848.0,165233.0
45001160,27767.0,114848.0,166200.0
45001161,27767.0,114848.0,164400.0
45001162,27767.0,114848.0,165300.0
45001163,16867.0,111060.0,166300.0
45001164,16867.0,111923.0,166300.0
45001165,16867.0,112785.0,166300.0
45001166,16867.0,111060.0,164333.0
45001167,16867.0,111923.0,164333.0
45001168,16867.0,112785.0,164333.0
45001169,16867.0,111060.0,165166.0
45001170,16867.0,112785.0,165166.0
45001171,16867.0,111923.0,165166.0
45001172,30067.0,114148.0,166200.0
45001173,30067.0,114148.0,164400.0
45001174,30067.0,114148.0,165300.0
45001175,27067.0,111448.0,166200.0
45001176,27067.0,112448.0,166200.0
45001177,27067.0,111448.0,164400.0
45001178,27067.0,112448.0,164400.0
45001179,27067.0,111448.0,165300.0
45001180,27067.0,112448.0,165300.0
45001181,27767.0,113448.0,166500.0
45001182,27767.0,113448.0,164400.0
45001183,27767.0,113448.0,165300.0
45001184,27567.0,110448.0,166200.0
45001185,27567.0,110448.0,164400.0
45001186,27567.0,110448.0,165300.0
45001187,30067.0,111448.0,166500.0
45001188,30067.0,112448.0,166500.0
45001189,30067.0,111448.0,164400.0
45001190,30067.0,112448.0,164400.0
45001191,30067.0,111448.0,165300.0
45001192,30067.0,112448.0,165300.0
45001193,20667.0,109345.0,166200.0
45001194,20667.0,109345.0,164400.0
45001195,20667.0,109345.0,165300.0
45001196,21533.0,108798.0,166500.0
45001197,22400.0,108798.0,166500.0
45001198,21533.0,108798.0,164400.0
45001199,22400.0,108798.0,164400.0
45001200,21533.0,108798.0,165300.0
45001201,22400.0,108798.0,165300.0
45001202,23267.0,109345.0,166200.0
45001203,23267.0,109345.0,164400.0
45001204,23267.0,109345.0,165300.0
45001205,17317.0,107148.0,166300.0
45001206,17317.0,107148.0,164400.0
45001207,17317.0,107148.0,165300.0
45001208,21533.0,107131.0,166500.0
45001209,22400.0,107139.0,166500.0
45001210,21533.0,107131.0,164400.0
45001211,22400.0,107139.0,164400.0
45001212,21533.0,107131.0,165300.0
45001213,22400.0,107139.0,165300.0
45001214,23267.0,106723.0,166200.0
45001215,23267.0,106723.0,164400.0
45001216,23267.0,106723.0,165300.0
45001217,27067.0,106723.0,166200.0
45001218,27067.0,106723.0,164400.0
45001219,27067.0,106723.0,165300.0
45001220,28067.0,107148.0,166200.0
45001221,29067.0,107148.0,166200.0
45001222,28067.0,107148.0,164400.0
45001223,29067.0,107148.0,164400.0
45001224,28067.0,107148.0,165300.0
45001225,29067.0,107148.0,165300.0
45001226,16867.0,101931.0,166200.0
45001227,16867.0,102814.0,166200.0
45001228,16867.0,101931.0,164400.0
45001229,16867.0,102814.0,164400.0
45001230,16867.0,101931.0,165300.0
45001231,16867.0,102814.0,165300.0
45001232,16867.0,99381.0,166200.0
45001233,16867.0,100214.0,166200.0
45001234,16867.0,99381.0,164400.0
45001235,16867.0,100214.0,164400.0
45001236,16867.0,99381.0,165300.0
45001237,16867.0,100214.0,165300.0
45001238,17317.0,101048.0,166200.0
45001239,17317.0,101048.0,164400.0
45001240,17317.0,101048.0,165300.0
45001241,18617.0,101048.0,166200.0
45001242,18617.0,101048.0,164400.0
45001243,18617.0,101048.0,165300.0
45001244,20667.0,99381.0,166200.0
45001245,20667.0,100214.0,166200.0
45001246,20667.0,99381.0,164400.0
45001247,20667.0,100214.0,164400.0
45001248,20667.0,99381.0,165300.0
45001249,20667.0,100214.0,165300.0
45001250,17642.0,98548.0,166200.0
45001251,17642.0,98548.0,164400.0
45001252,17642.0,98548.0,165300.0
45001253,21533.0,98548.0,166200.0
45001254,22400.0,98548.0,166200.0
45001255,21533.0,98548.0,164400.0
45001256,22400.0,98548.0,164400.0
45001257,21533.0,98548.0,165300.0
45001258,22400.0,98548.0,165300.0
45001259,23267.0,99070.0,166200.0
45001260,23267.0,99070.0,164400.0
45001261,23267.0,99070.0,165300.0
45001262,27067.0,99070.0,166200.0
45001263,27067.0,99070.0,164400.0
45001264,27067.0,99070.0,165300.0
45001265,28067.0,98548.0,166200.0
45001266,29067.0,98548.0,166200.0
45001267,28067.0,98548.0,164400.0
45001268,29067.0,98548.0,164400.0
45001269,28067.0,98548.0,165300.0
45001270,29067.0,98548.0,165300.0
45001271,16867.0,114248.0,166000.0
45001272,16867.0,114248.0,164333.0
45001273,16867.0,114248.0,165166.0
45001274,20667.0,114248.0,166000.0
45001275,20667.0,114248.0,164333.0
45001276,20667.0,114248.0,165166.0
45001277,20292.0,114848.0,166000.0
45001278,20292.0,114848.0,164333.0
45001279,20292.0,114848.0,165166.0
45001280,18142.0,114848.0,166000.0
45001281,18145.0,114848.0,166550.0
45001282,18642.0,114848.0,166550.0
45001283,19142.0,114848.0,166550.0
45001284,19639.0,114848.0,166550.0
45001285,19642.0,114848.0,166000.0
45001286,18142.0,114848.0,164333.0
45001287,19642.0,114848.0,164333.0
45001288,18142.0,114848.0,165166.0
45001289,19642.0,114848.0,165166.0
45001290,18642.0,114848.0,166000.0
45001291,19142.0,114848.0,166000.0
45001292,29267.0,114848.0,166200.0
45001293,29267.0,114848.0,164400.0
45001294,29267.0,114848.0,165300.0
45001295,20067.0,101048.0,166200.0
45001296,20067.0,101048.0,164400.0
45001297,20067.0,101048.0,165300.0
45001298,16867.0,104698.0,166200.0
45001299,16867.0,105698.0,166200.0
45001300,16867.0,104698.0,164400.0
45001301,16867.0,105698.0,164400.0
45001302,16867.0,104698.0,165300.0
45001303,16867.0,105698.0,165300.0
45001304,20667.0,106710.0,166200.0
45001305,20667.0,106710.0,164400.0
45001306,20667.0,106710.0,165300.0
45001307,23267.0,114248.0,166200.0
45001308,23267.0,114248.0,164400.0
45001309,23267.0,114248.0,165300.0
45001310,30067.0,99381.0,166200.0
45001311,30067.0,100214.0,166200.0
45001312,30067.0,100881.0,166200.0
45001313,30067.0,99381.0,164400.0
45001314,30067.0,100214.0,164400.0
45001315,30067.0,100881.0,164400.0
45001316,30067.0,99381.0,165300.0
45001317,30067.0,100881.0,165300.0
45001318,30067.0,100214.0,165300.0
45001319,30067.0,105281.0,166200.0
45001320,30067.0,106214.0,166200.0
45001321,30067.0,105281.0,164400.0
45001322,30067.0,106214.0,164400.0
45001323,30067.0,105281.0,165300.0
45001324,30067.0,106214.0,165300.0
45001325,30067.0,102481.0,166200.0
45001326,30067.0,103414.0,166200.0
45001327,30067.0,102481.0,164400.0
45001328,30067.0,103414.0,164400.0
45001329,30067.0,102481.0,165300.0
45001330,30067.0,103414.0,165300.0
45001331,60347.0,101873.0,166000.0
45001332,60347.0,102698.0,166000.0
45001333,60347.0,103523.0,166000.0
45001334,60347.0,101873.0,164333.0
45001335,60347.0,102698.0,164333.0
45001336,60347.0,103523.0,164333.0
45001337,60347.0,101873.0,165166.0
45001338,60347.0,103523.0,165166.0
45001339,60347.0,102698.0,165166.0
45001340,63747.0,111328.0,166000.0
45001341,63747.0,112208.0,166000.0
45001342,63747.0,113088.0,166000.0
45001343,63747.0,113968.0,166000.0
45001344,63747.0,111328.0,164333.0
45001345,63747.0,112208.0,164333.0
45001346,63747.0,113088.0,164333.0
45001347,63747.0,113968.0,164333.0
45001348,63747.0,111328.0,165166.0
45001349,63747.0,113968.0,165166.0
45001350,63747.0,112208.0,165166.0
45001351,63747.0,113088.0,165166.0
45001352,61022.0,114848.0,166000.0
45001353,61697.0,114848.0,166000.0
45001354,61700.0,114848.0,166550.0
45001355,62197.0,114848.0,166550.0
45001356,62697.0,114848.0,166550.0
45001357,63194.0,114848.0,166550.0
45001358,63197.0,114848.0,166000.0
45001359,61022.0,114848.0,164333.0
45001360,61697.0,114848.0,164333.0
45001361,63197.0,114848.0,164333.0
45001362,61022.0,114848.0,165166.0
45001363,63197.0,114848.0,165166.0
45001364,62197.0,114848.0,166000.0
45001365,61697.0,114848.0,165166.0
45001366,62697.0,114848.0,166000.0
45001367,52947.0,104560.0,166200.0
45001368,52947.0,105423.0,166200.0
45001369,52947.0,106285.0,166200.0
45001370,52947.0,104560.0,164400.0
45001371,52947.0,105423.0,164400.0
45001372,52947.0,106285.0,164400.0
45001373,52947.0,104560.0,165300.0
45001374,52947.0,106285.0,165300.0
45001375,52947.0,105423.0,165300.0
45001376,53722.0,98548.0,166200.0
45001377,53722.0,98548.0,164400.0
45001378,53722.0,98548.0,165300.0
45001379,52947.0,99381.0,166200.0
45001380,52947.0,100214.0,166200.0
45001381,52947.0,99381.0,164400.0
45001382,52947.0,100214.0,164400.0
45001383,52947.0,99381.0,165300.0
45001384,52947.0,100214.0,165300.0
45001385,52947.0,101931.0,166200.0
45001386,52947.0,102814.0,166200.0
45001387,52947.0,101931.0,164400.0
45001388,52947.0,102814.0,164400.0
45001389,52947.0,101931.0,165300.0
45001390,52947.0,102814.0,165300.0
45001391,53397.0,101048.0,166200.0
45001392,53397.0,101048.0,164400.0
45001393,53397.0,101048.0,165300.0
45001394,53397.0,107148.0,166300.0
45001395,53397.0,107148.0,164400.0
45001396,53397.0,107148.0,165300.0
45001397,56347.0,111328.0,166200.0
45001398,56347.0,112208.0,166200.0
45001399,56347.0,113088.0,166200.0
45001400,56347.0,111328.0,164400.0
45001401,56347.0,112208.0,164400.0
45001402,56347.0,113088.0,164400.0
45001403,56347.0,111328.0,165300.0
45001404,56347.0,113088.0,165300.0
45001405,56347.0,112208.0,165300.0
45001406,52947.0,111128.0,166300.0
45001407,52947.0,112058.0,166300.0
45001408,52947.0,112988.0,166300.0
45001409,52947.0,113918.0,166300.0
45001410,52947.0,111128.0,164333.0
45001411,52947.0,112058.0,164333.0
45001412,52947.0,112988.0,164333.0
45001413,52947.0,113918.0,164333.0
45001414,52947.0,111128.0,165166.0
45001415,52947.0,113918.0,165166.0
45001416,52947.0,112058.0,165166.0
45001417,52947.0,112988.0,165166.0
45001418,53622.0,114848.0,166000.0
45001419,54297.0,114848.0,166000.0
45001420,54300.0,114848.0,166550.0
45001421,54797.0,114848.0,166550.0
45001422,55297.0,114848.0,166550.0
45001423,55794.0,114848.0,166550.0
45001424,55797.0,114848.0,166000.0
45001425,53622.0,114848.0,164333.0
45001426,54297.0,114848.0,164333.0
45001427,55797.0,114848.0,164333.0
45001428,53622.0,114848.0,165166.0
45001429,55797.0,114848.0,165166.0
45001430,54797.0,114848.0,166000.0
45001431,54297.0,114848.0,165166.0
45001432,55297.0,114848.0,166000.0
45001433,61197.0,110448.0,166000.0
45001434,62047.0,110448.0,166000.0
45001435,62897.0,110448.0,166000.0
45001436,61197.0,110448.0,164333.0
45001437,62047.0,110448.0,164333.0
45001438,62897.0,110448.0,164333.0
45001439,61197.0,110448.0,165166.0
45001440,62897.0,110448.0,165166.0
45001441,62047.0,110448.0,165166.0
45001442,56347.0,106673.0,166200.0
45001443,56347.0,106673.0,164400.0
45001444,56347.0,106673.0,165300.0
45001445,56347.0,99381.0,166200.0
45001446,56347.0,100214.0,166200.0
45001447,56347.0,99381.0,164400.0
45001448,56347.0,100214.0,164400.0
45001449,56347.0,99381.0,165300.0
45001450,56347.0,100214.0,165300.0
45001451,63747.0,102064.0,166000.0
45001452,63747.0,103081.0,166000.0
45001453,63747.0,104098.0,166000.0
45001454,63747.0,105114.0,166000.0
45001455,63747.0,106131.0,166000.0
45001456,63747.0,102064.0,164333.0
45001457,63747.0,103081.0,164333.0
45001458,63747.0,104098.0,164333.0
45001459,63747.0,105114.0,164333.0
45001460,63747.0,106131.0,164333.0
45001461,63747.0,102064.0,165166.0
45001462,63747.0,106131.0,165166.0
45001463,63747.0,103081.0,165166.0
45001464,63747.0,104098.0,165166.0
45001465,63747.0,105114.0,165166.0
45001466,63747.0,99381.0,166000.0
45001467,63747.0,100214.0,166000.0
45001468,63747.0,99381.0,164333.0
45001469,63747.0,100214.0,164333.0
45001470,63747.0,99381.0,165166.0
45001471,63747.0,100214.0,165166.0
45001472,54680.0,101048.0,166200.0
45001473,55513.0,101048.0,166200.0
45001474,54680.0,101048.0,164400.0
45001475,55513.0,101048.0,164400.0
45001476,54680.0,101048.0,165300.0
45001477,55513.0,101048.0,165300.0
45001478,60822.0,98548.0,166000.0
45001479,61297.0,98548.0,166000.0
45001480,61300.0,98548.0,166550.0
45001481,61797.0,98548.0,166550.0
45001482,62297.0,98548.0,166550.0
45001483,62794.0,98548.0,166550.0
45001484,62797.0,98548.0,166000.0
45001485,63272.0,98548.0,166000.0
45001486,60822.0,98548.0,164333.0
45001487,61297.0,98548.0,164333.0
45001488,63272.0,98548.0,164333.0
45001489,62797.0,98548.0,164333.0
45001490,60822.0,98548.0,165166.0
45001491,63272.0,98548.0,165166.0
45001492,61797.0,98548.0,166000.0
45001493,61297.0,98548.0,165166.0
45001494,62297.0,98548.0,166000.0
45001495,62797.0,98548.0,165166.0
45001496,61197.0,101048.0,166000.0
45001497,62047.0,101048.0,166000.0
45001498,62897.0,101048.0,166000.0
45001499,61197.0,101048.0,164333.0
45001500,62047.0,101048.0,164333.0
45001501,62897.0,101048.0,164333.0
45001502,61197.0,101048.0,165166.0
45001503,62897.0,101048.0,165166.0
45001504,62047.0,101048.0,165166.0
45001505,111267.0,104698.0,166200.0
45001506,111267.0,105698.0,166200.0
45001507,111267.0,104698.0,164400.0
45001508,111267.0,105698.0,164400.0
45001509,111267.0,104698.0,165300.0
45001510,111267.0,105698.0,165300.0
45001511,108067.0,101048.0,166200.0
45001512,108067.0,101048.0,164400.0
45001513,108067.0,101048.0,165300.0
45001514,98867.0,114848.0,166200.0
45001515,98867.0,114848.0,164400.0
45001516,98867.0,114848.0,165300.0
45001517,108492.0,114848.0,166000.0
45001518,108495.0,114848.0,166550.0
45001519,108992.0,114848.0,166550.0
45001520,109492.0,114848.0,166550.0
45001521,109989.0,114848.0,166550.0
45001522,109992.0,114848.0,166000.0
45001523,108492.0,114848.0,164333.0
45001524,109992.0,114848.0,164333.0
45001525,108492.0,114848.0,165166.0
45001526,109992.0,114848.0,165166.0
45001527,108992.0,114848.0,166000.0
45001528,109492.0,114848.0,166000.0
45001529,107842.0,114848.0,166100.0
45001530,107842.0,114848.0,164366.0
45001531,107842.0,114848.0,165233.0
45001532,107467.0,114248.0,166100.0
45001533,107467.0,114248.0,164366.0
45001534,107467.0,114248.0,165233.0
45001535,111267.0,114248.0,166200.0
45001536,111267.0,114248.0,164400.0
45001537,111267.0,114248.0,165300.0
45001538,110767.0,114848.0,166100.0
45001539,110767.0,114848.0,164366.0
45001540,110767.0,114848.0,165233.0
45001541,110492.0,98548.0,166200.0
45001542,110492.0,98548.0,164400.0
45001543,110492.0,98548.0,165300.0
45001544,99067.0,98548.0,166200.0
45001545,100067.0,98548.0,166200.0
45001546,99067.0,98548.0,164400.0
45001547,100067.0,98548.0,164400.0
45001548,99067.0,98548.0,165300.0
45001549,100067.0,98548.0,165300.0
45001550,105733.0,98548.0,166200.0
45001551,106600.0,98548.0,166200.0
45001552,105733.0,98548.0,164400.0
45001553,106600.0,98548.0,164400.0
45001554,105733.0,98548.0,165300.0
45001555,106600.0,98548.0,165300.0
45001556,101067.0,99070.0,166200.0
45001557,101067.0,99070.0,164400.0
45001558,101067.0,99070.0,165300.0
45001559,104867.0,99070.0,166200.0
45001560,104867.0,99070.0,164400.0
45001561,104867.0,99070.0,165300.0
45001562,107467.0,99381.0,166200.0
45001563,107467.0,100214.0,166200.0
45001564,107467.0,99381.0,164400.0
45001565,107467.0,100214.0,164400.0
45001566,107467.0,99381.0,165300.0
45001567,107467.0,100214.0,165300.0
45001568,109517.0,101048.0,166200.0
45001569,109517.0,101048.0,164400.0
45001570,109517.0,101048.0,165300.0
45001571,110817.0,101048.0,166200.0
45001572,110817.0,101048.0,164400.0
45001573,110817.0,101048.0,165300.0
45001574,111267.0,99381.0,166200.0
45001575,111267.0,100214.0,166200.0
45001576,111267.0,99381.0,164400.0
45001577,111267.0,100214.0,164400.0
45001578,111267.0,99381.0,165300.0
45001579,111267.0,100214.0,165300.0
45001580,111267.0,101931.0,166200.0
45001581,111267.0,102814.0,166200.0
45001582,111267.0,101931.0,164400.0
45001583,111267.0,102814.0,164400.0
45001584,111267.0,101931.0,165300.0
45001585,111267.0,102814.0,165300.0
45001586,99067.0,107148.0,166200.0
45001587,100067.0,107148.0,166200.0
45001588,99067.0,107148.0,164400.0
45001589,100067.0,107148.0,164400.0
45001590,99067.0,107148.0,165300.0
45001591,100067.0,107148.0,165300.0
45001592,101067.0,106723.0,166200.0
45001593,101067.0,106723.0,164400.0
45001594,101067.0,106723.0,165300.0
45001595,104867.0,106723.0,166200.0
45001596,104867.0,106723.0,164400.0
45001597,104867.0,106723.0,165300.0
45001598,105733.0,107139.0,166500.0
45001599,106600.0,107131.0,166500.0
45001600,105733.0,107139.0,164400.0
45001601,106600.0,107131.0,164400.0
45001602,105733.0,107139.0,165300.0
45001603,106600.0,107131.0,165300.0
45001604,110817.0,107148.0,166300.0
45001605,110817.0,107148.0,164400.0
45001606,110817.0,107148.0,165300.0
45001607,104867.0,109345.0,166200.0
45001608,104867.0,109345.0,164400.0
45001609,104867.0,109345.0,165300.0
45001610,105733.0,108798.0,166500.0
45001611,106600.0,108798.0,166500.0
45001612,105733.0,108798.0,164400.0
45001613,106600.0,108798.0,164400.0
45001614,105733.0,108798.0,165300.0
45001615,106600.0,108798.0,165300.0
45001616,107467.0,109345.0,166200.0
45001617,107467.0,109345.0,164400.0
45001618,107467.0,109345.0,165300.0
45001619,98067.0,111448.0,166500.0
45001620,98067.0,112448.0,166500.0
45001621,98067.0,111448.0,164400.0
45001622,98067.0,112448.0,164400.0
45001623,98067.0,111448.0,165300.0
45001624,98067.0,112448.0,165300.0
45001625,100567.0,110448.0,166200.0
45001626,100567.0,110448.0,164400.0
45001627,100567.0,110448.0,165300.0
45001628,100367.0,113448.0,166500.0
45001629,100367.0,113448.0,164400.0
45001630,100367.0,113448.0,165300.0
45001631,101067.0,111448.0,166200.0
45001632,101067.0,112448.0,166200.0
45001633,101067.0,111448.0,164400.0
45001634,101067.0,112448.0,164400.0
45001635,101067.0,111448.0,165300.0
45001636,101067.0,112448.0,165300.0
45001637,98067.0,114148.0,166200.0
45001638,98067.0,114148.0,164400.0
45001639,98067.0,114148.0,165300.0
45001640,111267.0,111060.0,166200.0
45001641,111267.0,111923.0,166200.0
45001642,111267.0,112785.0,166200.0
45001643,111267.0,111060.0,164400.0
45001644,111267.0,111923.0,164400.0
45001645,111267.0,112785.0,164400.0
45001646,111267.0,111060.0,165300.0
45001647,111267.0,112785.0,165300.0
45001648,111267.0,111923.0,165300.0
45001649,100367.0,114848.0,166200.0
45001650,100367.0,114848.0,164400.0
45001651,100367.0,114848.0,165300.0
45001652,105733.0,114848.0,166200.0
45001653,106600.0,114848.0,166200.0
45001654,105733.0,114848.0,164400.0
45001655,106600.0,114848.0,164400.0
45001656,105733.0,114848.0,165300.0
45001657,106600.0,114848.0,165300.0
45001658,107467.0,106710.0,166200.0
45001659,107467.0,106710.0,164400.0
45001660,107467.0,106710.0,165300.0
45001661,98067.0,102481.0,166200.0
45001662,98067.0,103414.0,166200.0
45001663,98067.0,102481.0,164400.0
45001664,98067.0,103414.0,164400.0
45001665,98067.0,102481.0,165300.0
45001666,98067.0,103414.0,165300.0
45001667,98067.0,105281.0,166200.0
45001668,98067.0,106214.0,166200.0
45001669,98067.0,105281.0,164400.0
45001670,98067.0,106214.0,164400.0
45001671,98067.0,105281.0,165300.0
45001672,98067.0,106214.0,165300.0
45001673,104867.0,114248.0,166200.0
45001674,104867.0,114248.0,164400.0
45001675,104867.0,114248.0,165300.0
45001676,98067.0,99381.0,166200.0
45001677,98067.0,100214.0,166200.0
45001678,98067.0,99381.0,164400.0
45001679,98067.0,100214.0,164400.0
45001680,98067.0,99381.0,165300.0
45001681,98067.0,100214.0,165300.0
45001682,24217.0,113842.0,167100.0
45001683,24217.0,112888.0,167100.0
45001684,24217.0,111942.0,167100.0
45001685,24217.0,110977.0,167100.0
45001686,24217.0,109999.0,167100.0
45001687,24217.0,109011.0,167100.0
45001688,24217.0,108071.0,167100.0
45001689,25167.0,113929.0,167100.0
45001690,25167.0,113007.0,167100.0
45001691,25167.0,112066.0,167100.0
45001692,25167.0,111102.0,167100.0
45001693,25167.0,110119.0,167100.0
45001694,25167.0,109126.0,167100.0
45001695,25167.0,108135.0,167100.0
45001696,26117.0,114015.0,167100.0
45001697,26117.0,113157.0,167100.0
45001698,26117.0,112223.0,167100.0
45001699,26117.0,111253.0,167100.0
45001700,26117.0,110256.0,167100.0
45001701,26117.0,109228.0,167100.0
45001702,26117.0,108189.0,167100.0
45001703,27767.0,114148.0,167100.0
45001704,29267.0,114148.0,167100.0
45001705,17833.0,112807.0,167100.0
45001706,17803.0,111978.0,167100.0
45001707,17814.0,109560.0,167100.0
45001708,17803.0,110360.0,167100.0
45001709,17797.0,111175.0,167100.0
45001710,18747.0,110499.0,167100.0
45001711,18711.0,111308.0,167100.0
45001712,18758.0,109644.0,167100.0
45001713,18725.0,111989.0,167100.0
45001714,18796.0,112799.0,167100.0
45001715,19605.0,111720.0,167100.0
45001716,19687.0,110724.0,167100.0
45001717,19711.0,109759.0,167100.0
45001718,19736.0,112715.0,167100.0
45001719,17727.0,107952.0,167100.0
45001720,18522.0,107951.0,167100.0
45001721,19173.0,107945.0,167100.0
45001722,19928.0,107945.0,167100.0
45001723,21533.0,107964.0,167100.0
45001724,22400.0,107968.0,167100.0
45001725,24217.0,106235.0,167100.0
45001726,24217.0,105296.0,167100.0
45001727,25167.0,106224.0,167100.0
45001728,25167.0,105289.0,167100.0
45001729,26117.0,106235.0,167100.0
45001730,26117.0,105296.0,167100.0
45001731,17733.0,100214.0,167100.0
45001732,17704.0,99381.0,167100.0
45001733,18596.0,100214.0,167100.0
45001734,18559.0,99381.0,167100.0
45001735,24217.0,103414.0,167100.0
45001736,24217.0,102481.0,167100.0
45001737,25167.0,103414.0,167100.0
45001738,25167.0,102481.0,167100.0
45001739,26117.0,103414.0,167100.0
45001740,26117.0,102481.0,167100.0
45001741,24217.0,100556.0,167100.0
45001742,24217.0,99559.0,167100.0
45001743,25167.0,100552.0,167100.0
45001744,25167.0,99553.0,167100.0
45001745,26117.0,100556.0,167100.0
45001746,26117.0,99559.0,167100.0
45001747,53835.0,107943.0,167100.0
45001748,54736.0,107923.0,167100.0
45001749,55602.0,107903.0,167100.0
45001750,109538.0,100214.0,167100.0
45001751,109574.0,99381.0,167100.0
45001752,110401.0,100214.0,167100.0
45001753,110429.0,99381.0,167100.0
45001754,98867.0,114148.0,167100.0
45001755,100367.0,114148.0,167100.0
45001756,108372.0,112745.0,167100.0
45001757,108436.0,111814.0,167100.0
45001758,108445.0,109786.0,167100.0
45001759,108536.0,110807.0,167100.0
45001760,109424.0,111113.0,167100.0
45001761,109371.0,111930.0,167100.0
45001762,109425.0,110435.0,167100.0
45001763,109388.0,109627.0,167100.0
45001764,109326.0,112783.0,167100.0
45001765,110341.0,110329.0,167100.0
45001766,110337.0,111124.0,167100.0
45001767,110328.0,109547.0,167100.0
45001768,110293.0,112795.0,167100.0
45001769,110320.0,111948.0,167100.0
45001770,101998.0,100556.0,167100.0
45001771,101962.0,99558.0,167100.0
45001772,102940.0,100552.0,167100.0
45001773,102881.0,99553.0,167100.0
45001774,103898.0,100556.0,167100.0
45001775,103862.0,99559.0,167100.0
45001776,108205.0,107945.0,167100.0
45001777,108960.0,107945.0,167100.0
45001778,109611.0,107951.0,167100.0
45001779,110406.0,107952.0,167100.0
45001780,102017.0,106235.0,167100.0
45001781,102017.0,105296.0,167100.0
45001782,102967.0,106224.0,167100.0
45001783,102967.0,105289.0,167100.0
45001784,103917.0,106235.0,167100.0
45001785,103917.0,105296.0,167100.0
45001786,101960.0,114011.0,167100.0
45001787,101992.0,113153.0,167100.0
45001788,102002.0,112222.0,167100.0
45001789,102007.0,111252.0,167100.0
45001790,102010.0,110256.0,167100.0
45001791,102012.0,109228.0,167100.0
45001792,102014.0,108190.0,167100.0
45001793,102877.0,113924.0,167100.0
45001794,102929.0,113003.0,167100.0
45001795,102946.0,112064.0,167100.0
45001796,102953.0,111102.0,167100.0
45001797,102957.0,110120.0,167100.0
45001798,102960.0,109127.0,167100.0
45001799,102963.0,108135.0,167100.0
45001800,103858.0,113839.0,167100.0
45001801,103890.0,112886.0,167100.0
45001802,103902.0,111941.0,167100.0
45001803,103907.0,110977.0,167100.0
45001804,103910.0,110000.0,167100.0
45001805,103912.0,109011.0,167100.0
45001806,103914.0,108072.0,167100.0
45001807,102017.0,103414.0,167100.0
45001808,102017.0,102481.0,167100.0
45001809,102967.0,103414.0,167100.0
45001810,102967.0,102481.0,167100.0
45001811,103917.0,103414.0,167100.0
45001812,103917.0,102481.0,167100.0
45001813,105733.0,107968.0,167100.0
45001814,106600.0,107964.0,167100.0
46000001,23267.0,114848.0,170700.0
46000002,27067.0,114848.0,170700.0
46000003,20667.0,114848.0,170700.0
46000004,30067.0,114848.0,170700.0
46000005,27067.0,113448.0,170700.0
46000006,27067.0,110448.0,170700.0
46000007,30067.0,113448.0,170700.0
46000008,20667.0,111848.0,170700.0
46000009,20667.0,108798.0,170700.0
46000010,23267.0,111848.0,170700.0
46000011,16867.0,108748.0,170700.0
46000012,23267.0,108798.0,170700.0
46000013,16867.0,107148.0,170700.0
46000014,30067.0,107148.0,170700.0
46000015,23267.0,107148.0,170700.0
46000016,20667.0,107123.0,170700.0
46000017,27067.0,107148.0,170700.0
46000018,16867.0,101048.0,170700.0
46000019,17767.0,107148.0,170700.0
46000020,17767.0,101048.0,170700.0
46000021,20667.0,104348.0,170700.0
46000022,23267.0,104348.0,170700.0
46000023,27067.0,104348.0,170700.0
46000024,20667.0,101548.0,170700.0
46000025,20667.0,101048.0,170700.0
46000026,23267.0,101548.0,170700.0
46000027,27067.0,101548.0,170700.0
46000028,20667.0,98548.0,170700.0
46000029,23267.0,98548.0,170700.0
46000030,27067.0,98548.0,170700.0
46000031,16867.0,110198.0,170700.0
46000032,30067.0,110448.0,170700.0
46000033,23267.0,109893.0,170700.0
46000034,28067.0,110448.0,170700.0
46000035,23267.0,106298.0,170700.0
46000036,27067.0,106298.0,170700.0
46000037,20167.0,107098.0,170700.0
46000038,23267.0,99593.0,170700.0
46000039,27067.0,99593.0,170700.0
46000040,18417.0,98548.0,170700.0
46000041,20667.0,113648.0,170700.0
46000042,16867.0,113648.0,170700.0
46000043,19917.0,113648.0,170700.0
46000044,19917.0,114848.0,170700.0
46000045,17867.0,113648.0,170700.0
46000046,17867.0,114848.0,170700.0
46000047,28467.0,113448.0,170700.0
46000048,28467.0,114848.0,170700.0
46000049,19467.0,98548.0,170700.0
46000050,19467.0,101048.0,170700.0
46000051,17767.0,103698.0,170700.0
46000052,16867.0,103698.0,170700.0
46000053,20667.0,106298.0,170700.0
46000054,23267.0,113648.0,170700.0
46000055,20667.0,109893.0,170700.0
46000056,4867.0,114848.0,170700.0
46000057,4867.0,106698.0,170700.0
46000058,4867.0,98548.0,170700.0
46000059,4867.0,87098.0,170700.0
46000060,4867.0,126298.0,170700.0
46000061,9467.0,126348.0,170700.0
46000062,13067.0,126348.0,170700.0
46000063,124067.0,114848.0,170700.0
46000064,124067.0,106698.0,170700.0
46000065,124067.0,98548.0,170700.0
46000066,124067.0,87098.0,170700.0
46000067,124067.0,126298.0,170700.0
46000068,30067.0,98548.0,170700.0
46000069,30067.0,104348.0,170700.0
46000070,30067.0,101548.0,170700.0
46000071,13067.0,87048.0,170700.0
46000072,9467.0,87048.0,170700.0
46000073,63747.0,110448.0,170700.0
46000074,60347.0,101048.0,170700.0
46000075,60347.0,107048.0,170700.0
46000076,63747.0,107148.0,170700.0
46000077,52947.0,114848.0,170700.0
46000078,56347.0,108748.0,170700.0
46000079,52947.0,103698.0,170700.0
46000080,53847.0,103698.0,170700.0
46000081,54497.0,98548.0,170700.0
46000082,56347.0,110448.0,170700.0
46000083,52947.0,110198.0,170700.0
46000084,56347.0,113448.0,170700.0
46000085,52947.0,101048.0,170700.0
46000086,53847.0,101048.0,170700.0
46000087,53847.0,107148.0,170700.0
46000088,52947.0,107148.0,170700.0
46000089,56347.0,107048.0,170700.0
46000090,52947.0,108748.0,170700.0
46000091,56347.0,101548.0,170700.0
46000092,55947.0,107048.0,170700.0
46000093,56347.0,106298.0,170700.0
46000094,60347.0,110448.0,170700.0
46000095,56347.0,104348.0,170700.0
46000096,56347.0,101048.0,170700.0
46000097,63747.0,101048.0,170700.0
46000098,52947.0,98548.0,170700.0
46000099,60347.0,104348.0,170700.0
46000100,119800.0,87048.0,170700.0
46000101,115533.0,87048.0,170700.0
46000102,111267.0,103698.0,170700.0
46000103,110367.0,103698.0,170700.0
46000104,108667.0,101048.0,170700.0
46000105,108667.0,98548.0,170700.0
46000106,99667.0,114848.0,170700.0
46000107,99667.0,113448.0,170700.0
46000108,110267.0,114848.0,170700.0
46000109,110267.0,113648.0,170700.0
46000110,108217.0,114848.0,170700.0
46000111,108217.0,113648.0,170700.0
46000112,111267.0,113648.0,170700.0
46000113,107467.0,113648.0,170700.0
46000114,109717.0,98548.0,170700.0
46000115,101067.0,99593.0,170700.0
46000116,104867.0,99593.0,170700.0
46000117,107967.0,107098.0,170700.0
46000118,101067.0,106298.0,170700.0
46000119,104867.0,106298.0,170700.0
46000120,100067.0,110448.0,170700.0
46000121,104867.0,109893.0,170700.0
46000122,98067.0,110448.0,170700.0
46000123,111267.0,110198.0,170700.0
46000124,101067.0,98548.0,170700.0
46000125,104867.0,98548.0,170700.0
46000126,107467.0,98548.0,170700.0
46000127,101067.0,101548.0,170700.0
46000128,104867.0,101548.0,170700.0
46000129,107467.0,101048.0,170700.0
46000130,107467.0,101548.0,170700.0
46000131,101067.0,104348.0,170700.0
46000132,104867.0,104348.0,170700.0
46000133,107467.0,104348.0,170700.0
46000134,110367.0,101048.0,170700.0
46000135,110367.0,107148.0,170700.0
46000136,111267.0,101048.0,170700.0
46000137,101067.0,107148.0,170700.0
46000138,107467.0,107123.0,170700.0
46000139,104867.0,107148.0,170700.0
46000140,98067.0,107148.0,170700.0
46000141,111267.0,107148.0,170700.0
46000142,104867.0,108798.0,170700.0
46000143,111267.0,108748.0,170700.0
46000144,104867.0,111848.0,170700.0
46000145,107467.0,108798.0,170700.0
46000146,107467.0,111848.0,170700.0
46000147,98067.0,113448.0,170700.0
46000148,101067.0,110448.0,170700.0
46000149,101067.0,113448.0,170700.0
46000150,98067.0,114848.0,170700.0
46000151,107467.0,114848.0,170700.0
46000152,101067.0,114848.0,170700.0
46000153,104867.0,114848.0,170700.0
46000154,107467.0,106298.0,170700.0
46000155,98067.0,101548.0,170700.0
46000156,98067.0,104348.0,170700.0
46000157,107467.0,109893.0,170700.0
46000158,104867.0,113648.0,170700.0
46000159,98067.0,101048.0,170700.0
46000160,98067.0,98548.0,170700.0
46000161,56347.0,98548.0,170700.0
46000162,63747.0,98548.0,170700.0
46000163,56347.0,114848.0,170700.0
46000164,60347.0,114848.0,170700.0
46000165,60347.0,98548.0,170700.0
46000166,63747.0,114848.0,170700.0
46000167,16867.0,114848.0,170700.0
46000168,30067.0,126298.0,170700.0
46000169,16867.0,106698.0,170700.0
46000170,16867.0,98548.0,170700.0
46000171,16867.0,87098.0,170700.0
46000172,16867.0,126298.0,170700.0
46000173,30067.0,87098.0,170700.0
46000174,111267.0,98548.0,170700.0
46000175,111267.0,87098.0,170700.0
46000176,111267.0,126298.0,170700.0
46000177,98067.0,87098.0,170700.0
46000178,98067.0,126298.0,170700.0
46000179,111267.0,106698.0,170700.0
46000180,111267.0,114848.0,170700.0
46000181,41507.0,87098.0,170700.0
46000182,41507.0,126298.0,170700.0
46000183,52947.0,87098.0,170700.0
46000184,52947.0,126298.0,170700.0
46000185,75187.0,87098.0,170700.0
46000186,75187.0,126298.0,170700.0
46000187,86627.0,126298.0,170700.0
46000188,86627.0,87098.0,170700.0
46000189,63747.0,87098.0,170700.0
46000190,63747.0,126298.0,170700.0
46000191,102700.0,126348.0,170700.0
46000192,102700.0,114848.0,170700.0
46000193,102700.0,87048.0,170700.0
46000194,102700.0,98548.0,170700.0
46000195,119800.0,126348.0,170700.0
46000196,115533.0,126348.0,170700.0
46000197,107467.0,87048.0,170700.0
46000198,107467.0,126348.0,170700.0
46000199,92347.0,126348.0,170700.0
46000200,92347.0,87048.0,170700.0
46000201,80907.0,126348.0,170700.0
46000202,80907.0,87048.0,170700.0
46000203,69442.0,126348.0,170700.0
46000204,69442.0,87048.0,170700.0
46000205,47227.0,126348.0,170700.0
46000206,47227.0,87048.0,170700.0
46000207,58347.0,98548.0,170700.0
46000208,58347.0,87048.0,170700.0
46000209,58347.0,114848.0,170700.0
46000210,58347.0,126348.0,170700.0
46000211,35787.0,126348.0,170700.0
46000212,35787.0,87048.0,170700.0
46000213,25167.0,114848.0,170700.0
46000214,25167.0,126348.0,170700.0
46000215,25167.0,98548.0,170700.0
46000216,25167.0,87048.0,170700.0
46000217,20667.0,87048.0,170700.0
46000218,20667.0,126348.0,170700.0
46000219,86627.0,98548.0,170700.0
46000220,86627.0,114848.0,170700.0
46000221,86627.0,107148.0,170700.0
46000222,75187.0,98548.0,170700.0
46000223,75187.0,114848.0,170700.0
46000224,75187.0,107148.0,170700.0
46000225,13067.0,98548.0,170700.0
46000226,13067.0,114848.0,170700.0
46000227,13067.0,106698.0,170700.0
46000228,9467.0,98548.0,170700.0
46000229,9467.0,114848.0,170700.0
46000230,9467.0,106698.0,170700.0
46000231,119800.0,98548.0,170700.0
46000232,119800.0,114848.0,170700.0
46000233,119800.0,106698.0,170700.0
46000234,115533.0,98548.0,170700.0
46000235,115533.0,114848.0,170700.0
46000236,115533.0,106698.0,170700.0
46000237,92347.0,98548.0,170700.0
46000238,80907.0,98548.0,170700.0
46000239,69442.0,98548.0,170700.0
46000240,47227.0,98548.0,170700.0
46000241,35787.0,98548.0,170700.0
46000242,41507.0,98548.0,170700.0
46000243,92347.0,114848.0,170700.0
46000244,80907.0,114848.0,170700.0
46000245,69442.0,114848.0,170700.0
46000246,47227.0,114848.0,170700.0
46000247,35787.0,114848.0,170700.0
46000248,41507.0,114848.0,170700.0
46000249,47227.0,107148.0,170700.0
46000250,35787.0,107148.0,170700.0
46000251,41507.0,107148.0,170700.0
46000252,92347.0,107148.0,170700.0
46000253,80907.0,107148.0,170700.0
46000254,69442.0,107148.0,170700.0
46000255,16867.0,108748.0,169900.0
46000256,16867.0,110198.0,169900.0
46000257,27067.0,113448.0,170100.0
46000258,27067.0,114848.0,170100.0
46000259,20667.0,107123.0,170100.0
46000260,20667.0,108798.0,170100.0
46000261,28067.0,110448.0,170100.0
46000262,30067.0,110448.0,170100.0
46000263,16867.0,107148.0,169900.0
46000264,23267.0,107148.0,170100.0
46000265,23267.0,108798.0,170100.0
46000266,17767.0,107148.0,170000.0
46000267,20167.0,107098.0,170000.0
46000268,18417.0,98548.0,169900.0
46000269,19467.0,98548.0,169900.0
46000270,28467.0,113448.0,170100.0
46000271,30067.0,113448.0,170100.0
46000272,20667.0,98548.0,169900.0
46000273,52947.0,107148.0,169900.0
46000274,52947.0,108748.0,169900.0
46000275,56347.0,113448.0,170100.0
46000276,56347.0,114848.0,170100.0
46000277,52947.0,110198.0,169900.0
46000278,53847.0,107148.0,170000.0
46000279,55947.0,107048.0,170000.0
46000280,54497.0,98548.0,169900.0
46000281,56347.0,98548.0,169900.0
46000282,107467.0,98548.0,169900.0
46000283,108667.0,98548.0,169900.0
46000284,98067.0,113448.0,170100.0
46000285,99667.0,113448.0,170100.0
46000286,107967.0,107098.0,170000.0
46000287,110367.0,107148.0,170000.0
46000288,104867.0,107148.0,170100.0
46000289,104867.0,108798.0,170100.0
46000290,111267.0,107148.0,169900.0
46000291,111267.0,108748.0,169900.0
46000292,107467.0,107123.0,170100.0
46000293,107467.0,108798.0,170100.0
46000294,101067.0,113448.0,170100.0
46000295,101067.0,114848.0,170100.0
46000296,111267.0,110198.0,169900.0
46000297,98067.0,110448.0,170100.0
46000298,100067.0,110448.0,170100.0
46000299,109717.0,98548.0,169900.0
46000300,17367.0,114848.0,170700.0
46000301,21533.0,114848.0,170700.0
46000302,22400.0,114848.0,170700.0
46000303,27767.0,114848.0,170700.0
46000304,16867.0,111060.0,170700.0
46000305,16867.0,111923.0,170700.0
46000306,16867.0,112785.0,170700.0
46000307,16867.0,109110.0,170700.0
46000308,16867.0,109473.0,170700.0
46000309,16867.0,109835.0,170700.0
46000310,27067.0,113798.0,170700.0
46000311,27067.0,114148.0,170700.0
46000312,27067.0,114498.0,170700.0
46000313,30067.0,114148.0,170700.0
46000314,27067.0,111448.0,170700.0
46000315,27067.0,112448.0,170700.0
46000316,27767.0,113448.0,170700.0
46000317,27567.0,110448.0,170700.0
46000318,30067.0,111448.0,170700.0
46000319,30067.0,112448.0,170700.0
46000320,20667.0,109345.0,170700.0
46000321,20667.0,107541.0,170700.0
46000322,20667.0,107960.0,170700.0
46000323,20667.0,108379.0,170700.0
46000324,21533.0,108798.0,170700.0
46000325,22400.0,108798.0,170700.0
46000326,23267.0,109345.0,170700.0
46000327,28567.0,110448.0,170700.0
46000328,29067.0,110448.0,170700.0
46000329,29567.0,110448.0,170700.0
46000330,16867.0,107548.0,170700.0
46000331,16867.0,107948.0,170700.0
46000332,16867.0,108348.0,170700.0
46000333,23267.0,107560.0,170700.0
46000334,23267.0,107973.0,170700.0
46000335,23267.0,108385.0,170700.0
46000336,17317.0,107148.0,170700.0
46000337,21533.0,107131.0,170700.0
46000338,22400.0,107139.0,170700.0
46000339,23267.0,106723.0,170700.0
46000340,27067.0,106723.0,170700.0
46000341,28067.0,107148.0,170700.0
46000342,29067.0,107148.0,170700.0
46000343,16867.0,101931.0,170700.0
46000344,16867.0,102814.0,170700.0
46000345,16867.0,99381.0,170700.0
46000346,16867.0,100214.0,170700.0
46000347,17317.0,101048.0,170700.0
46000348,18167.0,107139.0,170700.0
46000349,18567.0,107131.0,170700.0
46000350,18967.0,107123.0,170700.0
46000351,19367.0,107114.0,170700.0
46000352,19767.0,107106.0,170700.0
46000353,18617.0,101048.0,170700.0
46000354,20667.0,99381.0,170700.0
46000355,20667.0,100214.0,170700.0
46000356,17642.0,98548.0,170700.0
46000357,18942.0,98548.0,170700.0
46000358,21533.0,98548.0,170700.0
46000359,22400.0,98548.0,170700.0
46000360,23267.0,99070.0,170700.0
46000361,27067.0,99070.0,170700.0
46000362,28067.0,98548.0,170700.0
46000363,29067.0,98548.0,170700.0
46000364,16867.0,114248.0,170700.0
46000365,20667.0,114248.0,170700.0
46000366,20292.0,114848.0,170700.0
46000367,18142.0,114848.0,170700.0
46000368,18642.0,114848.0,170700.0
46000369,19142.0,114848.0,170700.0
46000370,19642.0,114848.0,170700.0
46000371,29267.0,114848.0,170700.0
46000372,28867.0,113448.0,170700.0
46000373,29267.0,113448.0,170700.0
46000374,29667.0,113448.0,170700.0
46000375,20067.0,101048.0,170700.0
46000376,20067.0,98548.0,170700.0
46000377,16867.0,104698.0,170700.0
46000378,16867.0,105698.0,170700.0
46000379,20667.0,106710.0,170700.0
46000380,23267.0,114248.0,170700.0
46000381,30067.0,99381.0,170700.0
46000382,30067.0,100214.0,170700.0
46000383,30067.0,100881.0,170700.0
46000384,30067.0,105281.0,170700.0
46000385,30067.0,106214.0,170700.0
46000386,30067.0,102481.0,170700.0
46000387,30067.0,103414.0,170700.0
46000388,60347.0,101873.0,170700.0
46000389,60347.0,102698.0,170700.0
46000390,60347.0,103523.0,170700.0
46000391,63747.0,111328.0,170700.0
46000392,63747.0,112208.0,170700.0
46000393,63747.0,113088.0,170700.0
46000394,63747.0,113968.0,170700.0
46000395,61022.0,114848.0,170700.0
46000396,61697.0,114848.0,170700.0
46000397,62197.0,114848.0,170700.0
46000398,62697.0,114848.0,170700.0
46000399,63197.0,114848.0,170700.0
46000400,52947.0,104560.0,170700.0
46000401,52947.0,105423.0,170700.0
46000402,52947.0,106285.0,170700.0
46000403,53722.0,98548.0,170700.0
46000404,52947.0,99381.0,170700.0
46000405,52947.0,100214.0,170700.0
46000406,52947.0,101931.0,170700.0
46000407,52947.0,102814.0,170700.0
46000408,53397.0,101048.0,170700.0
46000409,53397.0,107148.0,170700.0
46000410,52947.0,107548.0,170700.0
46000411,52947.0,107948.0,170700.0
46000412,52947.0,108348.0,170700.0
46000413,56347.0,111328.0,170700.0
46000414,56347.0,112208.0,170700.0
46000415,56347.0,113088.0,170700.0
46000416,56347.0,113798.0,170700.0
46000417,56347.0,114148.0,170700.0
46000418,56347.0,114498.0,170700.0
46000419,52947.0,109110.0,170700.0
46000420,52947.0,109473.0,170700.0
46000421,52947.0,109835.0,170700.0
46000422,52947.0,111128.0,170700.0
46000423,52947.0,112058.0,170700.0
46000424,52947.0,112988.0,170700.0
46000425,52947.0,113918.0,170700.0
46000426,53622.0,114848.0,170700.0
46000427,54297.0,114848.0,170700.0
46000428,54797.0,114848.0,170700.0
46000429,55297.0,114848.0,170700.0
46000430,55797.0,114848.0,170700.0
46000431,54372.0,107123.0,170700.0
46000432,54897.0,107098.0,170700.0
46000433,55422.0,107073.0,170700.0
46000434,61197.0,110448.0,170700.0
46000435,62047.0,110448.0,170700.0
46000436,62897.0,110448.0,170700.0
46000437,56347.0,106673.0,170700.0
46000438,56347.0,99381.0,170700.0
46000439,56347.0,100214.0,170700.0
46000440,54959.0,98548.0,170700.0
46000441,55422.0,98548.0,170700.0
46000442,55884.0,98548.0,170700.0
46000443,63747.0,102064.0,170700.0
46000444,63747.0,103081.0,170700.0
46000445,63747.0,104098.0,170700.0
46000446,63747.0,105114.0,170700.0
46000447,63747.0,106131.0,170700.0
46000448,63747.0,99381.0,170700.0
46000449,63747.0,100214.0,170700.0
46000450,54680.0,101048.0,170700.0
46000451,55513.0,101048.0,170700.0
46000452,60822.0,98548.0,170700.0
46000453,61297.0,98548.0,170700.0
46000454,61797.0,98548.0,170700.0
46000455,62297.0,98548.0,170700.0
46000456,62797.0,98548.0,170700.0
46000457,63272.0,98548.0,170700.0
46000458,61197.0,101048.0,170700.0
46000459,62047.0,101048.0,170700.0
46000460,62897.0,101048.0,170700.0
46000461,111267.0,104698.0,170700.0
46000462,111267.0,105698.0,170700.0
46000463,108067.0,98548.0,170700.0
46000464,108067.0,101048.0,170700.0
46000465,98467.0,113448.0,170700.0
46000466,98867.0,113448.0,170700.0
46000467,99267.0,113448.0,170700.0
46000468,98867.0,114848.0,170700.0
46000469,108492.0,114848.0,170700.0
46000470,108992.0,114848.0,170700.0
46000471,109492.0,114848.0,170700.0
46000472,109992.0,114848.0,170700.0
46000473,107842.0,114848.0,170700.0
46000474,107467.0,114248.0,170700.0
46000475,111267.0,114248.0,170700.0
46000476,110767.0,114848.0,170700.0
46000477,110492.0,98548.0,170700.0
46000478,99067.0,98548.0,170700.0
46000479,100067.0,98548.0,170700.0
46000480,105733.0,98548.0,170700.0
46000481,106600.0,98548.0,170700.0
46000482,101067.0,99070.0,170700.0
46000483,104867.0,99070.0,170700.0
46000484,107467.0,99381.0,170700.0
46000485,107467.0,100214.0,170700.0
46000486,109517.0,101048.0,170700.0
46000487,108367.0,107106.0,170700.0
46000488,108767.0,107114.0,170700.0
46000489,109167.0,107123.0,170700.0
46000490,109567.0,107131.0,170700.0
46000491,109967.0,107139.0,170700.0
46000492,110817.0,101048.0,170700.0
46000493,111267.0,99381.0,170700.0
46000494,111267.0,100214.0,170700.0
46000495,111267.0,101931.0,170700.0
46000496,111267.0,102814.0,170700.0
46000497,99067.0,107148.0,170700.0
46000498,100067.0,107148.0,170700.0
46000499,101067.0,106723.0,170700.0
46000500,104867.0,106723.0,170700.0
46000501,105733.0,107139.0,170700.0
46000502,106600.0,107131.0,170700.0
46000503,110817.0,107148.0,170700.0
46000504,104867.0,107560.0,170700.0
46000505,104867.0,107973.0,170700.0
46000506,104867.0,108385.0,170700.0
46000507,111267.0,107548.0,170700.0
46000508,111267.0,107948.0,170700.0
46000509,111267.0,108348.0,170700.0
46000510,104867.0,109345.0,170700.0
46000511,105733.0,108798.0,170700.0
46000512,106600.0,108798.0,170700.0
46000513,107467.0,107541.0,170700.0
46000514,107467.0,107960.0,170700.0
46000515,107467.0,108379.0,170700.0
46000516,107467.0,109345.0,170700.0
46000517,98067.0,111448.0,170700.0
46000518,98067.0,112448.0,170700.0
46000519,100567.0,110448.0,170700.0
46000520,100367.0,113448.0,170700.0
46000521,101067.0,111448.0,170700.0
46000522,101067.0,112448.0,170700.0
46000523,98067.0,114148.0,170700.0
46000524,101067.0,113798.0,170700.0
46000525,101067.0,114148.0,170700.0
46000526,101067.0,114498.0,170700.0
46000527,111267.0,109110.0,170700.0
46000528,111267.0,109473.0,170700.0
46000529,111267.0,109835.0,170700.0
46000530,111267.0,111060.0,170700.0
46000531,111267.0,111923.0,170700.0
46000532,111267.0,112785.0,170700.0
46000533,100367.0,114848.0,170700.0
46000534,105733.0,114848.0,170700.0
46000535,106600.0,114848.0,170700.0
46000536,107467.0,106710.0,170700.0
46000537,98067.0,102481.0,170700.0
46000538,98067.0,103414.0,170700.0
46000539,98067.0,105281.0,170700.0
46000540,98067.0,106214.0,170700.0
46000541,104867.0,114248.0,170700.0
46000542,98067.0,99381.0,170700.0
46000543,98067.0,100214.0,170700.0
46000544,98567.0,110448.0,170700.0
46000545,99067.0,110448.0,170700.0
46000546,99567.0,110448.0,170700.0
46000547,109192.0,98548.0,170700.0
46000548,16867.0,114848.0,169600.0
46000549,16867.0,114848.0,168766.0
46000550,16867.0,114848.0,167933.0
46000551,17867.0,114848.0,169600.0
46000552,17867.0,114848.0,168766.0
46000553,17867.0,114848.0,167933.0
46000554,20667.0,114848.0,169600.0
46000555,20667.0,114848.0,168766.0
46000556,20667.0,114848.0,167933.0
46000557,23267.0,114848.0,169700.0
46000558,23267.0,114848.0,168833.0
46000559,23267.0,114848.0,167966.0
46000560,28467.0,114848.0,169800.0
46000561,28467.0,114848.0,168900.0
46000562,28467.0,114848.0,168000.0
46000563,27067.0,110448.0,169800.0
46000564,27067.0,110448.0,168900.0
46000565,27067.0,110448.0,168000.0
46000566,20667.0,109893.0,169800.0
46000567,20667.0,109893.0,168900.0
46000568,20667.0,109893.0,168000.0
46000569,16867.0,113648.0,169600.0
46000570,16867.0,113648.0,168766.0
46000571,16867.0,113648.0,167933.0
46000572,23267.0,109893.0,169800.0
46000573,23267.0,109893.0,168900.0
46000574,23267.0,109893.0,168000.0
46000575,16867.0,106698.0,169800.0
46000576,16867.0,106698.0,168900.0
46000577,16867.0,106698.0,168000.0
46000578,23267.0,106298.0,169800.0
46000579,23267.0,106298.0,168900.0
46000580,23267.0,106298.0,168000.0
46000581,27067.0,106298.0,169800.0
46000582,27067.0,106298.0,168900.0
46000583,27067.0,106298.0,168000.0
46000584,27067.0,107148.0,169800.0
46000585,27067.0,107148.0,168900.0
46000586,27067.0,107148.0,168000.0
46000587,16867.0,101048.0,169800.0
46000588,16867.0,101048.0,168900.0
46000589,16867.0,101048.0,168000.0
46000590,16867.0,103698.0,169800.0
46000591,16867.0,103698.0,168900.0
46000592,16867.0,103698.0,168000.0
46000593,16867.0,98548.0,169800.0
46000594,16867.0,98548.0,168900.0
46000595,16867.0,98548.0,168000.0
46000596,17767.0,101048.0,169800.0
46000597,17767.0,101048.0,168900.0
46000598,17767.0,101048.0,168000.0
46000599,19467.0,101048.0,169800.0
46000600,19467.0,101048.0,168900.0
46000601,19467.0,101048.0,168000.0
46000602,20667.0,101048.0,169800.0
46000603,20667.0,101048.0,168900.0
46000604,20667.0,101048.0,168000.0
46000605,23267.0,98548.0,169800.0
46000606,23267.0,98548.0,168900.0
46000607,23267.0,98548.0,168000.0
46000608,23267.0,99593.0,169800.0
46000609,23267.0,99593.0,168900.0
46000610,23267.0,99593.0,168000.0
46000611,27067.0,98548.0,169800.0
46000612,27067.0,98548.0,168900.0
46000613,27067.0,98548.0,168000.0
46000614,27067.0,99593.0,169800.0
46000615,27067.0,99593.0,168900.0
46000616,27067.0,99593.0,168000.0
46000617,30067.0,98548.0,169800.0
46000618,30067.0,98548.0,168900.0
46000619,30067.0,98548.0,168000.0
46000620,19917.0,114848.0,169600.0
46000621,19917.0,114848.0,168766.0
46000622,19917.0,114848.0,167933.0
46000623,30067.0,114848.0,169800.0
46000624,30067.0,114848.0,168900.0
46000625,30067.0,114848.0,168000.0
46000626,20667.0,106298.0,169800.0
46000627,20667.0,106298.0,168900.0
46000628,20667.0,106298.0,168000.0
46000629,20667.0,113648.0,169600.0
46000630,20667.0,113648.0,168766.0
46000631,20667.0,113648.0,167933.0
46000632,23267.0,113648.0,169800.0
46000633,23267.0,113648.0,168900.0
46000634,23267.0,113648.0,168000.0
46000635,20667.0,101548.0,169800.0
46000636,20667.0,101548.0,168900.0
46000637,20667.0,101548.0,168000.0
46000638,30067.0,107148.0,169800.0
46000639,30067.0,107148.0,168900.0
46000640,30067.0,107148.0,168000.0
46000641,30067.0,104348.0,169800.0
46000642,30067.0,104348.0,168900.0
46000643,30067.0,104348.0,168000.0
46000644,30067.0,101548.0,169800.0
46000645,30067.0,101548.0,168900.0
46000646,30067.0,101548.0,168000.0
46000647,60347.0,101048.0,169600.0
46000648,60347.0,101048.0,168766.0
46000649,60347.0,101048.0,167933.0
46000650,60347.0,104348.0,169600.0
46000651,60347.0,104348.0,168766.0
46000652,60347.0,104348.0,167933.0
46000653,63747.0,110448.0,169600.0
46000654,63747.0,110448.0,168766.0
46000655,63747.0,110448.0,167933.0
46000656,63747.0,114848.0,169600.0
46000657,63747.0,114848.0,168766.0
46000658,63747.0,114848.0,167933.0
46000659,60347.0,114848.0,169600.0
46000660,60347.0,114848.0,168766.0
46000661,60347.0,114848.0,167933.0
46000662,52947.0,103698.0,169800.0
46000663,52947.0,103698.0,168900.0
46000664,52947.0,103698.0,168000.0
46000665,52947.0,98548.0,169800.0
46000666,52947.0,98548.0,168900.0
46000667,52947.0,98548.0,168000.0
46000668,52947.0,101048.0,169800.0
46000669,52947.0,101048.0,168900.0
46000670,52947.0,101048.0,168000.0
46000671,53847.0,101048.0,169800.0
46000672,53847.0,101048.0,168900.0
46000673,53847.0,101048.0,168000.0
46000674,56347.0,107048.0,169800.0
46000675,56347.0,107048.0,168900.0
46000676,56347.0,107048.0,168000.0
46000677,56347.0,110448.0,169800.0
46000678,56347.0,110448.0,168900.0
46000679,56347.0,110448.0,168000.0
46000680,52947.0,114848.0,169600.0
46000681,52947.0,114848.0,168766.0
46000682,52947.0,114848.0,167933.0
46000683,60347.0,110448.0,169600.0
46000684,60347.0,110448.0,168766.0
46000685,60347.0,110448.0,167933.0
46000686,56347.0,106298.0,169800.0
46000687,56347.0,106298.0,168900.0
46000688,56347.0,106298.0,168000.0
46000689,56347.0,101048.0,169800.0
46000690,56347.0,101048.0,168900.0
46000691,56347.0,101048.0,168000.0
46000692,56347.0,101548.0,169800.0
46000693,56347.0,101548.0,168900.0
46000694,56347.0,101548.0,168000.0
46000695,63747.0,101048.0,169600.0
46000696,63747.0,101048.0,168766.0
46000697,63747.0,101048.0,167933.0
46000698,63747.0,107148.0,169600.0
46000699,63747.0,107148.0,168766.0
46000700,63747.0,107148.0,167933.0
46000701,63747.0,98548.0,169600.0
46000702,63747.0,98548.0,168766.0
46000703,63747.0,98548.0,167933.0
46000704,60347.0,98548.0,169600.0
46000705,60347.0,98548.0,168766.0
46000706,60347.0,98548.0,167933.0
46000707,111267.0,103698.0,169800.0
46000708,111267.0,103698.0,168900.0
46000709,111267.0,103698.0,168000.0
46000710,111267.0,106698.0,169800.0
46000711,111267.0,106698.0,168900.0
46000712,111267.0,106698.0,168000.0
46000713,107467.0,101048.0,169800.0
46000714,107467.0,101048.0,168900.0
46000715,107467.0,101048.0,168000.0
46000716,108667.0,101048.0,169800.0
46000717,108667.0,101048.0,168900.0
46000718,108667.0,101048.0,168000.0
46000719,98067.0,114848.0,169800.0
46000720,98067.0,114848.0,168900.0
46000721,98067.0,114848.0,168000.0
46000722,99667.0,114848.0,169800.0
46000723,99667.0,114848.0,168900.0
46000724,99667.0,114848.0,168000.0
46000725,108217.0,114848.0,169600.0
46000726,108217.0,114848.0,168766.0
46000727,108217.0,114848.0,167933.0
46000728,110267.0,114848.0,169600.0
46000729,110267.0,114848.0,168766.0
46000730,110267.0,114848.0,167933.0
46000731,107467.0,114848.0,169700.0
46000732,107467.0,114848.0,168833.0
46000733,107467.0,114848.0,167966.0
46000734,107467.0,113648.0,169600.0
46000735,107467.0,113648.0,168766.0
46000736,107467.0,113648.0,167933.0
46000737,111267.0,113648.0,169800.0
46000738,111267.0,113648.0,168900.0
46000739,111267.0,113648.0,168000.0
46000740,111267.0,114848.0,169700.0
46000741,111267.0,114848.0,168833.0
46000742,111267.0,114848.0,167966.0
46000743,111267.0,98548.0,169800.0
46000744,111267.0,98548.0,168900.0
46000745,111267.0,98548.0,168000.0
46000746,98067.0,98548.0,169800.0
46000747,98067.0,98548.0,168900.0
46000748,98067.0,98548.0,168000.0
46000749,101067.0,98548.0,169800.0
46000750,101067.0,98548.0,168900.0
46000751,101067.0,98548.0,168000.0
46000752,104867.0,98548.0,169800.0
46000753,104867.0,98548.0,168900.0
46000754,104867.0,98548.0,168000.0
46000755,101067.0,99593.0,169800.0
46000756,101067.0,99593.0,168900.0
46000757,101067.0,99593.0,168000.0
46000758,104867.0,99593.0,169800.0
46000759,104867.0,99593.0,168900.0
46000760,104867.0,99593.0,168000.0
46000761,107467.0,101548.0,169800.0
46000762,107467.0,101548.0,168900.0
46000763,107467.0,101548.0,168000.0
46000764,110367.0,101048.0,169800.0
46000765,110367.0,101048.0,168900.0
46000766,110367.0,101048.0,168000.0
46000767,111267.0,101048.0,169800.0
46000768,111267.0,101048.0,168900.0
46000769,111267.0,101048.0,168000.0
46000770,98067.0,107148.0,169800.0
46000771,98067.0,107148.0,168900.0
46000772,98067.0,107148.0,168000.0
46000773,101067.0,107148.0,169800.0
46000774,101067.0,107148.0,168900.0
46000775,101067.0,107148.0,168000.0
46000776,101067.0,106298.0,169800.0
46000777,101067.0,106298.0,168900.0
46000778,101067.0,106298.0,168000.0
46000779,104867.0,106298.0,169800.0
46000780,104867.0,106298.0,168900.0
46000781,104867.0,106298.0,168000.0
46000782,104867.0,109893.0,169800.0
46000783,104867.0,109893.0,168900.0
46000784,104867.0,109893.0,168000.0
46000785,107467.0,109893.0,169800.0
46000786,107467.0,109893.0,168900.0
46000787,107467.0,109893.0,168000.0
46000788,101067.0,110448.0,169800.0
46000789,101067.0,110448.0,168900.0
46000790,101067.0,110448.0,168000.0
46000791,104867.0,114848.0,169800.0
46000792,104867.0,114848.0,168900.0
46000793,104867.0,114848.0,168000.0
46000794,107467.0,106298.0,169800.0
46000795,107467.0,106298.0,168900.0
46000796,107467.0,106298.0,168000.0
46000797,98067.0,101548.0,169800.0
46000798,98067.0,101548.0,168900.0
46000799,98067.0,101548.0,168000.0
46000800,98067.0,104348.0,169800.0
46000801,98067.0,104348.0,168900.0
46000802,98067.0,104348.0,168000.0
46000803,104867.0,113648.0,169800.0
46000804,104867.0,113648.0,168900.0
46000805,104867.0,113648.0,168000.0
46000806,98067.0,101048.0,169800.0
46000807,98067.0,101048.0,168900.0
46000808,98067.0,101048.0,168000.0
46000809,16867.0,109110.0,169900.0
46000810,16867.0,109473.0,169900.0
46000811,16867.0,109835.0,169900.0
46000812,27067.0,113798.0,170100.0
46000813,27067.0,114148.0,170100.0
46000814,27067.0,114498.0,170100.0
46000815,20667.0,107541.0,170100.0
46000816,20667.0,107960.0,170100.0
46000817,20667.0,108379.0,170100.0
46000818,28567.0,110448.0,170100.0
46000819,29067.0,110448.0,170100.0
46000820,29567.0,110448.0,170100.0
46000821,16867.0,107548.0,169900.0
46000822,16867.0,107948.0,169900.0
46000823,16867.0,108348.0,169900.0
46000824,23267.0,107560.0,170100.0
46000825,23267.0,107973.0,170100.0
46000826,23267.0,108385.0,170100.0
46000827,18167.0,107139.0,170000.0
46000828,18567.0,107131.0,170000.0
46000829,18967.0,107123.0,170000.0
46000830,19367.0,107114.0,170000.0
46000831,19767.0,107106.0,170000.0
46000832,18942.0,98548.0,169900.0
46000833,28867.0,113448.0,170100.0
46000834,29267.0,113448.0,170100.0
46000835,29667.0,113448.0,170100.0
46000836,20067.0,98548.0,169900.0
46000837,52947.0,107548.0,169900.0
46000838,52947.0,107948.0,169900.0
46000839,52947.0,108348.0,169900.0
46000840,56347.0,113798.0,170100.0
46000841,56347.0,114148.0,170100.0
46000842,56347.0,114498.0,170100.0
46000843,52947.0,109110.0,169900.0
46000844,52947.0,109473.0,169900.0
46000845,52947.0,109835.0,169900.0
46000846,54372.0,107123.0,170000.0
46000847,54897.0,107098.0,170000.0
46000848,55422.0,107073.0,170000.0
46000849,54959.0,98548.0,169900.0
46000850,55422.0,98548.0,169900.0
46000851,55884.0,98548.0,169900.0
46000852,108067.0,98548.0,169900.0
46000853,98467.0,113448.0,170100.0
46000854,98867.0,113448.0,170100.0
46000855,99267.0,113448.0,170100.0
46000856,108367.0,107106.0,170000.0
46000857,108767.0,107114.0,170000.0
46000858,109167.0,107123.0,170000.0
46000859,109567.0,107131.0,170000.0
46000860,109967.0,107139.0,170000.0
46000861,104867.0,107560.0,170100.0
46000862,104867.0,107973.0,170100.0
46000863,104867.0,108385.0,170100.0
46000864,111267.0,107548.0,169900.0
46000865,111267.0,107948.0,169900.0
46000866,111267.0,108348.0,169900.0
46000867,107467.0,107541.0,170100.0
46000868,107467.0,107960.0,170100.0
46000869,107467.0,108379.0,170100.0
46000870,101067.0,113798.0,170100.0
46000871,101067.0,114148.0,170100.0
46000872,101067.0,114498.0,170100.0
46000873,111267.0,109110.0,169900.0
46000874,111267.0,109473.0,169900.0
46000875,111267.0,109835.0,169900.0
46000876,98567.0,110448.0,170100.0
46000877,99067.0,110448.0,170100.0
46000878,99567.0,110448.0,170100.0
46000879,109192.0,98548.0,169900.0
46000880,27067.0,114848.0,168900.0
46000881,27067.0,114848.0,168000.0
46000882,27067.0,113448.0,168900.0
46000883,27067.0,113448.0,168000.0
46000884,28467.0,113448.0,168900.0
46000885,28467.0,113448.0,168000.0
46000886,20667.0,108798.0,168900.0
46000887,20667.0,108798.0,168000.0
46000888,16867.0,110198.0,168766.0
46000889,16867.0,110198.0,167933.0
46000890,28067.0,110448.0,168900.0
46000891,28067.0,110448.0,168000.0
46000892,23267.0,108798.0,168900.0
46000893,23267.0,108798.0,168000.0
46000894,16867.0,107148.0,168900.0
46000895,16867.0,107148.0,168000.0
46000896,20167.0,107098.0,168900.0
46000897,20167.0,107098.0,168000.0
46000898,20667.0,107123.0,168900.0
46000899,20667.0,107123.0,168000.0
46000900,23267.0,107148.0,168900.0
46000901,23267.0,107148.0,168000.0
46000902,20667.0,98548.0,168900.0
46000903,20667.0,98548.0,168000.0
46000904,18417.0,98548.0,168900.0
46000905,18417.0,98548.0,168000.0
46000906,17767.0,107148.0,168900.0
46000907,17767.0,107148.0,168000.0
46000908,30067.0,113448.0,168900.0
46000909,30067.0,113448.0,168000.0
46000910,30067.0,110448.0,168900.0
46000911,30067.0,110448.0,168000.0
46000912,52947.0,107148.0,168900.0
46000913,52947.0,107148.0,168000.0
46000914,54497.0,98548.0,168900.0
46000915,54497.0,98548.0,168000.0
46000916,53847.0,107148.0,168900.0
46000917,53847.0,107148.0,168000.0
46000918,55947.0,107048.0,168900.0
46000919,55947.0,107048.0,168000.0
46000920,56347.0,113448.0,168900.0
46000921,56347.0,113448.0,168000.0
46000922,52947.0,110198.0,168766.0
46000923,52947.0,110198.0,167933.0
46000924,56347.0,114848.0,168766.0
46000925,56347.0,114848.0,167933.0
46000926,56347.0,98548.0,168900.0
46000927,56347.0,98548.0,168000.0
46000928,109717.0,98548.0,168900.0
46000929,109717.0,98548.0,168000.0
46000930,107467.0,98548.0,168900.0
46000931,107467.0,98548.0,168000.0
46000932,107467.0,107123.0,168900.0
46000933,107467.0,107123.0,168000.0
46000934,107967.0,107098.0,168900.0
46000935,107967.0,107098.0,168000.0
46000936,104867.0,107148.0,168900.0
46000937,104867.0,107148.0,168000.0
46000938,110367.0,107148.0,168900.0
46000939,110367.0,107148.0,168000.0
46000940,111267.0,107148.0,168900.0
46000941,111267.0,107148.0,168000.0
46000942,104867.0,108798.0,168900.0
46000943,104867.0,108798.0,168000.0
46000944,107467.0,108798.0,168900.0
46000945,107467.0,108798.0,168000.0
46000946,98067.0,110448.0,168900.0
46000947,98067.0,110448.0,168000.0
46000948,98067.0,113448.0,168900.0
46000949,98067.0,113448.0,168000.0
46000950,100067.0,110448.0,168900.0
46000951,100067.0,110448.0,168000.0
46000952,99667.0,113448.0,168900.0
46000953,99667.0,113448.0,168000.0
46000954,101067.0,113448.0,168900.0
46000955,101067.0,113448.0,168000.0
46000956,111267.0,110198.0,168900.0
46000957,111267.0,110198.0,168000.0
46000958,101067.0,114848.0,168900.0
46000959,101067.0,114848.0,168000.0
46000960,24217.0,107148.0,170700.0
46000961,25167.0,107148.0,170700.0
46000962,26117.0,107148.0,170700.0
46000963,27067.0,108248.0,170700.0
46000964,27067.0,109348.0,170700.0
46000965,26117.0,114848.0,170700.0
46000966,24217.0,114848.0,170700.0
46000967,23267.0,112748.0,170700.0
46000968,23267.0,110870.0,170700.0
46000969,28467.0,114148.0,170700.0
46000970,17817.0,108760.0,170700.0
46000971,18767.0,108773.0,170700.0
46000972,19717.0,108785.0,170700.0
46000973,20667.0,110870.0,170700.0
46000974,20667.0,112748.0,170700.0
46000975,18892.0,113648.0,170700.0
46000976,24217.0,104348.0,170700.0
46000977,25167.0,104348.0,170700.0
46000978,26117.0,104348.0,170700.0
46000979,27067.0,105323.0,170700.0
46000980,23267.0,105323.0,170700.0
46000981,19467.0,99381.0,170700.0
46000982,19467.0,100214.0,170700.0
46000983,24217.0,101548.0,170700.0
46000984,25167.0,101548.0,170700.0
46000985,26117.0,101548.0,170700.0
46000986,27067.0,102481.0,170700.0
46000987,27067.0,103414.0,170700.0
46000988,23267.0,102481.0,170700.0
46000989,23267.0,103414.0,170700.0
46000990,24217.0,98548.0,170700.0
46000991,26117.0,98548.0,170700.0
46000992,27067.0,100570.0,170700.0
46000993,23267.0,100570.0,170700.0
46000994,56347.0,107898.0,170700.0
46000995,53797.0,108748.0,170700.0
46000996,54647.0,108748.0,170700.0
46000997,55497.0,108748.0,170700.0
46000998,108667.0,99381.0,170700.0
46000999,108667.0,100214.0,170700.0
46001000,99667.0,114148.0,170700.0
46001001,109242.0,113648.0,170700.0
46001002,108417.0,108785.0,170700.0
46001003,109367.0,108773.0,170700.0
46001004,110317.0,108760.0,170700.0
46001005,107467.0,112748.0,170700.0
46001006,107467.0,110870.0,170700.0
46001007,101883.0,98548.0,170700.0
46001008,103783.0,98548.0,170700.0
46001009,104867.0,100570.0,170700.0
46001010,102017.0,101548.0,170700.0
46001011,102967.0,101548.0,170700.0
46001012,103917.0,101548.0,170700.0
46001013,101067.0,100570.0,170700.0
46001014,102017.0,104348.0,170700.0
46001015,102967.0,104348.0,170700.0
46001016,103917.0,104348.0,170700.0
46001017,104867.0,105323.0,170700.0
46001018,102017.0,107148.0,170700.0
46001019,102967.0,107148.0,170700.0
46001020,103917.0,107148.0,170700.0
46001021,101067.0,105323.0,170700.0
46001022,104867.0,110870.0,170700.0
46001023,104867.0,112748.0,170700.0
46001024,103783.0,114848.0,170700.0
46001025,101883.0,114848.0,170700.0
46001026,101067.0,108248.0,170700.0
46001027,101067.0,109348.0,170700.0
46001028,104867.0,102481.0,170700.0
46001029,104867.0,103414.0,170700.0
46001030,101067.0,102481.0,170700.0
46001031,101067.0,103414.0,170700.0
46001034,64282.0,106635.0,170700.0
46001035,108667.0,98548.0,170300.0
46001036,109192.0,98548.0,170300.0
46001037,109717.0,98548.0,170300.0
46001038,98067.0,110448.0,170400.0
46001039,98567.0,110448.0,170400.0
46001040,99067.0,110448.0,170400.0
46001041,99567.0,110448.0,170400.0
46001042,100067.0,110448.0,170400.0
46001043,111267.0,108748.0,170300.0
46001044,111267.0,109110.0,170300.0
46001045,111267.0,109473.0,170300.0
46001046,111267.0,109835.0,170300.0
46001047,111267.0,110198.0,170300.0
46001048,101067.0,113448.0,170400.0
46001049,101067.0,113798.0,170400.0
46001050,101067.0,114148.0,170400.0
46001051,101067.0,114498.0,170400.0
46001052,101067.0,114848.0,170400.0
46001053,107467.0,107123.0,170400.0
46001054,107467.0,107541.0,170400.0
46001055,107467.0,107960.0,170400.0
46001056,107467.0,108379.0,170400.0
46001057,107467.0,108798.0,170400.0
46001058,111267.0,107148.0,170300.0
46001059,111267.0,107548.0,170300.0
46001060,111267.0,107948.0,170300.0
46001061,111267.0,108348.0,170300.0
46001062,104867.0,107148.0,170400.0
46001063,104867.0,107560.0,170400.0
46001064,104867.0,107973.0,170400.0
46001065,104867.0,108385.0,170400.0
46001066,104867.0,108798.0,170400.0
46001067,107967.0,107098.0,170350.0
46001068,108367.0,107106.0,170350.0
46001069,108767.0,107114.0,170350.0
46001070,109167.0,107123.0,170350.0
46001071,109567.0,107131.0,170350.0
46001072,109967.0,107139.0,170350.0
46001073,110367.0,107148.0,170350.0
46001074,98067.0,113448.0,170400.0
46001075,98467.0,113448.0,170400.0
46001076,98867.0,113448.0,170400.0
46001077,99267.0,113448.0,170400.0
46001078,99667.0,113448.0,170400.0
46001079,107467.0,98548.0,170300.0
46001080,108067.0,98548.0,170300.0
46001081,54497.0,98548.0,170300.0
46001082,54959.0,98548.0,170300.0
46001083,55422.0,98548.0,170300.0
46001084,55884.0,98548.0,170300.0
46001085,56347.0,98548.0,170300.0
46001086,53847.0,107148.0,170350.0
46001087,54372.0,107123.0,170350.0
46001088,54897.0,107098.0,170350.0
46001089,55422.0,107073.0,170350.0
46001090,55947.0,107048.0,170350.0
46001091,52947.0,108748.0,170300.0
46001092,52947.0,109110.0,170300.0
46001093,52947.0,109473.0,170300.0
46001094,52947.0,109835.0,170300.0
46001095,52947.0,110198.0,170300.0
46001096,56347.0,113448.0,170400.0
46001097,56347.0,113798.0,170400.0
46001098,56347.0,114148.0,170400.0
46001099,56347.0,114498.0,170400.0
46001100,56347.0,114848.0,170400.0
46001101,52947.0,107148.0,170300.0
46001102,52947.0,107548.0,170300.0
46001103,52947.0,107948.0,170300.0
46001104,52947.0,108348.0,170300.0
46001105,19467.0,98548.0,170300.0
46001106,20067.0,98548.0,170300.0
46001107,20667.0,98548.0,170300.0
46001108,28467.0,113448.0,170400.0
46001109,28867.0,113448.0,170400.0
46001110,29267.0,113448.0,170400.0
46001111,29667.0,113448.0,170400.0
46001112,30067.0,113448.0,170400.0
46001113,18417.0,98548.0,170300.0
46001114,18942.0,98548.0,170300.0
46001115,17767.0,107148.0,170350.0
46001116,18167.0,107139.0,170350.0
46001117,18567.0,107131.0,170350.0
46001118,18967.0,107123.0,170350.0
46001119,19367.0,107114.0,170350.0
46001120,19767.0,107106.0,170350.0
46001121,20167.0,107098.0,170350.0
46001122,23267.0,107148.0,170400.0
46001123,23267.0,107560.0,170400.0
46001124,23267.0,107973.0,170400.0
46001125,23267.0,108385.0,170400.0
46001126,23267.0,108798.0,170400.0
46001127,16867.0,107148.0,170300.0
46001128,16867.0,107548.0,170300.0
46001129,16867.0,107948.0,170300.0
46001130,16867.0,108348.0,170300.0
46001131,16867.0,108748.0,170300.0
46001132,28067.0,110448.0,170400.0
46001133,28567.0,110448.0,170400.0
46001134,29067.0,110448.0,170400.0
46001135,29567.0,110448.0,170400.0
46001136,30067.0,110448.0,170400.0
46001137,20667.0,107123.0,170400.0
46001138,20667.0,107541.0,170400.0
46001139,20667.0,107960.0,170400.0
46001140,20667.0,108379.0,170400.0
46001141,20667.0,108798.0,170400.0
46001142,27067.0,113448.0,170400.0
46001143,27067.0,113798.0,170400.0
46001144,27067.0,114148.0,170400.0
46001145,27067.0,114498.0,170400.0
46001146,27067.0,114848.0,170400.0
46001147,16867.0,109110.0,170300.0
46001148,16867.0,109473.0,170300.0
46001149,16867.0,109835.0,170300.0
46001150,16867.0,110198.0,170300.0
46001151,17367.0,114848.0,169600.0
46001152,17367.0,114848.0,167933.0
46001153,17367.0,114848.0,168766.0
46001154,21533.0,114848.0,169700.0
46001155,22400.0,114848.0,169700.0
46001156,21533.0,114848.0,167966.0
46001157,22400.0,114848.0,167966.0
46001158,21533.0,114848.0,168833.0
46001159,22400.0,114848.0,168833.0
46001160,27767.0,114848.0,169800.0
46001161,27767.0,114848.0,168000.0
46001162,27767.0,114848.0,168900.0
46001163,16867.0,111060.0,169900.0
46001164,16867.0,111923.0,169900.0
46001165,16867.0,112785.0,169900.0
46001166,16867.0,111060.0,167933.0
46001167,16867.0,111923.0,167933.0
46001168,16867.0,112785.0,167933.0
46001169,16867.0,111060.0,168766.0
46001170,16867.0,112785.0,168766.0
46001171,16867.0,111923.0,168766.0
46001172,30067.0,114148.0,169800.0
46001173,30067.0,114148.0,168000.0
46001174,30067.0,114148.0,168900.0
46001175,27067.0,111448.0,169800.0
46001176,27067.0,112448.0,169800.0
46001177,27067.0,111448.0,168000.0
46001178,27067.0,112448.0,168000.0
46001179,27067.0,111448.0,168900.0
46001180,27067.0,112448.0,168900.0
46001181,27767.0,113448.0,170100.0
46001182,27767.0,113448.0,168000.0
46001183,27767.0,113448.0,168900.0
46001184,27567.0,110448.0,169800.0
46001185,27567.0,110448.0,168000.0
46001186,27567.0,110448.0,168900.0
46001187,30067.0,111448.0,170100.0
46001188,30067.0,112448.0,170100.0
46001189,30067.0,111448.0,168000.0
46001190,30067.0,112448.0,168000.0
46001191,30067.0,111448.0,168900.0
46001192,30067.0,112448.0,168900.0
46001193,20667.0,109345.0,169800.0
46001194,20667.0,109345.0,168000.0
46001195,20667.0,109345.0,168900.0
46001196,21533.0,108798.0,170100.0
46001197,22400.0,108798.0,170100.0
46001198,21533.0,108798.0,168000.0
46001199,22400.0,108798.0,168000.0
46001200,21533.0,108798.0,168900.0
46001201,22400.0,108798.0,168900.0
46001202,23267.0,109345.0,169800.0
46001203,23267.0,109345.0,168000.0
46001204,23267.0,109345.0,168900.0
46001205,17317.0,107148.0,169900.0
46001206,17317.0,107148.0,168000.0
46001207,17317.0,107148.0,168900.0
46001208,21533.0,107131.0,170100.0
46001209,22400.0,107139.0,170100.0
46001210,21533.0,107131.0,168000.0
46001211,22400.0,107139.0,168000.0
46001212,21533.0,107131.0,168900.0
46001213,22400.0,107139.0,168900.0
46001214,23267.0,106723.0,169800.0
46001215,23267.0,106723.0,168000.0
46001216,23267.0,106723.0,168900.0
46001217,27067.0,106723.0,169800.0
46001218,27067.0,106723.0,168000.0
46001219,27067.0,106723.0,168900.0
46001220,28067.0,107148.0,169800.0
46001221,29067.0,107148.0,169800.0
46001222,28067.0,107148.0,168000.0
46001223,29067.0,107148.0,168000.0
46001224,28067.0,107148.0,168900.0
46001225,29067.0,107148.0,168900.0
46001226,16867.0,101931.0,169800.0
46001227,16867.0,102814.0,169800.0
46001228,16867.0,101931.0,168000.0
46001229,16867.0,102814.0,168000.0
46001230,16867.0,101931.0,168900.0
46001231,16867.0,102814.0,168900.0
46001232,16867.0,99381.0,169800.0
46001233,16867.0,100214.0,169800.0
46001234,16867.0,99381.0,168000.0
46001235,16867.0,100214.0,168000.0
46001236,16867.0,99381.0,168900.0
46001237,16867.0,100214.0,168900.0
46001238,17317.0,101048.0,169800.0
46001239,17317.0,101048.0,168000.0
46001240,17317.0,101048.0,168900.0
46001241,18617.0,101048.0,169800.0
46001242,18617.0,101048.0,168000.0
46001243,18617.0,101048.0,168900.0
46001244,20667.0,99381.0,169800.0
46001245,20667.0,100214.0,169800.0
46001246,20667.0,99381.0,168000.0
46001247,20667.0,100214.0,168000.0
46001248,20667.0,99381.0,168900.0
46001249,20667.0,100214.0,168900.0
46001250,17642.0,98548.0,169800.0
46001251,17642.0,98548.0,168000.0
46001252,17642.0,98548.0,168900.0
46001253,21533.0,98548.0,169800.0
46001254,22400.0,98548.0,169800.0
46001255,21533.0,98548.0,168000.0
46001256,22400.0,98548.0,168000.0
46001257,21533.0,98548.0,168900.0
46001258,22400.0,98548.0,168900.0
46001259,23267.0,99070.0,169800.0
46001260,23267.0,99070.0,168000.0
46001261,23267.0,99070.0,168900.0
46001262,27067.0,99070.0,169800.0
46001263,27067.0,99070.0,168000.0
46001264,27067.0,99070.0,168900.0
46001265,28067.0,98548.0,169800.0
46001266,29067.0,98548.0,169800.0
46001267,28067.0,98548.0,168000.0
46001268,29067.0,98548.0,168000.0
46001269,28067.0,98548.0,168900.0
46001270,29067.0,98548.0,168900.0
46001271,16867.0,114248.0,169600.0
46001272,16867.0,114248.0,167933.0
46001273,16867.0,114248.0,168766.0
46001274,20667.0,114248.0,169600.0
46001275,20667.0,114248.0,167933.0
46001276,20667.0,114248.0,168766.0
46001277,20292.0,114848.0,169600.0
46001278,20292.0,114848.0,167933.0
46001279,20292.0,114848.0,168766.0
46001280,18142.0,114848.0,169600.0
46001281,18145.0,114848.0,170150.0
46001282,18642.0,114848.0,170150.0
46001283,19142.0,114848.0,170150.0
46001284,19639.0,114848.0,170150.0
46001285,19642.0,114848.0,169600.0
46001286,18142.0,114848.0,167933.0
46001287,19642.0,114848.0,167933.0
46001288,18142.0,114848.0,168766.0
46001289,19642.0,114848.0,168766.0
46001290,18642.0,114848.0,169600.0
46001291,19142.0,114848.0,169600.0
46001292,29267.0,114848.0,169800.0
46001293,29267.0,114848.0,168000.0
46001294,29267.0,114848.0,168900.0
46001295,20067.0,101048.0,169800.0
46001296,20067.0,101048.0,168000.0
46001297,20067.0,101048.0,168900.0
46001298,16867.0,104698.0,169800.0
46001299,16867.0,105698.0,169800.0
46001300,16867.0,104698.0,168000.0
46001301,16867.0,105698.0,168000.0
46001302,16867.0,104698.0,168900.0
46001303,16867.0,105698.0,168900.0
46001304,20667.0,106710.0,169800.0
46001305,20667.0,106710.0,168000.0
46001306,20667.0,106710.0,168900.0
46001307,23267.0,114248.0,169800.0
46001308,23267.0,114248.0,168000.0
46001309,23267.0,114248.0,168900.0
46001310,30067.0,99381.0,169800.0
46001311,30067.0,100214.0,169800.0
46001312,30067.0,100881.0,169800.0
46001313,30067.0,99381.0,168000.0
46001314,30067.0,100214.0,168000.0
46001315,30067.0,100881.0,168000.0
46001316,30067.0,99381.0,168900.0
46001317,30067.0,100881.0,168900.0
46001318,30067.0,100214.0,168900.0
46001319,30067.0,105281.0,169800.0
46001320,30067.0,106214.0,169800.0
46001321,30067.0,105281.0,168000.0
46001322,30067.0,106214.0,168000.0
46001323,30067.0,105281.0,168900.0
46001324,30067.0,106214.0,168900.0
46001325,30067.0,102481.0,169800.0
46001326,30067.0,103414.0,169800.0
46001327,30067.0,102481.0,168000.0
46001328,30067.0,103414.0,168000.0
46001329,30067.0,102481.0,168900.0
46001330,30067.0,103414.0,168900.0
46001331,60347.0,101873.0,169600.0
46001332,60347.0,102698.0,169600.0
46001333,60347.0,103523.0,169600.0
46001334,60347.0,101873.0,167933.0
46001335,60347.0,102698.0,167933.0
46001336,60347.0,103523.0,167933.0
46001337,60347.0,101873.0,168766.0
46001338,60347.0,103523.0,168766.0
46001339,60347.0,102698.0,168766.0
46001340,63747.0,111328.0,169600.0
46001341,63747.0,112208.0,169600.0
46001342,63747.0,113088.0,169600.0
46001343,63747.0,113968.0,169600.0
46001344,63747.0,111328.0,167933.0
46001345,63747.0,112208.0,167933.0
46001346,63747.0,113088.0,167933.0
46001347,63747.0,113968.0,167933.0
46001348,63747.0,111328.0,168766.0
46001349,63747.0,113968.0,168766.0
46001350,63747.0,112208.0,168766.0
46001351,63747.0,113088.0,168766.0
46001352,61022.0,114848.0,169600.0
46001353,61697.0,114848.0,169600.0
46001354,61700.0,114848.0,170150.0
46001355,62197.0,114848.0,170150.0
46001356,62697.0,114848.0,170150.0
46001357,63194.0,114848.0,170150.0
46001358,63197.0,114848.0,169600.0
46001359,61022.0,114848.0,167933.0
46001360,61697.0,114848.0,167933.0
46001361,63197.0,114848.0,167933.0
46001362,61022.0,114848.0,168766.0
46001363,63197.0,114848.0,168766.0
46001364,62197.0,114848.0,169600.0
46001365,61697.0,114848.0,168766.0
46001366,62697.0,114848.0,169600.0
46001367,52947.0,104560.0,169800.0
46001368,52947.0,105423.0,169800.0
46001369,52947.0,106285.0,169800.0
46001370,52947.0,104560.0,168000.0
46001371,52947.0,105423.0,168000.0
46001372,52947.0,106285.0,168000.0
46001373,52947.0,104560.0,168900.0
46001374,52947.0,106285.0,168900.0
46001375,52947.0,105423.0,168900.0
46001376,53722.0,98548.0,169800.0
46001377,53722.0,98548.0,168000.0
46001378,53722.0,98548.0,168900.0
46001379,52947.0,99381.0,169800.0
46001380,52947.0,100214.0,169800.0
46001381,52947.0,99381.0,168000.0
46001382,52947.0,100214.0,168000.0
46001383,52947.0,99381.0,168900.0
46001384,52947.0,100214.0,168900.0
46001385,52947.0,101931.0,169800.0
46001386,52947.0,102814.0,169800.0
46001387,52947.0,101931.0,168000.0
46001388,52947.0,102814.0,168000.0
46001389,52947.0,101931.0,168900.0
46001390,52947.0,102814.0,168900.0
46001391,53397.0,101048.0,169800.0
46001392,53397.0,101048.0,168000.0
46001393,53397.0,101048.0,168900.0
46001394,53397.0,107148.0,169900.0
46001395,53397.0,107148.0,168000.0
46001396,53397.0,107148.0,168900.0
46001397,56347.0,111328.0,169800.0
46001398,56347.0,112208.0,169800.0
46001399,56347.0,113088.0,169800.0
46001400,56347.0,111328.0,168000.0
46001401,56347.0,112208.0,168000.0
46001402,56347.0,113088.0,168000.0
46001403,56347.0,111328.0,168900.0
46001404,56347.0,113088.0,168900.0
46001405,56347.0,112208.0,168900.0
46001406,52947.0,111128.0,169900.0
46001407,52947.0,112058.0,169900.0
46001408,52947.0,112988.0,169900.0
46001409,52947.0,113918.0,169900.0
46001410,52947.0,111128.0,167933.0
46001411,52947.0,112058.0,167933.0
46001412,52947.0,112988.0,167933.0
46001413,52947.0,113918.0,167933.0
46001414,52947.0,111128.0,168766.0
46001415,52947.0,113918.0,168766.0
46001416,52947.0,112058.0,168766.0
46001417,52947.0,112988.0,168766.0
46001418,53622.0,114848.0,169600.0
46001419,54297.0,114848.0,169600.0
46001420,54300.0,114848.0,170150.0
46001421,54797.0,114848.0,170150.0
46001422,55297.0,114848.0,170150.0
46001423,55794.0,114848.0,170150.0
46001424,55797.0,114848.0,169600.0
46001425,53622.0,114848.0,167933.0
46001426,54297.0,114848.0,167933.0
46001427,55797.0,114848.0,167933.0
46001428,53622.0,114848.0,168766.0
46001429,55797.0,114848.0,168766.0
46001430,54797.0,114848.0,169600.0
46001431,54297.0,114848.0,168766.0
46001432,55297.0,114848.0,169600.0
46001433,61197.0,110448.0,169600.0
46001434,62047.0,110448.0,169600.0
46001435,62897.0,110448.0,169600.0
46001436,61197.0,110448.0,167933.0
46001437,62047.0,110448.0,167933.0
46001438,62897.0,110448.0,167933.0
46001439,61197.0,110448.0,168766.0
46001440,62897.0,110448.0,168766.0
46001441,62047.0,110448.0,168766.0
46001442,56347.0,106673.0,169800.0
46001443,56347.0,106673.0,168000.0
46001444,56347.0,106673.0,168900.0
46001445,56347.0,99381.0,169800.0
46001446,56347.0,100214.0,169800.0
46001447,56347.0,99381.0,168000.0
46001448,56347.0,100214.0,168000.0
46001449,56347.0,99381.0,168900.0
46001450,56347.0,100214.0,168900.0
46001451,63747.0,102064.0,169600.0
46001452,63747.0,103081.0,169600.0
46001453,63747.0,104098.0,169600.0
46001454,63747.0,105114.0,169600.0
46001455,63747.0,106131.0,169600.0
46001456,63747.0,102064.0,167933.0
46001457,63747.0,103081.0,167933.0
46001458,63747.0,104098.0,167933.0
46001459,63747.0,105114.0,167933.0
46001460,63747.0,106131.0,167933.0
46001461,63747.0,102064.0,168766.0
46001462,63747.0,106131.0,168766.0
46001463,63747.0,103081.0,168766.0
46001464,63747.0,104098.0,168766.0
46001465,63747.0,105114.0,168766.0
46001466,63747.0,99381.0,169600.0
46001467,63747.0,100214.0,169600.0
46001468,63747.0,99381.0,167933.0
46001469,63747.0,100214.0,167933.0
46001470,63747.0,99381.0,168766.0
46001471,63747.0,100214.0,168766.0
46001472,54680.0,101048.0,169800.0
46001473,55513.0,101048.0,169800.0
46001474,54680.0,101048.0,168000.0
46001475,55513.0,101048.0,168000.0
46001476,54680.0,101048.0,168900.0
46001477,55513.0,101048.0,168900.0
46001478,60822.0,98548.0,169600.0
46001479,61297.0,98548.0,169600.0
46001480,61300.0,98548.0,170150.0
46001481,61797.0,98548.0,170150.0
46001482,62297.0,98548.0,170150.0
46001483,62794.0,98548.0,170150.0
46001484,62797.0,98548.0,169600.0
46001485,63272.0,98548.0,169600.0
46001486,60822.0,98548.0,167933.0
46001487,61297.0,98548.0,167933.0
46001488,63272.0,98548.0,167933.0
46001489,62797.0,98548.0,167933.0
46001490,60822.0,98548.0,168766.0
46001491,63272.0,98548.0,168766.0
46001492,61797.0,98548.0,169600.0
46001493,61297.0,98548.0,168766.0
46001494,62297.0,98548.0,169600.0
46001495,62797.0,98548.0,168766.0
46001496,61197.0,101048.0,169600.0
46001497,62047.0,101048.0,169600.0
46001498,62897.0,101048.0,169600.0
46001499,61197.0,101048.0,167933.0
46001500,62047.0,101048.0,167933.0
46001501,62897.0,101048.0,167933.0
46001502,61197.0,101048.0,168766.0
46001503,62897.0,101048.0,168766.0
46001504,62047.0,101048.0,168766.0
46001505,111267.0,104698.0,169800.0
46001506,111267.0,105698.0,169800.0
46001507,111267.0,104698.0,168000.0
46001508,111267.0,105698.0,168000.0
46001509,111267.0,104698.0,168900.0
46001510,111267.0,105698.0,168900.0
46001511,108067.0,101048.0,169800.0
46001512,108067.0,101048.0,168000.0
46001513,108067.0,101048.0,168900.0
46001514,98867.0,114848.0,169800.0
46001515,98867.0,114848.0,168000.0
46001516,98867.0,114848.0,168900.0
46001517,108492.0,114848.0,169600.0
46001518,108495.0,114848.0,170150.0
46001519,108992.0,114848.0,170150.0
46001520,109492.0,114848.0,170150.0
46001521,109989.0,114848.0,170150.0
46001522,109992.0,114848.0,169600.0
46001523,108492.0,114848.0,167933.0
46001524,109992.0,114848.0,167933.0
46001525,108492.0,114848.0,168766.0
46001526,109992.0,114848.0,168766.0
46001527,108992.0,114848.0,169600.0
46001528,109492.0,114848.0,169600.0
46001529,107842.0,114848.0,169700.0
46001530,107842.0,114848.0,167966.0
46001531,107842.0,114848.0,168833.0
46001532,107467.0,114248.0,169700.0
46001533,107467.0,114248.0,167966.0
46001534,107467.0,114248.0,168833.0
46001535,111267.0,114248.0,169800.0
46001536,111267.0,114248.0,168000.0
46001537,111267.0,114248.0,168900.0
46001538,110767.0,114848.0,169700.0
46001539,110767.0,114848.0,167966.0
46001540,110767.0,114848.0,168833.0
46001541,110492.0,98548.0,169800.0
46001542,110492.0,98548.0,168000.0
46001543,110492.0,98548.0,168900.0
46001544,99067.0,98548.0,169800.0
46001545,100067.0,98548.0,169800.0
46001546,99067.0,98548.0,168000.0
46001547,100067.0,98548.0,168000.0
46001548,99067.0,98548.0,168900.0
46001549,100067.0,98548.0,168900.0
46001550,105733.0,98548.0,169800.0
46001551,106600.0,98548.0,169800.0
46001552,105733.0,98548.0,168000.0
46001553,106600.0,98548.0,168000.0
46001554,105733.0,98548.0,168900.0
46001555,106600.0,98548.0,168900.0
46001556,101067.0,99070.0,169800.0
46001557,101067.0,99070.0,168000.0
46001558,101067.0,99070.0,168900.0
46001559,104867.0,99070.0,169800.0
46001560,104867.0,99070.0,168000.0
46001561,104867.0,99070.0,168900.0
46001562,107467.0,99381.0,169800.0
46001563,107467.0,100214.0,169800.0
46001564,107467.0,99381.0,168000.0
46001565,107467.0,100214.0,168000.0
46001566,107467.0,99381.0,168900.0
46001567,107467.0,100214.0,168900.0
46001568,109517.0,101048.0,169800.0
46001569,109517.0,101048.0,168000.0
46001570,109517.0,101048.0,168900.0
46001571,110817.0,101048.0,169800.0
46001572,110817.0,101048.0,168000.0
46001573,110817.0,101048.0,168900.0
46001574,111267.0,99381.0,169800.0
46001575,111267.0,100214.0,169800.0
46001576,111267.0,99381.0,168000.0
46001577,111267.0,100214.0,168000.0
46001578,111267.0,99381.0,168900.0
46001579,111267.0,100214.0,168900.0
46001580,111267.0,101931.0,169800.0
46001581,111267.0,102814.0,169800.0
46001582,111267.0,101931.0,168000.0
46001583,111267.0,102814.0,168000.0
46001584,111267.0,101931.0,168900.0
46001585,111267.0,102814.0,168900.0
46001586,99067.0,107148.0,169800.0
46001587,100067.0,107148.0,169800.0
46001588,99067.0,107148.0,168000.0
46001589,100067.0,107148.0,168000.0
46001590,99067.0,107148.0,168900.0
46001591,100067.0,107148.0,168900.0
46001592,101067.0,106723.0,169800.0
46001593,101067.0,106723.0,168000.0
46001594,101067.0,106723.0,168900.0
46001595,104867.0,106723.0,169800.0
46001596,104867.0,106723.0,168000.0
46001597,104867.0,106723.0,168900.0
46001598,105733.0,107139.0,170100.0
46001599,106600.0,107131.0,170100.0
46001600,105733.0,107139.0,168000.0
46001601,106600.0,107131.0,168000.0
46001602,105733.0,107139.0,168900.0
46001603,106600.0,107131.0,168900.0
46001604,110817.0,107148.0,169900.0
46001605,110817.0,107148.0,168000.0
46001606,110817.0,107148.0,168900.0
46001607,104867.0,109345.0,169800.0
46001608,104867.0,109345.0,168000.0
46001609,104867.0,109345.0,168900.0
46001610,105733.0,108798.0,170100.0
46001611,106600.0,108798.0,170100.0
46001612,105733.0,108798.0,168000.0
46001613,106600.0,108798.0,168000.0
46001614,105733.0,108798.0,168900.0
46001615,106600.0,108798.0,168900.0
46001616,107467.0,109345.0,169800.0
46001617,107467.0,109345.0,168000.0
46001618,107467.0,109345.0,168900.0
46001619,98067.0,111448.0,170100.0
46001620,98067.0,112448.0,170100.0
46001621,98067.0,111448.0,168000.0
46001622,98067.0,112448.0,168000.0
46001623,98067.0,111448.0,168900.0
46001624,98067.0,112448.0,168900.0
46001625,100567.0,110448.0,169800.0
46001626,100567.0,110448.0,168000.0
46001627,100567.0,110448.0,168900.0
46001628,100367.0,113448.0,170100.0
46001629,100367.0,113448.0,168000.0
46001630,100367.0,113448.0,168900.0
46001631,101067.0,111448.0,169800.0
46001632,101067.0,112448.0,169800.0
46001633,101067.0,111448.0,168000.0
46001634,101067.0,112448.0,168000.0
46001635,101067.0,111448.0,168900.0
46001636,101067.0,112448.0,168900.0
46001637,98067.0,114148.0,169800.0
46001638,98067.0,114148.0,168000.0
46001639,98067.0,114148.0,168900.0
46001640,111267.0,111060.0,169800.0
46001641,111267.0,111923.0,169800.0
46001642,111267.0,112785.0,169800.0
46001643,111267.0,111060.0,168000.0
46001644,111267.0,111923.0,168000.0
46001645,111267.0,112785.0,168000.0
46001646,111267.0,111060.0,168900.0
46001647,111267.0,112785.0,168900.0
46001648,111267.0,111923.0,168900.0
46001649,100367.0,114848.0,169800.0
46001650,100367.0,114848.0,168000.0
46001651,100367.0,114848.0,168900.0
46001652,105733.0,114848.0,169800.0
46001653,106600.0,114848.0,169800.0
46001654,105733.0,114848.0,168000.0
46001655,106600.0,114848.0,168000.0
46001656,105733.0,114848.0,168900.0
46001657,106600.0,114848.0,168900.0
46001658,107467.0,106710.0,169800.0
46001659,107467.0,106710.0,168000.0
46001660,107467.0,106710.0,168900.0
46001661,98067.0,102481.0,169800.0
46001662,98067.0,103414.0,169800.0
46001663,98067.0,102481.0,168000.0
46001664,98067.0,103414.0,168000.0
46001665,98067.0,102481.0,168900.0
46001666,98067.0,103414.0,168900.0
46001667,98067.0,105281.0,169800.0
46001668,98067.0,106214.0,169800.0
46001669,98067.0,105281.0,168000.0
46001670,98067.0,106214.0,168000.0
46001671,98067.0,105281.0,168900.0
46001672,98067.0,106214.0,168900.0
46001673,104867.0,114248.0,169800.0
46001674,104867.0,114248.0,168000.0
46001675,104867.0,114248.0,168900.0
46001676,98067.0,99381.0,169800.0
46001677,98067.0,100214.0,169800.0
46001678,98067.0,99381.0,168000.0
46001679,98067.0,100214.0,168000.0
46001680,98067.0,99381.0,168900.0
46001681,98067.0,100214.0,168900.0
46001682,24217.0,113842.0,170700.0
46001683,24217.0,112888.0,170700.0
46001684,24217.0,111942.0,170700.0
46001685,24217.0,110977.0,170700.0
46001686,24217.0,109999.0,170700.0
46001687,24217.0,109011.0,170700.0
46001688,24217.0,108071.0,170700.0
46001689,25167.0,113929.0,170700.0
46001690,25167.0,113007.0,170700.0
46001691,25167.0,112066.0,170700.0
46001692,25167.0,111102.0,170700.0
46001693,25167.0,110119.0,170700.0
46001694,25167.0,109126.0,170700.0
46001695,25167.0,108135.0,170700.0
46001696,26117.0,114015.0,170700.0
46001697,26117.0,113157.0,170700.0
46001698,26117.0,112223.0,170700.0
46001699,26117.0,111253.0,170700.0
46001700,26117.0,110256.0,170700.0
46001701,26117.0,109228.0,170700.0
46001702,26117.0,108189.0,170700.0
46001703,27767.0,114148.0,170700.0
46001704,29267.0,114148.0,170700.0
46001705,17833.0,112807.0,170700.0
46001706,17803.0,111978.0,170700.0
46001707,17814.0,109560.0,170700.0
46001708,17803.0,110360.0,170700.0
46001709,17797.0,111175.0,170700.0
46001710,18747.0,110499.0,170700.0
46001711,18711.0,111308.0,170700.0
46001712,18758.0,109644.0,170700.0
46001713,18725.0,111989.0,170700.0
46001714,18796.0,112799.0,170700.0
46001715,19605.0,111720.0,170700.0
46001716,19687.0,110724.0,170700.0
46001717,19711.0,109759.0,170700.0
46001718,19736.0,112715.0,170700.0
46001719,17727.0,107952.0,170700.0
46001720,18522.0,107951.0,170700.0
46001721,19173.0,107945.0,170700.0
46001722,19928.0,107945.0,170700.0
46001723,21533.0,107964.0,170700.0
46001724,22400.0,107968.0,170700.0
46001725,24217.0,106235.0,170700.0
46001726,24217.0,105296.0,170700.0
46001727,25167.0,106224.0,170700.0
46001728,25167.0,105289.0,170700.0
46001729,26117.0,106235.0,170700.0
46001730,26117.0,105296.0,170700.0
46001731,17733.0,100214.0,170700.0
46001732,17704.0,99381.0,170700.0
46001733,18596.0,100214.0,170700.0
46001734,18559.0,99381.0,170700.0
46001735,24217.0,103414.0,170700.0
46001736,24217.0,102481.0,170700.0
46001737,25167.0,103414.0,170700.0
46001738,25167.0,102481.0,170700.0
46001739,26117.0,103414.0,170700.0
46001740,26117.0,102481.0,170700.0
46001741,24217.0,100556.0,170700.0
46001742,24217.0,99559.0,170700.0
46001743,25167.0,100552.0,170700.0
46001744,25167.0,99553.0,170700.0
46001745,26117.0,100556.0,170700.0
46001746,26117.0,99559.0,170700.0
46001747,53835.0,107943.0,170700.0
46001748,54736.0,107923.0,170700.0
46001749,55602.0,107903.0,170700.0
46001750,109538.0,100214.0,170700.0
46001751,109574.0,99381.0,170700.0
46001752,110401.0,100214.0,170700.0
46001753,110429.0,99381.0,170700.0
46001754,98867.0,114148.0,170700.0
46001755,100367.0,114148.0,170700.0
46001756,108372.0,112745.0,170700.0
46001757,108436.0,111814.0,170700.0
46001758,108445.0,109786.0,170700.0
46001759,108536.0,110807.0,170700.0
46001760,109424.0,111113.0,170700.0
46001761,109371.0,111930.0,170700.0
46001762,109425.0,110435.0,170700.0
46001763,109388.0,109627.0,170700.0
46001764,109326.0,112783.0,170700.0
46001765,110341.0,110329.0,170700.0
46001766,110337.0,111124.0,170700.0
46001767,110328.0,109547.0,170700.0
46001768,110293.0,112795.0,170700.0
46001769,110320.0,111948.0,170700.0
46001770,101998.0,100556.0,170700.0
46001771,101962.0,99558.0,170700.0
46001772,102940.0,100552.0,170700.0
46001773,102881.0,99553.0,170700.0
46001774,103898.0,100556.0,170700.0
46001775,103862.0,99559.0,170700.0
46001776,108205.0,107945.0,170700.0
46001777,108960.0,107945.0,170700.0
46001778,109611.0,107951.0,170700.0
46001779,110406.0,107952.0,170700.0
46001780,102017.0,106235.0,170700.0
46001781,102017.0,105296.0,170700.0
46001782,102967.0,106224.0,170700.0
46001783,102967.0,105289.0,170700.0
46001784,103917.0,106235.0,170700.0
46001785,103917.0,105296.0,170700.0
46001786,101960.0,114011.0,170700.0
46001787,101992.0,113153.0,170700.0
46001788,102002.0,112222.0,170700.0
46001789,102007.0,111252.0,170700.0
46001790,102010.0,110256.0,170700.0
46001791,102012.0,109228.0,170700.0
46001792,102014.0,108190.0,170700.0
46001793,102877.0,113924.0,170700.0
46001794,102929.0,113003.0,170700.0
46001795,102946.0,112064.0,170700.0
46001796,102953.0,111102.0,170700.0
46001797,102957.0,110120.0,170700.0
46001798,102960.0,109127.0,170700.0
46001799,102963.0,108135.0,170700.0
46001800,103858.0,113839.0,170700.0
46001801,103890.0,112886.0,170700.0
46001802,103902.0,111941.0,170700.0
46001803,103907.0,110977.0,170700.0
46001804,103910.0,110000.0,170700.0
46001805,103912.0,109011.0,170700.0
46001806,103914.0,108072.0,170700.0
46001807,102017.0,103414.0,170700.0
46001808,102017.0,102481.0,170700.0
46001809,102967.0,103414.0,170700.0
46001810,102967.0,102481.0,170700.0
46001811,103917.0,103414.0,170700.0
46001812,103917.0,102481.0,170700.0
46001813,105733.0,107968.0,170700.0
46001814,106600.0,107964.0,170700.0
47000001,23267.0,114848.0,174300.0
47000002,27067.0,114848.0,174300.0
47000003,20667.0,114848.0,174300.0
47000004,30067.0,114848.0,174300.0
47000005,27067.0,113448.0,174300.0
47000006,27067.0,110448.0,174300.0
47000007,30067.0,113448.0,174300.0
47000008,20667.0,111848.0,174300.0
47000009,20667.0,108798.0,174300.0
47000010,23267.0,111848.0,174300.0
47000011,16867.0,108748.0,174300.0
47000012,23267.0,108798.0,174300.0
47000013,16867.0,107148.0,174300.0
47000014,30067.0,107148.0,174300.0
47000015,23267.0,107148.0,174300.0
47000016,20667.0,107123.0,174300.0
47000017,27067.0,107148.0,174300.0
47000018,16867.0,101048.0,174300.0
47000019,17767.0,107148.0,174300.0
47000020,17767.0,101048.0,174300.0
47000021,20667.0,104348.0,174300.0
47000022,23267.0,104348.0,174300.0
47000023,27067.0,104348.0,174300.0
47000024,20667.0,101548.0,174300.0
47000025,20667.0,101048.0,174300.0
47000026,23267.0,101548.0,174300.0
47000027,27067.0,101548.0,174300.0
47000028,20667.0,98548.0,174300.0
47000029,23267.0,98548.0,174300.0
47000030,27067.0,98548.0,174300.0
47000031,16867.0,110198.0,174300.0
47000032,30067.0,110448.0,174300.0
47000033,23267.0,109893.0,174300.0
47000034,28067.0,110448.0,174300.0
47000035,23267.0,106298.0,174300.0
47000036,27067.0,106298.0,174300.0
47000037,20167.0,107098.0,174300.0
47000038,23267.0,99593.0,174300.0
47000039,27067.0,99593.0,174300.0
47000040,18417.0,98548.0,174300.0
47000041,20667.0,113648.0,174300.0
47000042,16867.0,113648.0,174300.0
47000043,19917.0,113648.0,174300.0
47000044,19917.0,114848.0,174300.0
47000045,17867.0,113648.0,174300.0
47000046,17867.0,114848.0,174300.0
47000047,28467.0,113448.0,174300.0
47000048,28467.0,114848.0,174300.0
47000049,19467.0,98548.0,174300.0
47000050,19467.0,101048.0,174300.0
47000051,17767.0,103698.0,174300.0
47000052,16867.0,103698.0,174300.0
47000053,20667.0,106298.0,174300.0
47000054,23267.0,113648.0,174300.0
47000055,20667.0,109893.0,174300.0
47000056,4867.0,114848.0,174300.0
47000057,4867.0,106698.0,174300.0
47000058,4867.0,98548.0,174300.0
47000059,4867.0,87098.0,174300.0
47000060,4867.0,126298.0,174300.0
47000061,9467.0,126348.0,174300.0
47000062,13067.0,126348.0,174300.0
47000063,124067.0,114848.0,174300.0
47000064,124067.0,106698.0,174300.0
47000065,124067.0,98548.0,174300.0
47000066,124067.0,87098.0,174300.0
47000067,124067.0,126298.0,174300.0
47000068,30067.0,98548.0,174300.0
47000069,30067.0,104348.0,174300.0
47000070,30067.0,101548.0,174300.0
47000071,13067.0,87048.0,174300.0
47000072,9467.0,87048.0,174300.0
47000073,63747.0,110448.0,174300.0
47000074,60347.0,101048.0,174300.0
47000075,60347.0,107048.0,174300.0
47000076,63747.0,107148.0,174300.0
47000077,52947.0,114848.0,174300.0
47000078,56347.0,108748.0,174300.0
47000079,52947.0,103698.0,174300.0
47000080,53847.0,103698.0,174300.0
47000081,54497.0,98548.0,174300.0
47000082,56347.0,110448.0,174300.0
47000083,52947.0,110198.0,174300.0
47000084,56347.0,113448.0,174300.0
47000085,52947.0,101048.0,174300.0
47000086,53847.0,101048.0,174300.0
47000087,53847.0,107148.0,174300.0
47000088,52947.0,107148.0,174300.0
47000089,56347.0,107048.0,174300.0
47000090,52947.0,108748.0,174300.0
47000091,56347.0,101548.0,174300.0
47000092,55947.0,107048.0,174300.0
47000093,56347.0,106298.0,174300.0
47000094,60347.0,110448.0,174300.0
47000095,56347.0,104348.0,174300.0
47000096,56347.0,101048.0,174300.0
47000097,63747.0,101048.0,174300.0
47000098,52947.0,98548.0,174300.0
47000099,60347.0,104348.0,174300.0
47000100,119800.0,87048.0,174300.0
47000101,115533.0,87048.0,174300.0
47000102,111267.0,103698.0,174300.0
47000103,110367.0,103698.0,174300.0
47000104,108667.0,101048.0,174300.0
47000105,108667.0,98548.0,174300.0
47000106,99667.0,114848.0,174300.0
47000107,99667.0,113448.0,174300.0
47000108,110267.0,114848.0,174300.0
47000109,110267.0,113648.0,174300.0
47000110,108217.0,114848.0,174300.0
47000111,108217.0,113648.0,174300.0
47000112,111267.0,113648.0,174300.0
47000113,107467.0,113648.0,174300.0
47000114,109717.0,98548.0,174300.0
47000115,101067.0,99593.0,174300.0
47000116,104867.0,99593.0,174300.0
47000117,107967.0,107098.0,174300.0
47000118,101067.0,106298.0,174300.0
47000119,104867.0,106298.0,174300.0
47000120,100067.0,110448.0,174300.0
47000121,104867.0,109893.0,174300.0
47000122,98067.0,110448.0,174300.0
47000123,111267.0,110198.0,174300.0
47000124,101067.0,98548.0,174300.0
47000125,104867.0,98548.0,174300.0
47000126,107467.0,98548.0,174300.0
47000127,101067.0,101548.0,174300.0
47000128,104867.0,101548.0,174300.0
47000129,107467.0,101048.0,174300.0
47000130,107467.0,101548.0,174300.0
47000131,101067.0,104348.0,174300.0
47000132,104867.0,104348.0,174300.0
47000133,107467.0,104348.0,174300.0
47000134,110367.0,101048.0,174300.0
47000135,110367.0,107148.0,174300.0
47000136,111267.0,101048.0,174300.0
47000137,101067.0,107148.0,174300.0
47000138,107467.0,107123.0,174300.0
47000139,104867.0,107148.0,174300.0
47000140,98067.0,107148.0,174300.0
47000141,111267.0,107148.0,174300.0
47000142,104867.0,108798.0,174300.0
47000143,111267.0,108748.0,174300.0
47000144,104867.0,111848.0,174300.0
47000145,107467.0,108798.0,174300.0
47000146,107467.0,111848.0,174300.0
47000147,98067.0,113448.0,174300.0
47000148,101067.0,110448.0,174300.0
47000149,101067.0,113448.0,174300.0
47000150,98067.0,114848.0,174300.0
47000151,107467.0,114848.0,174300.0
47000152,101067.0,114848.0,174300.0
47000153,104867.0,114848.0,174300.0
47000154,107467.0,106298.0,174300.0
47000155,98067.0,101548.0,174300.0
47000156,98067.0,104348.0,174300.0
47000157,107467.0,109893.0,174300.0
47000158,104867.0,113648.0,174300.0
47000159,98067.0,101048.0,174300.0
47000160,98067.0,98548.0,174300.0
47000161,56347.0,98548.0,174300.0
47000162,63747.0,98548.0,174300.0
47000163,56347.0,114848.0,174300.0
47000164,60347.0,114848.0,174300.0
47000165,60347.0,98548.0,174300.0
47000166,63747.0,114848.0,174300.0
47000167,16867.0,114848.0,174300.0
47000168,30067.0,126298.0,174300.0
47000169,16867.0,106698.0,174300.0
47000170,16867.0,98548.0,174300.0
47000171,16867.0,87098.0,174300.0
47000172,16867.0,126298.0,174300.0
47000173,30067.0,87098.0,174300.0
47000174,111267.0,98548.0,174300.0
47000175,111267.0,87098.0,174300.0
47000176,111267.0,126298.0,174300.0
47000177,98067.0,87098.0,174300.0
47000178,98067.0,126298.0,174300.0
47000179,111267.0,106698.0,174300.0
47000180,111267.0,114848.0,174300.0
47000181,41507.0,87098.0,174300.0
47000182,41507.0,126298.0,174300.0
47000183,52947.0,87098.0,174300.0
47000184,52947.0,126298.0,174300.0
47000185,75187.0,87098.0,174300.0
47000186,75187.0,126298.0,174300.0
47000187,86627.0,126298.0,174300.0
47000188,86627.0,87098.0,174300.0
47000189,63747.0,87098.0,174300.0
47000190,63747.0,126298.0,174300.0
47000191,102700.0,126348.0,174300.0
47000192,102700.0,114848.0,174300.0
47000193,102700.0,87048.0,174300.0
47000194,102700.0,98548.0,174300.0
47000195,119800.0,126348.0,174300.0
47000196,115533.0,126348.0,174300.0
47000197,107467.0,87048.0,174300.0
47000198,107467.0,126348.0,174300.0
47000199,92347.0,126348.0,174300.0
47000200,92347.0,87048.0,174300.0
47000201,80907.0,126348.0,174300.0
47000202,80907.0,87048.0,174300.0
47000203,69442.0,126348.0,174300.0
47000204,69442.0,87048.0,174300.0
47000205,47227.0,126348.0,174300.0
47000206,47227.0,87048.0,174300.0
47000207,58347.0,98548.0,174300.0
47000208,58347.0,87048.0,174300.0
47000209,58347.0,114848.0,174300.0
47000210,58347.0,126348.0,174300.0
47000211,35787.0,126348.0,174300.0
47000212,35787.0,87048.0,174300.0
47000213,25167.0,114848.0,174300.0
47000214,25167.0,126348.0,174300.0
47000215,25167.0,98548.0,174300.0
47000216,25167.0,87048.0,174300.0
47000217,20667.0,87048.0,174300.0
47000218,20667.0,126348.0,174300.0
47000219,86627.0,98548.0,174300.0
47000220,86627.0,114848.0,174300.0
47000221,86627.0,107148.0,174300.0
47000222,75187.0,98548.0,174300.0
47000223,75187.0,114848.0,174300.0
47000224,75187.0,107148.0,174300.0
47000225,13067.0,98548.0,174300.0
47000226,13067.0,114848.0,174300.0
47000227,13067.0,106698.0,174300.0
47000228,9467.0,98548.0,174300.0
47000229,9467.0,114848.0,174300.0
47000230,9467.0,106698.0,174300.0
47000231,119800.0,98548.0,174300.0
47000232,119800.0,114848.0,174300.0
47000233,119800.0,106698.0,174300.0
47000234,115533.0,98548.0,174300.0
47000235,115533.0,114848.0,174300.0
47000236,115533.0,106698.0,174300.0
47000237,92347.0,98548.0,174300.0
47000238,80907.0,98548.0,174300.0
47000239,69442.0,98548.0,174300.0
47000240,47227.0,98548.0,174300.0
47000241,35787.0,98548.0,174300.0
47000242,41507.0,98548.0,174300.0
47000243,92347.0,114848.0,174300.0
47000244,80907.0,114848.0,174300.0
47000245,69442.0,114848.0,174300.0
47000246,47227.0,114848.0,174300.0
47000247,35787.0,114848.0,174300.0
47000248,41507.0,114848.0,174300.0
47000249,47227.0,107148.0,174300.0
47000250,35787.0,107148.0,174300.0
47000251,41507.0,107148.0,174300.0
47000252,92347.0,107148.0,174300.0
47000253,80907.0,107148.0,174300.0
47000254,69442.0,107148.0,174300.0
47000255,16867.0,108748.0,173500.0
47000256,16867.0,110198.0,173500.0
47000257,27067.0,113448.0,173700.0
47000258,27067.0,114848.0,173700.0
47000259,20667.0,107123.0,173700.0
47000260,20667.0,108798.0,173700.0
47000261,28067.0,110448.0,173700.0
47000262,30067.0,110448.0,173700.0
47000263,16867.0,107148.0,173500.0
47000264,23267.0,107148.0,173700.0
47000265,23267.0,108798.0,173700.0
47000266,17767.0,107148.0,173600.0
47000267,20167.0,107098.0,173600.0
47000268,18417.0,98548.0,173500.0
47000269,19467.0,98548.0,173500.0
47000270,28467.0,113448.0,173700.0
47000271,30067.0,113448.0,173700.0
47000272,20667.0,98548.0,173500.0
47000273,52947.0,107148.0,173500.0
47000274,52947.0,108748.0,173500.0
47000275,56347.0,113448.0,173700.0
47000276,56347.0,114848.0,173700.0
47000277,52947.0,110198.0,173500.0
47000278,53847.0,107148.0,173600.0
47000279,55947.0,107048.0,173600.0
47000280,54497.0,98548.0,173500.0
47000281,56347.0,98548.0,173500.0
47000282,107467.0,98548.0,173500.0
47000283,108667.0,98548.0,173500.0
47000284,98067.0,113448.0,173700.0
47000285,99667.0,113448.0,173700.0
47000286,107967.0,107098.0,173600.0
47000287,110367.0,107148.0,173600.0
47000288,104867.0,107148.0,173700.0
47000289,104867.0,108798.0,173700.0
47000290,111267.0,107148.0,173500.0
47000291,111267.0,108748.0,173500.0
47000292,107467.0,107123.0,173700.0
47000293,107467.0,108798.0,173700.0
47000294,101067.0,113448.0,173700.0
47000295,101067.0,114848.0,173700.0
47000296,111267.0,110198.0,173500.0
47000297,98067.0,110448.0,173700.0
47000298,100067.0,110448.0,173700.0
47000299,109717.0,98548.0,173500.0
47000300,17367.0,114848.0,174300.0
47000301,21533.0,114848.0,174300.0
47000302,22400.0,114848.0,174300.0
47000303,27767.0,114848.0,174300.0
47000304,16867.0,111060.0,174300.0
47000305,16867.0,111923.0,174300.0
47000306,16867.0,112785.0,174300.0
47000307,16867.0,109110.0,174300.0
47000308,16867.0,109473.0,174300.0
47000309,16867.0,109835.0,174300.0
47000310,27067.0,113798.0,174300.0
47000311,27067.0,114148.0,174300.0
47000312,27067.0,114498.0,174300.0
47000313,30067.0,114148.0,174300.0
47000314,27067.0,111448.0,174300.0
47000315,27067.0,112448.0,174300.0
47000316,27767.0,113448.0,174300.0
47000317,27567.0,110448.0,174300.0
47000318,30067.0,111448.0,174300.0
47000319,30067.0,112448.0,174300.0
47000320,20667.0,109345.0,174300.0
47000321,20667.0,107541.0,174300.0
47000322,20667.0,107960.0,174300.0
47000323,20667.0,108379.0,174300.0
47000324,21533.0,108798.0,174300.0
47000325,22400.0,108798.0,174300.0
47000326,23267.0,109345.0,174300.0
47000327,28567.0,110448.0,174300.0
47000328,29067.0,110448.0,174300.0
47000329,29567.0,110448.0,174300.0
47000330,16867.0,107548.0,174300.0
47000331,16867.0,107948.0,174300.0
47000332,16867.0,108348.0,174300.0
47000333,23267.0,107560.0,174300.0
47000334,23267.0,107973.0,174300.0
47000335,23267.0,108385.0,174300.0
47000336,17317.0,107148.0,174300.0
47000337,21533.0,107131.0,174300.0
47000338,22400.0,107139.0,174300.0
47000339,23267.0,106723.0,174300.0
47000340,27067.0,106723.0,174300.0
47000341,28067.0,107148.0,174300.0
47000342,29067.0,107148.0,174300.0
47000343,16867.0,101931.0,174300.0
47000344,16867.0,102814.0,174300.0
47000345,16867.0,99381.0,174300.0
47000346,16867.0,100214.0,174300.0
47000347,17317.0,101048.0,174300.0
47000348,18167.0,107139.0,174300.0
47000349,18567.0,107131.0,174300.0
47000350,18967.0,107123.0,174300.0
47000351,19367.0,107114.0,174300.0
47000352,19767.0,107106.0,174300.0
47000353,18617.0,101048.0,174300.0
47000354,20667.0,99381.0,174300.0
47000355,20667.0,100214.0,174300.0
47000356,17642.0,98548.0,174300.0
47000357,18942.0,98548.0,174300.0
47000358,21533.0,98548.0,174300.0
47000359,22400.0,98548.0,174300.0
47000360,23267.0,99070.0,174300.0
47000361,27067.0,99070.0,174300.0
47000362,28067.0,98548.0,174300.0
47000363,29067.0,98548.0,174300.0
47000364,16867.0,114248.0,174300.0
47000365,20667.0,114248.0,174300.0
47000366,20292.0,114848.0,174300.0
47000367,18142.0,114848.0,174300.0
47000368,18642.0,114848.0,174300.0
47000369,19142.0,114848.0,174300.0
47000370,19642.0,114848.0,174300.0
47000371,29267.0,114848.0,174300.0
47000372,28867.0,113448.0,174300.0
47000373,29267.0,113448.0,174300.0
47000374,29667.0,113448.0,174300.0
47000375,20067.0,101048.0,174300.0
47000376,20067.0,98548.0,174300.0
47000377,16867.0,104698.0,174300.0
47000378,16867.0,105698.0,174300.0
47000379,20667.0,106710.0,174300.0
47000380,23267.0,114248.0,174300.0
47000381,30067.0,99381.0,174300.0
47000382,30067.0,100214.0,174300.0
47000383,30067.0,100881.0,174300.0
47000384,30067.0,105281.0,174300.0
47000385,30067.0,106214.0,174300.0
47000386,30067.0,102481.0,174300.0
47000387,30067.0,103414.0,174300.0
47000388,60347.0,101873.0,174300.0
47000389,60347.0,102698.0,174300.0
47000390,60347.0,103523.0,174300.0
47000391,63747.0,111328.0,174300.0
47000392,63747.0,112208.0,174300.0
47000393,63747.0,113088.0,174300.0
47000394,63747.0,113968.0,174300.0
47000395,61022.0,114848.0,174300.0
47000396,61697.0,114848.0,174300.0
47000397,62197.0,114848.0,174300.0
47000398,62697.0,114848.0,174300.0
47000399,63197.0,114848.0,174300.0
47000400,52947.0,104560.0,174300.0
47000401,52947.0,105423.0,174300.0
47000402,52947.0,106285.0,174300.0
47000403,53722.0,98548.0,174300.0
47000404,52947.0,99381.0,174300.0
47000405,52947.0,100214.0,174300.0
47000406,52947.0,101931.0,174300.0
47000407,52947.0,102814.0,174300.0
47000408,53397.0,101048.0,174300.0
47000409,53397.0,107148.0,174300.0
47000410,52947.0,107548.0,174300.0
47000411,52947.0,107948.0,174300.0
47000412,52947.0,108348.0,174300.0
47000413,56347.0,111328.0,174300.0
47000414,56347.0,112208.0,174300.0
47000415,56347.0,113088.0,174300.0
47000416,56347.0,113798.0,174300.0
47000417,56347.0,114148.0,174300.0
47000418,56347.0,114498.0,174300.0
47000419,52947.0,109110.0,174300.0
47000420,52947.0,109473.0,174300.0
47000421,52947.0,109835.0,174300.0
47000422,52947.0,111128.0,174300.0
47000423,52947.0,112058.0,174300.0
47000424,52947.0,112988.0,174300.0
47000425,52947.0,113918.0,174300.0
47000426,53622.0,114848.0,174300.0
47000427,54297.0,114848.0,174300.0
47000428,54797.0,114848.0,174300.0
47000429,55297.0,114848.0,174300.0
47000430,55797.0,114848.0,174300.0
47000431,54372.0,107123.0,174300.0
47000432,54897.0,107098.0,174300.0
47000433,55422.0,107073.0,174300.0
47000434,61197.0,110448.0,174300.0
47000435,62047.0,110448.0,174300.0
47000436,62897.0,110448.0,174300.0
47000437,56347.0,106673.0,174300.0
47000438,56347.0,99381.0,174300.0
47000439,56347.0,100214.0,174300.0
47000440,54959.0,98548.0,174300.0
47000441,55422.0,98548.0,174300.0
47000442,55884.0,98548.0,174300.0
47000443,63747.0,102064.0,174299.0
47000444,63747.0,103081.0,174300.0
47000445,63747.0,104098.0,174300.0
47000446,63747.0,105114.0,174300.0
47000447,63747.0,106131.0,174300.0
47000448,63747.0,99381.0,174300.0
47000449,63747.0,100214.0,174300.0
47000450,54680.0,101048.0,174300.0
47000451,55513.0,101048.0,174300.0
47000452,60822.0,98548.0,174300.0
47000453,61297.0,98548.0,174300.0
47000454,61797.0,98548.0,174300.0
47000455,62297.0,98548.0,174300.0
47000456,62797.0,98548.0,174300.0
47000457,63272.0,98548.0,174300.0
47000458,61197.0,101048.0,174300.0
47000459,62047.0,101048.0,174300.0
47000460,62897.0,101048.0,174300.0
47000461,111267.0,104698.0,174300.0
47000462,111267.0,105698.0,174300.0
47000463,108067.0,98548.0,174300.0
47000464,108067.0,101048.0,174300.0
47000465,98467.0,113448.0,174300.0
47000466,98867.0,113448.0,174300.0
47000467,99267.0,113448.0,174300.0
47000468,98867.0,114848.0,174300.0
47000469,108492.0,114848.0,174300.0
47000470,108992.0,114848.0,174300.0
47000471,109492.0,114848.0,174300.0
47000472,109992.0,114848.0,174300.0
47000473,107842.0,114848.0,174300.0
47000474,107467.0,114248.0,174300.0
47000475,111267.0,114248.0,174300.0
47000476,110767.0,114848.0,174300.0
47000477,110492.0,98548.0,174300.0
47000478,99067.0,98548.0,174300.0
47000479,100067.0,98548.0,174300.0
47000480,105733.0,98548.0,174300.0
47000481,106600.0,98548.0,174300.0
47000482,101067.0,99070.0,174300.0
47000483,104867.0,99070.0,174300.0
47000484,107467.0,99381.0,174300.0
47000485,107467.0,100214.0,174300.0
47000486,109517.0,101048.0,174300.0
47000487,108367.0,107106.0,174300.0
47000488,108767.0,107114.0,174300.0
47000489,109167.0,107123.0,174300.0
47000490,109567.0,107131.0,174300.0
47000491,109967.0,107139.0,174300.0
47000492,110817.0,101048.0,174300.0
47000493,111267.0,99381.0,174300.0
47000494,111267.0,100214.0,174300.0
47000495,111267.0,101931.0,174300.0
47000496,111267.0,102814.0,174300.0
47000497,99067.0,107148.0,174300.0
47000498,100067.0,107148.0,174300.0
47000499,101067.0,106723.0,174300.0
47000500,104867.0,106723.0,174300.0
47000501,105733.0,107139.0,174300.0
47000502,106600.0,107131.0,174300.0
47000503,110817.0,107148.0,174300.0
47000504,104867.0,107560.0,174300.0
47000505,104867.0,107973.0,174300.0
47000506,104867.0,108385.0,174300.0
47000507,111267.0,107548.0,174300.0
47000508,111267.0,107948.0,174300.0
47000509,111267.0,108348.0,174300.0
47000510,104867.0,109345.0,174300.0
47000511,105733.0,108798.0,174300.0
47000512,106600.0,108798.0,174300.0
47000513,107467.0,107541.0,174300.0
47000514,107467.0,107960.0,174300.0
47000515,107467.0,108379.0,174300.0
47000516,107467.0,109345.0,174300.0
47000517,98067.0,111448.0,174300.0
47000518,98067.0,112448.0,174300.0
47000519,100567.0,110448.0,174300.0
47000520,100367.0,113448.0,174300.0
47000521,101067.0,111448.0,174300.0
47000522,101067.0,112448.0,174300.0
47000523,98067.0,114148.0,174300.0
47000524,101067.0,113798.0,174300.0
47000525,101067.0,114148.0,174300.0
47000526,101067.0,114498.0,174300.0
47000527,111267.0,109110.0,174300.0
47000528,111267.0,109473.0,174300.0
47000529,111267.0,109835.0,174300.0
47000530,111267.0,111060.0,174300.0
47000531,111267.0,111923.0,174300.0
47000532,111267.0,112785.0,174300.0
47000533,100367.0,114848.0,174300.0
47000534,105733.0,114848.0,174300.0
47000535,106600.0,114848.0,174300.0
47000536,107467.0,106710.0,174300.0
47000537,98067.0,102481.0,174300.0
47000538,98067.0,103414.0,174300.0
47000539,98067.0,105281.0,174300.0
47000540,98067.0,106214.0,174300.0
47000541,104867.0,114248.0,174300.0
47000542,98067.0,99381.0,174300.0
47000543,98067.0,100214.0,174300.0
47000544,98567.0,110448.0,174300.0
47000545,99067.0,110448.0,174300.0
47000546,99567.0,110448.0,174300.0
47000547,109192.0,98548.0,174300.0
47000548,16867.0,114848.0,173200.0
47000549,16867.0,114848.0,172366.0
47000550,16867.0,114848.0,171533.0
47000551,17867.0,114848.0,173200.0
47000552,17867.0,114848.0,172366.0
47000553,17867.0,114848.0,171533.0
47000554,20667.0,114848.0,173200.0
47000555,20667.0,114848.0,172366.0
47000556,20667.0,114848.0,171533.0
47000557,23267.0,114848.0,173300.0
47000558,23267.0,114848.0,172433.0
47000559,23267.0,114848.0,171566.0
47000560,28467.0,114848.0,173400.0
47000561,28467.0,114848.0,172500.0
47000562,28467.0,114848.0,171600.0
47000563,27067.0,110448.0,173400.0
47000564,27067.0,110448.0,172500.0
47000565,27067.0,110448.0,171600.0
47000566,20667.0,109893.0,173400.0
47000567,20667.0,109893.0,172500.0
47000568,20667.0,109893.0,171600.0
47000569,16867.0,113648.0,173200.0
47000570,16867.0,113648.0,172366.0
47000571,16867.0,113648.0,171533.0
47000572,23267.0,109893.0,173400.0
47000573,23267.0,109893.0,172500.0
47000574,23267.0,109893.0,171600.0
47000575,16867.0,106698.0,173400.0
47000576,16867.0,106698.0,172500.0
47000577,16867.0,106698.0,171600.0
47000578,23267.0,106298.0,173400.0
47000579,23267.0,106298.0,172500.0
47000580,23267.0,106298.0,171600.0
47000581,27067.0,106298.0,173400.0
47000582,27067.0,106298.0,172500.0
47000583,27067.0,106298.0,171600.0
47000584,27067.0,107148.0,173400.0
47000585,27067.0,107148.0,172500.0
47000586,27067.0,107148.0,171600.0
47000587,16867.0,101048.0,173400.0
47000588,16867.0,101048.0,172500.0
47000589,16867.0,101048.0,171600.0
47000590,16867.0,103698.0,173400.0
47000591,16867.0,103698.0,172500.0
47000592,16867.0,103698.0,171600.0
47000593,16867.0,98548.0,173400.0
47000594,16867.0,98548.0,172500.0
47000595,16867.0,98548.0,171600.0
47000596,17767.0,101048.0,173400.0
47000597,17767.0,101048.0,172500.0
47000598,17767.0,101048.0,171600.0
47000599,19467.0,101048.0,173400.0
47000600,19467.0,101048.0,172500.0
47000601,19467.0,101048.0,171600.0
47000602,20667.0,101048.0,173400.0
47000603,20667.0,101048.0,172500.0
47000604,20667.0,101048.0,171600.0
47000605,23267.0,98548.0,173400.0
47000606,23267.0,98548.0,172500.0
47000607,23267.0,98548.0,171600.0
47000608,23267.0,99593.0,173400.0
47000609,23267.0,99593.0,172500.0
47000610,23267.0,99593.0,171600.0
47000611,27067.0,98548.0,173400.0
47000612,27067.0,98548.0,172500.0
47000613,27067.0,98548.0,171600.0
47000614,27067.0,99593.0,173400.0
47000615,27067.0,99593.0,172500.0
47000616,27067.0,99593.0,171600.0
47000617,30067.0,98548.0,173400.0
47000618,30067.0,98548.0,172500.0
47000619,30067.0,98548.0,171600.0
47000620,19917.0,114848.0,173200.0
47000621,19917.0,114848.0,172366.0
47000622,19917.0,114848.0,171533.0
47000623,30067.0,114848.0,173400.0
47000624,30067.0,114848.0,172500.0
47000625,30067.0,114848.0,171600.0
47000626,20667.0,106298.0,173400.0
47000627,20667.0,106298.0,172500.0
47000628,20667.0,106298.0,171600.0
47000629,20667.0,113648.0,173200.0
47000630,20667.0,113648.0,172366.0
47000631,20667.0,113648.0,171533.0
47000632,23267.0,113648.0,173400.0
47000633,23267.0,113648.0,172500.0
47000634,23267.0,113648.0,171600.0
47000635,20667.0,101548.0,173400.0
47000636,20667.0,101548.0,172500.0
47000637,20667.0,101548.0,171600.0
47000638,30067.0,107148.0,173400.0
47000639,30067.0,107148.0,172500.0
47000640,30067.0,107148.0,171600.0
47000641,30067.0,104348.0,173400.0
47000642,30067.0,104348.0,172500.0
47000643,30067.0,104348.0,171600.0
47000644,30067.0,101548.0,173400.0
47000645,30067.0,101548.0,172500.0
47000646,30067.0,101548.0,171600.0
47000647,60347.0,101048.0,173200.0
47000648,60347.0,101048.0,172366.0
47000649,60347.0,101048.0,171533.0
47000650,60347.0,104348.0,173200.0
47000651,60347.0,104348.0,172366.0
47000652,60347.0,104348.0,171533.0
47000653,63747.0,110448.0,173200.0
47000654,63747.0,110448.0,172366.0
47000655,63747.0,110448.0,171533.0
47000656,63747.0,114848.0,173200.0
47000657,63747.0,114848.0,172366.0
47000658,63747.0,114848.0,171533.0
47000659,60347.0,114848.0,173200.0
47000660,60347.0,114848.0,172366.0
47000661,60347.0,114848.0,171533.0
47000662,52947.0,103698.0,173400.0
47000663,52947.0,103698.0,172500.0
47000664,52947.0,103698.0,171600.0
47000665,52947.0,98548.0,173400.0
47000666,52947.0,98548.0,172500.0
47000667,52947.0,98548.0,171600.0
47000668,52947.0,101048.0,173400.0
47000669,52947.0,101048.0,172500.0
47000670,52947.0,101048.0,171600.0
47000671,53847.0,101048.0,173400.0
47000672,53847.0,101048.0,172500.0
47000673,53847.0,101048.0,171600.0
47000674,56347.0,107048.0,173400.0
47000675,56347.0,107048.0,172500.0
47000676,56347.0,107048.0,171600.0
47000677,56347.0,110448.0,173400.0
47000678,56347.0,110448.0,172500.0
47000679,56347.0,110448.0,171600.0
47000680,52947.0,114848.0,173200.0
47000681,52947.0,114848.0,172366.0
47000682,52947.0,114848.0,171533.0
47000683,60347.0,110448.0,173200.0
47000684,60347.0,110448.0,172366.0
47000685,60347.0,110448.0,171533.0
47000686,56347.0,106298.0,173400.0
47000687,56347.0,106298.0,172500.0
47000688,56347.0,106298.0,171600.0
47000689,56347.0,101048.0,173400.0
47000690,56347.0,101048.0,172500.0
47000691,56347.0,101048.0,171600.0
47000692,56347.0,101548.0,173400.0
47000693,56347.0,101548.0,172500.0
47000694,56347.0,101548.0,171600.0
47000695,63747.0,101048.0,173200.0
47000696,63747.0,101048.0,172366.0
47000697,63747.0,101048.0,171533.0
47000698,63747.0,107148.0,173200.0
47000699,63747.0,107148.0,172366.0
47000700,63747.0,107148.0,171533.0
47000701,63747.0,98548.0,173200.0
47000702,63747.0,98548.0,172366.0
47000703,63747.0,98548.0,171533.0
47000704,60347.0,98548.0,173200.0
47000705,60347.0,98548.0,172366.0
47000706,60347.0,98548.0,171533.0
47000707,111267.0,103698.0,173400.0
47000708,111267.0,103698.0,172500.0
47000709,111267.0,103698.0,171600.0
47000710,111267.0,106698.0,173400.0
47000711,111267.0,106698.0,172500.0
47000712,111267.0,106698.0,171600.0
47000713,107467.0,101048.0,173400.0
47000714,107467.0,101048.0,172500.0
47000715,107467.0,101048.0,171600.0
47000716,108667.0,101048.0,173400.0
47000717,108667.0,101048.0,172500.0
47000718,108667.0,101048.0,171600.0
47000719,98067.0,114848.0,173400.0
47000720,98067.0,114848.0,172500.0
47000721,98067.0,114848.0,171600.0
47000722,99667.0,114848.0,173400.0
47000723,99667.0,114848.0,172500.0
47000724,99667.0,114848.0,171600.0
47000725,108217.0,114848.0,173200.0
47000726,108217.0,114848.0,172366.0
47000727,108217.0,114848.0,171533.0
47000728,110267.0,114848.0,173200.0
47000729,110267.0,114848.0,172366.0
47000730,110267.0,114848.0,171533.0
47000731,107467.0,114848.0,173300.0
47000732,107467.0,114848.0,172433.0
47000733,107467.0,114848.0,171566.0
47000734,107467.0,113648.0,173200.0
47000735,107467.0,113648.0,172366.0
47000736,107467.0,113648.0,171533.0
47000737,111267.0,113648.0,173400.0
47000738,111267.0,113648.0,172500.0
47000739,111267.0,113648.0,171600.0
47000740,111267.0,114848.0,173300.0
47000741,111267.0,114848.0,172433.0
47000742,111267.0,114848.0,171566.0
47000743,111267.0,98548.0,173400.0
47000744,111267.0,98548.0,172500.0
47000745,111267.0,98548.0,171600.0
47000746,98067.0,98548.0,173400.0
47000747,98067.0,98548.0,172500.0
47000748,98067.0,98548.0,171600.0
47000749,101067.0,98548.0,173400.0
47000750,101067.0,98548.0,172500.0
47000751,101067.0,98548.0,171600.0
47000752,104867.0,98548.0,173400.0
47000753,104867.0,98548.0,172500.0
47000754,104867.0,98548.0,171600.0
47000755,101067.0,99593.0,173400.0
47000756,101067.0,99593.0,172500.0
47000757,101067.0,99593.0,171600.0
47000758,104867.0,99593.0,173400.0
47000759,104867.0,99593.0,172500.0
47000760,104867.0,99593.0,171600.0
47000761,107467.0,101548.0,173400.0
47000762,107467.0,101548.0,172500.0
47000763,107467.0,101548.0,171600.0
47000764,110367.0,101048.0,173400.0
47000765,110367.0,101048.0,172500.0
47000766,110367.0,101048.0,171600.0
47000767,111267.0,101048.0,173400.0
47000768,111267.0,101048.0,172500.0
47000769,111267.0,101048.0,171600.0
47000770,98067.0,107148.0,173400.0
47000771,98067.0,107148.0,172500.0
47000772,98067.0,107148.0,171600.0
47000773,101067.0,107148.0,173400.0
47000774,101067.0,107148.0,172500.0
47000775,101067.0,107148.0,171600.0
47000776,101067.0,106298.0,173400.0
47000777,101067.0,106298.0,172500.0
47000778,101067.0,106298.0,171600.0
47000779,104867.0,106298.0,173400.0
47000780,104867.0,106298.0,172500.0
47000781,104867.0,106298.0,171600.0
47000782,104867.0,109893.0,173400.0
47000783,104867.0,109893.0,172500.0
47000784,104867.0,109893.0,171600.0
47000785,107467.0,109893.0,173400.0
47000786,107467.0,109893.0,172500.0
47000787,107467.0,109893.0,171600.0
47000788,101067.0,110448.0,173400.0
47000789,101067.0,110448.0,172500.0
47000790,101067.0,110448.0,171600.0
47000791,104867.0,114848.0,173400.0
47000792,104867.0,114848.0,172500.0
47000793,104867.0,114848.0,171600.0
47000794,107467.0,106298.0,173400.0
47000795,107467.0,106298.0,172500.0
47000796,107467.0,106298.0,171600.0
47000797,98067.0,101548.0,173400.0
47000798,98067.0,101548.0,172500.0
47000799,98067.0,101548.0,171600.0
47000800,98067.0,104348.0,173400.0
47000801,98067.0,104348.0,172500.0
47000802,98067.0,104348.0,171600.0
47000803,104867.0,113648.0,173400.0
47000804,104867.0,113648.0,172500.0
47000805,104867.0,113648.0,171600.0
47000806,98067.0,101048.0,173400.0
47000807,98067.0,101048.0,172500.0
47000808,98067.0,101048.0,171600.0
47000809,16867.0,109110.0,173500.0
47000810,16867.0,109473.0,173500.0
47000811,16867.0,109835.0,173500.0
47000812,27067.0,113798.0,173700.0
47000813,27067.0,114148.0,173700.0
47000814,27067.0,114498.0,173700.0
47000815,20667.0,107541.0,173700.0
47000816,20667.0,107960.0,173700.0
47000817,20667.0,108379.0,173700.0
47000818,28567.0,110448.0,173700.0
47000819,29067.0,110448.0,173700.0
47000820,29567.0,110448.0,173700.0
47000821,16867.0,107548.0,173500.0
47000822,16867.0,107948.0,173500.0
47000823,16867.0,108348.0,173500.0
47000824,23267.0,107560.0,173700.0
47000825,23267.0,107973.0,173700.0
47000826,23267.0,108385.0,173700.0
47000827,18167.0,107139.0,173599.0
47000828,18567.0,107131.0,173600.0
47000829,18967.0,107123.0,173600.0
47000830,19367.0,107114.0,173600.0
47000831,19767.0,107106.0,173600.0
47000832,18942.0,98548.0,173500.0
47000833,28867.0,113448.0,173700.0
47000834,29267.0,113448.0,173700.0
47000835,29667.0,113448.0,173700.0
47000836,20067.0,98548.0,173500.0
47000837,52947.0,107548.0,173500.0
47000838,52947.0,107948.0,173500.0
47000839,52947.0,108348.0,173500.0
47000840,56347.0,113798.0,173700.0
47000841,56347.0,114148.0,173700.0
47000842,56347.0,114498.0,173700.0
47000843,52947.0,109110.0,173500.0
47000844,52947.0,109473.0,173500.0
47000845,52947.0,109835.0,173500.0
47000846,54372.0,107123.0,173600.0
47000847,54897.0,107098.0,173600.0
47000848,55422.0,107073.0,173600.0
47000849,54959.0,98548.0,173500.0
47000850,55422.0,98548.0,173500.0
47000851,55884.0,98548.0,173500.0
47000852,108067.0,98548.0,173500.0
47000853,98467.0,113448.0,173700.0
47000854,98867.0,113448.0,173700.0
47000855,99267.0,113448.0,173700.0
47000856,108367.0,107106.0,173599.0
47000857,108767.0,107114.0,173600.0
47000858,109167.0,107123.0,173600.0
47000859,109567.0,107131.0,173600.0
47000860,109967.0,107139.0,173600.0
47000861,104867.0,107560.0,173700.0
47000862,104867.0,107973.0,173700.0
47000863,104867.0,108385.0,173700.0
47000864,111267.0,107548.0,173500.0
47000865,111267.0,107948.0,173500.0
47000866,111267.0,108348.0,173500.0
47000867,107467.0,107541.0,173700.0
47000868,107467.0,107960.0,173700.0
47000869,107467.0,108379.0,173700.0
47000870,101067.0,113798.0,173700.0
47000871,101067.0,114148.0,173700.0
47000872,101067.0,114498.0,173700.0
47000873,111267.0,109110.0,173500.0
47000874,111267.0,109473.0,173500.0
47000875,111267.0,109835.0,173500.0
47000876,98567.0,110448.0,173700.0
47000877,99067.0,110448.0,173700.0
47000878,99567.0,110448.0,173700.0
47000879,109192.0,98548.0,173500.0
47000880,27067.0,114848.0,172500.0
47000881,27067.0,114848.0,171600.0
47000882,27067.0,113448.0,172500.0
47000883,27067.0,113448.0,171600.0
47000884,28467.0,113448.0,172500.0
47000885,28467.0,113448.0,171600.0
47000886,20667.0,108798.0,172500.0
47000887,20667.0,108798.0,171600.0
47000888,16867.0,110198.0,172366.0
47000889,16867.0,110198.0,171533.0
47000890,28067.0,110448.0,172500.0
47000891,28067.0,110448.0,171600.0
47000892,23267.0,108798.0,172500.0
47000893,23267.0,108798.0,171600.0
47000894,16867.0,107148.0,172500.0
47000895,16867.0,107148.0,171600.0
47000896,20167.0,107098.0,172500.0
47000897,20167.0,107098.0,171600.0
47000898,20667.0,107123.0,172500.0
47000899,20667.0,107123.0,171600.0
47000900,23267.0,107148.0,172500.0
47000901,23267.0,107148.0,171600.0
47000902,20667.0,98548.0,172500.0
47000903,20667.0,98548.0,171600.0
47000904,18417.0,98548.0,172500.0
47000905,18417.0,98548.0,171600.0
47000906,17767.0,107148.0,172500.0
47000907,17767.0,107148.0,171600.0
47000908,30067.0,113448.0,172500.0
47000909,30067.0,113448.0,171600.0
47000910,30067.0,110448.0,172500.0
47000911,30067.0,110448.0,171600.0
47000912,52947.0,107148.0,172500.0
47000913,52947.0,107148.0,171600.0
47000914,54497.0,98548.0,172500.0
47000915,54497.0,98548.0,171600.0
47000916,53847.0,107148.0,172500.0
47000917,53847.0,107148.0,171600.0
47000918,55947.0,107048.0,172500.0
47000919,55947.0,107048.0,171600.0
47000920,56347.0,113448.0,172500.0
47000921,56347.0,113448.0,171600.0
47000922,52947.0,110198.0,172366.0
47000923,52947.0,110198.0,171533.0
47000924,56347.0,114848.0,172366.0
47000925,56347.0,114848.0,171533.0
47000926,56347.0,98548.0,172500.0
47000927,56347.0,98548.0,171600.0
47000928,109717.0,98548.0,172500.0
47000929,109717.0,98548.0,171600.0
47000930,107467.0,98548.0,172500.0
47000931,107467.0,98548.0,171600.0
47000932,107467.0,107123.0,172500.0
47000933,107467.0,107123.0,171600.0
47000934,107967.0,107098.0,172500.0
47000935,107967.0,107098.0,171600.0
47000936,104867.0,107148.0,172500.0
47000937,104867.0,107148.0,171600.0
47000938,110367.0,107148.0,172500.0
47000939,110367.0,107148.0,171600.0
47000940,111267.0,107148.0,172500.0
47000941,111267.0,107148.0,171600.0
47000942,104867.0,108798.0,172500.0
47000943,104867.0,108798.0,171600.0
47000944,107467.0,108798.0,172500.0
47000945,107467.0,108798.0,171600.0
47000946,98067.0,110448.0,172500.0
47000947,98067.0,110448.0,171600.0
47000948,98067.0,113448.0,172500.0
47000949,98067.0,113448.0,171600.0
47000950,100067.0,110448.0,172500.0
47000951,100067.0,110448.0,171600.0
47000952,99667.0,113448.0,172500.0
47000953,99667.0,113448.0,171600.0
47000954,101067.0,113448.0,172500.0
47000955,101067.0,113448.0,171600.0
47000956,111267.0,110198.0,172500.0
47000957,111267.0,110198.0,171600.0
47000958,101067.0,114848.0,172500.0
47000959,101067.0,114848.0,171600.0
47000960,24217.0,107148.0,174300.0
47000961,25167.0,107148.0,174300.0
47000962,26117.0,107148.0,174300.0
47000963,27067.0,108248.0,174300.0
47000964,27067.0,109348.0,174300.0
47000965,26117.0,114848.0,174300.0
47000966,24217.0,114848.0,174300.0
47000967,23267.0,112748.0,174300.0
47000968,23267.0,110870.0,174300.0
47000969,28467.0,114148.0,174300.0
47000970,17817.0,108760.0,174300.0
47000971,18767.0,108773.0,174300.0
47000972,19717.0,108785.0,174300.0
47000973,20667.0,110870.0,174300.0
47000974,20667.0,112748.0,174300.0
47000975,18892.0,113648.0,174300.0
47000976,24217.0,104348.0,174300.0
47000977,25167.0,104348.0,174300.0
47000978,26117.0,104348.0,174300.0
47000979,27067.0,105323.0,174300.0
47000980,23267.0,105323.0,174300.0
47000981,19467.0,99381.0,174300.0
47000982,19467.0,100214.0,174300.0
47000983,24217.0,101548.0,174300.0
47000984,25167.0,101548.0,174300.0
47000985,26117.0,101548.0,174300.0
47000986,27067.0,102481.0,174300.0
47000987,27067.0,103414.0,174300.0
47000988,23267.0,102481.0,174300.0
47000989,23267.0,103414.0,174300.0
47000990,24217.0,98548.0,174300.0
47000991,26117.0,98548.0,174300.0
47000992,27067.0,100570.0,174300.0
47000993,23267.0,100570.0,174300.0
47000994,56347.0,107898.0,174300.0
47000995,53797.0,108748.0,174300.0
47000996,54647.0,108748.0,174300.0
47000997,55497.0,108748.0,174300.0
47000998,108667.0,99381.0,174300.0
47000999,108667.0,100214.0,174300.0
47001000,99667.0,114148.0,174300.0
47001001,109242.0,113648.0,174300.0
47001002,108417.0,108785.0,174300.0
47001003,109367.0,108773.0,174300.0
47001004,110317.0,108760.0,174300.0
47001005,107467.0,112748.0,174300.0
47001006,107467.0,110870.0,174300.0
47001007,101883.0,98548.0,174300.0
47001008,103783.0,98548.0,174300.0
47001009,104867.0,100570.0,174300.0
47001010,102017.0,101548.0,174300.0
47001011,102967.0,101548.0,174300.0
47001012,103917.0,101548.0,174300.0
47001013,101067.0,100570.0,174300.0
47001014,102017.0,104348.0,174300.0
47001015,102967.0,104348.0,174300.0
47001016,103917.0,104348.0,174300.0
47001017,104867.0,105323.0,174300.0
47001018,102017.0,107148.0,174300.0
47001019,102967.0,107148.0,174300.0
47001020,103917.0,107148.0,174300.0
47001021,101067.0,105323.0,174300.0
47001022,104867.0,110870.0,174300.0
47001023,104867.0,112748.0,174300.0
47001024,103783.0,114848.0,174300.0
47001025,101883.0,114848.0,174300.0
47001026,101067.0,108248.0,174300.0
47001027,101067.0,109348.0,174300.0
47001028,104867.0,102481.0,174300.0
47001029,104867.0,103414.0,174300.0
47001030,101067.0,102481.0,174300.0
47001031,101067.0,103414.0,174300.0
47001034,64282.0,106635.0,174299.0
47001035,108667.0,98548.0,173900.0
47001036,109192.0,98548.0,173900.0
47001037,109717.0,98548.0,173900.0
47001038,98067.0,110448.0,174000.0
47001039,98567.0,110448.0,174000.0
47001040,99067.0,110448.0,174000.0
47001041,99567.0,110448.0,174000.0
47001042,100067.0,110448.0,174000.0
47001043,111267.0,108748.0,173900.0
47001044,111267.0,109110.0,173900.0
47001045,111267.0,109473.0,173900.0
47001046,111267.0,109835.0,173900.0
47001047,111267.0,110198.0,173900.0
47001048,101067.0,113448.0,174000.0
47001049,101067.0,113798.0,174000.0
47001050,101067.0,114148.0,174000.0
47001051,101067.0,114498.0,174000.0
47001052,101067.0,114848.0,174000.0
47001053,107467.0,107123.0,174000.0
47001054,107467.0,107541.0,174000.0
47001055,107467.0,107960.0,174000.0
47001056,107467.0,108379.0,174000.0
47001057,107467.0,108798.0,174000.0
47001058,111267.0,107148.0,173900.0
47001059,111267.0,107548.0,173900.0
47001060,111267.0,107948.0,173900.0
47001061,111267.0,108348.0,173900.0
47001062,104867.0,107148.0,174000.0
47001063,104867.0,107560.0,174000.0
47001064,104867.0,107973.0,174000.0
47001065,104867.0,108385.0,174000.0
47001066,104867.0,108798.0,174000.0
47001067,107967.0,107098.0,173950.0
47001068,108367.0,107106.0,173950.0
47001069,108767.0,107114.0,173950.0
47001070,109167.0,107123.0,173950.0
47001071,109567.0,107131.0,173950.0
47001072,109967.0,107139.0,173950.0
47001073,110367.0,107148.0,173950.0
47001074,98067.0,113448.0,174000.0
47001075,98467.0,113448.0,174000.0
47001076,98867.0,113448.0,174000.0
47001077,99267.0,113448.0,174000.0
47001078,99667.0,113448.0,174000.0
47001079,107467.0,98548.0,173900.0
47001080,108067.0,98548.0,173900.0
47001081,54497.0,98548.0,173900.0
47001082,54959.0,98548.0,173900.0
47001083,55422.0,98548.0,173900.0
47001084,55884.0,98548.0,173900.0
47001085,56347.0,98548.0,173900.0
47001086,53847.0,107148.0,173950.0
47001087,54372.0,107123.0,173950.0
47001088,54897.0,107098.0,173950.0
47001089,55422.0,107073.0,173950.0
47001090,55947.0,107048.0,173950.0
47001091,52947.0,108748.0,173900.0
47001092,52947.0,109110.0,173900.0
47001093,52947.0,109473.0,173900.0
47001094,52947.0,109835.0,173900.0
47001095,52947.0,110198.0,173900.0
47001096,56347.0,113448.0,174000.0
47001097,56347.0,113798.0,174000.0
47001098,56347.0,114148.0,174000.0
47001099,56347.0,114498.0,174000.0
47001100,56347.0,114848.0,174000.0
47001101,52947.0,107148.0,173900.0
47001102,52947.0,107548.0,173900.0
47001103,52947.0,107948.0,173900.0
47001104,52947.0,108348.0,173900.0
47001105,19467.0,98548.0,173900.0
47001106,20067.0,98548.0,173900.0
47001107,20667.0,98548.0,173900.0
47001108,28467.0,113448.0,174000.0
47001109,28867.0,113448.0,174000.0
47001110,29267.0,113448.0,174000.0
47001111,29667.0,113448.0,174000.0
47001112,30067.0,113448.0,174000.0
47001113,18417.0,98548.0,173900.0
47001114,18942.0,98548.0,173900.0
47001115,17767.0,107148.0,173950.0
47001116,18167.0,107139.0,173950.0
47001117,18567.0,107131.0,173950.0
47001118,18967.0,107123.0,173950.0
47001119,19367.0,107114.0,173950.0
47001120,19767.0,107106.0,173950.0
47001121,20167.0,107098.0,173950.0
47001122,23267.0,107148.0,174000.0
47001123,23267.0,107560.0,174000.0
47001124,23267.0,107973.0,174000.0
47001125,23267.0,108385.0,174000.0
47001126,23267.0,108798.0,174000.0
47001127,16867.0,107148.0,173900.0
47001128,16867.0,107548.0,173900.0
47001129,16867.0,107948.0,173900.0
47001130,16867.0,108348.0,173900.0
47001131,16867.0,108748.0,173900.0
47001132,28067.0,110448.0,174000.0
47001133,28567.0,110448.0,174000.0
47001134,29067.0,110448.0,174000.0
47001135,29567.0,110448.0,174000.0
47001136,30067.0,110448.0,174000.0
47001137,20667.0,107123.0,174000.0
47001138,20667.0,107541.0,174000.0
47001139,20667.0,107960.0,174000.0
47001140,20667.0,108379.0,174000.0
47001141,20667.0,108798.0,174000.0
47001142,27067.0,113448.0,174000.0
47001143,27067.0,113798.0,174000.0
47001144,27067.0,114148.0,174000.0
47001145,27067.0,114498.0,174000.0
47001146,27067.0,114848.0,174000.0
47001147,16867.0,109110.0,173900.0
47001148,16867.0,109473.0,173900.0
47001149,16867.0,109835.0,173900.0
47001150,16867.0,110198.0,173900.0
47001151,17367.0,114848.0,173200.0
47001152,17367.0,114848.0,171533.0
47001153,17367.0,114848.0,172366.0
47001154,21533.0,114848.0,173300.0
47001155,22400.0,114848.0,173300.0
47001156,21533.0,114848.0,171566.0
47001157,22400.0,114848.0,171566.0
47001158,21533.0,114848.0,172433.0
47001159,22400.0,114848.0,172433.0
47001160,27767.0,114848.0,173400.0
47001161,27767.0,114848.0,171600.0
47001162,27767.0,114848.0,172500.0
47001163,16867.0,111060.0,173500.0
47001164,16867.0,111923.0,173500.0
47001165,16867.0,112785.0,173500.0
47001166,16867.0,111060.0,171533.0
47001167,16867.0,111923.0,171533.0
47001168,16867.0,112785.0,171533.0
47001169,16867.0,111060.0,172366.0
47001170,16867.0,112785.0,172366.0
47001171,16867.0,111923.0,172366.0
47001172,30067.0,114148.0,173400.0
47001173,30067.0,114148.0,171600.0
47001174,30067.0,114148.0,172500.0
47001175,27067.0,111448.0,173400.0
47001176,27067.0,112448.0,173400.0
47001177,27067.0,111448.0,171600.0
47001178,27067.0,112448.0,171600.0
47001179,27067.0,111448.0,172500.0
47001180,27067.0,112448.0,172500.0
47001181,27767.0,113448.0,173700.0
47001182,27767.0,113448.0,171600.0
47001183,27767.0,113448.0,172500.0
47001184,27567.0,110448.0,173400.0
47001185,27567.0,110448.0,171600.0
47001186,27567.0,110448.0,172500.0
47001187,30067.0,111448.0,173700.0
47001188,30067.0,112448.0,173700.0
47001189,30067.0,111448.0,171600.0
47001190,30067.0,112448.0,171600.0
47001191,30067.0,111448.0,172500.0
47001192,30067.0,112448.0,172500.0
47001193,20667.0,109345.0,173400.0
47001194,20667.0,109345.0,171600.0
47001195,20667.0,109345.0,172500.0
47001196,21533.0,108798.0,173700.0
47001197,22400.0,108798.0,173700.0
47001198,21533.0,108798.0,171600.0
47001199,22400.0,108798.0,171600.0
47001200,21533.0,108798.0,172500.0
47001201,22400.0,108798.0,172500.0
47001202,23267.0,109345.0,173400.0
47001203,23267.0,109345.0,171600.0
47001204,23267.0,109345.0,172500.0
47001205,17317.0,107148.0,173500.0
47001206,17317.0,107148.0,171600.0
47001207,17317.0,107148.0,172500.0
47001208,21533.0,107131.0,173700.0
47001209,22400.0,107139.0,173700.0
47001210,21533.0,107131.0,171600.0
47001211,22400.0,107139.0,171600.0
47001212,21533.0,107131.0,172500.0
47001213,22400.0,107139.0,172500.0
47001214,23267.0,106723.0,173400.0
47001215,23267.0,106723.0,171600.0
47001216,23267.0,106723.0,172500.0
47001217,27067.0,106723.0,173400.0
47001218,27067.0,106723.0,171600.0
47001219,27067.0,106723.0,172500.0
47001220,28067.0,107148.0,173400.0
47001221,29067.0,107148.0,173400.0
47001222,28067.0,107148.0,171600.0
47001223,29067.0,107148.0,171600.0
47001224,28067.0,107148.0,172500.0
47001225,29067.0,107148.0,172500.0
47001226,16867.0,101931.0,173400.0
47001227,16867.0,102814.0,173400.0
47001228,16867.0,101931.0,171600.0
47001229,16867.0,102814.0,171600.0
47001230,16867.0,101931.0,172500.0
47001231,16867.0,102814.0,172500.0
47001232,16867.0,99381.0,173400.0
47001233,16867.0,100214.0,173400.0
47001234,16867.0,99381.0,171600.0
47001235,16867.0,100214.0,171600.0
47001236,16867.0,99381.0,172500.0
47001237,16867.0,100214.0,172500.0
47001238,17317.0,101048.0,173400.0
47001239,17317.0,101048.0,171600.0
47001240,17317.0,101048.0,172500.0
47001241,18617.0,101048.0,173400.0
47001242,18617.0,101048.0,171600.0
47001243,18617.0,101048.0,172500.0
47001244,20667.0,99381.0,173400.0
47001245,20667.0,100214.0,173400.0
47001246,20667.0,99381.0,171600.0
47001247,20667.0,100214.0,171600.0
47001248,20667.0,99381.0,172500.0
47001249,20667.0,100214.0,172500.0
47001250,17642.0,98548.0,173400.0
47001251,17642.0,98548.0,171600.0
47001252,17642.0,98548.0,172500.0
47001253,21533.0,98548.0,173400.0
47001254,22400.0,98548.0,173400.0
47001255,21533.0,98548.0,171600.0
47001256,22400.0,98548.0,171600.0
47001257,21533.0,98548.0,172500.0
47001258,22400.0,98548.0,172500.0
47001259,23267.0,99070.0,173400.0
47001260,23267.0,99070.0,171600.0
47001261,23267.0,99070.0,172500.0
47001262,27067.0,99070.0,173400.0
47001263,27067.0,99070.0,171600.0
47001264,27067.0,99070.0,172500.0
47001265,28067.0,98548.0,173400.0
47001266,29067.0,98548.0,173400.0
47001267,28067.0,98548.0,171600.0
47001268,29067.0,98548.0,171600.0
47001269,28067.0,98548.0,172500.0
47001270,29067.0,98548.0,172500.0
47001271,16867.0,114248.0,173200.0
47001272,16867.0,114248.0,171533.0
47001273,16867.0,114248.0,172366.0
47001274,20667.0,114248.0,173200.0
47001275,20667.0,114248.0,171533.0
47001276,20667.0,114248.0,172366.0
47001277,20292.0,114848.0,173200.0
47001278,20292.0,114848.0,171533.0
47001279,20292.0,114848.0,172366.0
47001280,18142.0,114848.0,173200.0
47001281,18145.0,114848.0,173750.0
47001282,18642.0,114848.0,173750.0
47001283,19142.0,114848.0,173750.0
47001284,19639.0,114848.0,173750.0
47001285,19642.0,114848.0,173200.0
47001286,18142.0,114848.0,171533.0
47001287,19642.0,114848.0,171533.0
47001288,18142.0,114848.0,172366.0
47001289,19642.0,114848.0,172366.0
47001290,18642.0,114848.0,173200.0
47001291,19142.0,114848.0,173200.0
47001292,29267.0,114848.0,173400.0
47001293,29267.0,114848.0,171600.0
47001294,29267.0,114848.0,172500.0
47001295,20067.0,101048.0,173400.0
47001296,20067.0,101048.0,171600.0
47001297,20067.0,101048.0,172500.0
47001298,16867.0,104698.0,173400.0
47001299,16867.0,105698.0,173400.0
47001300,16867.0,104698.0,171600.0
47001301,16867.0,105698.0,171600.0
47001302,16867.0,104698.0,172500.0
47001303,16867.0,105698.0,172500.0
47001304,20667.0,106710.0,173400.0
47001305,20667.0,106710.0,171600.0
47001306,20667.0,106710.0,172500.0
47001307,23267.0,114248.0,173400.0
47001308,23267.0,114248.0,171600.0
47001309,23267.0,114248.0,172500.0
47001310,30067.0,99381.0,173400.0
47001311,30067.0,100214.0,173400.0
47001312,30067.0,100881.0,173400.0
47001313,30067.0,99381.0,171600.0
47001314,30067.0,100214.0,171600.0
47001315,30067.0,100881.0,171600.0
47001316,30067.0,99381.0,172500.0
47001317,30067.0,100881.0,172500.0
47001318,30067.0,100214.0,172500.0
47001319,30067.0,105281.0,173400.0
47001320,30067.0,106214.0,173400.0
47001321,30067.0,105281.0,171600.0
47001322,30067.0,106214.0,171600.0
47001323,30067.0,105281.0,172500.0
47001324,30067.0,106214.0,172500.0
47001325,30067.0,102481.0,173400.0
47001326,30067.0,103414.0,173400.0
47001327,30067.0,102481.0,171600.0
47001328,30067.0,103414.0,171600.0
47001329,30067.0,102481.0,172500.0
47001330,30067.0,103414.0,172500.0
47001331,60347.0,101873.0,173200.0
47001332,60347.0,102698.0,173200.0
47001333,60347.0,103523.0,173200.0
47001334,60347.0,101873.0,171533.0
47001335,60347.0,102698.0,171533.0
47001336,60347.0,103523.0,171533.0
47001337,60347.0,101873.0,172366.0
47001338,60347.0,103523.0,172366.0
47001339,60347.0,102698.0,172366.0
47001340,63747.0,111328.0,173200.0
47001341,63747.0,112208.0,173200.0
47001342,63747.0,113088.0,173200.0
47001343,63747.0,113968.0,173200.0
47001344,63747.0,111328.0,171533.0
47001345,63747.0,112208.0,171533.0
47001346,63747.0,113088.0,171533.0
47001347,63747.0,113968.0,171533.0
47001348,63747.0,111328.0,172366.0
47001349,63747.0,113968.0,172366.0
47001350,63747.0,112208.0,172366.0
47001351,63747.0,113088.0,172366.0
47001352,61022.0,114848.0,173200.0
47001353,61697.0,114848.0,173200.0
47001354,61700.0,114848.0,173750.0
47001355,62197.0,114848.0,173750.0
47001356,62697.0,114848.0,173750.0
47001357,63194.0,114848.0,173750.0
47001358,63197.0,114848.0,173200.0
47001359,61022.0,114848.0,171533.0
47001360,61697.0,114848.0,171533.0
47001361,63197.0,114848.0,171533.0
47001362,61022.0,114848.0,172366.0
47001363,63197.0,114848.0,172366.0
47001364,62197.0,114848.0,173200.0
47001365,61697.0,114848.0,172366.0
47001366,62697.0,114848.0,173200.0
47001367,52947.0,104560.0,173400.0
47001368,52947.0,105423.0,173400.0
47001369,52947.0,106285.0,173400.0
47001370,52947.0,104560.0,171600.0
47001371,52947.0,105423.0,171600.0
47001372,52947.0,106285.0,171600.0
47001373,52947.0,104560.0,172500.0
47001374,52947.0,106285.0,172500.0
47001375,52947.0,105423.0,172500.0
47001376,53722.0,98548.0,173400.0
47001377,53722.0,98548.0,171600.0
47001378,53722.0,98548.0,172500.0
47001379,52947.0,99381.0,173400.0
47001380,52947.0,100214.0,173400.0
47001381,52947.0,99381.0,171600.0
47001382,52947.0,100214.0,171600.0
47001383,52947.0,99381.0,172500.0
47001384,52947.0,100214.0,172500.0
47001385,52947.0,101931.0,173400.0
47001386,52947.0,102814.0,173400.0
47001387,52947.0,101931.0,171600.0
47001388,52947.0,102814.0,171600.0
47001389,52947.0,101931.0,172500.0
47001390,52947.0,102814.0,172500.0
47001391,53397.0,101048.0,173400.0
47001392,53397.0,101048.0,171600.0
47001393,53397.0,101048.0,172500.0
47001394,53397.0,107148.0,173500.0
47001395,53397.0,107148.0,171600.0
47001396,53397.0,107148.0,172500.0
47001397,56347.0,111328.0,173400.0
47001398,56347.0,112208.0,173400.0
47001399,56347.0,113088.0,173400.0
47001400,56347.0,111328.0,171600.0
47001401,56347.0,112208.0,171600.0
47001402,56347.0,113088.0,171600.0
47001403,56347.0,111328.0,172500.0
47001404,56347.0,113088.0,172500.0
47001405,56347.0,112208.0,172500.0
47001406,52947.0,111128.0,173500.0
47001407,52947.0,112058.0,173500.0
47001408,52947.0,112988.0,173500.0
47001409,52947.0,113918.0,173500.0
47001410,52947.0,111128.0,171533.0
47001411,52947.0,112058.0,171533.0
47001412,52947.0,112988.0,171533.0
47001413,52947.0,113918.0,171533.0
47001414,52947.0,111128.0,172366.0
47001415,52947.0,113918.0,172366.0
47001416,52947.0,112058.0,172366.0
47001417,52947.0,112988.0,172366.0
47001418,53622.0,114848.0,173200.0
47001419,54297.0,114848.0,173200.0
47001420,54300.0,114848.0,173750.0
47001421,54797.0,114848.0,173750.0
47001422,55297.0,114848.0,173750.0
47001423,55794.0,114848.0,173750.0
47001424,55797.0,114848.0,173200.0
47001425,53622.0,114848.0,171533.0
47001426,54297.0,114848.0,171533.0
47001427,55797.0,114848.0,171533.0
47001428,53622.0,114848.0,172366.0
47001429,55797.0,114848.0,172366.0
47001430,54797.0,114848.0,173200.0
47001431,54297.0,114848.0,172366.0
47001432,55297.0,114848.0,173200.0
47001433,61197.0,110448.0,173200.0
47001434,62047.0,110448.0,173200.0
47001435,62897.0,110448.0,173200.0
47001436,61197.0,110448.0,171533.0
47001437,62047.0,110448.0,171533.0
47001438,62897.0,110448.0,171533.0
47001439,61197.0,110448.0,172366.0
47001440,62897.0,110448.0,172366.0
47001441,62047.0,110448.0,172366.0
47001442,56347.0,106673.0,173400.0
47001443,56347.0,106673.0,171600.0
47001444,56347.0,106673.0,172500.0
47001445,56347.0,99381.0,173400.0
47001446,56347.0,100214.0,173400.0
47001447,56347.0,99381.0,171600.0
47001448,56347.0,100214.0,171600.0
47001449,56347.0,99381.0,172500.0
47001450,56347.0,100214.0,172500.0
47001451,63747.0,102064.0,173200.0
47001452,63747.0,103081.0,173200.0
47001453,63747.0,104098.0,173200.0
47001454,63747.0,105114.0,173200.0
47001455,63747.0,106131.0,173200.0
47001456,63747.0,102064.0,171533.0
47001457,63747.0,103081.0,171533.0
47001458,63747.0,104098.0,171533.0
47001459,63747.0,105114.0,171533.0
47001460,63747.0,106131.0,171533.0
47001461,63747.0,102064.0,172366.0
47001462,63747.0,106131.0,172366.0
47001463,63747.0,103081.0,172366.0
47001464,63747.0,104098.0,172366.0
47001465,63747.0,105114.0,172366.0
47001466,63747.0,99381.0,173200.0
47001467,63747.0,100214.0,173200.0
47001468,63747.0,99381.0,171533.0
47001469,63747.0,100214.0,171533.0
47001470,63747.0,99381.0,172366.0
47001471,63747.0,100214.0,172366.0
47001472,54680.0,101048.0,173400.0
47001473,55513.0,101048.0,173400.0
47001474,54680.0,101048.0,171600.0
47001475,55513.0,101048.0,171600.0
47001476,54680.0,101048.0,172500.0
47001477,55513.0,101048.0,172500.0
47001478,60822.0,98548.0,173200.0
47001479,61297.0,98548.0,173200.0
47001480,61300.0,98548.0,173750.0
47001481,61797.0,98548.0,173750.0
47001482,62297.0,98548.0,173750.0
47001483,62794.0,98548.0,173750.0
47001484,62797.0,98548.0,173200.0
47001485,63272.0,98548.0,173200.0
47001486,60822.0,98548.0,171533.0
47001487,61297.0,98548.0,171533.0
47001488,63272.0,98548.0,171533.0
47001489,62797.0,98548.0,171533.0
47001490,60822.0,98548.0,172366.0
47001491,63272.0,98548.0,172366.0
47001492,61797.0,98548.0,173200.0
47001493,61297.0,98548.0,172366.0
47001494,62297.0,98548.0,173200.0
47001495,62797.0,98548.0,172366.0
47001496,61197.0,101048.0,173200.0
47001497,62047.0,101048.0,173200.0
47001498,62897.0,101048.0,173200.0
47001499,61197.0,101048.0,171533.0
47001500,62047.0,101048.0,171533.0
47001501,62897.0,101048.0,171533.0
47001502,61197.0,101048.0,172366.0
47001503,62897.0,101048.0,172366.0
47001504,62047.0,101048.0,172366.0
47001505,111267.0,104698.0,173400.0
47001506,111267.0,105698.0,173400.0
47001507,111267.0,104698.0,171600.0
47001508,111267.0,105698.0,171600.0
47001509,111267.0,104698.0,172500.0
47001510,111267.0,105698.0,172500.0
47001511,108067.0,101048.0,173400.0
47001512,108067.0,101048.0,171600.0
47001513,108067.0,101048.0,172500.0
47001514,98867.0,114848.0,173400.0
47001515,98867.0,114848.0,171600.0
47001516,98867.0,114848.0,172500.0
47001517,108492.0,114848.0,173200.0
47001518,108495.0,114848.0,173750.0
47001519,108992.0,114848.0,173750.0
47001520,109492.0,114848.0,173750.0
47001521,109989.0,114848.0,173750.0
47001522,109992.0,114848.0,173200.0
47001523,108492.0,114848.0,171533.0
47001524,109992.0,114848.0,171533.0
47001525,108492.0,114848.0,172366.0
47001526,109992.0,114848.0,172366.0
47001527,108992.0,114848.0,173200.0
47001528,109492.0,114848.0,173200.0
47001529,107842.0,114848.0,173300.0
47001530,107842.0,114848.0,171566.0
47001531,107842.0,114848.0,172433.0
47001532,107467.0,114248.0,173300.0
47001533,107467.0,114248.0,171566.0
47001534,107467.0,114248.0,172433.0
47001535,111267.0,114248.0,173400.0
47001536,111267.0,114248.0,171600.0
47001537,111267.0,114248.0,172500.0
47001538,110767.0,114848.0,173300.0
47001539,110767.0,114848.0,171566.0
47001540,110767.0,114848.0,172433.0
47001541,110492.0,98548.0,173400.0
47001542,110492.0,98548.0,171600.0
47001543,110492.0,98548.0,172500.0
47001544,99067.0,98548.0,173400.0
47001545,100067.0,98548.0,173400.0
47001546,99067.0,98548.0,171600.0
47001547,100067.0,98548.0,171600.0
47001548,99067.0,98548.0,172500.0
47001549,100067.0,98548.0,172500.0
47001550,105733.0,98548.0,173400.0
47001551,106600.0,98548.0,173400.0
47001552,105733.0,98548.0,171600.0
47001553,106600.0,98548.0,171600.0
47001554,105733.0,98548.0,172500.0
47001555,106600.0,98548.0,172500.0
47001556,101067.0,99070.0,173400.0
47001557,101067.0,99070.0,171600.0
47001558,101067.0,99070.0,172500.0
47001559,104867.0,99070.0,173400.0
47001560,104867.0,99070.0,171600.0
47001561,104867.0,99070.0,172500.0
47001562,107467.0,99381.0,173400.0
47001563,107467.0,100214.0,173400.0
47001564,107467.0,99381.0,171600.0
47001565,107467.0,100214.0,171600.0
47001566,107467.0,99381.0,172500.0
47001567,107467.0,100214.0,172500.0
47001568,109517.0,101048.0,173400.0
47001569,109517.0,101048.0,171600.0
47001570,109517.0,101048.0,172500.0
47001571,110817.0,101048.0,173400.0
47001572,110817.0,101048.0,171600.0
47001573,110817.0,101048.0,172500.0
47001574,111267.0,99381.0,173400.0
47001575,111267.0,100214.0,173400.0
47001576,111267.0,99381.0,171600.0
47001577,111267.0,100214.0,171600.0
47001578,111267.0,99381.0,172500.0
47001579,111267.0,100214.0,172500.0
47001580,111267.0,101931.0,173400.0
47001581,111267.0,102814.0,173400.0
47001582,111267.0,101931.0,171600.0
47001583,111267.0,102814.0,171600.0
47001584,111267.0,101931.0,172500.0
47001585,111267.0,102814.0,172500.0
47001586,99067.0,107148.0,173400.0
47001587,100067.0,107148.0,173400.0
47001588,99067.0,107148.0,171600.0
47001589,100067.0,107148.0,171600.0
47001590,99067.0,107148.0,172500.0
47001591,100067.0,107148.0,172500.0
47001592,101067.0,106723.0,173400.0
47001593,101067.0,106723.0,171600.0
47001594,101067.0,106723.0,172500.0
47001595,104867.0,106723.0,173400.0
47001596,104867.0,106723.0,171600.0
47001597,104867.0,106723.0,172500.0
47001598,105733.0,107139.0,173700.0
47001599,106600.0,107131.0,173700.0
47001600,105733.0,107139.0,171600.0
47001601,106600.0,107131.0,171600.0
47001602,105733.0,107139.0,172500.0
47001603,106600.0,107131.0,172500.0
47001604,110817.0,107148.0,173500.0
47001605,110817.0,107148.0,171600.0
47001606,110817.0,107148.0,172500.0
47001607,104867.0,109345.0,173400.0
47001608,104867.0,109345.0,171600.0
47001609,104867.0,109345.0,172500.0
47001610,105733.0,108798.0,173700.0
47001611,106600.0,108798.0,173700.0
47001612,105733.0,108798.0,171600.0
47001613,106600.0,108798.0,171600.0
47001614,105733.0,108798.0,172500.0
47001615,106600.0,108798.0,172500.0
47001616,107467.0,109345.0,173400.0
47001617,107467.0,109345.0,171600.0
47001618,107467.0,109345.0,172500.0
47001619,98067.0,111448.0,173700.0
47001620,98067.0,112448.0,173700.0
47001621,98067.0,111448.0,171600.0
47001622,98067.0,112448.0,171600.0
47001623,98067.0,111448.0,172500.0
47001624,98067.0,112448.0,172500.0
47001625,100567.0,110448.0,173400.0
47001626,100567.0,110448.0,171600.0
47001627,100567.0,110448.0,172500.0
47001628,100367.0,113448.0,173700.0
47001629,100367.0,113448.0,171600.0
47001630,100367.0,113448.0,172500.0
47001631,101067.0,111448.0,173400.0
47001632,101067.0,112448.0,173400.0
47001633,101067.0,111448.0,171600.0
47001634,101067.0,112448.0,171600.0
47001635,101067.0,111448.0,172500.0
47001636,101067.0,112448.0,172500.0
47001637,98067.0,114148.0,173400.0
47001638,98067.0,114148.0,171600.0
47001639,98067.0,114148.0,172500.0
47001640,111267.0,111060.0,173400.0
47001641,111267.0,111923.0,173400.0
47001642,111267.0,112785.0,173400.0
47001643,111267.0,111060.0,171600.0
47001644,111267.0,111923.0,171600.0
47001645,111267.0,112785.0,171600.0
47001646,111267.0,111060.0,172500.0
47001647,111267.0,112785.0,172500.0
47001648,111267.0,111923.0,172500.0
47001649,100367.0,114848.0,173400.0
47001650,100367.0,114848.0,171600.0
47001651,100367.0,114848.0,172500.0
47001652,105733.0,114848.0,173400.0
47001653,106600.0,114848.0,173400.0
47001654,105733.0,114848.0,171600.0
47001655,106600.0,114848.0,171600.0
47001656,105733.0,114848.0,172500.0
47001657,106600.0,114848.0,172500.0
47001658,107467.0,106710.0,173400.0
47001659,107467.0,106710.0,171600.0
47001660,107467.0,106710.0,172500.0
47001661,98067.0,102481.0,173400.0
47001662,98067.0,103414.0,173400.0
47001663,98067.0,102481.0,171600.0
47001664,98067.0,103414.0,171600.0
47001665,98067.0,102481.0,172500.0
47001666,98067.0,103414.0,172500.0
47001667,98067.0,105281.0,173400.0
47001668,98067.0,106214.0,173400.0
47001669,98067.0,105281.0,171600.0
47001670,98067.0,106214.0,171600.0
47001671,98067.0,105281.0,172500.0
47001672,98067.0,106214.0,172500.0
47001673,104867.0,114248.0,173400.0
47001674,104867.0,114248.0,171600.0
47001675,104867.0,114248.0,172500.0
47001676,98067.0,99381.0,173400.0
47001677,98067.0,100214.0,173400.0
47001678,98067.0,99381.0,171600.0
47001679,98067.0,100214.0,171600.0
47001680,98067.0,99381.0,172500.0
47001681,98067.0,100214.0,172500.0
47001682,24217.0,113842.0,174300.0
47001683,24217.0,112888.0,174300.0
47001684,24217.0,111942.0,174300.0
47001685,24217.0,110977.0,174300.0
47001686,24217.0,109999.0,174300.0
47001687,24217.0,109011.0,174300.0
47001688,24217.0,108071.0,174300.0
47001689,25167.0,113929.0,174300.0
47001690,25167.0,113007.0,174300.0
47001691,25167.0,112066.0,174300.0
47001692,25167.0,111102.0,174300.0
47001693,25167.0,110119.0,174300.0
47001694,25167.0,109126.0,174300.0
47001695,25167.0,108135.0,174300.0
47001696,26117.0,114015.0,174300.0
47001697,26117.0,113157.0,174300.0
47001698,26117.0,112223.0,174300.0
47001699,26117.0,111253.0,174300.0
47001700,26117.0,110256.0,174300.0
47001701,26117.0,109228.0,174300.0
47001702,26117.0,108189.0,174300.0
47001703,27767.0,114148.0,174300.0
47001704,29267.0,114148.0,174300.0
47001705,17833.0,112807.0,174300.0
47001706,17803.0,111978.0,174300.0
47001707,17814.0,109560.0,174300.0
47001708,17803.0,110360.0,174300.0
47001709,17797.0,111175.0,174300.0
47001710,18747.0,110499.0,174300.0
47001711,18711.0,111308.0,174300.0
47001712,18758.0,109644.0,174300.0
47001713,18725.0,111989.0,174300.0
47001714,18796.0,112799.0,174300.0
47001715,19605.0,111720.0,174300.0
47001716,19687.0,110724.0,174300.0
47001717,19711.0,109759.0,174300.0
47001718,19736.0,112715.0,174300.0
47001719,17727.0,107952.0,174300.0
47001720,18522.0,107951.0,174300.0
47001721,19173.0,107945.0,174300.0
47001722,19928.0,107945.0,174300.0
47001723,21533.0,107964.0,174300.0
47001724,22400.0,107968.0,174300.0
47001725,24217.0,106235.0,174300.0
47001726,24217.0,105296.0,174300.0
47001727,25167.0,106224.0,174300.0
47001728,25167.0,105289.0,174300.0
47001729,26117.0,106235.0,174300.0
47001730,26117.0,105296.0,174300.0
47001731,17733.0,100214.0,174300.0
47001732,17704.0,99381.0,174300.0
47001733,18596.0,100214.0,174300.0
47001734,18559.0,99381.0,174300.0
47001735,24217.0,103414.0,174300.0
47001736,24217.0,102481.0,174300.0
47001737,25167.0,103414.0,174300.0
47001738,25167.0,102481.0,174300.0
47001739,26117.0,103414.0,174300.0
47001740,26117.0,102481.0,174300.0
47001741,24217.0,100556.0,174300.0
47001742,24217.0,99559.0,174300.0
47001743,25167.0,100552.0,174300.0
47001744,25167.0,99553.0,174300.0
47001745,26117.0,100556.0,174300.0
47001746,26117.0,99559.0,174300.0
47001747,53835.0,107943.0,174300.0
47001748,54736.0,107923.0,174300.0
47001749,55602.0,107903.0,174300.0
47001750,109538.0,100214.0,174300.0
47001751,109574.0,99381.0,174300.0
47001752,110401.0,100214.0,174300.0
47001753,110429.0,99381.0,174300.0
47001754,98867.0,114148.0,174300.0
47001755,100367.0,114148.0,174300.0
47001756,108372.0,112745.0,174300.0
47001757,108436.0,111814.0,174300.0
47001758,108445.0,109786.0,174300.0
47001759,108536.0,110807.0,174300.0
47001760,109424.0,111113.0,174300.0
47001761,109371.0,111930.0,174300.0
47001762,109425.0,110435.0,174300.0
47001763,109388.0,109627.0,174300.0
47001764,109326.0,112783.0,174300.0
47001765,110341.0,110329.0,174300.0
47001766,110337.0,111124.0,174300.0
47001767,110328.0,109547.0,174300.0
47001768,110293.0,112795.0,174300.0
47001769,110320.0,111948.0,174300.0
47001770,101998.0,100556.0,174300.0
47001771,101962.0,99558.0,174300.0
47001772,102940.0,100552.0,174300.0
47001773,102881.0,99553.0,174300.0
47001774,103898.0,100556.0,174300.0
47001775,103862.0,99559.0,174300.0
47001776,108205.0,107945.0,174300.0
47001777,108960.0,107945.0,174300.0
47001778,109611.0,107951.0,174300.0
47001779,110406.0,107952.0,174300.0
47001780,102017.0,106235.0,174300.0
47001781,102017.0,105296.0,174300.0
47001782,102967.0,106224.0,174300.0
47001783,102967.0,105289.0,174300.0
47001784,103917.0,106235.0,174300.0
47001785,103917.0,105296.0,174300.0
47001786,101960.0,114011.0,174300.0
47001787,101992.0,113153.0,174300.0
47001788,102002.0,112222.0,174300.0
47001789,102007.0,111252.0,174300.0
47001790,102010.0,110256.0,174300.0
47001791,102012.0,109228.0,174300.0
47001792,102014.0,108190.0,174300.0
47001793,102877.0,113924.0,174300.0
47001794,102929.0,113003.0,174300.0
47001795,102946.0,112064.0,174300.0
47001796,102953.0,111102.0,174300.0
47001797,102957.0,110120.0,174300.0
47001798,102960.0,109127.0,174300.0
47001799,102963.0,108135.0,174300.0
47001800,103858.0,113839.0,174300.0
47001801,103890.0,112886.0,174300.0
47001802,103902.0,111941.0,174300.0
47001803,103907.0,110977.0,174300.0
47001804,103910.0,110000.0,174300.0
47001805,103912.0,109011.0,174300.0
47001806,103914.0,108072.0,174300.0
47001807,102017.0,103414.0,174300.0
47001808,102017.0,102481.0,174300.0
47001809,102967.0,103414.0,174300.0
47001810,102967.0,102481.0,174300.0
47001811,103917.0,103414.0,174300.0
47001812,103917.0,102481.0,174300.0
47001813,105733.0,107968.0,174300.0
47001814,106600.0,107964.0,174300.0
48000001,23267.0,114848.0,177900.0
48000002,27067.0,114848.0,177900.0
48000003,20667.0,114848.0,177900.0
48000004,30067.0,114848.0,177900.0
48000005,27067.0,113448.0,177900.0
48000006,27067.0,110448.0,177900.0
48000007,30067.0,113448.0,177900.0
48000008,20667.0,111848.0,177900.0
48000009,20667.0,108798.0,177900.0
48000010,23267.0,111848.0,177900.0
48000011,16867.0,108748.0,177900.0
48000012,23267.0,108798.0,177900.0
48000013,16867.0,107148.0,177900.0
48000014,30067.0,107148.0,177900.0
48000015,23267.0,107148.0,177900.0
48000016,20667.0,107123.0,177900.0
48000017,27067.0,107148.0,177900.0
48000018,16867.0,101048.0,177900.0
48000019,17767.0,107148.0,177900.0
48000020,17767.0,101048.0,177900.0
48000021,20667.0,104348.0,177900.0
48000022,23267.0,104348.0,177900.0
48000023,27067.0,104348.0,177900.0
48000024,20667.0,101548.0,177900.0
48000025,20667.0,101048.0,177900.0
48000026,23267.0,101548.0,177900.0
48000027,27067.0,101548.0,177900.0
48000028,20667.0,98548.0,177900.0
48000029,23267.0,98548.0,177900.0
48000030,27067.0,98548.0,177900.0
48000031,16867.0,110198.0,177900.0
48000032,30067.0,110448.0,177900.0
48000033,23267.0,109893.0,177900.0
48000034,28067.0,110448.0,177900.0
48000035,23267.0,106298.0,177900.0
48000036,27067.0,106298.0,177900.0
48000037,20167.0,107098.0,177900.0
48000038,23267.0,99593.0,177900.0
48000039,27067.0,99593.0,177900.0
48000040,18417.0,98548.0,177900.0
48000041,20667.0,113648.0,177900.0
48000042,16867.0,113648.0,177900.0
48000043,19917.0,113648.0,177900.0
48000044,19917.0,114848.0,177900.0
48000045,17867.0,113648.0,177900.0
48000046,17867.0,114848.0,177900.0
48000047,28467.0,113448.0,177900.0
48000048,28467.0,114848.0,177900.0
48000049,19467.0,98548.0,177900.0
48000050,19467.0,101048.0,177900.0
48000051,17767.0,103698.0,177900.0
48000052,16867.0,103698.0,177900.0
48000053,20667.0,106298.0,177900.0
48000054,23267.0,113648.0,177900.0
48000055,20667.0,109893.0,177900.0
48000056,4867.0,114848.0,177900.0
48000057,4867.0,106698.0,177900.0
48000058,4867.0,98548.0,177900.0
48000059,4867.0,87098.0,177900.0
48000060,4867.0,126298.0,177900.0
48000061,9467.0,126348.0,177900.0
48000062,13067.0,126348.0,177900.0
48000063,124067.0,114848.0,177900.0
48000064,124067.0,106698.0,177900.0
48000065,124067.0,98548.0,177900.0
48000066,124067.0,87098.0,177900.0
48000067,124067.0,126298.0,177900.0
48000068,30067.0,98548.0,177900.0
48000069,30067.0,104348.0,177900.0
48000070,30067.0,101548.0,177900.0
48000071,13067.0,87048.0,177900.0
48000072,9467.0,87048.0,177900.0
48000073,63747.0,110448.0,177900.0
48000074,60347.0,101048.0,177900.0
48000075,60347.0,107148.0,177900.0
48000076,63747.0,107148.0,177900.0
48000077,52947.0,114848.0,177900.0
48000078,56347.0,108748.0,177900.0
48000079,52947.0,103698.0,177900.0
48000080,53847.0,103698.0,177900.0
48000081,54497.0,98548.0,177900.0
48000082,56347.0,110448.0,177900.0
48000083,52947.0,110198.0,177900.0
48000084,56347.0,113448.0,177900.0
48000085,52947.0,101048.0,177900.0
48000086,53847.0,101048.0,177900.0
48000087,53847.0,107148.0,177900.0
48000088,52947.0,107148.0,177900.0
48000089,56347.0,107048.0,177900.0
48000090,52947.0,108748.0,177900.0
48000091,56347.0,101548.0,177900.0
48000092,55947.0,107048.0,177900.0
48000093,56347.0,106298.0,177900.0
48000094,60347.0,110448.0,177900.0
48000095,56347.0,104348.0,177900.0
48000096,56347.0,101048.0,177900.0
48000097,63747.0,101048.0,177900.0
48000098,52947.0,98548.0,177900.0
48000099,60347.0,104348.0,177900.0
48000100,119800.0,87048.0,177900.0
48000101,115533.0,87048.0,177900.0
48000102,111267.0,103698.0,177900.0
48000103,110367.0,103698.0,177900.0
48000104,108667.0,101048.0,177900.0
48000105,108667.0,98548.0,177900.0
48000106,99667.0,114848.0,177900.0
48000107,99667.0,113448.0,177900.0
48000108,110267.0,114848.0,177900.0
48000109,110267.0,113648.0,177900.0
48000110,108217.0,114848.0,177900.0
48000111,108217.0,113648.0,177900.0
48000112,111267.0,113648.0,177900.0
48000113,107467.0,113648.0,177900.0
48000114,109717.0,98548.0,177900.0
48000115,101067.0,99593.0,177900.0
48000116,104867.0,99593.0,177900.0
48000117,107967.0,107098.0,177900.0
48000118,101067.0,106298.0,177900.0
48000119,104867.0,106298.0,177900.0
48000120,100067.0,110448.0,177900.0
48000121,104867.0,109893.0,177900.0
48000122,98067.0,110448.0,177900.0
48000123,111267.0,110198.0,177900.0
48000124,101067.0,98548.0,177900.0
48000125,104867.0,98548.0,177900.0
48000126,107467.0,98548.0,177900.0
48000127,101067.0,101548.0,177900.0
48000128,104867.0,101548.0,177900.0
48000129,107467.0,101048.0,177900.0
48000130,107467.0,101548.0,177900.0
48000131,101067.0,104348.0,177900.0
48000132,104867.0,104348.0,177900.0
48000133,107467.0,104348.0,177900.0
48000134,110367.0,101048.0,177900.0
48000135,110367.0,107148.0,177900.0
48000136,111267.0,101048.0,177900.0
48000137,101067.0,107148.0,177900.0
48000138,107467.0,107123.0,177900.0
48000139,104867.0,107148.0,177900.0
48000140,98067.0,107148.0,177900.0
48000141,111267.0,107148.0,177900.0
48000142,104867.0,108798.0,177900.0
48000143,111267.0,108748.0,177900.0
48000144,104867.0,111848.0,177900.0
48000145,107467.0,108798.0,177900.0
48000146,107467.0,111848.0,177900.0
48000147,98067.0,113448.0,177900.0
48000148,101067.0,110448.0,177900.0
48000149,101067.0,113448.0,177900.0
48000150,98067.0,114848.0,177900.0
48000151,107467.0,114848.0,177900.0
48000152,101067.0,114848.0,177900.0
48000153,104867.0,114848.0,177900.0
48000154,107467.0,106298.0,177900.0
48000155,98067.0,101548.0,177900.0
48000156,98067.0,104348.0,177900.0
48000157,107467.0,109893.0,177900.0
48000158,104867.0,113648.0,177900.0
48000159,98067.0,101048.0,177900.0
48000160,98067.0,98548.0,177900.0
48000161,60347.0,114848.0,177900.0
48000162,56347.0,98548.0,177900.0
48000163,63747.0,114848.0,177900.0
48000164,60347.0,98548.0,177900.0
48000165,63747.0,98548.0,177900.0
48000166,56347.0,114848.0,177900.0
48000167,30067.0,87098.0,177900.0
48000168,16867.0,98548.0,177900.0
48000169,16867.0,114848.0,177900.0
48000170,16867.0,106698.0,177900.0
48000171,30067.0,126298.0,177900.0
48000172,16867.0,126298.0,177900.0
48000173,16867.0,87098.0,177900.0
48000174,111267.0,87098.0,177900.0
48000175,111267.0,126298.0,177900.0
48000176,98067.0,126298.0,177900.0
48000177,98067.0,87098.0,177900.0
48000178,111267.0,98548.0,177900.0
48000179,111267.0,114848.0,177900.0
48000180,111267.0,106698.0,177900.0
48000181,41507.0,87098.0,177900.0
48000182,41507.0,126298.0,177900.0
48000183,52947.0,87098.0,177900.0
48000184,52947.0,126298.0,177900.0
48000185,75187.0,126298.0,177900.0
48000186,75187.0,87098.0,177900.0
48000187,86627.0,126298.0,177900.0
48000188,86627.0,87098.0,177900.0
48000189,102700.0,87048.0,177900.0
48000190,102700.0,98548.0,177900.0
48000191,107467.0,87048.0,177900.0
48000192,102700.0,126348.0,177900.0
48000193,102700.0,114848.0,177900.0
48000194,107467.0,126348.0,177900.0
48000195,92347.0,126348.0,177900.0
48000196,92347.0,87048.0,177900.0
48000197,80907.0,126348.0,177900.0
48000198,80907.0,87048.0,177900.0
48000199,69467.0,126348.0,177900.0
48000200,69467.0,87048.0,177900.0
48000201,119800.0,126348.0,177900.0
48000202,115533.0,126348.0,177900.0
48000203,47227.0,126348.0,177900.0
48000204,47227.0,87048.0,177900.0
48000205,58347.0,98548.0,177900.0
48000206,58347.0,87048.0,177900.0
48000207,58347.0,114848.0,177900.0
48000208,58347.0,126348.0,177900.0
48000209,35787.0,87048.0,177900.0
48000210,35787.0,126348.0,177900.0
48000211,20667.0,126348.0,177900.0
48000212,25167.0,114848.0,177900.0
48000213,25167.0,126348.0,177900.0
48000214,25167.0,98548.0,177900.0
48000215,25167.0,87048.0,177900.0
48000216,20667.0,87048.0,177900.0
48000217,92347.0,107148.0,177900.0
48000218,92347.0,98548.0,177900.0
48000219,92347.0,114848.0,177900.0
48000220,80907.0,107148.0,177900.0
48000221,80907.0,98548.0,177900.0
48000222,80907.0,114848.0,177900.0
48000223,69467.0,107148.0,177900.0
48000224,69467.0,98548.0,177900.0
48000225,69467.0,114848.0,177900.0
48000226,47227.0,107148.0,177900.0
48000227,35787.0,107148.0,177900.0
48000228,41507.0,107148.0,177900.0
48000229,86627.0,107148.0,177900.0
48000230,75187.0,107148.0,177900.0
48000231,119800.0,106698.0,177900.0
48000232,115533.0,106698.0,177900.0
48000233,13067.0,106698.0,177900.0
48000234,9467.0,106698.0,177900.0
48000235,119800.0,98548.0,177900.0
48000236,115533.0,98548.0,177900.0
48000237,86627.0,98548.0,177900.0
48000238,75187.0,98548.0,177900.0
48000239,47227.0,98548.0,177900.0
48000240,35787.0,98548.0,177900.0
48000241,41507.0,98548.0,177900.0
48000242,13067.0,98548.0,177900.0
48000243,9467.0,98548.0,177900.0
48000244,119800.0,114848.0,177900.0
48000245,115533.0,114848.0,177900.0
48000246,86627.0,114848.0,177900.0
48000247,75187.0,114848.0,177900.0
48000248,47227.0,114848.0,177900.0
48000249,35787.0,114848.0,177900.0
48000250,41507.0,114848.0,177900.0
48000251,13067.0,114848.0,177900.0
48000252,9467.0,114848.0,177900.0
48000253,63747.0,87098.0,177900.0
48000254,63747.0,126298.0,177900.0
48000255,16867.0,108748.0,177100.0
48000256,16867.0,110198.0,177100.0
48000257,27067.0,113448.0,177300.0
48000258,27067.0,114848.0,177300.0
48000259,20667.0,107123.0,177300.0
48000260,20667.0,108798.0,177300.0
48000261,28067.0,110448.0,177300.0
48000262,30067.0,110448.0,177300.0
48000263,16867.0,107148.0,177100.0
48000264,23267.0,107148.0,177300.0
48000265,23267.0,108798.0,177300.0
48000266,17767.0,107148.0,177200.0
48000267,20167.0,107098.0,177200.0
48000268,18417.0,98548.0,177100.0
48000269,19467.0,98548.0,177100.0
48000270,28467.0,113448.0,177300.0
48000271,30067.0,113448.0,177300.0
48000272,20667.0,98548.0,177100.0
48000273,52947.0,107148.0,177100.0
48000274,52947.0,108748.0,177100.0
48000275,56347.0,113448.0,177300.0
48000276,56347.0,114848.0,177300.0
48000277,52947.0,110198.0,177100.0
48000278,53847.0,107148.0,177100.0
48000279,55947.0,107048.0,177100.0
48000280,54497.0,98548.0,177100.0
48000281,56347.0,98548.0,177100.0
48000282,107467.0,98548.0,177100.0
48000283,108667.0,98548.0,177100.0
48000284,98067.0,113448.0,177300.0
48000285,99667.0,113448.0,177300.0
48000286,107967.0,107098.0,177100.0
48000287,110367.0,107148.0,177100.0
48000288,104867.0,107148.0,177300.0
48000289,104867.0,108798.0,177300.0
48000290,111267.0,107148.0,177100.0
48000291,111267.0,108748.0,177100.0
48000292,107467.0,107123.0,177300.0
48000293,107467.0,108798.0,177300.0
48000294,101067.0,113448.0,177300.0
48000295,101067.0,114848.0,177300.0
48000296,111267.0,110198.0,177100.0
48000297,98067.0,110448.0,177300.0
48000298,100067.0,110448.0,177300.0
48000299,109717.0,98548.0,177100.0
48000300,17367.0,114848.0,177900.0
48000301,21533.0,114848.0,177900.0
48000302,22400.0,114848.0,177900.0
48000303,27767.0,114848.0,177900.0
48000304,16867.0,111060.0,177900.0
48000305,16867.0,111923.0,177900.0
48000306,16867.0,112785.0,177900.0
48000307,16867.0,109110.0,177900.0
48000308,16867.0,109473.0,177900.0
48000309,16867.0,109835.0,177900.0
48000310,27067.0,113798.0,177900.0
48000311,27067.0,114148.0,177900.0
48000312,27067.0,114498.0,177900.0
48000313,30067.0,114148.0,177900.0
48000314,27067.0,111448.0,177900.0
48000315,27067.0,112448.0,177900.0
48000316,27767.0,113448.0,177900.0
48000317,27567.0,110448.0,177900.0
48000318,30067.0,111448.0,177900.0
48000319,30067.0,112448.0,177900.0
48000320,20667.0,109345.0,177900.0
48000321,20667.0,107541.0,177900.0
48000322,20667.0,107960.0,177900.0
48000323,20667.0,108379.0,177900.0
48000324,21533.0,108798.0,177900.0
48000325,22400.0,108798.0,177900.0
48000326,23267.0,109345.0,177900.0
48000327,28567.0,110448.0,177900.0
48000328,29067.0,110448.0,177900.0
48000329,29567.0,110448.0,177900.0
48000330,16867.0,107548.0,177900.0
48000331,16867.0,107948.0,177900.0
48000332,16867.0,108348.0,177900.0
48000333,23267.0,107560.0,177900.0
48000334,23267.0,107973.0,177900.0
48000335,23267.0,108385.0,177900.0
48000336,17317.0,107148.0,177900.0
48000337,21533.0,107131.0,177900.0
48000338,22400.0,107139.0,177900.0
48000339,23267.0,106723.0,177900.0
48000340,27067.0,106723.0,177900.0
48000341,28067.0,107148.0,177900.0
48000342,29067.0,107148.0,177900.0
48000343,16867.0,101931.0,177900.0
48000344,16867.0,102814.0,177900.0
48000345,16867.0,99381.0,177900.0
48000346,16867.0,100214.0,177900.0
48000347,17317.0,101048.0,177900.0
48000348,18167.0,107139.0,177900.0
48000349,18567.0,107131.0,177900.0
48000350,18967.0,107123.0,177900.0
48000351,19367.0,107114.0,177900.0
48000352,19767.0,107106.0,177900.0
48000353,18617.0,101048.0,177900.0
48000354,20667.0,99381.0,177900.0
48000355,20667.0,100214.0,177900.0
48000356,17642.0,98548.0,177900.0
48000357,18942.0,98548.0,177900.0
48000358,21533.0,98548.0,177900.0
48000359,22400.0,98548.0,177900.0
48000360,23267.0,99070.0,177900.0
48000361,27067.0,99070.0,177900.0
48000362,28067.0,98548.0,177900.0
48000363,29067.0,98548.0,177900.0
48000364,16867.0,114248.0,177900.0
48000365,20667.0,114248.0,177900.0
48000366,20292.0,114848.0,177900.0
48000367,18142.0,114848.0,177900.0
48000368,18642.0,114848.0,177900.0
48000369,19142.0,114848.0,177900.0
48000370,19642.0,114848.0,177900.0
48000371,29267.0,114848.0,177900.0
48000372,28867.0,113448.0,177900.0
48000373,29267.0,113448.0,177900.0
48000374,29667.0,113448.0,177900.0
48000375,20067.0,101048.0,177900.0
48000376,20067.0,98548.0,177900.0
48000377,16867.0,104698.0,177900.0
48000378,16867.0,105698.0,177900.0
48000379,20667.0,106710.0,177900.0
48000380,23267.0,114248.0,177900.0
48000381,30067.0,99381.0,177900.0
48000382,30067.0,100214.0,177900.0
48000383,30067.0,100881.0,177900.0
48000384,30067.0,105281.0,177900.0
48000385,30067.0,106214.0,177900.0
48000386,30067.0,102481.0,177900.0
48000387,30067.0,103414.0,177900.0
48000388,60347.0,101873.0,177900.0
48000389,60347.0,102698.0,177900.0
48000390,60347.0,103523.0,177900.0
48000391,63747.0,111328.0,177900.0
48000392,63747.0,112208.0,177900.0
48000393,63747.0,113088.0,177900.0
48000394,63747.0,113968.0,177900.0
48000395,61022.0,114848.0,177900.0
48000396,61697.0,114848.0,177900.0
48000397,62197.0,114848.0,177900.0
48000398,62697.0,114848.0,177900.0
48000399,63197.0,114848.0,177900.0
48000400,52947.0,104560.0,177900.0
48000401,52947.0,105423.0,177900.0
48000402,52947.0,106285.0,177900.0
48000403,53722.0,98548.0,177900.0
48000404,52947.0,99381.0,177900.0
48000405,52947.0,100214.0,177900.0
48000406,52947.0,101931.0,177900.0
48000407,52947.0,102814.0,177900.0
48000408,53397.0,101048.0,177900.0
48000409,53397.0,107148.0,177900.0
48000410,52947.0,107548.0,177900.0
48000411,52947.0,107948.0,177900.0
48000412,52947.0,108348.0,177900.0
48000413,56347.0,111328.0,177900.0
48000414,56347.0,112208.0,177900.0
48000415,56347.0,113088.0,177900.0
48000416,56347.0,113798.0,177900.0
48000417,56347.0,114148.0,177900.0
48000418,56347.0,114498.0,177900.0
48000419,52947.0,109110.0,177900.0
48000420,52947.0,109473.0,177900.0
48000421,52947.0,109835.0,177900.0
48000422,52947.0,111128.0,177900.0
48000423,52947.0,112058.0,177900.0
48000424,52947.0,112988.0,177900.0
48000425,52947.0,113918.0,177900.0
48000426,53622.0,114848.0,177900.0
48000427,54297.0,114848.0,177900.0
48000428,54797.0,114848.0,177900.0
48000429,55297.0,114848.0,177900.0
48000430,55797.0,114848.0,177900.0
48000431,54372.0,107123.0,177900.0
48000432,54897.0,107098.0,177900.0
48000433,55422.0,107073.0,177900.0
48000434,61197.0,110448.0,177900.0
48000435,62047.0,110448.0,177900.0
48000436,62897.0,110448.0,177900.0
48000437,56347.0,106673.0,177900.0
48000438,56347.0,99381.0,177900.0
48000439,56347.0,100214.0,177900.0
48000440,54959.0,98548.0,177900.0
48000441,55422.0,98548.0,177900.0
48000442,55884.0,98548.0,177900.0
48000443,63747.0,102064.0,177900.0
48000444,63747.0,103081.0,177900.0
48000445,63747.0,104098.0,177900.0
48000446,63747.0,105114.0,177900.0
48000447,63747.0,106131.0,177900.0
48000448,63747.0,99381.0,177900.0
48000449,63747.0,100214.0,177900.0
48000450,54680.0,101048.0,177900.0
48000451,55513.0,101048.0,177900.0
48000452,60822.0,98548.0,177900.0
48000453,61297.0,98548.0,177900.0
48000454,61797.0,98548.0,177900.0
48000455,62297.0,98548.0,177900.0
48000456,62797.0,98548.0,177900.0
48000457,63272.0,98548.0,177900.0
48000458,61197.0,101048.0,177900.0
48000459,62047.0,101048.0,177900.0
48000460,62897.0,101048.0,177900.0
48000461,111267.0,104698.0,177900.0
48000462,111267.0,105698.0,177900.0
48000463,108067.0,98548.0,177900.0
48000464,108067.0,101048.0,177900.0
48000465,98467.0,113448.0,177900.0
48000466,98867.0,113448.0,177900.0
48000467,99267.0,113448.0,177900.0
48000468,98867.0,114848.0,177900.0
48000469,108492.0,114848.0,177900.0
48000470,108992.0,114848.0,177900.0
48000471,109492.0,114848.0,177900.0
48000472,109992.0,114848.0,177900.0
48000473,107842.0,114848.0,177900.0
48000474,107467.0,114248.0,177900.0
48000475,111267.0,114248.0,177900.0
48000476,110767.0,114848.0,177900.0
48000477,110492.0,98548.0,177900.0
48000478,99067.0,98548.0,177900.0
48000479,100067.0,98548.0,177900.0
48000480,105733.0,98548.0,177900.0
48000481,106600.0,98548.0,177900.0
48000482,101067.0,99070.0,177900.0
48000483,104867.0,99070.0,177900.0
48000484,107467.0,99381.0,177900.0
48000485,107467.0,100214.0,177900.0
48000486,109517.0,101048.0,177900.0
48000487,108367.0,107106.0,177900.0
48000488,108767.0,107114.0,177900.0
48000489,109167.0,107123.0,177900.0
48000490,109567.0,107131.0,177900.0
48000491,109967.0,107139.0,177900.0
48000492,110817.0,101048.0,177900.0
48000493,111267.0,99381.0,177900.0
48000494,111267.0,100214.0,177900.0
48000495,111267.0,101931.0,177900.0
48000496,111267.0,102814.0,177900.0
48000497,99067.0,107148.0,177900.0
48000498,100067.0,107148.0,177900.0
48000499,101067.0,106723.0,177900.0
48000500,104867.0,106723.0,177900.0
48000501,105733.0,107139.0,177900.0
48000502,106600.0,107131.0,177900.0
48000503,110817.0,107148.0,177900.0
48000504,104867.0,107560.0,177900.0
48000505,104867.0,107973.0,177900.0
48000506,104867.0,108385.0,177900.0
48000507,111267.0,107548.0,177900.0
48000508,111267.0,107948.0,177900.0
48000509,111267.0,108348.0,177900.0
48000510,104867.0,109345.0,177900.0
48000511,105733.0,108798.0,177900.0
48000512,106600.0,108798.0,177900.0
48000513,107467.0,107541.0,177900.0
48000514,107467.0,107960.0,177900.0
48000515,107467.0,108379.0,177900.0
48000516,107467.0,109345.0,177900.0
48000517,98067.0,111448.0,177900.0
48000518,98067.0,112448.0,177900.0
48000519,100567.0,110448.0,177900.0
48000520,100367.0,113448.0,177900.0
48000521,101067.0,111448.0,177900.0
48000522,101067.0,112448.0,177900.0
48000523,98067.0,114148.0,177900.0
48000524,101067.0,113798.0,177900.0
48000525,101067.0,114148.0,177900.0
48000526,101067.0,114498.0,177900.0
48000527,111267.0,109110.0,177900.0
48000528,111267.0,109473.0,177900.0
48000529,111267.0,109835.0,177900.0
48000530,111267.0,111060.0,177900.0
48000531,111267.0,111923.0,177900.0
48000532,111267.0,112785.0,177900.0
48000533,100367.0,114848.0,177900.0
48000534,105733.0,114848.0,177900.0
48000535,106600.0,114848.0,177900.0
48000536,107467.0,106710.0,177900.0
48000537,98067.0,102481.0,177900.0
48000538,98067.0,103414.0,177900.0
48000539,98067.0,105281.0,177900.0
48000540,98067.0,106214.0,177900.0
48000541,104867.0,114248.0,177900.0
48000542,98067.0,99381.0,177900.0
48000543,98067.0,100214.0,177900.0
48000544,98567.0,110448.0,177900.0
48000545,99067.0,110448.0,177900.0
48000546,99567.0,110448.0,177900.0
48000547,109192.0,98548.0,177900.0
48000548,16867.0,114848.0,176800.0
48000549,16867.0,114848.0,175966.0
48000550,16867.0,114848.0,175133.0
48000551,17867.0,114848.0,176800.0
48000552,17867.0,114848.0,175966.0
48000553,17867.0,114848.0,175133.0
48000554,20667.0,114848.0,176800.0
48000555,20667.0,114848.0,175966.0
48000556,20667.0,114848.0,175133.0
48000557,23267.0,114848.0,176900.0
48000558,23267.0,114848.0,176033.0
48000559,23267.0,114848.0,175166.0
48000560,28467.0,114848.0,177000.0
48000561,28467.0,114848.0,176100.0
48000562,28467.0,114848.0,175200.0
48000563,27067.0,110448.0,177000.0
48000564,27067.0,110448.0,176100.0
48000565,27067.0,110448.0,175200.0
48000566,20667.0,109893.0,177000.0
48000567,20667.0,109893.0,176100.0
48000568,20667.0,109893.0,175200.0
48000569,16867.0,113648.0,176800.0
48000570,16867.0,113648.0,175966.0
48000571,16867.0,113648.0,175133.0
48000572,23267.0,109893.0,177000.0
48000573,23267.0,109893.0,176100.0
48000574,23267.0,109893.0,175200.0
48000575,16867.0,106698.0,177000.0
48000576,16867.0,106698.0,176100.0
48000577,16867.0,106698.0,175200.0
48000578,23267.0,106298.0,177000.0
48000579,23267.0,106298.0,176100.0
48000580,23267.0,106298.0,175200.0
48000581,27067.0,106298.0,177000.0
48000582,27067.0,106298.0,176100.0
48000583,27067.0,106298.0,175200.0
48000584,27067.0,107148.0,177000.0
48000585,27067.0,107148.0,176100.0
48000586,27067.0,107148.0,175200.0
48000587,16867.0,101048.0,177000.0
48000588,16867.0,101048.0,176100.0
48000589,16867.0,101048.0,175200.0
48000590,16867.0,103698.0,177000.0
48000591,16867.0,103698.0,176100.0
48000592,16867.0,103698.0,175200.0
48000593,16867.0,98548.0,177000.0
48000594,16867.0,98548.0,176100.0
48000595,16867.0,98548.0,175200.0
48000596,17767.0,101048.0,177000.0
48000597,17767.0,101048.0,176100.0
48000598,17767.0,101048.0,175200.0
48000599,19467.0,101048.0,177000.0
48000600,19467.0,101048.0,176100.0
48000601,19467.0,101048.0,175200.0
48000602,20667.0,101048.0,177000.0
48000603,20667.0,101048.0,176100.0
48000604,20667.0,101048.0,175200.0
48000605,23267.0,98548.0,177000.0
48000606,23267.0,98548.0,176100.0
48000607,23267.0,98548.0,175200.0
48000608,23267.0,99593.0,177000.0
48000609,23267.0,99593.0,176100.0
48000610,23267.0,99593.0,175200.0
48000611,27067.0,98548.0,177000.0
48000612,27067.0,98548.0,176100.0
48000613,27067.0,98548.0,175200.0
48000614,27067.0,99593.0,177000.0
48000615,27067.0,99593.0,176100.0
48000616,27067.0,99593.0,175200.0
48000617,30067.0,98548.0,177000.0
48000618,30067.0,98548.0,176100.0
48000619,30067.0,98548.0,175200.0
48000620,19917.0,114848.0,176800.0
48000621,19917.0,114848.0,175966.0
48000622,19917.0,114848.0,175133.0
48000623,30067.0,114848.0,177000.0
48000624,30067.0,114848.0,176100.0
48000625,30067.0,114848.0,175200.0
48000626,20667.0,106298.0,177000.0
48000627,20667.0,106298.0,176100.0
48000628,20667.0,106298.0,175200.0
48000629,20667.0,113648.0,176800.0
48000630,20667.0,113648.0,175966.0
48000631,20667.0,113648.0,175133.0
48000632,23267.0,113648.0,177000.0
48000633,23267.0,113648.0,176100.0
48000634,23267.0,113648.0,175200.0
48000635,20667.0,101548.0,177000.0
48000636,20667.0,101548.0,176100.0
48000637,20667.0,101548.0,175200.0
48000638,30067.0,107148.0,177000.0
48000639,30067.0,107148.0,176100.0
48000640,30067.0,107148.0,175200.0
48000641,30067.0,104348.0,177000.0
48000642,30067.0,104348.0,176100.0
48000643,30067.0,104348.0,175200.0
48000644,30067.0,101548.0,177000.0
48000645,30067.0,101548.0,176100.0
48000646,30067.0,101548.0,175200.0
48000647,60347.0,101048.0,176800.0
48000648,60347.0,101048.0,175966.0
48000649,60347.0,101048.0,175133.0
48000650,60347.0,104348.0,176800.0
48000651,60347.0,104348.0,175966.0
48000652,60347.0,104348.0,175133.0
48000653,63747.0,110448.0,176800.0
48000654,63747.0,110448.0,175966.0
48000655,63747.0,110448.0,175133.0
48000656,63747.0,114848.0,176800.0
48000657,63747.0,114848.0,175966.0
48000658,63747.0,114848.0,175133.0
48000659,60347.0,114848.0,176800.0
48000660,60347.0,114848.0,175966.0
48000661,60347.0,114848.0,175133.0
48000662,52947.0,103698.0,177000.0
48000663,52947.0,103698.0,176100.0
48000664,52947.0,103698.0,175200.0
48000665,52947.0,98548.0,177000.0
48000666,52947.0,98548.0,176100.0
48000667,52947.0,98548.0,175200.0
48000668,52947.0,101048.0,177000.0
48000669,52947.0,101048.0,176100.0
48000670,52947.0,101048.0,175200.0
48000671,53847.0,101048.0,177000.0
48000672,53847.0,101048.0,176100.0
48000673,53847.0,101048.0,175200.0
48000674,56347.0,107048.0,177000.0
48000675,56347.0,107048.0,176100.0
48000676,56347.0,107048.0,175200.0
48000677,56347.0,110448.0,177000.0
48000678,56347.0,110448.0,176100.0
48000679,56347.0,110448.0,175200.0
48000680,52947.0,114848.0,176800.0
48000681,52947.0,114848.0,175966.0
48000682,52947.0,114848.0,175133.0
48000683,60347.0,110448.0,176800.0
48000684,60347.0,110448.0,175966.0
48000685,60347.0,110448.0,175133.0
48000686,56347.0,106298.0,177000.0
48000687,56347.0,106298.0,176100.0
48000688,56347.0,106298.0,175200.0
48000689,56347.0,101048.0,177000.0
48000690,56347.0,101048.0,176100.0
48000691,56347.0,101048.0,175200.0
48000692,56347.0,101548.0,177000.0
48000693,56347.0,101548.0,176100.0
48000694,56347.0,101548.0,175200.0
48000695,63747.0,101048.0,176800.0
48000696,63747.0,101048.0,175966.0
48000697,63747.0,101048.0,175133.0
48000698,63747.0,107148.0,176800.0
48000699,63747.0,107148.0,175966.0
48000700,63747.0,107148.0,175133.0
48000701,63747.0,98548.0,176800.0
48000702,63747.0,98548.0,175966.0
48000703,63747.0,98548.0,175133.0
48000704,60347.0,98548.0,176800.0
48000705,60347.0,98548.0,175966.0
48000706,60347.0,98548.0,175133.0
48000707,111267.0,103698.0,177000.0
48000708,111267.0,103698.0,176100.0
48000709,111267.0,103698.0,175200.0
48000710,111267.0,106698.0,177000.0
48000711,111267.0,106698.0,176100.0
48000712,111267.0,106698.0,175200.0
48000713,107467.0,101048.0,177000.0
48000714,107467.0,101048.0,176100.0
48000715,107467.0,101048.0,175200.0
48000716,108667.0,101048.0,177000.0
48000717,108667.0,101048.0,176100.0
48000718,108667.0,101048.0,175200.0
48000719,98067.0,114848.0,177000.0
48000720,98067.0,114848.0,176100.0
48000721,98067.0,114848.0,175200.0
48000722,99667.0,114848.0,177000.0
48000723,99667.0,114848.0,176100.0
48000724,99667.0,114848.0,175200.0
48000725,108217.0,114848.0,176800.0
48000726,108217.0,114848.0,175966.0
48000727,108217.0,114848.0,175133.0
48000728,110267.0,114848.0,176800.0
48000729,110267.0,114848.0,175966.0
48000730,110267.0,114848.0,175133.0
48000731,107467.0,114848.0,176900.0
48000732,107467.0,114848.0,176033.0
48000733,107467.0,114848.0,175166.0
48000734,107467.0,113648.0,176800.0
48000735,107467.0,113648.0,175966.0
48000736,107467.0,113648.0,175133.0
48000737,111267.0,113648.0,177000.0
48000738,111267.0,113648.0,176100.0
48000739,111267.0,113648.0,175200.0
48000740,111267.0,114848.0,176900.0
48000741,111267.0,114848.0,176033.0
48000742,111267.0,114848.0,175166.0
48000743,111267.0,98548.0,177000.0
48000744,111267.0,98548.0,176100.0
48000745,111267.0,98548.0,175200.0
48000746,98067.0,98548.0,177000.0
48000747,98067.0,98548.0,176100.0
48000748,98067.0,98548.0,175200.0
48000749,101067.0,98548.0,177000.0
48000750,101067.0,98548.0,176100.0
48000751,101067.0,98548.0,175200.0
48000752,104867.0,98548.0,177000.0
48000753,104867.0,98548.0,176100.0
48000754,104867.0,98548.0,175200.0
48000755,101067.0,99593.0,177000.0
48000756,101067.0,99593.0,176100.0
48000757,101067.0,99593.0,175200.0
48000758,104867.0,99593.0,177000.0
48000759,104867.0,99593.0,176100.0
48000760,104867.0,99593.0,175200.0
48000761,107467.0,101548.0,177000.0
48000762,107467.0,101548.0,176100.0
48000763,107467.0,101548.0,175200.0
48000764,110367.0,101048.0,177000.0
48000765,110367.0,101048.0,176100.0
48000766,110367.0,101048.0,175200.0
48000767,111267.0,101048.0,177000.0
48000768,111267.0,101048.0,176100.0
48000769,111267.0,101048.0,175200.0
48000770,98067.0,107148.0,177000.0
48000771,98067.0,107148.0,176100.0
48000772,98067.0,107148.0,175200.0
48000773,101067.0,107148.0,177000.0
48000774,101067.0,107148.0,176100.0
48000775,101067.0,107148.0,175200.0
48000776,101067.0,106298.0,177000.0
48000777,101067.0,106298.0,176100.0
48000778,101067.0,106298.0,175200.0
48000779,104867.0,106298.0,177000.0
48000780,104867.0,106298.0,176100.0
48000781,104867.0,106298.0,175200.0
48000782,104867.0,109893.0,177000.0
48000783,104867.0,109893.0,176100.0
48000784,104867.0,109893.0,175200.0
48000785,107467.0,109893.0,177000.0
48000786,107467.0,109893.0,176100.0
48000787,107467.0,109893.0,175200.0
48000788,101067.0,110448.0,177000.0
48000789,101067.0,110448.0,176100.0
48000790,101067.0,110448.0,175200.0
48000791,104867.0,114848.0,177000.0
48000792,104867.0,114848.0,176100.0
48000793,104867.0,114848.0,175200.0
48000794,107467.0,106298.0,177000.0
48000795,107467.0,106298.0,176100.0
48000796,107467.0,106298.0,175200.0
48000797,98067.0,101548.0,177000.0
48000798,98067.0,101548.0,176100.0
48000799,98067.0,101548.0,175200.0
48000800,98067.0,104348.0,177000.0
48000801,98067.0,104348.0,176100.0
48000802,98067.0,104348.0,175200.0
48000803,104867.0,113648.0,177000.0
48000804,104867.0,113648.0,176100.0
48000805,104867.0,113648.0,175200.0
48000806,98067.0,101048.0,177000.0
48000807,98067.0,101048.0,176100.0
48000808,98067.0,101048.0,175200.0
48000809,16867.0,109110.0,177100.0
48000810,16867.0,109473.0,177100.0
48000811,16867.0,109835.0,177100.0
48000812,27067.0,113798.0,177300.0
48000813,27067.0,114148.0,177300.0
48000814,27067.0,114498.0,177300.0
48000815,20667.0,107541.0,177300.0
48000816,20667.0,107960.0,177300.0
48000817,20667.0,108379.0,177300.0
48000818,28567.0,110448.0,177300.0
48000819,29067.0,110448.0,177300.0
48000820,29567.0,110448.0,177300.0
48000821,16867.0,107548.0,177100.0
48000822,16867.0,107948.0,177100.0
48000823,16867.0,108348.0,177100.0
48000824,23267.0,107560.0,177300.0
48000825,23267.0,107973.0,177300.0
48000826,23267.0,108385.0,177300.0
48000827,18167.0,107139.0,177200.0
48000828,18567.0,107131.0,177200.0
48000829,18967.0,107123.0,177200.0
48000830,19367.0,107114.0,177200.0
48000831,19767.0,107106.0,177200.0
48000832,18942.0,98548.0,177100.0
48000833,28867.0,113448.0,177300.0
48000834,29267.0,113448.0,177300.0
48000835,29667.0,113448.0,177300.0
48000836,20067.0,98548.0,177100.0
48000837,52947.0,107548.0,177100.0
48000838,52947.0,107948.0,177100.0
48000839,52947.0,108348.0,177100.0
48000840,56347.0,113798.0,177300.0
48000841,56347.0,114148.0,177300.0
48000842,56347.0,114498.0,177300.0
48000843,52947.0,109110.0,177100.0
48000844,52947.0,109473.0,177100.0
48000845,52947.0,109835.0,177100.0
48000846,54372.0,107123.0,177100.0
48000847,54897.0,107098.0,177100.0
48000848,55422.0,107073.0,177100.0
48000849,54959.0,98548.0,177100.0
48000850,55422.0,98548.0,177100.0
48000851,55884.0,98548.0,177100.0
48000852,108067.0,98548.0,177100.0
48000853,98467.0,113448.0,177300.0
48000854,98867.0,113448.0,177300.0
48000855,99267.0,113448.0,177300.0
48000856,108367.0,107106.0,177100.0
48000857,108767.0,107114.0,177100.0
48000858,109167.0,107123.0,177100.0
48000859,109567.0,107131.0,177100.0
48000860,109967.0,107139.0,177100.0
48000861,104867.0,107560.0,177300.0
48000862,104867.0,107973.0,177300.0
48000863,104867.0,108385.0,177300.0
48000864,111267.0,107548.0,177100.0
48000865,111267.0,107948.0,177100.0
48000866,111267.0,108348.0,177100.0
48000867,107467.0,107541.0,177300.0
48000868,107467.0,107960.0,177300.0
48000869,107467.0,108379.0,177300.0
48000870,101067.0,113798.0,177300.0
48000871,101067.0,114148.0,177300.0
48000872,101067.0,114498.0,177300.0
48000873,111267.0,109110.0,177100.0
48000874,111267.0,109473.0,177100.0
48000875,111267.0,109835.0,177100.0
48000876,98567.0,110448.0,177300.0
48000877,99067.0,110448.0,177300.0
48000878,99567.0,110448.0,177300.0
48000879,109192.0,98548.0,177100.0
48000880,27067.0,114848.0,176100.0
48000881,27067.0,114848.0,175200.0
48000882,27067.0,113448.0,176100.0
48000883,27067.0,113448.0,175200.0
48000884,28467.0,113448.0,176100.0
48000885,28467.0,113448.0,175200.0
48000886,20667.0,108798.0,176100.0
48000887,20667.0,108798.0,175200.0
48000888,16867.0,110198.0,175966.0
48000889,16867.0,110198.0,175133.0
48000890,28067.0,110448.0,176100.0
48000891,28067.0,110448.0,175200.0
48000892,23267.0,108798.0,176100.0
48000893,23267.0,108798.0,175200.0
48000894,16867.0,107148.0,176100.0
48000895,16867.0,107148.0,175200.0
48000896,20167.0,107098.0,176100.0
48000897,20167.0,107098.0,175200.0
48000898,20667.0,107123.0,176100.0
48000899,20667.0,107123.0,175200.0
48000900,23267.0,107148.0,176100.0
48000901,23267.0,107148.0,175200.0
48000902,20667.0,98548.0,176100.0
48000903,20667.0,98548.0,175200.0
48000904,18417.0,98548.0,176100.0
48000905,18417.0,98548.0,175200.0
48000906,17767.0,107148.0,176100.0
48000907,17767.0,107148.0,175200.0
48000908,30067.0,113448.0,176100.0
48000909,30067.0,113448.0,175200.0
48000910,30067.0,110448.0,176100.0
48000911,30067.0,110448.0,175200.0
48000912,52947.0,107148.0,176100.0
48000913,52947.0,107148.0,175200.0
48000914,54497.0,98548.0,176100.0
48000915,54497.0,98548.0,175200.0
48000916,53847.0,107148.0,176100.0
48000917,53847.0,107148.0,175200.0
48000918,55947.0,107048.0,176100.0
48000919,55947.0,107048.0,175200.0
48000920,56347.0,113448.0,176100.0
48000921,56347.0,113448.0,175200.0
48000922,52947.0,110198.0,175966.0
48000923,52947.0,110198.0,175133.0
48000924,56347.0,114848.0,175966.0
48000925,56347.0,114848.0,175133.0
48000926,56347.0,98548.0,176100.0
48000927,56347.0,98548.0,175200.0
48000928,109717.0,98548.0,176100.0
48000929,109717.0,98548.0,175200.0
48000930,107467.0,98548.0,176100.0
48000931,107467.0,98548.0,175200.0
48000932,107467.0,107123.0,176100.0
48000933,107467.0,107123.0,175200.0
48000934,107967.0,107098.0,176100.0
48000935,107967.0,107098.0,175200.0
48000936,104867.0,107148.0,176100.0
48000937,104867.0,107148.0,175200.0
48000938,110367.0,107148.0,176100.0
48000939,110367.0,107148.0,175200.0
48000940,111267.0,107148.0,176100.0
48000941,111267.0,107148.0,175200.0
48000942,104867.0,108798.0,176100.0
48000943,104867.0,108798.0,175200.0
48000944,107467.0,108798.0,176100.0
48000945,107467.0,108798.0,175200.0
48000946,98067.0,110448.0,176100.0
48000947,98067.0,110448.0,175200.0
48000948,98067.0,113448.0,176100.0
48000949,98067.0,113448.0,175200.0
48000950,100067.0,110448.0,176100.0
48000951,100067.0,110448.0,175200.0
48000952,99667.0,113448.0,176100.0
48000953,99667.0,113448.0,175200.0
48000954,101067.0,113448.0,176100.0
48000955,101067.0,113448.0,175200.0
48000956,111267.0,110198.0,176100.0
48000957,111267.0,110198.0,175200.0
48000958,101067.0,114848.0,176100.0
48000959,101067.0,114848.0,175200.0
48000960,24217.0,107148.0,177900.0
48000961,25167.0,107148.0,177900.0
48000962,26117.0,107148.0,177900.0
48000963,27067.0,108248.0,177900.0
48000964,27067.0,109348.0,177900.0
48000965,26117.0,114848.0,177900.0
48000966,24217.0,114848.0,177900.0
48000967,23267.0,112748.0,177900.0
48000968,23267.0,110870.0,177900.0
48000969,28467.0,114148.0,177900.0
48000970,17817.0,108760.0,177900.0
48000971,18767.0,108773.0,177900.0
48000972,19717.0,108785.0,177900.0
48000973,20667.0,110870.0,177900.0
48000974,20667.0,112748.0,177900.0
48000975,18892.0,113648.0,177900.0
48000976,24217.0,104348.0,177900.0
48000977,25167.0,104348.0,177900.0
48000978,26117.0,104348.0,177900.0
48000979,27067.0,105323.0,177900.0
48000980,23267.0,105323.0,177900.0
48000981,19467.0,99381.0,177900.0
48000982,19467.0,100214.0,177900.0
48000983,24217.0,101548.0,177900.0
48000984,25167.0,101548.0,177900.0
48000985,26117.0,101548.0,177900.0
48000986,27067.0,102481.0,177900.0
48000987,27067.0,103414.0,177900.0
48000988,23267.0,102481.0,177900.0
48000989,23267.0,103414.0,177900.0
48000990,24217.0,98548.0,177900.0
48000991,26117.0,98548.0,177900.0
48000992,27067.0,100570.0,177900.0
48000993,23267.0,100570.0,177900.0
48000994,56347.0,107898.0,177900.0
48000995,53797.0,108748.0,177900.0
48000996,54647.0,108748.0,177900.0
48000997,55497.0,108748.0,177900.0
48000998,108667.0,99381.0,177900.0
48000999,108667.0,100214.0,177900.0
48001000,99667.0,114148.0,177900.0
48001001,109242.0,113648.0,177900.0
48001002,108417.0,108785.0,177900.0
48001003,109367.0,108773.0,177900.0
48001004,110317.0,108760.0,177900.0
48001005,107467.0,112748.0,177900.0
48001006,107467.0,110870.0,177900.0
48001007,101883.0,98548.0,177900.0
48001008,103783.0,98548.0,177900.0
48001009,104867.0,100570.0,177900.0
48001010,102017.0,101548.0,177900.0
48001011,102967.0,101548.0,177900.0
48001012,103917.0,101548.0,177900.0
48001013,101067.0,100570.0,177900.0
48001014,102017.0,104348.0,177900.0
48001015,102967.0,104348.0,177900.0
48001016,103917.0,104348.0,177900.0
48001017,104867.0,105323.0,177900.0
48001018,102017.0,107148.0,177900.0
48001019,102967.0,107148.0,177900.0
48001020,103917.0,107148.0,177900.0
48001021,101067.0,105323.0,177900.0
48001022,104867.0,110870.0,177900.0
48001023,104867.0,112748.0,177900.0
48001024,103783.0,114848.0,177900.0
48001025,101883.0,114848.0,177900.0
48001026,101067.0,108248.0,177900.0
48001027,101067.0,109348.0,177900.0
48001028,104867.0,102481.0,177900.0
48001029,104867.0,103414.0,177900.0
48001030,101067.0,102481.0,177900.0
48001031,101067.0,103414.0,177900.0
48001034,64243.0,106653.0,177900.0
48001035,108667.0,98548.0,177500.0
48001036,109192.0,98548.0,177500.0
48001037,109717.0,98548.0,177500.0
48001038,98067.0,110448.0,177600.0
48001039,98567.0,110448.0,177600.0
48001040,99067.0,110448.0,177600.0
48001041,99567.0,110448.0,177600.0
48001042,100067.0,110448.0,177600.0
48001043,111267.0,108748.0,177500.0
48001044,111267.0,109110.0,177500.0
48001045,111267.0,109473.0,177500.0
48001046,111267.0,109835.0,177500.0
48001047,111267.0,110198.0,177500.0
48001048,101067.0,113448.0,177600.0
48001049,101067.0,113798.0,177600.0
48001050,101067.0,114148.0,177600.0
48001051,101067.0,114498.0,177600.0
48001052,101067.0,114848.0,177600.0
48001053,107467.0,107123.0,177600.0
48001054,107467.0,107541.0,177600.0
48001055,107467.0,107960.0,177600.0
48001056,107467.0,108379.0,177600.0
48001057,107467.0,108798.0,177600.0
48001058,111267.0,107148.0,177500.0
48001059,111267.0,107548.0,177500.0
48001060,111267.0,107948.0,177500.0
48001061,111267.0,108348.0,177500.0
48001062,104867.0,107148.0,177600.0
48001063,104867.0,107560.0,177600.0
48001064,104867.0,107973.0,177600.0
48001065,104867.0,108385.0,177600.0
48001066,104867.0,108798.0,177600.0
48001067,107967.0,107098.0,177500.0
48001068,108367.0,107106.0,177500.0
48001069,108767.0,107114.0,177500.0
48001070,109167.0,107123.0,177500.0
48001071,109567.0,107131.0,177500.0
48001072,109967.0,107139.0,177500.0
48001073,110367.0,107148.0,177500.0
48001074,98067.0,113448.0,177600.0
48001075,98467.0,113448.0,177600.0
48001076,98867.0,113448.0,177600.0
48001077,99267.0,113448.0,177600.0
48001078,99667.0,113448.0,177600.0
48001079,107467.0,98548.0,177500.0
48001080,108067.0,98548.0,177500.0
48001081,54497.0,98548.0,177500.0
48001082,54959.0,98548.0,177500.0
48001083,55422.0,98548.0,177500.0
48001084,55884.0,98548.0,177500.0
48001085,56347.0,98548.0,177500.0
48001086,53847.0,107148.0,177500.0
48001087,54372.0,107123.0,177500.0
48001088,54897.0,107098.0,177500.0
48001089,55422.0,107073.0,177500.0
48001090,55947.0,107048.0,177500.0
48001091,52947.0,108748.0,177500.0
48001092,52947.0,109110.0,177500.0
48001093,52947.0,109473.0,177500.0
48001094,52947.0,109835.0,177500.0
48001095,52947.0,110198.0,177500.0
48001096,56347.0,113448.0,177600.0
48001097,56347.0,113798.0,177600.0
48001098,56347.0,114148.0,177600.0
48001099,56347.0,114498.0,177600.0
48001100,56347.0,114848.0,177600.0
48001101,52947.0,107148.0,177500.0
48001102,52947.0,107548.0,177500.0
48001103,52947.0,107948.0,177500.0
48001104,52947.0,108348.0,177500.0
48001105,19467.0,98548.0,177500.0
48001106,20067.0,98548.0,177500.0
48001107,20667.0,98548.0,177500.0
48001108,28467.0,113448.0,177600.0
48001109,28867.0,113448.0,177600.0
48001110,29267.0,113448.0,177600.0
48001111,29667.0,113448.0,177600.0
48001112,30067.0,113448.0,177600.0
48001113,18417.0,98548.0,177500.0
48001114,18942.0,98548.0,177500.0
48001115,17767.0,107148.0,177550.0
48001116,18167.0,107139.0,177550.0
48001117,18567.0,107131.0,177550.0
48001118,18967.0,107123.0,177550.0
48001119,19367.0,107114.0,177550.0
48001120,19767.0,107106.0,177550.0
48001121,20167.0,107098.0,177550.0
48001122,23267.0,107148.0,177600.0
48001123,23267.0,107560.0,177600.0
48001124,23267.0,107973.0,177600.0
48001125,23267.0,108385.0,177600.0
48001126,23267.0,108798.0,177600.0
48001127,16867.0,107148.0,177500.0
48001128,16867.0,107548.0,177500.0
48001129,16867.0,107948.0,177500.0
48001130,16867.0,108348.0,177500.0
48001131,16867.0,108748.0,177500.0
48001132,28067.0,110448.0,177600.0
48001133,28567.0,110448.0,177600.0
48001134,29067.0,110448.0,177600.0
48001135,29567.0,110448.0,177600.0
48001136,30067.0,110448.0,177600.0
48001137,20667.0,107123.0,177600.0
48001138,20667.0,107541.0,177600.0
48001139,20667.0,107960.0,177600.0
48001140,20667.0,108379.0,177600.0
48001141,20667.0,108798.0,177600.0
48001142,27067.0,113448.0,177600.0
48001143,27067.0,113798.0,177600.0
48001144,27067.0,114148.0,177600.0
48001145,27067.0,114498.0,177600.0
48001146,27067.0,114848.0,177600.0
48001147,16867.0,109110.0,177500.0
48001148,16867.0,109473.0,177500.0
48001149,16867.0,109835.0,177500.0
48001150,16867.0,110198.0,177500.0
48001151,17367.0,114848.0,176800.0
48001152,17367.0,114848.0,175133.0
48001153,17367.0,114848.0,175966.0
48001154,21533.0,114848.0,176900.0
48001155,22400.0,114848.0,176900.0
48001156,21533.0,114848.0,175166.0
48001157,22400.0,114848.0,175166.0
48001158,21533.0,114848.0,176033.0
48001159,22400.0,114848.0,176033.0
48001160,27767.0,114848.0,177000.0
48001161,27767.0,114848.0,175200.0
48001162,27767.0,114848.0,176100.0
48001163,16867.0,111060.0,177100.0
48001164,16867.0,111923.0,177100.0
48001165,16867.0,112785.0,177100.0
48001166,16867.0,111060.0,175133.0
48001167,16867.0,111923.0,175133.0
48001168,16867.0,112785.0,175133.0
48001169,16867.0,111060.0,175966.0
48001170,16867.0,112785.0,175966.0
48001171,16867.0,111923.0,175966.0
48001172,30067.0,114148.0,177000.0
48001173,30067.0,114148.0,175200.0
48001174,30067.0,114148.0,176100.0
48001175,27067.0,111448.0,177000.0
48001176,27067.0,112448.0,177000.0
48001177,27067.0,111448.0,175200.0
48001178,27067.0,112448.0,175200.0
48001179,27067.0,111448.0,176100.0
48001180,27067.0,112448.0,176100.0
48001181,27767.0,113448.0,177300.0
48001182,27767.0,113448.0,175200.0
48001183,27767.0,113448.0,176100.0
48001184,27567.0,110448.0,177000.0
48001185,27567.0,110448.0,175200.0
48001186,27567.0,110448.0,176100.0
48001187,30067.0,111448.0,177300.0
48001188,30067.0,112448.0,177300.0
48001189,30067.0,111448.0,175200.0
48001190,30067.0,112448.0,175200.0
48001191,30067.0,111448.0,176100.0
48001192,30067.0,112448.0,176100.0
48001193,20667.0,109345.0,177000.0
48001194,20667.0,109345.0,175200.0
48001195,20667.0,109345.0,176100.0
48001196,21533.0,108798.0,177300.0
48001197,22400.0,108798.0,177300.0
48001198,21533.0,108798.0,175200.0
48001199,22400.0,108798.0,175200.0
48001200,21533.0,108798.0,176100.0
48001201,22400.0,108798.0,176100.0
48001202,23267.0,109345.0,177000.0
48001203,23267.0,109345.0,175200.0
48001204,23267.0,109345.0,176100.0
48001205,17317.0,107148.0,177100.0
48001206,17317.0,107148.0,175200.0
48001207,17317.0,107148.0,176100.0
48001208,21533.0,107131.0,177300.0
48001209,22400.0,107139.0,177300.0
48001210,21533.0,107131.0,175200.0
48001211,22400.0,107139.0,175200.0
48001212,21533.0,107131.0,176100.0
48001213,22400.0,107139.0,176100.0
48001214,23267.0,106723.0,177000.0
48001215,23267.0,106723.0,175200.0
48001216,23267.0,106723.0,176100.0
48001217,27067.0,106723.0,177000.0
48001218,27067.0,106723.0,175200.0
48001219,27067.0,106723.0,176100.0
48001220,28067.0,107148.0,177000.0
48001221,29067.0,107148.0,177000.0
48001222,28067.0,107148.0,175200.0
48001223,29067.0,107148.0,175200.0
48001224,28067.0,107148.0,176100.0
48001225,29067.0,107148.0,176100.0
48001226,16867.0,101931.0,177000.0
48001227,16867.0,102814.0,177000.0
48001228,16867.0,101931.0,175200.0
48001229,16867.0,102814.0,175200.0
48001230,16867.0,101931.0,176100.0
48001231,16867.0,102814.0,176100.0
48001232,16867.0,99381.0,177000.0
48001233,16867.0,100214.0,177000.0
48001234,16867.0,99381.0,175200.0
48001235,16867.0,100214.0,175200.0
48001236,16867.0,99381.0,176100.0
48001237,16867.0,100214.0,176100.0
48001238,17317.0,101048.0,177000.0
48001239,17317.0,101048.0,175200.0
48001240,17317.0,101048.0,176100.0
48001241,18617.0,101048.0,177000.0
48001242,18617.0,101048.0,175200.0
48001243,18617.0,101048.0,176100.0
48001244,20667.0,99381.0,177000.0
48001245,20667.0,100214.0,177000.0
48001246,20667.0,99381.0,175200.0
48001247,20667.0,100214.0,175200.0
48001248,20667.0,99381.0,176100.0
48001249,20667.0,100214.0,176100.0
48001250,17642.0,98548.0,177000.0
48001251,17642.0,98548.0,175200.0
48001252,17642.0,98548.0,176100.0
48001253,21533.0,98548.0,177000.0
48001254,22400.0,98548.0,177000.0
48001255,21533.0,98548.0,175200.0
48001256,22400.0,98548.0,175200.0
48001257,21533.0,98548.0,176100.0
48001258,22400.0,98548.0,176100.0
48001259,23267.0,99070.0,177000.0
48001260,23267.0,99070.0,175200.0
48001261,23267.0,99070.0,176100.0
48001262,27067.0,99070.0,177000.0
48001263,27067.0,99070.0,175200.0
48001264,27067.0,99070.0,176100.0
48001265,28067.0,98548.0,177000.0
48001266,29067.0,98548.0,177000.0
48001267,28067.0,98548.0,175200.0
48001268,29067.0,98548.0,175200.0
48001269,28067.0,98548.0,176100.0
48001270,29067.0,98548.0,176100.0
48001271,16867.0,114248.0,176800.0
48001272,16867.0,114248.0,175133.0
48001273,16867.0,114248.0,175966.0
48001274,20667.0,114248.0,176800.0
48001275,20667.0,114248.0,175133.0
48001276,20667.0,114248.0,175966.0
48001277,20292.0,114848.0,176800.0
48001278,20292.0,114848.0,175133.0
48001279,20292.0,114848.0,175966.0
48001280,18142.0,114848.0,176800.0
48001281,18145.0,114848.0,177350.0
48001282,18642.0,114848.0,177350.0
48001283,19142.0,114848.0,177350.0
48001284,19639.0,114848.0,177350.0
48001285,19642.0,114848.0,176800.0
48001286,18142.0,114848.0,175133.0
48001287,19642.0,114848.0,175133.0
48001288,18142.0,114848.0,175966.0
48001289,19642.0,114848.0,175966.0
48001290,18642.0,114848.0,176800.0
48001291,19142.0,114848.0,176800.0
48001292,29267.0,114848.0,177000.0
48001293,29267.0,114848.0,175200.0
48001294,29267.0,114848.0,176100.0
48001295,20067.0,101048.0,177000.0
48001296,20067.0,101048.0,175200.0
48001297,20067.0,101048.0,176100.0
48001298,16867.0,104698.0,177000.0
48001299,16867.0,105698.0,177000.0
48001300,16867.0,104698.0,175200.0
48001301,16867.0,105698.0,175200.0
48001302,16867.0,104698.0,176100.0
48001303,16867.0,105698.0,176100.0
48001304,20667.0,106710.0,177000.0
48001305,20667.0,106710.0,175200.0
48001306,20667.0,106710.0,176100.0
48001307,23267.0,114248.0,177000.0
48001308,23267.0,114248.0,175200.0
48001309,23267.0,114248.0,176100.0
48001310,30067.0,99381.0,177000.0
48001311,30067.0,100214.0,177000.0
48001312,30067.0,100881.0,177000.0
48001313,30067.0,99381.0,175200.0
48001314,30067.0,100214.0,175200.0
48001315,30067.0,100881.0,175200.0
48001316,30067.0,99381.0,176100.0
48001317,30067.0,100881.0,176100.0
48001318,30067.0,100214.0,176100.0
48001319,30067.0,105281.0,177000.0
48001320,30067.0,106214.0,177000.0
48001321,30067.0,105281.0,175200.0
48001322,30067.0,106214.0,175200.0
48001323,30067.0,105281.0,176100.0
48001324,30067.0,106214.0,176100.0
48001325,30067.0,102481.0,177000.0
48001326,30067.0,103414.0,177000.0
48001327,30067.0,102481.0,175200.0
48001328,30067.0,103414.0,175200.0
48001329,30067.0,102481.0,176100.0
48001330,30067.0,103414.0,176100.0
48001331,60347.0,101873.0,176800.0
48001332,60347.0,102698.0,176800.0
48001333,60347.0,103523.0,176800.0
48001334,60347.0,101873.0,175133.0
48001335,60347.0,102698.0,175133.0
48001336,60347.0,103523.0,175133.0
48001337,60347.0,101873.0,175966.0
48001338,60347.0,103523.0,175966.0
48001339,60347.0,102698.0,175966.0
48001340,63747.0,111328.0,176800.0
48001341,63747.0,112208.0,176800.0
48001342,63747.0,113088.0,176800.0
48001343,63747.0,113968.0,176800.0
48001344,63747.0,111328.0,175133.0
48001345,63747.0,112208.0,175133.0
48001346,63747.0,113088.0,175133.0
48001347,63747.0,113968.0,175133.0
48001348,63747.0,111328.0,175966.0
48001349,63747.0,113968.0,175966.0
48001350,63747.0,112208.0,175966.0
48001351,63747.0,113088.0,175966.0
48001352,61022.0,114848.0,176800.0
48001353,61697.0,114848.0,176800.0
48001354,61700.0,114848.0,177350.0
48001355,62197.0,114848.0,177350.0
48001356,62697.0,114848.0,177350.0
48001357,63194.0,114848.0,177350.0
48001358,63197.0,114848.0,176800.0
48001359,61022.0,114848.0,175133.0
48001360,61697.0,114848.0,175133.0
48001361,63197.0,114848.0,175133.0
48001362,61022.0,114848.0,175966.0
48001363,63197.0,114848.0,175966.0
48001364,62197.0,114848.0,176800.0
48001365,61697.0,114848.0,175966.0
48001366,62697.0,114848.0,176800.0
48001367,52947.0,104560.0,177000.0
48001368,52947.0,105423.0,177000.0
48001369,52947.0,106285.0,177000.0
48001370,52947.0,104560.0,175200.0
48001371,52947.0,105423.0,175200.0
48001372,52947.0,106285.0,175200.0
48001373,52947.0,104560.0,176100.0
48001374,52947.0,106285.0,176100.0
48001375,52947.0,105423.0,176100.0
48001376,53722.0,98548.0,177000.0
48001377,53722.0,98548.0,175200.0
48001378,53722.0,98548.0,176100.0
48001379,52947.0,99381.0,177000.0
48001380,52947.0,100214.0,177000.0
48001381,52947.0,99381.0,175200.0
48001382,52947.0,100214.0,175200.0
48001383,52947.0,99381.0,176100.0
48001384,52947.0,100214.0,176100.0
48001385,52947.0,101931.0,177000.0
48001386,52947.0,102814.0,177000.0
48001387,52947.0,101931.0,175200.0
48001388,52947.0,102814.0,175200.0
48001389,52947.0,101931.0,176100.0
48001390,52947.0,102814.0,176100.0
48001391,53397.0,101048.0,177000.0
48001392,53397.0,101048.0,175200.0
48001393,53397.0,101048.0,176100.0
48001394,53397.0,107148.0,177100.0
48001395,53397.0,107148.0,175200.0
48001396,53397.0,107148.0,176100.0
48001397,56347.0,111328.0,177000.0
48001398,56347.0,112208.0,177000.0
48001399,56347.0,113088.0,177000.0
48001400,56347.0,111328.0,175200.0
48001401,56347.0,112208.0,175200.0
48001402,56347.0,113088.0,175200.0
48001403,56347.0,111328.0,176100.0
48001404,56347.0,113088.0,176100.0
48001405,56347.0,112208.0,176100.0
48001406,52947.0,111128.0,177100.0
48001407,52947.0,112058.0,177100.0
48001408,52947.0,112988.0,177100.0
48001409,52947.0,113918.0,177100.0
48001410,52947.0,111128.0,175133.0
48001411,52947.0,112058.0,175133.0
48001412,52947.0,112988.0,175133.0
48001413,52947.0,113918.0,175133.0
48001414,52947.0,111128.0,175966.0
48001415,52947.0,113918.0,175966.0
48001416,52947.0,112058.0,175966.0
48001417,52947.0,112988.0,175966.0
48001418,53622.0,114848.0,176800.0
48001419,54297.0,114848.0,176800.0
48001420,54300.0,114848.0,177350.0
48001421,54797.0,114848.0,177350.0
48001422,55297.0,114848.0,177350.0
48001423,55794.0,114848.0,177350.0
48001424,55797.0,114848.0,176800.0
48001425,53622.0,114848.0,175133.0
48001426,54297.0,114848.0,175133.0
48001427,55797.0,114848.0,175133.0
48001428,53622.0,114848.0,175966.0
48001429,55797.0,114848.0,175966.0
48001430,54797.0,114848.0,176800.0
48001431,54297.0,114848.0,175966.0
48001432,55297.0,114848.0,176800.0
48001433,61197.0,110448.0,176800.0
48001434,62047.0,110448.0,176800.0
48001435,62897.0,110448.0,176800.0
48001436,61197.0,110448.0,175133.0
48001437,62047.0,110448.0,175133.0
48001438,62897.0,110448.0,175133.0
48001439,61197.0,110448.0,175966.0
48001440,62897.0,110448.0,175966.0
48001441,62047.0,110448.0,175966.0
48001442,56347.0,106673.0,177000.0
48001443,56347.0,106673.0,175200.0
48001444,56347.0,106673.0,176100.0
48001445,56347.0,99381.0,177000.0
48001446,56347.0,100214.0,177000.0
48001447,56347.0,99381.0,175200.0
48001448,56347.0,100214.0,175200.0
48001449,56347.0,99381.0,176100.0
48001450,56347.0,100214.0,176100.0
48001451,63747.0,102064.0,176800.0
48001452,63747.0,103081.0,176800.0
48001453,63747.0,104098.0,176800.0
48001454,63747.0,105114.0,176800.0
48001455,63747.0,106131.0,176800.0
48001456,63747.0,102064.0,175133.0
48001457,63747.0,103081.0,175133.0
48001458,63747.0,104098.0,175133.0
48001459,63747.0,105114.0,175133.0
48001460,63747.0,106131.0,175133.0
48001461,63747.0,102064.0,175966.0
48001462,63747.0,106131.0,175966.0
48001463,63747.0,103081.0,175966.0
48001464,63747.0,104098.0,175966.0
48001465,63747.0,105114.0,175966.0
48001466,63747.0,99381.0,176800.0
48001467,63747.0,100214.0,176800.0
48001468,63747.0,99381.0,175133.0
48001469,63747.0,100214.0,175133.0
48001470,63747.0,99381.0,175966.0
48001471,63747.0,100214.0,175966.0
48001472,54680.0,101048.0,177000.0
48001473,55513.0,101048.0,177000.0
48001474,54680.0,101048.0,175200.0
48001475,55513.0,101048.0,175200.0
48001476,54680.0,101048.0,176100.0
48001477,55513.0,101048.0,176100.0
48001478,60822.0,98548.0,176800.0
48001479,61297.0,98548.0,176800.0
48001480,61300.0,98548.0,177350.0
48001481,61797.0,98548.0,177350.0
48001482,62297.0,98548.0,177350.0
48001483,62794.0,98548.0,177350.0
48001484,62797.0,98548.0,176800.0
48001485,63272.0,98548.0,176800.0
48001486,60822.0,98548.0,175133.0
48001487,61297.0,98548.0,175133.0
48001488,63272.0,98548.0,175133.0
48001489,62797.0,98548.0,175133.0
48001490,60822.0,98548.0,175966.0
48001491,63272.0,98548.0,175966.0
48001492,61797.0,98548.0,176800.0
48001493,61297.0,98548.0,175966.0
48001494,62297.0,98548.0,176800.0
48001495,62797.0,98548.0,175966.0
48001496,61197.0,101048.0,176800.0
48001497,62047.0,101048.0,176800.0
48001498,62897.0,101048.0,176800.0
48001499,61197.0,101048.0,175133.0
48001500,62047.0,101048.0,175133.0
48001501,62897.0,101048.0,175133.0
48001502,61197.0,101048.0,175966.0
48001503,62897.0,101048.0,175966.0
48001504,62047.0,101048.0,175966.0
48001505,111267.0,104698.0,177000.0
48001506,111267.0,105698.0,177000.0
48001507,111267.0,104698.0,175200.0
48001508,111267.0,105698.0,175200.0
48001509,111267.0,104698.0,176100.0
48001510,111267.0,105698.0,176100.0
48001511,108067.0,101048.0,177000.0
48001512,108067.0,101048.0,175200.0
48001513,108067.0,101048.0,176100.0
48001514,98867.0,114848.0,177000.0
48001515,98867.0,114848.0,175200.0
48001516,98867.0,114848.0,176100.0
48001517,108492.0,114848.0,176800.0
48001518,108495.0,114848.0,177350.0
48001519,108992.0,114848.0,177350.0
48001520,109492.0,114848.0,177350.0
48001521,109989.0,114848.0,177350.0
48001522,109992.0,114848.0,176800.0
48001523,108492.0,114848.0,175133.0
48001524,109992.0,114848.0,175133.0
48001525,108492.0,114848.0,175966.0
48001526,109992.0,114848.0,175966.0
48001527,108992.0,114848.0,176800.0
48001528,109492.0,114848.0,176800.0
48001529,107842.0,114848.0,176900.0
48001530,107842.0,114848.0,175166.0
48001531,107842.0,114848.0,176033.0
48001532,107467.0,114248.0,176900.0
48001533,107467.0,114248.0,175166.0
48001534,107467.0,114248.0,176033.0
48001535,111267.0,114248.0,177000.0
48001536,111267.0,114248.0,175200.0
48001537,111267.0,114248.0,176100.0
48001538,110767.0,114848.0,176900.0
48001539,110767.0,114848.0,175166.0
48001540,110767.0,114848.0,176033.0
48001541,110492.0,98548.0,177000.0
48001542,110492.0,98548.0,175200.0
48001543,110492.0,98548.0,176100.0
48001544,99067.0,98548.0,177000.0
48001545,100067.0,98548.0,177000.0
48001546,99067.0,98548.0,175200.0
48001547,100067.0,98548.0,175200.0
48001548,99067.0,98548.0,176100.0
48001549,100067.0,98548.0,176100.0
48001550,105733.0,98548.0,177000.0
48001551,106600.0,98548.0,177000.0
48001552,105733.0,98548.0,175200.0
48001553,106600.0,98548.0,175200.0
48001554,105733.0,98548.0,176100.0
48001555,106600.0,98548.0,176100.0
48001556,101067.0,99070.0,177000.0
48001557,101067.0,99070.0,175200.0
48001558,101067.0,99070.0,176100.0
48001559,104867.0,99070.0,177000.0
48001560,104867.0,99070.0,175200.0
48001561,104867.0,99070.0,176100.0
48001562,107467.0,99381.0,177000.0
48001563,107467.0,100214.0,177000.0
48001564,107467.0,99381.0,175200.0
48001565,107467.0,100214.0,175200.0
48001566,107467.0,99381.0,176100.0
48001567,107467.0,100214.0,176100.0
48001568,109517.0,101048.0,177000.0
48001569,109517.0,101048.0,175200.0
48001570,109517.0,101048.0,176100.0
48001571,110817.0,101048.0,177000.0
48001572,110817.0,101048.0,175200.0
48001573,110817.0,101048.0,176100.0
48001574,111267.0,99381.0,177000.0
48001575,111267.0,100214.0,177000.0
48001576,111267.0,99381.0,175200.0
48001577,111267.0,100214.0,175200.0
48001578,111267.0,99381.0,176100.0
48001579,111267.0,100214.0,176100.0
48001580,111267.0,101931.0,177000.0
48001581,111267.0,102814.0,177000.0
48001582,111267.0,101931.0,175200.0
48001583,111267.0,102814.0,175200.0
48001584,111267.0,101931.0,176100.0
48001585,111267.0,102814.0,176100.0
48001586,99067.0,107148.0,177000.0
48001587,100067.0,107148.0,177000.0
48001588,99067.0,107148.0,175200.0
48001589,100067.0,107148.0,175200.0
48001590,99067.0,107148.0,176100.0
48001591,100067.0,107148.0,176100.0
48001592,101067.0,106723.0,177000.0
48001593,101067.0,106723.0,175200.0
48001594,101067.0,106723.0,176100.0
48001595,104867.0,106723.0,177000.0
48001596,104867.0,106723.0,175200.0
48001597,104867.0,106723.0,176100.0
48001598,105733.0,107139.0,177300.0
48001599,106600.0,107131.0,177300.0
48001600,105733.0,107139.0,175200.0
48001601,106600.0,107131.0,175200.0
48001602,105733.0,107139.0,176100.0
48001603,106600.0,107131.0,176100.0
48001604,110817.0,107148.0,177100.0
48001605,110817.0,107148.0,175200.0
48001606,110817.0,107148.0,176100.0
48001607,104867.0,109345.0,177000.0
48001608,104867.0,109345.0,175200.0
48001609,104867.0,109345.0,176100.0
48001610,105733.0,108798.0,177300.0
48001611,106600.0,108798.0,177300.0
48001612,105733.0,108798.0,175200.0
48001613,106600.0,108798.0,175200.0
48001614,105733.0,108798.0,176100.0
48001615,106600.0,108798.0,176100.0
48001616,107467.0,109345.0,177000.0
48001617,107467.0,109345.0,175200.0
48001618,107467.0,109345.0,176100.0
48001619,98067.0,111448.0,177300.0
48001620,98067.0,112448.0,177300.0
48001621,98067.0,111448.0,175200.0
48001622,98067.0,112448.0,175200.0
48001623,98067.0,111448.0,176100.0
48001624,98067.0,112448.0,176100.0
48001625,100567.0,110448.0,177000.0
48001626,100567.0,110448.0,175200.0
48001627,100567.0,110448.0,176100.0
48001628,100367.0,113448.0,177300.0
48001629,100367.0,113448.0,175200.0
48001630,100367.0,113448.0,176100.0
48001631,101067.0,111448.0,177000.0
48001632,101067.0,112448.0,177000.0
48001633,101067.0,111448.0,175200.0
48001634,101067.0,112448.0,175200.0
48001635,101067.0,111448.0,176100.0
48001636,101067.0,112448.0,176100.0
48001637,98067.0,114148.0,177000.0
48001638,98067.0,114148.0,175200.0
48001639,98067.0,114148.0,176100.0
48001640,111267.0,111060.0,177000.0
48001641,111267.0,111923.0,177000.0
48001642,111267.0,112785.0,177000.0
48001643,111267.0,111060.0,175200.0
48001644,111267.0,111923.0,175200.0
48001645,111267.0,112785.0,175200.0
48001646,111267.0,111060.0,176100.0
48001647,111267.0,112785.0,176100.0
48001648,111267.0,111923.0,176100.0
48001649,100367.0,114848.0,177000.0
48001650,100367.0,114848.0,175200.0
48001651,100367.0,114848.0,176100.0
48001652,105733.0,114848.0,177000.0
48001653,106600.0,114848.0,177000.0
48001654,105733.0,114848.0,175200.0
48001655,106600.0,114848.0,175200.0
48001656,105733.0,114848.0,176100.0
48001657,106600.0,114848.0,176100.0
48001658,107467.0,106710.0,177000.0
48001659,107467.0,106710.0,175200.0
48001660,107467.0,106710.0,176100.0
48001661,98067.0,102481.0,177000.0
48001662,98067.0,103414.0,177000.0
48001663,98067.0,102481.0,175200.0
48001664,98067.0,103414.0,175200.0
48001665,98067.0,102481.0,176100.0
48001666,98067.0,103414.0,176100.0
48001667,98067.0,105281.0,177000.0
48001668,98067.0,106214.0,177000.0
48001669,98067.0,105281.0,175200.0
48001670,98067.0,106214.0,175200.0
48001671,98067.0,105281.0,176100.0
48001672,98067.0,106214.0,176100.0
48001673,104867.0,114248.0,177000.0
48001674,104867.0,114248.0,175200.0
48001675,104867.0,114248.0,176100.0
48001676,98067.0,99381.0,177000.0
48001677,98067.0,100214.0,177000.0
48001678,98067.0,99381.0,175200.0
48001679,98067.0,100214.0,175200.0
48001680,98067.0,99381.0,176100.0
48001681,98067.0,100214.0,176100.0
48001682,24217.0,113842.0,177900.0
48001683,24217.0,112888.0,177900.0
48001684,24217.0,111942.0,177900.0
48001685,24217.0,110977.0,177900.0
48001686,24217.0,109999.0,177900.0
48001687,24217.0,109011.0,177900.0
48001688,24217.0,108071.0,177900.0
48001689,25167.0,113929.0,177900.0
48001690,25167.0,113007.0,177900.0
48001691,25167.0,112066.0,177900.0
48001692,25167.0,111102.0,177900.0
48001693,25167.0,110119.0,177900.0
48001694,25167.0,109126.0,177900.0
48001695,25167.0,108135.0,177900.0
48001696,26117.0,114015.0,177900.0
48001697,26117.0,113157.0,177900.0
48001698,26117.0,112223.0,177900.0
48001699,26117.0,111253.0,177900.0
48001700,26117.0,110256.0,177900.0
48001701,26117.0,109228.0,177900.0
48001702,26117.0,108189.0,177900.0
48001703,27767.0,114148.0,177900.0
48001704,29267.0,114148.0,177900.0
48001705,17833.0,112807.0,177900.0
48001706,17803.0,111978.0,177900.0
48001707,17814.0,109560.0,177900.0
48001708,17803.0,110360.0,177900.0
48001709,17797.0,111175.0,177900.0
48001710,18747.0,110499.0,177900.0
48001711,18711.0,111308.0,177900.0
48001712,18758.0,109644.0,177900.0
48001713,18725.0,111989.0,177900.0
48001714,18796.0,112799.0,177900.0
48001715,19605.0,111720.0,177900.0
48001716,19687.0,110724.0,177900.0
48001717,19711.0,109759.0,177900.0
48001718,19736.0,112715.0,177900.0
48001719,17727.0,107952.0,177900.0
48001720,18522.0,107951.0,177900.0
48001721,19173.0,107945.0,177900.0
48001722,19928.0,107945.0,177900.0
48001723,21533.0,107964.0,177900.0
48001724,22400.0,107968.0,177900.0
48001725,24217.0,106235.0,177900.0
48001726,24217.0,105296.0,177900.0
48001727,25167.0,106224.0,177900.0
48001728,25167.0,105289.0,177900.0
48001729,26117.0,106235.0,177900.0
48001730,26117.0,105296.0,177900.0
48001731,17733.0,100214.0,177900.0
48001732,17704.0,99381.0,177900.0
48001733,18596.0,100214.0,177900.0
48001734,18559.0,99381.0,177900.0
48001735,24217.0,103414.0,177900.0
48001736,24217.0,102481.0,177900.0
48001737,25167.0,103414.0,177900.0
48001738,25167.0,102481.0,177900.0
48001739,26117.0,103414.0,177900.0
48001740,26117.0,102481.0,177900.0
48001741,24217.0,100556.0,177900.0
48001742,24217.0,99559.0,177900.0
48001743,25167.0,100552.0,177900.0
48001744,25167.0,99553.0,177900.0
48001745,26117.0,100556.0,177900.0
48001746,26117.0,99559.0,177900.0
48001747,53835.0,107943.0,177900.0
48001748,54736.0,107923.0,177900.0
48001749,55602.0,107903.0,177900.0
48001750,109538.0,100214.0,177900.0
48001751,109574.0,99381.0,177900.0
48001752,110401.0,100214.0,177900.0
48001753,110429.0,99381.0,177900.0
48001754,98867.0,114148.0,177900.0
48001755,100367.0,114148.0,177900.0
48001756,108372.0,112745.0,177900.0
48001757,108436.0,111814.0,177900.0
48001758,108445.0,109786.0,177900.0
48001759,108536.0,110807.0,177900.0
48001760,109424.0,111113.0,177900.0
48001761,109371.0,111930.0,177900.0
48001762,109425.0,110435.0,177900.0
48001763,109388.0,109627.0,177900.0
48001764,109326.0,112783.0,177900.0
48001765,110341.0,110329.0,177900.0
48001766,110337.0,111124.0,177900.0
48001767,110328.0,109547.0,177900.0
48001768,110293.0,112795.0,177900.0
48001769,110320.0,111948.0,177900.0
48001770,101998.0,100556.0,177900.0
48001771,101962.0,99558.0,177900.0
48001772,102940.0,100552.0,177900.0
48001773,102881.0,99553.0,177900.0
48001774,103898.0,100556.0,177900.0
48001775,103862.0,99559.0,177900.0
48001776,108205.0,107945.0,177900.0
48001777,108960.0,107945.0,177900.0
48001778,109611.0,107951.0,177900.0
48001779,110406.0,107952.0,177900.0
48001780,102017.0,106235.0,177900.0
48001781,102017.0,105296.0,177900.0
48001782,102967.0,106224.0,177900.0
48001783,102967.0,105289.0,177900.0
48001784,103917.0,106235.0,177900.0
48001785,103917.0,105296.0,177900.0
48001786,101960.0,114011.0,177900.0
48001787,101992.0,113153.0,177900.0
48001788,102002.0,112222.0,177900.0
48001789,102007.0,111252.0,177900.0
48001790,102010.0,110256.0,177900.0
48001791,102012.0,109228.0,177900.0
48001792,102014.0,108190.0,177900.0
48001793,102877.0,113924.0,177900.0
48001794,102929.0,113003.0,177900.0
48001795,102946.0,112064.0,177900.0
48001796,102953.0,111102.0,177900.0
48001797,102957.0,110120.0,177900.0
48001798,102960.0,109127.0,177900.0
48001799,102963.0,108135.0,177900.0
48001800,103858.0,113839.0,177900.0
48001801,103890.0,112886.0,177900.0
48001802,103902.0,111941.0,177900.0
48001803,103907.0,110977.0,177900.0
48001804,103910.0,110000.0,177900.0
48001805,103912.0,109011.0,177900.0
48001806,103914.0,108072.0,177900.0
48001807,102017.0,103414.0,177900.0
48001808,102017.0,102481.0,177900.0
48001809,102967.0,103414.0,177900.0
48001810,102967.0,102481.0,177900.0
48001811,103917.0,103414.0,177900.0
48001812,103917.0,102481.0,177900.0
48001813,105733.0,107968.0,177900.0
48001814,106600.0,107964.0,177900.0
49000001,23267.0,114848.0,181500.0
49000002,27067.0,114848.0,181500.0
49000003,20667.0,114848.0,181500.0
49000004,30067.0,114848.0,181500.0
49000005,27067.0,113448.0,181500.0
49000006,27067.0,110448.0,181500.0
49000007,30067.0,113448.0,181500.0
49000008,20667.0,111848.0,181500.0
49000009,20667.0,108798.0,181500.0
49000010,23267.0,111848.0,181500.0
49000011,16867.0,108748.0,181500.0
49000012,23267.0,108798.0,181500.0
49000013,16867.0,107148.0,181500.0
49000014,30067.0,107148.0,181500.0
49000015,23267.0,107148.0,181500.0
49000016,20667.0,107123.0,181500.0
49000017,27067.0,107148.0,181500.0
49000018,16867.0,101048.0,181500.0
49000019,17767.0,107148.0,181500.0
49000020,17767.0,101048.0,181500.0
49000021,20667.0,104348.0,181500.0
49000022,23267.0,104348.0,181500.0
49000023,27067.0,104348.0,181500.0
49000024,20667.0,101548.0,181500.0
49000025,20667.0,101048.0,181500.0
49000026,23267.0,101548.0,181500.0
49000027,27067.0,101548.0,181500.0
49000028,20667.0,98548.0,181500.0
49000029,23267.0,98548.0,181500.0
49000030,27067.0,98548.0,181500.0
49000031,16867.0,110198.0,181500.0
49000032,30067.0,110448.0,181500.0
49000033,23267.0,109893.0,181500.0
49000034,28067.0,110448.0,181500.0
49000035,23267.0,106298.0,181500.0
49000036,27067.0,106298.0,181500.0
49000037,20167.0,107098.0,181500.0
49000038,23267.0,99593.0,181500.0
49000039,27067.0,99593.0,181500.0
49000040,18417.0,98548.0,181500.0
49000041,20667.0,113648.0,181500.0
49000042,16867.0,113648.0,181500.0
49000043,19917.0,113648.0,181500.0
49000044,19917.0,114848.0,181500.0
49000045,17867.0,113648.0,181500.0
49000046,17867.0,114848.0,181500.0
49000047,28467.0,113448.0,181500.0
49000048,28467.0,114848.0,181500.0
49000049,19467.0,98548.0,181500.0
49000050,19467.0,101048.0,181500.0
49000051,17767.0,103698.0,181500.0
49000052,16867.0,103698.0,181500.0
49000053,20667.0,106298.0,181500.0
49000054,23267.0,113648.0,181500.0
49000055,20667.0,109893.0,181500.0
49000056,4867.0,114848.0,181500.0
49000057,4867.0,106698.0,181500.0
49000058,4867.0,98548.0,181500.0
49000059,4867.0,87098.0,181500.0
49000060,4867.0,126298.0,181500.0
49000061,9467.0,126348.0,181500.0
49000062,13067.0,126348.0,181500.0
49000063,124067.0,114848.0,181500.0
49000064,124067.0,106698.0,181500.0
49000065,124067.0,98548.0,181500.0
49000066,124067.0,87098.0,181500.0
49000067,124067.0,126298.0,181500.0
49000068,30067.0,98548.0,181500.0
49000069,30067.0,104348.0,181500.0
49000070,30067.0,101548.0,181500.0
49000071,13067.0,87048.0,181500.0
49000072,9467.0,87048.0,181500.0
49000073,63747.0,110448.0,181500.0
49000074,60347.0,101048.0,181500.0
49000075,60347.0,107148.0,181500.0
49000076,63747.0,107148.0,181500.0
49000077,52947.0,114848.0,181500.0
49000078,56347.0,108748.0,181500.0
49000079,52947.0,103698.0,181500.0
49000080,53847.0,103698.0,181500.0
49000081,54497.0,98548.0,181500.0
49000082,56347.0,110448.0,181500.0
49000083,52947.0,110198.0,181500.0
49000084,56347.0,113448.0,181500.0
49000085,52947.0,101048.0,181500.0
49000086,53847.0,101048.0,181500.0
49000087,53847.0,107148.0,181500.0
49000088,52947.0,107148.0,181500.0
49000089,56347.0,107048.0,181500.0
49000090,52947.0,108748.0,181500.0
49000091,56347.0,101548.0,181500.0
49000092,55947.0,107048.0,181500.0
49000093,56347.0,106298.0,181500.0
49000094,60347.0,110448.0,181500.0
49000095,56347.0,104348.0,181500.0
49000096,56347.0,101048.0,181500.0
49000097,63747.0,101048.0,181500.0
49000098,52947.0,98548.0,181500.0
49000099,60347.0,104348.0,181500.0
49000100,119800.0,87048.0,181500.0
49000101,115533.0,87048.0,181500.0
49000102,111267.0,103698.0,181500.0
49000103,110367.0,103698.0,181500.0
49000104,108667.0,101048.0,181500.0
49000105,108667.0,98548.0,181500.0
49000106,99667.0,114848.0,181500.0
49000107,99667.0,113448.0,181500.0
49000108,110267.0,114848.0,181500.0
49000109,110267.0,113648.0,181500.0
49000110,108217.0,114848.0,181500.0
49000111,108217.0,113648.0,181500.0
49000112,111267.0,113648.0,181500.0
49000113,107467.0,113648.0,181500.0
49000114,109717.0,98548.0,181500.0
49000115,101067.0,99593.0,181500.0
49000116,104867.0,99593.0,181500.0
49000117,107967.0,107098.0,181500.0
49000118,101067.0,106298.0,181500.0
49000119,104867.0,106298.0,181500.0
49000120,100067.0,110448.0,181500.0
49000121,104867.0,109893.0,181500.0
49000122,98067.0,110448.0,181500.0
49000123,111267.0,110198.0,181500.0
49000124,101067.0,98548.0,181500.0
49000125,104867.0,98548.0,181500.0
49000126,107467.0,98548.0,181500.0
49000127,101067.0,101548.0,181500.0
49000128,104867.0,101548.0,181500.0
49000129,107467.0,101048.0,181500.0
49000130,107467.0,101548.0,181500.0
49000131,101067.0,104348.0,181500.0
49000132,104867.0,104348.0,181500.0
49000133,107467.0,104348.0,181500.0
49000134,110367.0,101048.0,181500.0
49000135,110367.0,107148.0,181500.0
49000136,111267.0,101048.0,181500.0
49000137,101067.0,107148.0,181500.0
49000138,107467.0,107123.0,181500.0
49000139,104867.0,107148.0,181500.0
49000140,98067.0,107148.0,181500.0
49000141,111267.0,107148.0,181500.0
49000142,104867.0,108798.0,181500.0
49000143,111267.0,108748.0,181500.0
49000144,104867.0,111848.0,181500.0
49000145,107467.0,108798.0,181500.0
49000146,107467.0,111848.0,181500.0
49000147,98067.0,113448.0,181500.0
49000148,101067.0,110448.0,181500.0
49000149,101067.0,113448.0,181500.0
49000150,98067.0,114848.0,181500.0
49000151,107467.0,114848.0,181500.0
49000152,101067.0,114848.0,181500.0
49000153,104867.0,114848.0,181500.0
49000154,107467.0,106298.0,181500.0
49000155,98067.0,101548.0,181500.0
49000156,98067.0,104348.0,181500.0
49000157,107467.0,109893.0,181500.0
49000158,104867.0,113648.0,181500.0
49000159,98067.0,101048.0,181500.0
49000160,98067.0,98548.0,181500.0
49000161,60347.0,114848.0,181500.0
49000162,56347.0,98548.0,181500.0
49000163,63747.0,114848.0,181500.0
49000164,60347.0,98548.0,181500.0
49000165,63747.0,98548.0,181500.0
49000166,56347.0,114848.0,181500.0
49000167,30067.0,87098.0,181500.0
49000168,16867.0,98548.0,181500.0
49000169,16867.0,114848.0,181500.0
49000170,16867.0,106698.0,181500.0
49000171,30067.0,126298.0,181500.0
49000172,16867.0,126298.0,181500.0
49000173,16867.0,87098.0,181500.0
49000174,111267.0,87098.0,181500.0
49000175,111267.0,126298.0,181500.0
49000176,98067.0,126298.0,181500.0
49000177,98067.0,87098.0,181500.0
49000178,111267.0,98548.0,181500.0
49000179,111267.0,114848.0,181500.0
49000180,111267.0,106698.0,181500.0
49000181,41507.0,87098.0,181500.0
49000182,41507.0,126298.0,181500.0
49000183,52947.0,87098.0,181500.0
49000184,52947.0,126298.0,181500.0
49000185,75187.0,126298.0,181500.0
49000186,75187.0,87098.0,181500.0
49000187,86627.0,126298.0,181500.0
49000188,86627.0,87098.0,181500.0
49000189,102700.0,87048.0,181500.0
49000190,102700.0,98548.0,181500.0
49000191,107467.0,87048.0,181500.0
49000192,102700.0,126348.0,181500.0
49000193,102700.0,114848.0,181500.0
49000194,107467.0,126348.0,181500.0
49000195,92347.0,126348.0,181500.0
49000196,92347.0,87048.0,181500.0
49000197,80907.0,126348.0,181500.0
49000198,80907.0,87048.0,181500.0
49000199,69467.0,126348.0,181500.0
49000200,69467.0,87048.0,181500.0
49000201,119800.0,126348.0,181500.0
49000202,115533.0,126348.0,181500.0
49000203,47227.0,126348.0,181500.0
49000204,47227.0,87048.0,181500.0
49000205,58347.0,98548.0,181500.0
49000206,58347.0,87048.0,181500.0
49000207,58347.0,114848.0,181500.0
49000208,58347.0,126348.0,181500.0
49000209,35787.0,87048.0,181500.0
49000210,35787.0,126348.0,181500.0
49000211,20667.0,126348.0,181500.0
49000212,25167.0,114848.0,181500.0
49000213,25167.0,126348.0,181500.0
49000214,25167.0,98548.0,181500.0
49000215,25167.0,87048.0,181500.0
49000216,20667.0,87048.0,181500.0
49000217,92347.0,107148.0,181500.0
49000218,92347.0,98548.0,181500.0
49000219,92347.0,114848.0,181500.0
49000220,80907.0,107148.0,181500.0
49000221,80907.0,98548.0,181500.0
49000222,80907.0,114848.0,181500.0
49000223,69467.0,107148.0,181500.0
49000224,69467.0,98548.0,181500.0
49000225,69467.0,114848.0,181500.0
49000226,47227.0,107148.0,181500.0
49000227,35787.0,107148.0,181500.0
49000228,41507.0,107148.0,181500.0
49000229,86627.0,107148.0,181500.0
49000230,75187.0,107148.0,181500.0
49000231,119800.0,106698.0,181500.0
49000232,115533.0,106698.0,181500.0
49000233,13067.0,106698.0,181500.0
49000234,9467.0,106698.0,181500.0
49000235,119800.0,98548.0,181500.0
49000236,115533.0,98548.0,181500.0
49000237,86627.0,98548.0,181500.0
49000238,75187.0,98548.0,181500.0
49000239,47227.0,98548.0,181500.0
49000240,35787.0,98548.0,181500.0
49000241,41507.0,98548.0,181500.0
49000242,13067.0,98548.0,181500.0
49000243,9467.0,98548.0,181500.0
49000244,119800.0,114848.0,181500.0
49000245,115533.0,114848.0,181500.0
49000246,86627.0,114848.0,181500.0
49000247,75187.0,114848.0,181500.0
49000248,47227.0,114848.0,181500.0
49000249,35787.0,114848.0,181500.0
49000250,41507.0,114848.0,181500.0
49000251,13067.0,114848.0,181500.0
49000252,9467.0,114848.0,181500.0
49000253,63747.0,87098.0,181500.0
49000254,63747.0,126298.0,181500.0
49000255,16867.0,108748.0,180700.0
49000256,16867.0,110198.0,180700.0
49000257,27067.0,113448.0,180900.0
49000258,27067.0,114848.0,180900.0
49000259,20667.0,107123.0,180900.0
49000260,20667.0,108798.0,180900.0
49000261,28067.0,110448.0,180900.0
49000262,30067.0,110448.0,180900.0
49000263,16867.0,107148.0,180700.0
49000264,23267.0,107148.0,180900.0
49000265,23267.0,108798.0,180900.0
49000266,17767.0,107148.0,180800.0
49000267,20167.0,107098.0,180800.0
49000268,18417.0,98548.0,180700.0
49000269,19467.0,98548.0,180700.0
49000270,28467.0,113448.0,180900.0
49000271,30067.0,113448.0,180900.0
49000272,20667.0,98548.0,180700.0
49000273,52947.0,107148.0,180700.0
49000274,52947.0,108748.0,180700.0
49000275,56347.0,113448.0,180900.0
49000276,56347.0,114848.0,180900.0
49000277,52947.0,110198.0,180700.0
49000278,53847.0,107148.0,180700.0
49000279,55947.0,107048.0,180700.0
49000280,54497.0,98548.0,180700.0
49000281,56347.0,98548.0,180700.0
49000282,107467.0,98548.0,180700.0
49000283,108667.0,98548.0,180700.0
49000284,98067.0,113448.0,180900.0
49000285,99667.0,113448.0,180900.0
49000286,107967.0,107098.0,180700.0
49000287,110367.0,107148.0,180700.0
49000288,104867.0,107148.0,180900.0
49000289,104867.0,108798.0,180900.0
49000290,111267.0,107148.0,180700.0
49000291,111267.0,108748.0,180700.0
49000292,107467.0,107123.0,180900.0
49000293,107467.0,108798.0,180900.0
49000294,101067.0,113448.0,180900.0
49000295,101067.0,114848.0,180900.0
49000296,111267.0,110198.0,180700.0
49000297,98067.0,110448.0,180900.0
49000298,100067.0,110448.0,180900.0
49000299,109717.0,98548.0,180700.0
49000300,17367.0,114848.0,181500.0
49000301,21533.0,114848.0,181500.0
49000302,22400.0,114848.0,181500.0
49000303,27767.0,114848.0,181500.0
49000304,16867.0,111060.0,181500.0
49000305,16867.0,111923.0,181500.0
49000306,16867.0,112785.0,181500.0
49000307,16867.0,109110.0,181500.0
49000308,16867.0,109473.0,181500.0
49000309,16867.0,109835.0,181500.0
49000310,27067.0,113798.0,181500.0
49000311,27067.0,114148.0,181500.0
49000312,27067.0,114498.0,181500.0
49000313,30067.0,114148.0,181500.0
49000314,27067.0,111448.0,181500.0
49000315,27067.0,112448.0,181500.0
49000316,27767.0,113448.0,181500.0
49000317,27567.0,110448.0,181500.0
49000318,30067.0,111448.0,181500.0
49000319,30067.0,112448.0,181500.0
49000320,20667.0,109345.0,181500.0
49000321,20667.0,107541.0,181500.0
49000322,20667.0,107960.0,181500.0
49000323,20667.0,108379.0,181500.0
49000324,21533.0,108798.0,181500.0
49000325,22400.0,108798.0,181500.0
49000326,23267.0,109345.0,181500.0
49000327,28567.0,110448.0,181500.0
49000328,29067.0,110448.0,181500.0
49000329,29567.0,110448.0,181500.0
49000330,16867.0,107548.0,181500.0
49000331,16867.0,107948.0,181500.0
49000332,16867.0,108348.0,181500.0
49000333,23267.0,107560.0,181500.0
49000334,23267.0,107973.0,181500.0
49000335,23267.0,108385.0,181500.0
49000336,17317.0,107148.0,181500.0
49000337,21533.0,107131.0,181500.0
49000338,22400.0,107139.0,181500.0
49000339,23267.0,106723.0,181500.0
49000340,27067.0,106723.0,181500.0
49000341,28067.0,107148.0,181500.0
49000342,29067.0,107148.0,181500.0
49000343,16867.0,101931.0,181500.0
49000344,16867.0,102814.0,181500.0
49000345,16867.0,99381.0,181500.0
49000346,16867.0,100214.0,181500.0
49000347,17317.0,101048.0,181500.0
49000348,18167.0,107139.0,181500.0
49000349,18567.0,107131.0,181500.0
49000350,18967.0,107123.0,181500.0
49000351,19367.0,107114.0,181500.0
49000352,19767.0,107106.0,181500.0
49000353,18617.0,101048.0,181500.0
49000354,20667.0,99381.0,181500.0
49000355,20667.0,100214.0,181500.0
49000356,17642.0,98548.0,181500.0
49000357,18942.0,98548.0,181500.0
49000358,21533.0,98548.0,181500.0
49000359,22400.0,98548.0,181500.0
49000360,23267.0,99070.0,181500.0
49000361,27067.0,99070.0,181500.0
49000362,28067.0,98548.0,181500.0
49000363,29067.0,98548.0,181500.0
49000364,16867.0,114248.0,181500.0
49000365,20667.0,114248.0,181500.0
49000366,20292.0,114848.0,181500.0
49000367,18142.0,114848.0,181500.0
49000368,18642.0,114848.0,181500.0
49000369,19142.0,114848.0,181500.0
49000370,19642.0,114848.0,181500.0
49000371,29267.0,114848.0,181500.0
49000372,28867.0,113448.0,181500.0
49000373,29267.0,113448.0,181500.0
49000374,29667.0,113448.0,181500.0
49000375,20067.0,101048.0,181500.0
49000376,20067.0,98548.0,181500.0
49000377,16867.0,104698.0,181500.0
49000378,16867.0,105698.0,181500.0
49000379,20667.0,106710.0,181500.0
49000380,23267.0,114248.0,181500.0
49000381,30067.0,99381.0,181500.0
49000382,30067.0,100214.0,181500.0
49000383,30067.0,100881.0,181500.0
49000384,30067.0,105281.0,181500.0
49000385,30067.0,106214.0,181500.0
49000386,30067.0,102481.0,181500.0
49000387,30067.0,103414.0,181500.0
49000388,60347.0,101873.0,181500.0
49000389,60347.0,102698.0,181500.0
49000390,60347.0,103523.0,181500.0
49000391,63747.0,111328.0,181500.0
49000392,63747.0,112208.0,181500.0
49000393,63747.0,113088.0,181500.0
49000394,63747.0,113968.0,181500.0
49000395,61022.0,114848.0,181500.0
49000396,61697.0,114848.0,181500.0
49000397,62197.0,114848.0,181500.0
49000398,62697.0,114848.0,181500.0
49000399,63197.0,114848.0,181500.0
49000400,52947.0,104560.0,181500.0
49000401,52947.0,105423.0,181500.0
49000402,52947.0,106285.0,181500.0
49000403,53722.0,98548.0,181500.0
49000404,52947.0,99381.0,181500.0
49000405,52947.0,100214.0,181500.0
49000406,52947.0,101931.0,181500.0
49000407,52947.0,102814.0,181500.0
49000408,53397.0,101048.0,181500.0
49000409,53397.0,107148.0,181500.0
49000410,52947.0,107548.0,181500.0
49000411,52947.0,107948.0,181500.0
49000412,52947.0,108348.0,181500.0
49000413,56347.0,111328.0,181500.0
49000414,56347.0,112208.0,181500.0
49000415,56347.0,113088.0,181500.0
49000416,56347.0,113798.0,181500.0
49000417,56347.0,114148.0,181500.0
49000418,56347.0,114498.0,181500.0
49000419,52947.0,109110.0,181500.0
49000420,52947.0,109473.0,181500.0
49000421,52947.0,109835.0,181500.0
49000422,52947.0,111128.0,181500.0
49000423,52947.0,112058.0,181500.0
49000424,52947.0,112988.0,181500.0
49000425,52947.0,113918.0,181500.0
49000426,53622.0,114848.0,181500.0
49000427,54297.0,114848.0,181500.0
49000428,54797.0,114848.0,181500.0
49000429,55297.0,114848.0,181500.0
49000430,55797.0,114848.0,181500.0
49000431,54372.0,107123.0,181500.0
49000432,54897.0,107098.0,181500.0
49000433,55422.0,107073.0,181500.0
49000434,61197.0,110448.0,181500.0
49000435,62047.0,110448.0,181500.0
49000436,62897.0,110448.0,181500.0
49000437,56347.0,106673.0,181500.0
49000438,56347.0,99381.0,181500.0
49000439,56347.0,100214.0,181500.0
49000440,54959.0,98548.0,181500.0
49000441,55422.0,98548.0,181500.0
49000442,55884.0,98548.0,181500.0
49000443,63747.0,102064.0,181500.0
49000444,63747.0,103081.0,181500.0
49000445,63747.0,104098.0,181500.0
49000446,63747.0,105114.0,181500.0
49000447,63747.0,106131.0,181500.0
49000448,63747.0,99381.0,181500.0
49000449,63747.0,100214.0,181500.0
49000450,54680.0,101048.0,181500.0
49000451,55513.0,101048.0,181500.0
49000452,60822.0,98548.0,181500.0
49000453,61297.0,98548.0,181500.0
49000454,61797.0,98548.0,181500.0
49000455,62297.0,98548.0,181500.0
49000456,62797.0,98548.0,181500.0
49000457,63272.0,98548.0,181500.0
49000458,61197.0,101048.0,181500.0
49000459,62047.0,101048.0,181500.0
49000460,62897.0,101048.0,181500.0
49000461,111267.0,104698.0,181500.0
49000462,111267.0,105698.0,181500.0
49000463,108067.0,98548.0,181500.0
49000464,108067.0,101048.0,181500.0
49000465,98467.0,113448.0,181500.0
49000466,98867.0,113448.0,181500.0
49000467,99267.0,113448.0,181500.0
49000468,98867.0,114848.0,181500.0
49000469,108492.0,114848.0,181500.0
49000470,108992.0,114848.0,181500.0
49000471,109492.0,114848.0,181500.0
49000472,109992.0,114848.0,181500.0
49000473,107842.0,114848.0,181500.0
49000474,107467.0,114248.0,181500.0
49000475,111267.0,114248.0,181500.0
49000476,110767.0,114848.0,181500.0
49000477,110492.0,98548.0,181500.0
49000478,99067.0,98548.0,181500.0
49000479,100067.0,98548.0,181500.0
49000480,105733.0,98548.0,181500.0
49000481,106600.0,98548.0,181500.0
49000482,101067.0,99070.0,181500.0
49000483,104867.0,99070.0,181500.0
49000484,107467.0,99381.0,181500.0
49000485,107467.0,100214.0,181500.0
49000486,109517.0,101048.0,181500.0
49000487,108367.0,107106.0,181500.0
49000488,108767.0,107114.0,181500.0
49000489,109167.0,107123.0,181500.0
49000490,109567.0,107131.0,181500.0
49000491,109967.0,107139.0,181500.0
49000492,110817.0,101048.0,181500.0
49000493,111267.0,99381.0,181500.0
49000494,111267.0,100214.0,181500.0
49000495,111267.0,101931.0,181500.0
49000496,111267.0,102814.0,181500.0
49000497,99067.0,107148.0,181500.0
49000498,100067.0,107148.0,181500.0
49000499,101067.0,106723.0,181500.0
49000500,104867.0,106723.0,181500.0
49000501,105733.0,107139.0,181500.0
49000502,106600.0,107131.0,181500.0
49000503,110817.0,107148.0,181500.0
49000504,104867.0,107560.0,181500.0
49000505,104867.0,107973.0,181500.0
49000506,104867.0,108385.0,181500.0
49000507,111267.0,107548.0,181500.0
49000508,111267.0,107948.0,181500.0
49000509,111267.0,108348.0,181500.0
49000510,104867.0,109345.0,181500.0
49000511,105733.0,108798.0,181500.0
49000512,106600.0,108798.0,181500.0
49000513,107467.0,107541.0,181500.0
49000514,107467.0,107960.0,181500.0
49000515,107467.0,108379.0,181500.0
49000516,107467.0,109345.0,181500.0
49000517,98067.0,111448.0,181500.0
49000518,98067.0,112448.0,181500.0
49000519,100567.0,110448.0,181500.0
49000520,100367.0,113448.0,181500.0
49000521,101067.0,111448.0,181500.0
49000522,101067.0,112448.0,181500.0
49000523,98067.0,114148.0,181500.0
49000524,101067.0,113798.0,181500.0
49000525,101067.0,114148.0,181500.0
49000526,101067.0,114498.0,181500.0
49000527,111267.0,109110.0,181500.0
49000528,111267.0,109473.0,181500.0
49000529,111267.0,109835.0,181500.0
49000530,111267.0,111060.0,181500.0
49000531,111267.0,111923.0,181500.0
49000532,111267.0,112785.0,181500.0
49000533,100367.0,114848.0,181500.0
49000534,105733.0,114848.0,181500.0
49000535,106600.0,114848.0,181500.0
49000536,107467.0,106710.0,181500.0
49000537,98067.0,102481.0,181500.0
49000538,98067.0,103414.0,181500.0
49000539,98067.0,105281.0,181500.0
49000540,98067.0,106214.0,181500.0
49000541,104867.0,114248.0,181500.0
49000542,98067.0,99381.0,181500.0
49000543,98067.0,100214.0,181500.0
49000544,98567.0,110448.0,181500.0
49000545,99067.0,110448.0,181500.0
49000546,99567.0,110448.0,181500.0
49000547,109192.0,98548.0,181500.0
49000548,16867.0,114848.0,180400.0
49000549,16867.0,114848.0,179566.0
49000550,16867.0,114848.0,178733.0
49000551,17867.0,114848.0,180400.0
49000552,17867.0,114848.0,179566.0
49000553,17867.0,114848.0,178733.0
49000554,20667.0,114848.0,180400.0
49000555,20667.0,114848.0,179566.0
49000556,20667.0,114848.0,178733.0
49000557,23267.0,114848.0,180500.0
49000558,23267.0,114848.0,179633.0
49000559,23267.0,114848.0,178766.0
49000560,28467.0,114848.0,180600.0
49000561,28467.0,114848.0,179700.0
49000562,28467.0,114848.0,178800.0
49000563,27067.0,110448.0,180600.0
49000564,27067.0,110448.0,179700.0
49000565,27067.0,110448.0,178800.0
49000566,20667.0,109893.0,180600.0
49000567,20667.0,109893.0,179700.0
49000568,20667.0,109893.0,178800.0
49000569,16867.0,113648.0,180400.0
49000570,16867.0,113648.0,179566.0
49000571,16867.0,113648.0,178733.0
49000572,23267.0,109893.0,180600.0
49000573,23267.0,109893.0,179700.0
49000574,23267.0,109893.0,178800.0
49000575,16867.0,106698.0,180600.0
49000576,16867.0,106698.0,179700.0
49000577,16867.0,106698.0,178800.0
49000578,23267.0,106298.0,180600.0
49000579,23267.0,106298.0,179700.0
49000580,23267.0,106298.0,178800.0
49000581,27067.0,106298.0,180600.0
49000582,27067.0,106298.0,179700.0
49000583,27067.0,106298.0,178800.0
49000584,27067.0,107148.0,180600.0
49000585,27067.0,107148.0,179700.0
49000586,27067.0,107148.0,178800.0
49000587,16867.0,101048.0,180600.0
49000588,16867.0,101048.0,179700.0
49000589,16867.0,101048.0,178800.0
49000590,16867.0,103698.0,180600.0
49000591,16867.0,103698.0,179700.0
49000592,16867.0,103698.0,178800.0
49000593,16867.0,98548.0,180600.0
49000594,16867.0,98548.0,179700.0
49000595,16867.0,98548.0,178800.0
49000596,17767.0,101048.0,180600.0
49000597,17767.0,101048.0,179700.0
49000598,17767.0,101048.0,178800.0
49000599,19467.0,101048.0,180600.0
49000600,19467.0,101048.0,179700.0
49000601,19467.0,101048.0,178800.0
49000602,20667.0,101048.0,180600.0
49000603,20667.0,101048.0,179700.0
49000604,20667.0,101048.0,178800.0
49000605,23267.0,98548.0,180600.0
49000606,23267.0,98548.0,179700.0
49000607,23267.0,98548.0,178800.0
49000608,23267.0,99593.0,180600.0
49000609,23267.0,99593.0,179700.0
49000610,23267.0,99593.0,178800.0
49000611,27067.0,98548.0,180600.0
49000612,27067.0,98548.0,179700.0
49000613,27067.0,98548.0,178800.0
49000614,27067.0,99593.0,180600.0
49000615,27067.0,99593.0,179700.0
49000616,27067.0,99593.0,178800.0
49000617,30067.0,98548.0,180600.0
49000618,30067.0,98548.0,179700.0
49000619,30067.0,98548.0,178800.0
49000620,19917.0,114848.0,180400.0
49000621,19917.0,114848.0,179566.0
49000622,19917.0,114848.0,178733.0
49000623,30067.0,114848.0,180600.0
49000624,30067.0,114848.0,179700.0
49000625,30067.0,114848.0,178800.0
49000626,20667.0,106298.0,180600.0
49000627,20667.0,106298.0,179700.0
49000628,20667.0,106298.0,178800.0
49000629,20667.0,113648.0,180400.0
49000630,20667.0,113648.0,179566.0
49000631,20667.0,113648.0,178733.0
49000632,23267.0,113648.0,180600.0
49000633,23267.0,113648.0,179700.0
49000634,23267.0,113648.0,178800.0
49000635,20667.0,101548.0,180600.0
49000636,20667.0,101548.0,179700.0
49000637,20667.0,101548.0,178800.0
49000638,30067.0,107148.0,180600.0
49000639,30067.0,107148.0,179700.0
49000640,30067.0,107148.0,178800.0
49000641,30067.0,104348.0,180600.0
49000642,30067.0,104348.0,179700.0
49000643,30067.0,104348.0,178800.0
49000644,30067.0,101548.0,180600.0
49000645,30067.0,101548.0,179700.0
49000646,30067.0,101548.0,178800.0
49000647,60347.0,101048.0,180400.0
49000648,60347.0,101048.0,179566.0
49000649,60347.0,101048.0,178733.0
49000650,60347.0,104348.0,180400.0
49000651,60347.0,104348.0,179566.0
49000652,60347.0,104348.0,178733.0
49000653,63747.0,110448.0,180400.0
49000654,63747.0,110448.0,179566.0
49000655,63747.0,110448.0,178733.0
49000656,63747.0,114848.0,180400.0
49000657,63747.0,114848.0,179566.0
49000658,63747.0,114848.0,178733.0
49000659,60347.0,114848.0,180400.0
49000660,60347.0,114848.0,179566.0
49000661,60347.0,114848.0,178733.0
49000662,52947.0,103698.0,180600.0
49000663,52947.0,103698.0,179700.0
49000664,52947.0,103698.0,178800.0
49000665,52947.0,98548.0,180600.0
49000666,52947.0,98548.0,179700.0
49000667,52947.0,98548.0,178800.0
49000668,52947.0,101048.0,180600.0
49000669,52947.0,101048.0,179700.0
49000670,52947.0,101048.0,178800.0
49000671,53847.0,101048.0,180600.0
49000672,53847.0,101048.0,179700.0
49000673,53847.0,101048.0,178800.0
49000674,56347.0,107048.0,180600.0
49000675,56347.0,107048.0,179700.0
49000676,56347.0,107048.0,178800.0
49000677,56347.0,110448.0,180600.0
49000678,56347.0,110448.0,179700.0
49000679,56347.0,110448.0,178800.0
49000680,52947.0,114848.0,180400.0
49000681,52947.0,114848.0,179566.0
49000682,52947.0,114848.0,178733.0
49000683,60347.0,110448.0,180400.0
49000684,60347.0,110448.0,179566.0
49000685,60347.0,110448.0,178733.0
49000686,56347.0,106298.0,180600.0
49000687,56347.0,106298.0,179700.0
49000688,56347.0,106298.0,178800.0
49000689,56347.0,101048.0,180600.0
49000690,56347.0,101048.0,179700.0
49000691,56347.0,101048.0,178800.0
49000692,56347.0,101548.0,180600.0
49000693,56347.0,101548.0,179700.0
49000694,56347.0,101548.0,178800.0
49000695,63747.0,101048.0,180400.0
49000696,63747.0,101048.0,179566.0
49000697,63747.0,101048.0,178733.0
49000698,63747.0,107148.0,180400.0
49000699,63747.0,107148.0,179566.0
49000700,63747.0,107148.0,178733.0
49000701,63747.0,98548.0,180400.0
49000702,63747.0,98548.0,179566.0
49000703,63747.0,98548.0,178733.0
49000704,60347.0,98548.0,180400.0
49000705,60347.0,98548.0,179566.0
49000706,60347.0,98548.0,178733.0
49000707,111267.0,103698.0,180600.0
49000708,111267.0,103698.0,179700.0
49000709,111267.0,103698.0,178800.0
49000710,111267.0,106698.0,180600.0
49000711,111267.0,106698.0,179700.0
49000712,111267.0,106698.0,178800.0
49000713,107467.0,101048.0,180600.0
49000714,107467.0,101048.0,179700.0
49000715,107467.0,101048.0,178800.0
49000716,108667.0,101048.0,180600.0
49000717,108667.0,101048.0,179700.0
49000718,108667.0,101048.0,178800.0
49000719,98067.0,114848.0,180600.0
49000720,98067.0,114848.0,179700.0
49000721,98067.0,114848.0,178800.0
49000722,99667.0,114848.0,180600.0
49000723,99667.0,114848.0,179700.0
49000724,99667.0,114848.0,178800.0
49000725,108217.0,114848.0,180400.0
49000726,108217.0,114848.0,179566.0
49000727,108217.0,114848.0,178733.0
49000728,110267.0,114848.0,180400.0
49000729,110267.0,114848.0,179566.0
49000730,110267.0,114848.0,178733.0
49000731,107467.0,114848.0,180500.0
49000732,107467.0,114848.0,179633.0
49000733,107467.0,114848.0,178766.0
49000734,107467.0,113648.0,180400.0
49000735,107467.0,113648.0,179566.0
49000736,107467.0,113648.0,178733.0
49000737,111267.0,113648.0,180600.0
49000738,111267.0,113648.0,179700.0
49000739,111267.0,113648.0,178800.0
49000740,111267.0,114848.0,180500.0
49000741,111267.0,114848.0,179633.0
49000742,111267.0,114848.0,178766.0
49000743,111267.0,98548.0,180600.0
49000744,111267.0,98548.0,179700.0
49000745,111267.0,98548.0,178800.0
49000746,98067.0,98548.0,180600.0
49000747,98067.0,98548.0,179700.0
49000748,98067.0,98548.0,178800.0
49000749,101067.0,98548.0,180600.0
49000750,101067.0,98548.0,179700.0
49000751,101067.0,98548.0,178800.0
49000752,104867.0,98548.0,180600.0
49000753,104867.0,98548.0,179700.0
49000754,104867.0,98548.0,178800.0
49000755,101067.0,99593.0,180600.0
49000756,101067.0,99593.0,179700.0
49000757,101067.0,99593.0,178800.0
49000758,104867.0,99593.0,180600.0
49000759,104867.0,99593.0,179700.0
49000760,104867.0,99593.0,178800.0
49000761,107467.0,101548.0,180600.0
49000762,107467.0,101548.0,179700.0
49000763,107467.0,101548.0,178800.0
49000764,110367.0,101048.0,180600.0
49000765,110367.0,101048.0,179700.0
49000766,110367.0,101048.0,178800.0
49000767,111267.0,101048.0,180600.0
49000768,111267.0,101048.0,179700.0
49000769,111267.0,101048.0,178800.0
49000770,98067.0,107148.0,180600.0
49000771,98067.0,107148.0,179700.0
49000772,98067.0,107148.0,178800.0
49000773,101067.0,107148.0,180600.0
49000774,101067.0,107148.0,179700.0
49000775,101067.0,107148.0,178800.0
49000776,101067.0,106298.0,180600.0
49000777,101067.0,106298.0,179700.0
49000778,101067.0,106298.0,178800.0
49000779,104867.0,106298.0,180600.0
49000780,104867.0,106298.0,179700.0
49000781,104867.0,106298.0,178800.0
49000782,104867.0,109893.0,180600.0
49000783,104867.0,109893.0,179700.0
49000784,104867.0,109893.0,178800.0
49000785,107467.0,109893.0,180600.0
49000786,107467.0,109893.0,179700.0
49000787,107467.0,109893.0,178800.0
49000788,101067.0,110448.0,180600.0
49000789,101067.0,110448.0,179700.0
49000790,101067.0,110448.0,178800.0
49000791,104867.0,114848.0,180600.0
49000792,104867.0,114848.0,179700.0
49000793,104867.0,114848.0,178800.0
49000794,107467.0,106298.0,180600.0
49000795,107467.0,106298.0,179700.0
49000796,107467.0,106298.0,178800.0
49000797,98067.0,101548.0,180600.0
49000798,98067.0,101548.0,179700.0
49000799,98067.0,101548.0,178800.0
49000800,98067.0,104348.0,180600.0
49000801,98067.0,104348.0,179700.0
49000802,98067.0,104348.0,178800.0
49000803,104867.0,113648.0,180600.0
49000804,104867.0,113648.0,179700.0
49000805,104867.0,113648.0,178800.0
49000806,98067.0,101048.0,180600.0
49000807,98067.0,101048.0,179700.0
49000808,98067.0,101048.0,178800.0
49000809,16867.0,109110.0,180700.0
49000810,16867.0,109473.0,180700.0
49000811,16867.0,109835.0,180700.0
49000812,27067.0,113798.0,180900.0
49000813,27067.0,114148.0,180900.0
49000814,27067.0,114498.0,180900.0
49000815,20667.0,107541.0,180900.0
49000816,20667.0,107960.0,180900.0
49000817,20667.0,108379.0,180900.0
49000818,28567.0,110448.0,180900.0
49000819,29067.0,110448.0,180900.0
49000820,29567.0,110448.0,180900.0
49000821,16867.0,107548.0,180700.0
49000822,16867.0,107948.0,180700.0
49000823,16867.0,108348.0,180700.0
49000824,23267.0,107560.0,180900.0
49000825,23267.0,107973.0,180900.0
49000826,23267.0,108385.0,180900.0
49000827,18167.0,107139.0,180799.0
49000828,18567.0,107131.0,180800.0
49000829,18967.0,107123.0,180800.0
49000830,19367.0,107114.0,180800.0
49000831,19767.0,107106.0,180800.0
49000832,18942.0,98548.0,180700.0
49000833,28867.0,113448.0,180900.0
49000834,29267.0,113448.0,180900.0
49000835,29667.0,113448.0,180900.0
49000836,20067.0,98548.0,180700.0
49000837,52947.0,107548.0,180700.0
49000838,52947.0,107948.0,180700.0
49000839,52947.0,108348.0,180700.0
49000840,56347.0,113798.0,180900.0
49000841,56347.0,114148.0,180900.0
49000842,56347.0,114498.0,180900.0
49000843,52947.0,109110.0,180700.0
49000844,52947.0,109473.0,180700.0
49000845,52947.0,109835.0,180700.0
49000846,54372.0,107123.0,180700.0
49000847,54897.0,107098.0,180700.0
49000848,55422.0,107073.0,180700.0
49000849,54959.0,98548.0,180700.0
49000850,55422.0,98548.0,180700.0
49000851,55884.0,98548.0,180700.0
49000852,108067.0,98548.0,180700.0
49000853,98467.0,113448.0,180900.0
49000854,98867.0,113448.0,180900.0
49000855,99267.0,113448.0,180900.0
49000856,108367.0,107106.0,180700.0
49000857,108767.0,107114.0,180700.0
49000858,109167.0,107123.0,180700.0
49000859,109567.0,107131.0,180700.0
49000860,109967.0,107139.0,180700.0
49000861,104867.0,107560.0,180900.0
49000862,104867.0,107973.0,180900.0
49000863,104867.0,108385.0,180900.0
49000864,111267.0,107548.0,180700.0
49000865,111267.0,107948.0,180700.0
49000866,111267.0,108348.0,180700.0
49000867,107467.0,107541.0,180900.0
49000868,107467.0,107960.0,180900.0
49000869,107467.0,108379.0,180900.0
49000870,101067.0,113798.0,180900.0
49000871,101067.0,114148.0,180900.0
49000872,101067.0,114498.0,180900.0
49000873,111267.0,109110.0,180700.0
49000874,111267.0,109473.0,180700.0
49000875,111267.0,109835.0,180700.0
49000876,98567.0,110448.0,180900.0
49000877,99067.0,110448.0,180900.0
49000878,99567.0,110448.0,180900.0
49000879,109192.0,98548.0,180700.0
49000880,27067.0,114848.0,179700.0
49000881,27067.0,114848.0,178800.0
49000882,27067.0,113448.0,179700.0
49000883,27067.0,113448.0,178800.0
49000884,28467.0,113448.0,179700.0
49000885,28467.0,113448.0,178800.0
49000886,20667.0,108798.0,179700.0
49000887,20667.0,108798.0,178800.0
49000888,16867.0,110198.0,179566.0
49000889,16867.0,110198.0,178733.0
49000890,28067.0,110448.0,179700.0
49000891,28067.0,110448.0,178800.0
49000892,23267.0,108798.0,179700.0
49000893,23267.0,108798.0,178800.0
49000894,16867.0,107148.0,179700.0
49000895,16867.0,107148.0,178800.0
49000896,20167.0,107098.0,179700.0
49000897,20167.0,107098.0,178800.0
49000898,20667.0,107123.0,179700.0
49000899,20667.0,107123.0,178800.0
49000900,23267.0,107148.0,179700.0
49000901,23267.0,107148.0,178800.0
49000902,20667.0,98548.0,179700.0
49000903,20667.0,98548.0,178800.0
49000904,18417.0,98548.0,179700.0
49000905,18417.0,98548.0,178800.0
49000906,17767.0,107148.0,179700.0
49000907,17767.0,107148.0,178800.0
49000908,30067.0,113448.0,179700.0
49000909,30067.0,113448.0,178800.0
49000910,30067.0,110448.0,179700.0
49000911,30067.0,110448.0,178800.0
49000912,52947.0,107148.0,179700.0
49000913,52947.0,107148.0,178800.0
49000914,54497.0,98548.0,179700.0
49000915,54497.0,98548.0,178800.0
49000916,53847.0,107148.0,179700.0
49000917,53847.0,107148.0,178800.0
49000918,55947.0,107048.0,179700.0
49000919,55947.0,107048.0,178800.0
49000920,56347.0,113448.0,179700.0
49000921,56347.0,113448.0,178800.0
49000922,52947.0,110198.0,179566.0
49000923,52947.0,110198.0,178733.0
49000924,56347.0,114848.0,179566.0
49000925,56347.0,114848.0,178733.0
49000926,56347.0,98548.0,179700.0
49000927,56347.0,98548.0,178800.0
49000928,109717.0,98548.0,179700.0
49000929,109717.0,98548.0,178800.0
49000930,107467.0,98548.0,179700.0
49000931,107467.0,98548.0,178800.0
49000932,107467.0,107123.0,179700.0
49000933,107467.0,107123.0,178800.0
49000934,107967.0,107098.0,179700.0
49000935,107967.0,107098.0,178800.0
49000936,104867.0,107148.0,179700.0
49000937,104867.0,107148.0,178800.0
49000938,110367.0,107148.0,179700.0
49000939,110367.0,107148.0,178800.0
49000940,111267.0,107148.0,179700.0
49000941,111267.0,107148.0,178800.0
49000942,104867.0,108798.0,179700.0
49000943,104867.0,108798.0,178800.0
49000944,107467.0,108798.0,179700.0
49000945,107467.0,108798.0,178800.0
49000946,98067.0,110448.0,179700.0
49000947,98067.0,110448.0,178800.0
49000948,98067.0,113448.0,179700.0
49000949,98067.0,113448.0,178800.0
49000950,100067.0,110448.0,179700.0
49000951,100067.0,110448.0,178800.0
49000952,99667.0,113448.0,179700.0
49000953,99667.0,113448.0,178800.0
49000954,101067.0,113448.0,179700.0
49000955,101067.0,113448.0,178800.0
49000956,111267.0,110198.0,179700.0
49000957,111267.0,110198.0,178800.0
49000958,101067.0,114848.0,179700.0
49000959,101067.0,114848.0,178800.0
49000960,24217.0,107148.0,181500.0
49000961,25167.0,107148.0,181500.0
49000962,26117.0,107148.0,181500.0
49000963,27067.0,108248.0,181500.0
49000964,27067.0,109348.0,181500.0
49000965,26117.0,114848.0,181500.0
49000966,24217.0,114848.0,181500.0
49000967,23267.0,112748.0,181500.0
49000968,23267.0,110870.0,181500.0
49000969,28467.0,114148.0,181500.0
49000970,17817.0,108760.0,181500.0
49000971,18767.0,108773.0,181500.0
49000972,19717.0,108785.0,181500.0
49000973,20667.0,110870.0,181500.0
49000974,20667.0,112748.0,181500.0
49000975,18892.0,113648.0,181500.0
49000976,24217.0,104348.0,181500.0
49000977,25167.0,104348.0,181500.0
49000978,26117.0,104348.0,181500.0
49000979,27067.0,105323.0,181500.0
49000980,23267.0,105323.0,181500.0
49000981,19467.0,99381.0,181500.0
49000982,19467.0,100214.0,181500.0
49000983,24217.0,101548.0,181500.0
49000984,25167.0,101548.0,181500.0
49000985,26117.0,101548.0,181500.0
49000986,27067.0,102481.0,181500.0
49000987,27067.0,103414.0,181500.0
49000988,23267.0,102481.0,181500.0
49000989,23267.0,103414.0,181500.0
49000990,24217.0,98548.0,181500.0
49000991,26117.0,98548.0,181500.0
49000992,27067.0,100570.0,181500.0
49000993,23267.0,100570.0,181500.0
49000994,56347.0,107898.0,181500.0
49000995,53797.0,108748.0,181500.0
49000996,54647.0,108748.0,181500.0
49000997,55497.0,108748.0,181500.0
49000998,108667.0,99381.0,181500.0
49000999,108667.0,100214.0,181500.0
49001000,99667.0,114148.0,181500.0
49001001,109242.0,113648.0,181500.0
49001002,108417.0,108785.0,181500.0
49001003,109367.0,108773.0,181500.0
49001004,110317.0,108760.0,181500.0
49001005,107467.0,112748.0,181500.0
49001006,107467.0,110870.0,181500.0
49001007,101883.0,98548.0,181500.0
49001008,103783.0,98548.0,181500.0
49001009,104867.0,100570.0,181500.0
49001010,102017.0,101548.0,181500.0
49001011,102967.0,101548.0,181500.0
49001012,103917.0,101548.0,181500.0
49001013,101067.0,100570.0,181500.0
49001014,102017.0,104348.0,181500.0
49001015,102967.0,104348.0,181500.0
49001016,103917.0,104348.0,181500.0
49001017,104867.0,105323.0,181500.0
49001018,102017.0,107148.0,181500.0
49001019,102967.0,107148.0,181500.0
49001020,103917.0,107148.0,181500.0
49001021,101067.0,105323.0,181500.0
49001022,104867.0,110870.0,181500.0
49001023,104867.0,112748.0,181500.0
49001024,103783.0,114848.0,181500.0
49001025,101883.0,114848.0,181500.0
49001026,101067.0,108248.0,181500.0
49001027,101067.0,109348.0,181500.0
49001028,104867.0,102481.0,181500.0
49001029,104867.0,103414.0,181500.0
49001030,101067.0,102481.0,181500.0
49001031,101067.0,103414.0,181500.0
49001034,64243.0,106653.0,181500.0
49001035,108667.0,98548.0,181100.0
49001036,109192.0,98548.0,181100.0
49001037,109717.0,98548.0,181100.0
49001038,98067.0,110448.0,181200.0
49001039,98567.0,110448.0,181200.0
49001040,99067.0,110448.0,181200.0
49001041,99567.0,110448.0,181200.0
49001042,100067.0,110448.0,181200.0
49001043,111267.0,108748.0,181100.0
49001044,111267.0,109110.0,181100.0
49001045,111267.0,109473.0,181100.0
49001046,111267.0,109835.0,181100.0
49001047,111267.0,110198.0,181100.0
49001048,101067.0,113448.0,181200.0
49001049,101067.0,113798.0,181200.0
49001050,101067.0,114148.0,181200.0
49001051,101067.0,114498.0,181200.0
49001052,101067.0,114848.0,181200.0
49001053,107467.0,107123.0,181200.0
49001054,107467.0,107541.0,181200.0
49001055,107467.0,107960.0,181200.0
49001056,107467.0,108379.0,181200.0
49001057,107467.0,108798.0,181200.0
49001058,111267.0,107148.0,181100.0
49001059,111267.0,107548.0,181100.0
49001060,111267.0,107948.0,181100.0
49001061,111267.0,108348.0,181100.0
49001062,104867.0,107148.0,181200.0
49001063,104867.0,107560.0,181200.0
49001064,104867.0,107973.0,181200.0
49001065,104867.0,108385.0,181200.0
49001066,104867.0,108798.0,181200.0
49001067,107967.0,107098.0,181100.0
49001068,108367.0,107106.0,181100.0
49001069,108767.0,107114.0,181100.0
49001070,109167.0,107123.0,181100.0
49001071,109567.0,107131.0,181100.0
49001072,109967.0,107139.0,181100.0
49001073,110367.0,107148.0,181100.0
49001074,98067.0,113448.0,181200.0
49001075,98467.0,113448.0,181200.0
49001076,98867.0,113448.0,181200.0
49001077,99267.0,113448.0,181200.0
49001078,99667.0,113448.0,181200.0
49001079,107467.0,98548.0,181100.0
49001080,108067.0,98548.0,181100.0
49001081,54497.0,98548.0,181100.0
49001082,54959.0,98548.0,181100.0
49001083,55422.0,98548.0,181100.0
49001084,55884.0,98548.0,181100.0
49001085,56347.0,98548.0,181100.0
49001086,53847.0,107148.0,181100.0
49001087,54372.0,107123.0,181100.0
49001088,54897.0,107098.0,181100.0
49001089,55422.0,107073.0,181100.0
49001090,55947.0,107048.0,181100.0
49001091,52947.0,108748.0,181100.0
49001092,52947.0,109110.0,181100.0
49001093,52947.0,109473.0,181100.0
49001094,52947.0,109835.0,181100.0
49001095,52947.0,110198.0,181100.0
49001096,56347.0,113448.0,181200.0
49001097,56347.0,113798.0,181200.0
49001098,56347.0,114148.0,181200.0
49001099,56347.0,114498.0,181200.0
49001100,56347.0,114848.0,181200.0
49001101,52947.0,107148.0,181100.0
49001102,52947.0,107548.0,181100.0
49001103,52947.0,107948.0,181100.0
49001104,52947.0,108348.0,181100.0
49001105,19467.0,98548.0,181100.0
49001106,20067.0,98548.0,181100.0
49001107,20667.0,98548.0,181100.0
49001108,28467.0,113448.0,181200.0
49001109,28867.0,113448.0,181200.0
49001110,29267.0,113448.0,181200.0
49001111,29667.0,113448.0,181200.0
49001112,30067.0,113448.0,181200.0
49001113,18417.0,98548.0,181100.0
49001114,18942.0,98548.0,181100.0
49001115,17767.0,107148.0,181150.0
49001116,18167.0,107139.0,181150.0
49001117,18567.0,107131.0,181150.0
49001118,18967.0,107123.0,181150.0
49001119,19367.0,107114.0,181150.0
49001120,19767.0,107106.0,181150.0
49001121,20167.0,107098.0,181150.0
49001122,23267.0,107148.0,181200.0
49001123,23267.0,107560.0,181200.0
49001124,23267.0,107973.0,181200.0
49001125,23267.0,108385.0,181200.0
49001126,23267.0,108798.0,181200.0
49001127,16867.0,107148.0,181100.0
49001128,16867.0,107548.0,181100.0
49001129,16867.0,107948.0,181100.0
49001130,16867.0,108348.0,181100.0
49001131,16867.0,108748.0,181100.0
49001132,28067.0,110448.0,181200.0
49001133,28567.0,110448.0,181200.0
49001134,29067.0,110448.0,181200.0
49001135,29567.0,110448.0,181200.0
49001136,30067.0,110448.0,181200.0
49001137,20667.0,107123.0,181200.0
49001138,20667.0,107541.0,181200.0
49001139,20667.0,107960.0,181200.0
49001140,20667.0,108379.0,181200.0
49001141,20667.0,108798.0,181200.0
49001142,27067.0,113448.0,181200.0
49001143,27067.0,113798.0,181200.0
49001144,27067.0,114148.0,181200.0
49001145,27067.0,114498.0,181200.0
49001146,27067.0,114848.0,181200.0
49001147,16867.0,109110.0,181100.0
49001148,16867.0,109473.0,181100.0
49001149,16867.0,109835.0,181100.0
49001150,16867.0,110198.0,181100.0
49001151,17367.0,114848.0,180400.0
49001152,17367.0,114848.0,178733.0
49001153,17367.0,114848.0,179566.0
49001154,21533.0,114848.0,180500.0
49001155,22400.0,114848.0,180500.0
49001156,21533.0,114848.0,178766.0
49001157,22400.0,114848.0,178766.0
49001158,21533.0,114848.0,179633.0
49001159,22400.0,114848.0,179633.0
49001160,27767.0,114848.0,180600.0
49001161,27767.0,114848.0,178800.0
49001162,27767.0,114848.0,179700.0
49001163,16867.0,111060.0,180700.0
49001164,16867.0,111923.0,180700.0
49001165,16867.0,112785.0,180700.0
49001166,16867.0,111060.0,178733.0
49001167,16867.0,111923.0,178733.0
49001168,16867.0,112785.0,178733.0
49001169,16867.0,111060.0,179566.0
49001170,16867.0,112785.0,179566.0
49001171,16867.0,111923.0,179566.0
49001172,30067.0,114148.0,180600.0
49001173,30067.0,114148.0,178800.0
49001174,30067.0,114148.0,179700.0
49001175,27067.0,111448.0,180600.0
49001176,27067.0,112448.0,180600.0
49001177,27067.0,111448.0,178800.0
49001178,27067.0,112448.0,178800.0
49001179,27067.0,111448.0,179700.0
49001180,27067.0,112448.0,179700.0
49001181,27767.0,113448.0,180900.0
49001182,27767.0,113448.0,178800.0
49001183,27767.0,113448.0,179700.0
49001184,27567.0,110448.0,180600.0
49001185,27567.0,110448.0,178800.0
49001186,27567.0,110448.0,179700.0
49001187,30067.0,111448.0,180900.0
49001188,30067.0,112448.0,180900.0
49001189,30067.0,111448.0,178800.0
49001190,30067.0,112448.0,178800.0
49001191,30067.0,111448.0,179700.0
49001192,30067.0,112448.0,179700.0
49001193,20667.0,109345.0,180600.0
49001194,20667.0,109345.0,178800.0
49001195,20667.0,109345.0,179700.0
49001196,21533.0,108798.0,180900.0
49001197,22400.0,108798.0,180900.0
49001198,21533.0,108798.0,178800.0
49001199,22400.0,108798.0,178800.0
49001200,21533.0,108798.0,179700.0
49001201,22400.0,108798.0,179700.0
49001202,23267.0,109345.0,180600.0
49001203,23267.0,109345.0,178800.0
49001204,23267.0,109345.0,179700.0
49001205,17317.0,107148.0,180700.0
49001206,17317.0,107148.0,178800.0
49001207,17317.0,107148.0,179700.0
49001208,21533.0,107131.0,180900.0
49001209,22400.0,107139.0,180900.0
49001210,21533.0,107131.0,178800.0
49001211,22400.0,107139.0,178800.0
49001212,21533.0,107131.0,179700.0
49001213,22400.0,107139.0,179700.0
49001214,23267.0,106723.0,180600.0
49001215,23267.0,106723.0,178800.0
49001216,23267.0,106723.0,179700.0
49001217,27067.0,106723.0,180600.0
49001218,27067.0,106723.0,178800.0
49001219,27067.0,106723.0,179700.0
49001220,28067.0,107148.0,180600.0
49001221,29067.0,107148.0,180600.0
49001222,28067.0,107148.0,178800.0
49001223,29067.0,107148.0,178800.0
49001224,28067.0,107148.0,179700.0
49001225,29067.0,107148.0,179700.0
49001226,16867.0,101931.0,180600.0
49001227,16867.0,102814.0,180600.0
49001228,16867.0,101931.0,178800.0
49001229,16867.0,102814.0,178800.0
49001230,16867.0,101931.0,179700.0
49001231,16867.0,102814.0,179700.0
49001232,16867.0,99381.0,180600.0
49001233,16867.0,100214.0,180600.0
49001234,16867.0,99381.0,178800.0
49001235,16867.0,100214.0,178800.0
49001236,16867.0,99381.0,179700.0
49001237,16867.0,100214.0,179700.0
49001238,17317.0,101048.0,180600.0
49001239,17317.0,101048.0,178800.0
49001240,17317.0,101048.0,179700.0
49001241,18617.0,101048.0,180600.0
49001242,18617.0,101048.0,178800.0
49001243,18617.0,101048.0,179700.0
49001244,20667.0,99381.0,180600.0
49001245,20667.0,100214.0,180600.0
49001246,20667.0,99381.0,178800.0
49001247,20667.0,100214.0,178800.0
49001248,20667.0,99381.0,179700.0
49001249,20667.0,100214.0,179700.0
49001250,17642.0,98548.0,180600.0
49001251,17642.0,98548.0,178800.0
49001252,17642.0,98548.0,179700.0
49001253,21533.0,98548.0,180600.0
49001254,22400.0,98548.0,180600.0
49001255,21533.0,98548.0,178800.0
49001256,22400.0,98548.0,178800.0
49001257,21533.0,98548.0,179700.0
49001258,22400.0,98548.0,179700.0
49001259,23267.0,99070.0,180600.0
49001260,23267.0,99070.0,178800.0
49001261,23267.0,99070.0,179700.0
49001262,27067.0,99070.0,180600.0
49001263,27067.0,99070.0,178800.0
49001264,27067.0,99070.0,179700.0
49001265,28067.0,98548.0,180600.0
49001266,29067.0,98548.0,180600.0
49001267,28067.0,98548.0,178800.0
49001268,29067.0,98548.0,178800.0
49001269,28067.0,98548.0,179700.0
49001270,29067.0,98548.0,179700.0
49001271,16867.0,114248.0,180400.0
49001272,16867.0,114248.0,178733.0
49001273,16867.0,114248.0,179566.0
49001274,20667.0,114248.0,180400.0
49001275,20667.0,114248.0,178733.0
49001276,20667.0,114248.0,179566.0
49001277,20292.0,114848.0,180400.0
49001278,20292.0,114848.0,178733.0
49001279,20292.0,114848.0,179566.0
49001280,18142.0,114848.0,180400.0
49001281,18145.0,114848.0,180950.0
49001282,18642.0,114848.0,180950.0
49001283,19142.0,114848.0,180950.0
49001284,19639.0,114848.0,180950.0
49001285,19642.0,114848.0,180400.0
49001286,18142.0,114848.0,178733.0
49001287,19642.0,114848.0,178733.0
49001288,18142.0,114848.0,179566.0
49001289,19642.0,114848.0,179566.0
49001290,18642.0,114848.0,180400.0
49001291,19142.0,114848.0,180400.0
49001292,29267.0,114848.0,180600.0
49001293,29267.0,114848.0,178800.0
49001294,29267.0,114848.0,179700.0
49001295,20067.0,101048.0,180600.0
49001296,20067.0,101048.0,178800.0
49001297,20067.0,101048.0,179700.0
49001298,16867.0,104698.0,180600.0
49001299,16867.0,105698.0,180600.0
49001300,16867.0,104698.0,178800.0
49001301,16867.0,105698.0,178800.0
49001302,16867.0,104698.0,179700.0
49001303,16867.0,105698.0,179700.0
49001304,20667.0,106710.0,180600.0
49001305,20667.0,106710.0,178800.0
49001306,20667.0,106710.0,179700.0
49001307,23267.0,114248.0,180600.0
49001308,23267.0,114248.0,178800.0
49001309,23267.0,114248.0,179700.0
49001310,30067.0,99381.0,180600.0
49001311,30067.0,100214.0,180600.0
49001312,30067.0,100881.0,180600.0
49001313,30067.0,99381.0,178800.0
49001314,30067.0,100214.0,178800.0
49001315,30067.0,100881.0,178800.0
49001316,30067.0,99381.0,179700.0
49001317,30067.0,100881.0,179700.0
49001318,30067.0,100214.0,179700.0
49001319,30067.0,105281.0,180600.0
49001320,30067.0,106214.0,180600.0
49001321,30067.0,105281.0,178800.0
49001322,30067.0,106214.0,178800.0
49001323,30067.0,105281.0,179700.0
49001324,30067.0,106214.0,179700.0
49001325,30067.0,102481.0,180600.0
49001326,30067.0,103414.0,180600.0
49001327,30067.0,102481.0,178800.0
49001328,30067.0,103414.0,178800.0
49001329,30067.0,102481.0,179700.0
49001330,30067.0,103414.0,179700.0
49001331,60347.0,101873.0,180400.0
49001332,60347.0,102698.0,180400.0
49001333,60347.0,103523.0,180400.0
49001334,60347.0,101873.0,178733.0
49001335,60347.0,102698.0,178733.0
49001336,60347.0,103523.0,178733.0
49001337,60347.0,101873.0,179566.0
49001338,60347.0,103523.0,179566.0
49001339,60347.0,102698.0,179566.0
49001340,63747.0,111328.0,180400.0
49001341,63747.0,112208.0,180400.0
49001342,63747.0,113088.0,180400.0
49001343,63747.0,113968.0,180400.0
49001344,63747.0,111328.0,178733.0
49001345,63747.0,112208.0,178733.0
49001346,63747.0,113088.0,178733.0
49001347,63747.0,113968.0,178733.0
49001348,63747.0,111328.0,179566.0
49001349,63747.0,113968.0,179566.0
49001350,63747.0,112208.0,179566.0
49001351,63747.0,113088.0,179566.0
49001352,61022.0,114848.0,180400.0
49001353,61697.0,114848.0,180400.0
49001354,61700.0,114848.0,180950.0
49001355,62197.0,114848.0,180950.0
49001356,62697.0,114848.0,180950.0
49001357,63194.0,114848.0,180950.0
49001358,63197.0,114848.0,180400.0
49001359,61022.0,114848.0,178733.0
49001360,61697.0,114848.0,178733.0
49001361,63197.0,114848.0,178733.0
49001362,61022.0,114848.0,179566.0
49001363,63197.0,114848.0,179566.0
49001364,62197.0,114848.0,180400.0
49001365,61697.0,114848.0,179566.0
49001366,62697.0,114848.0,180400.0
49001367,52947.0,104560.0,180600.0
49001368,52947.0,105423.0,180600.0
49001369,52947.0,106285.0,180600.0
49001370,52947.0,104560.0,178800.0
49001371,52947.0,105423.0,178800.0
49001372,52947.0,106285.0,178800.0
49001373,52947.0,104560.0,179700.0
49001374,52947.0,106285.0,179700.0
49001375,52947.0,105423.0,179700.0
49001376,53722.0,98548.0,180600.0
49001377,53722.0,98548.0,178800.0
49001378,53722.0,98548.0,179700.0
49001379,52947.0,99381.0,180600.0
49001380,52947.0,100214.0,180600.0
49001381,52947.0,99381.0,178800.0
49001382,52947.0,100214.0,178800.0
49001383,52947.0,99381.0,179700.0
49001384,52947.0,100214.0,179700.0
49001385,52947.0,101931.0,180600.0
49001386,52947.0,102814.0,180600.0
49001387,52947.0,101931.0,178800.0
49001388,52947.0,102814.0,178800.0
49001389,52947.0,101931.0,179700.0
49001390,52947.0,102814.0,179700.0
49001391,53397.0,101048.0,180600.0
49001392,53397.0,101048.0,178800.0
49001393,53397.0,101048.0,179700.0
49001394,53397.0,107148.0,180700.0
49001395,53397.0,107148.0,178800.0
49001396,53397.0,107148.0,179700.0
49001397,56347.0,111328.0,180600.0
49001398,56347.0,112208.0,180600.0
49001399,56347.0,113088.0,180600.0
49001400,56347.0,111328.0,178800.0
49001401,56347.0,112208.0,178800.0
49001402,56347.0,113088.0,178800.0
49001403,56347.0,111328.0,179700.0
49001404,56347.0,113088.0,179700.0
49001405,56347.0,112208.0,179700.0
49001406,52947.0,111128.0,180700.0
49001407,52947.0,112058.0,180700.0
49001408,52947.0,112988.0,180700.0
49001409,52947.0,113918.0,180700.0
49001410,52947.0,111128.0,178733.0
49001411,52947.0,112058.0,178733.0
49001412,52947.0,112988.0,178733.0
49001413,52947.0,113918.0,178733.0
49001414,52947.0,111128.0,179566.0
49001415,52947.0,113918.0,179566.0
49001416,52947.0,112058.0,179566.0
49001417,52947.0,112988.0,179566.0
49001418,53622.0,114848.0,180400.0
49001419,54297.0,114848.0,180400.0
49001420,54300.0,114848.0,180950.0
49001421,54797.0,114848.0,180950.0
49001422,55297.0,114848.0,180950.0
49001423,55794.0,114848.0,180950.0
49001424,55797.0,114848.0,180400.0
49001425,53622.0,114848.0,178733.0
49001426,54297.0,114848.0,178733.0
49001427,55797.0,114848.0,178733.0
49001428,53622.0,114848.0,179566.0
49001429,55797.0,114848.0,179566.0
49001430,54797.0,114848.0,180400.0
49001431,54297.0,114848.0,179566.0
49001432,55297.0,114848.0,180400.0
49001433,61197.0,110448.0,180400.0
49001434,62047.0,110448.0,180400.0
49001435,62897.0,110448.0,180400.0
49001436,61197.0,110448.0,178733.0
49001437,62047.0,110448.0,178733.0
49001438,62897.0,110448.0,178733.0
49001439,61197.0,110448.0,179566.0
49001440,62897.0,110448.0,179566.0
49001441,62047.0,110448.0,179566.0
49001442,56347.0,106673.0,180600.0
49001443,56347.0,106673.0,178800.0
49001444,56347.0,106673.0,179700.0
49001445,56347.0,99381.0,180600.0
49001446,56347.0,100214.0,180600.0
49001447,56347.0,99381.0,178800.0
49001448,56347.0,100214.0,178800.0
49001449,56347.0,99381.0,179700.0
49001450,56347.0,100214.0,179700.0
49001451,63747.0,102064.0,180400.0
49001452,63747.0,103081.0,180400.0
49001453,63747.0,104098.0,180400.0
49001454,63747.0,105114.0,180400.0
49001455,63747.0,106131.0,180400.0
49001456,63747.0,102064.0,178733.0
49001457,63747.0,103081.0,178733.0
49001458,63747.0,104098.0,178733.0
49001459,63747.0,105114.0,178733.0
49001460,63747.0,106131.0,178733.0
49001461,63747.0,102064.0,179566.0
49001462,63747.0,106131.0,179566.0
49001463,63747.0,103081.0,179566.0
49001464,63747.0,104098.0,179566.0
49001465,63747.0,105114.0,179566.0
49001466,63747.0,99381.0,180400.0
49001467,63747.0,100214.0,180400.0
49001468,63747.0,99381.0,178733.0
49001469,63747.0,100214.0,178733.0
49001470,63747.0,99381.0,179566.0
49001471,63747.0,100214.0,179566.0
49001472,54680.0,101048.0,180600.0
49001473,55513.0,101048.0,180600.0
49001474,54680.0,101048.0,178800.0
49001475,55513.0,101048.0,178800.0
49001476,54680.0,101048.0,179700.0
49001477,55513.0,101048.0,179700.0
49001478,60822.0,98548.0,180400.0
49001479,61297.0,98548.0,180400.0
49001480,61300.0,98548.0,180950.0
49001481,61797.0,98548.0,180950.0
49001482,62297.0,98548.0,180950.0
49001483,62794.0,98548.0,180950.0
49001484,62797.0,98548.0,180400.0
49001485,63272.0,98548.0,180400.0
49001486,60822.0,98548.0,178733.0
49001487,61297.0,98548.0,178733.0
49001488,63272.0,98548.0,178733.0
49001489,62797.0,98548.0,178733.0
49001490,60822.0,98548.0,179566.0
49001491,63272.0,98548.0,179566.0
49001492,61797.0,98548.0,180400.0
49001493,61297.0,98548.0,179566.0
49001494,62297.0,98548.0,180400.0
49001495,62797.0,98548.0,179566.0
49001496,61197.0,101048.0,180400.0
49001497,62047.0,101048.0,180400.0
49001498,62897.0,101048.0,180400.0
49001499,61197.0,101048.0,178733.0
49001500,62047.0,101048.0,178733.0
49001501,62897.0,101048.0,178733.0
49001502,61197.0,101048.0,179566.0
49001503,62897.0,101048.0,179566.0
49001504,62047.0,101048.0,179566.0
49001505,111267.0,104698.0,180600.0
49001506,111267.0,105698.0,180600.0
49001507,111267.0,104698.0,178800.0
49001508,111267.0,105698.0,178800.0
49001509,111267.0,104698.0,179700.0
49001510,111267.0,105698.0,179700.0
49001511,108067.0,101048.0,180600.0
49001512,108067.0,101048.0,178800.0
49001513,108067.0,101048.0,179700.0
49001514,98867.0,114848.0,180600.0
49001515,98867.0,114848.0,178800.0
49001516,98867.0,114848.0,179700.0
49001517,108492.0,114848.0,180400.0
49001518,108495.0,114848.0,180950.0
49001519,108992.0,114848.0,180950.0
49001520,109492.0,114848.0,180950.0
49001521,109989.0,114848.0,180950.0
49001522,109992.0,114848.0,180400.0
49001523,108492.0,114848.0,178733.0
49001524,109992.0,114848.0,178733.0
49001525,108492.0,114848.0,179566.0
49001526,109992.0,114848.0,179566.0
49001527,108992.0,114848.0,180400.0
49001528,109492.0,114848.0,180400.0
49001529,107842.0,114848.0,180500.0
49001530,107842.0,114848.0,178766.0
49001531,107842.0,114848.0,179633.0
49001532,107467.0,114248.0,180500.0
49001533,107467.0,114248.0,178766.0
49001534,107467.0,114248.0,179633.0
49001535,111267.0,114248.0,180600.0
49001536,111267.0,114248.0,178800.0
49001537,111267.0,114248.0,179700.0
49001538,110767.0,114848.0,180500.0
49001539,110767.0,114848.0,178766.0
49001540,110767.0,114848.0,179633.0
49001541,110492.0,98548.0,180600.0
49001542,110492.0,98548.0,178800.0
49001543,110492.0,98548.0,179700.0
49001544,99067.0,98548.0,180600.0
49001545,100067.0,98548.0,180600.0
49001546,99067.0,98548.0,178800.0
49001547,100067.0,98548.0,178800.0
49001548,99067.0,98548.0,179700.0
49001549,100067.0,98548.0,179700.0
49001550,105733.0,98548.0,180600.0
49001551,106600.0,98548.0,180600.0
49001552,105733.0,98548.0,178800.0
49001553,106600.0,98548.0,178800.0
49001554,105733.0,98548.0,179700.0
49001555,106600.0,98548.0,179700.0
49001556,101067.0,99070.0,180600.0
49001557,101067.0,99070.0,178800.0
49001558,101067.0,99070.0,179700.0
49001559,104867.0,99070.0,180600.0
49001560,104867.0,99070.0,178800.0
49001561,104867.0,99070.0,179700.0
49001562,107467.0,99381.0,180600.0
49001563,107467.0,100214.0,180600.0
49001564,107467.0,99381.0,178800.0
49001565,107467.0,100214.0,178800.0
49001566,107467.0,99381.0,179700.0
49001567,107467.0,100214.0,179700.0
49001568,109517.0,101048.0,180600.0
49001569,109517.0,101048.0,178800.0
49001570,109517.0,101048.0,179700.0
49001571,110817.0,101048.0,180600.0
49001572,110817.0,101048.0,178800.0
49001573,110817.0,101048.0,179700.0
49001574,111267.0,99381.0,180600.0
49001575,111267.0,100214.0,180600.0
49001576,111267.0,99381.0,178800.0
49001577,111267.0,100214.0,178800.0
49001578,111267.0,99381.0,179700.0
49001579,111267.0,100214.0,179700.0
49001580,111267.0,101931.0,180600.0
49001581,111267.0,102814.0,180600.0
49001582,111267.0,101931.0,178800.0
49001583,111267.0,102814.0,178800.0
49001584,111267.0,101931.0,179700.0
49001585,111267.0,102814.0,179700.0
49001586,99067.0,107148.0,180600.0
49001587,100067.0,107148.0,180600.0
49001588,99067.0,107148.0,178800.0
49001589,100067.0,107148.0,178800.0
49001590,99067.0,107148.0,179700.0
49001591,100067.0,107148.0,179700.0
49001592,101067.0,106723.0,180600.0
49001593,101067.0,106723.0,178800.0
49001594,101067.0,106723.0,179700.0
49001595,104867.0,106723.0,180600.0
49001596,104867.0,106723.0,178800.0
49001597,104867.0,106723.0,179700.0
49001598,105733.0,107139.0,180900.0
49001599,106600.0,107131.0,180900.0
49001600,105733.0,107139.0,178800.0
49001601,106600.0,107131.0,178800.0
49001602,105733.0,107139.0,179700.0
49001603,106600.0,107131.0,179700.0
49001604,110817.0,107148.0,180700.0
49001605,110817.0,107148.0,178800.0
49001606,110817.0,107148.0,179700.0
49001607,104867.0,109345.0,180600.0
49001608,104867.0,109345.0,178800.0
49001609,104867.0,109345.0,179700.0
49001610,105733.0,108798.0,180900.0
49001611,106600.0,108798.0,180900.0
49001612,105733.0,108798.0,178800.0
49001613,106600.0,108798.0,178800.0
49001614,105733.0,108798.0,179700.0
49001615,106600.0,108798.0,179700.0
49001616,107467.0,109345.0,180600.0
49001617,107467.0,109345.0,178800.0
49001618,107467.0,109345.0,179700.0
49001619,98067.0,111448.0,180900.0
49001620,98067.0,112448.0,180900.0
49001621,98067.0,111448.0,178800.0
49001622,98067.0,112448.0,178800.0
49001623,98067.0,111448.0,179700.0
49001624,98067.0,112448.0,179700.0
49001625,100567.0,110448.0,180600.0
49001626,100567.0,110448.0,178800.0
49001627,100567.0,110448.0,179700.0
49001628,100367.0,113448.0,180900.0
49001629,100367.0,113448.0,178800.0
49001630,100367.0,113448.0,179700.0
49001631,101067.0,111448.0,180600.0
49001632,101067.0,112448.0,180600.0
49001633,101067.0,111448.0,178800.0
49001634,101067.0,112448.0,178800.0
49001635,101067.0,111448.0,179700.0
49001636,101067.0,112448.0,179700.0
49001637,98067.0,114148.0,180600.0
49001638,98067.0,114148.0,178800.0
49001639,98067.0,114148.0,179700.0
49001640,111267.0,111060.0,180600.0
49001641,111267.0,111923.0,180600.0
49001642,111267.0,112785.0,180600.0
49001643,111267.0,111060.0,178800.0
49001644,111267.0,111923.0,178800.0
49001645,111267.0,112785.0,178800.0
49001646,111267.0,111060.0,179700.0
49001647,111267.0,112785.0,179700.0
49001648,111267.0,111923.0,179700.0
49001649,100367.0,114848.0,180600.0
49001650,100367.0,114848.0,178800.0
49001651,100367.0,114848.0,179700.0
49001652,105733.0,114848.0,180600.0
49001653,106600.0,114848.0,180600.0
49001654,105733.0,114848.0,178800.0
49001655,106600.0,114848.0,178800.0
49001656,105733.0,114848.0,179700.0
49001657,106600.0,114848.0,179700.0
49001658,107467.0,106710.0,180600.0
49001659,107467.0,106710.0,178800.0
49001660,107467.0,106710.0,179700.0
49001661,98067.0,102481.0,180600.0
49001662,98067.0,103414.0,180600.0
49001663,98067.0,102481.0,178800.0
49001664,98067.0,103414.0,178800.0
49001665,98067.0,102481.0,179700.0
49001666,98067.0,103414.0,179700.0
49001667,98067.0,105281.0,180600.0
49001668,98067.0,106214.0,180600.0
49001669,98067.0,105281.0,178800.0
49001670,98067.0,106214.0,178800.0
49001671,98067.0,105281.0,179700.0
49001672,98067.0,106214.0,179700.0
49001673,104867.0,114248.0,180600.0
49001674,104867.0,114248.0,178800.0
49001675,104867.0,114248.0,179700.0
49001676,98067.0,99381.0,180600.0
49001677,98067.0,100214.0,180600.0
49001678,98067.0,99381.0,178800.0
49001679,98067.0,100214.0,178800.0
49001680,98067.0,99381.0,179700.0
49001681,98067.0,100214.0,179700.0
49001682,24217.0,113842.0,181500.0
49001683,24217.0,112888.0,181500.0
49001684,24217.0,111942.0,181500.0
49001685,24217.0,110977.0,181500.0
49001686,24217.0,109999.0,181500.0
49001687,24217.0,109011.0,181500.0
49001688,24217.0,108071.0,181500.0
49001689,25167.0,113929.0,181500.0
49001690,25167.0,113007.0,181500.0
49001691,25167.0,112066.0,181500.0
49001692,25167.0,111102.0,181500.0
49001693,25167.0,110119.0,181500.0
49001694,25167.0,109126.0,181500.0
49001695,25167.0,108135.0,181500.0
49001696,26117.0,114015.0,181500.0
49001697,26117.0,113157.0,181500.0
49001698,26117.0,112223.0,181500.0
49001699,26117.0,111253.0,181500.0
49001700,26117.0,110256.0,181500.0
49001701,26117.0,109228.0,181500.0
49001702,26117.0,108189.0,181500.0
49001703,27767.0,114148.0,181500.0
49001704,29267.0,114148.0,181500.0
49001705,17833.0,112807.0,181500.0
49001706,17803.0,111978.0,181500.0
49001707,17814.0,109560.0,181500.0
49001708,17803.0,110360.0,181500.0
49001709,17797.0,111175.0,181500.0
49001710,18747.0,110499.0,181500.0
49001711,18711.0,111308.0,181500.0
49001712,18758.0,109644.0,181500.0
49001713,18725.0,111989.0,181500.0
49001714,18796.0,112799.0,181500.0
49001715,19605.0,111720.0,181500.0
49001716,19687.0,110724.0,181500.0
49001717,19711.0,109759.0,181500.0
49001718,19736.0,112715.0,181500.0
49001719,17727.0,107952.0,181500.0
49001720,18522.0,107951.0,181500.0
49001721,19173.0,107945.0,181500.0
49001722,19928.0,107945.0,181500.0
49001723,21533.0,107964.0,181500.0
49001724,22400.0,107968.0,181500.0
49001725,24217.0,106235.0,181500.0
49001726,24217.0,105296.0,181500.0
49001727,25167.0,106224.0,181500.0
49001728,25167.0,105289.0,181500.0
49001729,26117.0,106235.0,181500.0
49001730,26117.0,105296.0,181500.0
49001731,17733.0,100214.0,181500.0
49001732,17704.0,99381.0,181500.0
49001733,18596.0,100214.0,181500.0
49001734,18559.0,99381.0,181500.0
49001735,24217.0,103414.0,181500.0
49001736,24217.0,102481.0,181500.0
49001737,25167.0,103414.0,181500.0
49001738,25167.0,102481.0,181500.0
49001739,26117.0,103414.0,181500.0
49001740,26117.0,102481.0,181500.0
49001741,24217.0,100556.0,181500.0
49001742,24217.0,99559.0,181500.0
49001743,25167.0,100552.0,181500.0
49001744,25167.0,99553.0,181500.0
49001745,26117.0,100556.0,181500.0
49001746,26117.0,99559.0,181500.0
49001747,53835.0,107943.0,181500.0
49001748,54736.0,107923.0,181500.0
49001749,55602.0,107903.0,181500.0
49001750,109538.0,100214.0,181500.0
49001751,109574.0,99381.0,181500.0
49001752,110401.0,100214.0,181500.0
49001753,110429.0,99381.0,181500.0
49001754,98867.0,114148.0,181500.0
49001755,100367.0,114148.0,181500.0
49001756,108372.0,112745.0,181500.0
49001757,108436.0,111814.0,181500.0
49001758,108445.0,109786.0,181500.0
49001759,108536.0,110807.0,181500.0
49001760,109424.0,111113.0,181500.0
49001761,109371.0,111930.0,181500.0
49001762,109425.0,110435.0,181500.0
49001763,109388.0,109627.0,181500.0
49001764,109326.0,112783.0,181500.0
49001765,110341.0,110329.0,181500.0
49001766,110337.0,111124.0,181500.0
49001767,110328.0,109547.0,181500.0
49001768,110293.0,112795.0,181500.0
49001769,110320.0,111948.0,181500.0
49001770,101998.0,100556.0,181500.0
49001771,101962.0,99558.0,181500.0
49001772,102940.0,100552.0,181500.0
49001773,102881.0,99553.0,181500.0
49001774,103898.0,100556.0,181500.0
49001775,103862.0,99559.0,181500.0
49001776,108205.0,107945.0,181500.0
49001777,108960.0,107945.0,181500.0
49001778,109611.0,107951.0,181500.0
49001779,110406.0,107952.0,181500.0
49001780,102017.0,106235.0,181500.0
49001781,102017.0,105296.0,181500.0
49001782,102967.0,106224.0,181500.0
49001783,102967.0,105289.0,181500.0
49001784,103917.0,106235.0,181500.0
49001785,103917.0,105296.0,181500.0
49001786,101960.0,114011.0,181500.0
49001787,101992.0,113153.0,181500.0
49001788,102002.0,112222.0,181500.0
49001789,102007.0,111252.0,181500.0
49001790,102010.0,110256.0,181500.0
49001791,102012.0,109228.0,181500.0
49001792,102014.0,108190.0,181500.0
49001793,102877.0,113924.0,181500.0
49001794,102929.0,113003.0,181500.0
49001795,102946.0,112064.0,181500.0
49001796,102953.0,111102.0,181500.0
49001797,102957.0,110120.0,181500.0
49001798,102960.0,109127.0,181500.0
49001799,102963.0,108135.0,181500.0
49001800,103858.0,113839.0,181500.0
49001801,103890.0,112886.0,181500.0
49001802,103902.0,111941.0,181500.0
49001803,103907.0,110977.0,181500.0
49001804,103910.0,110000.0,181500.0
49001805,103912.0,109011.0,181500.0
49001806,103914.0,108072.0,181500.0
49001807,102017.0,103414.0,181500.0
49001808,102017.0,102481.0,181500.0
49001809,102967.0,103414.0,181500.0
49001810,102967.0,102481.0,181500.0
49001811,103917.0,103414.0,181500.0
49001812,103917.0,102481.0,181500.0
49001813,105733.0,107968.0,181500.0
49001814,106600.0,107964.0,181500.0
50000001,23267.0,114848.0,185100.0
50000002,27067.0,114848.0,185100.0
50000003,20667.0,114848.0,185100.0
50000004,30067.0,114848.0,185100.0
50000005,27067.0,113448.0,185100.0
50000006,27067.0,110448.0,185100.0
50000007,30067.0,113448.0,185100.0
50000008,20667.0,111848.0,185100.0
50000009,20667.0,108798.0,185100.0
50000010,23267.0,111848.0,185100.0
50000011,16867.0,108748.0,185100.0
50000012,23267.0,108798.0,185100.0
50000013,16867.0,107148.0,185100.0
50000014,30067.0,107148.0,185100.0
50000015,23267.0,107148.0,185100.0
50000016,20667.0,107123.0,185100.0
50000017,27067.0,107148.0,185100.0
50000018,16867.0,101048.0,185100.0
50000019,17767.0,107148.0,185100.0
50000020,17767.0,101048.0,185100.0
50000021,20667.0,104348.0,185100.0
50000022,23267.0,104348.0,185100.0
50000023,27067.0,104348.0,185100.0
50000024,20667.0,101548.0,185100.0
50000025,20667.0,101048.0,185100.0
50000026,23267.0,101548.0,185100.0
50000027,27067.0,101548.0,185100.0
50000028,20667.0,98548.0,185100.0
50000029,23267.0,98548.0,185100.0
50000030,27067.0,98548.0,185100.0
50000031,16867.0,110198.0,185100.0
50000032,30067.0,110448.0,185100.0
50000033,23267.0,109893.0,185100.0
50000034,28067.0,110448.0,185100.0
50000035,23267.0,106298.0,185100.0
50000036,27067.0,106298.0,185100.0
50000037,20167.0,107098.0,185100.0
50000038,23267.0,99593.0,185100.0
50000039,27067.0,99593.0,185100.0
50000040,18417.0,98548.0,185100.0
50000041,20667.0,113648.0,185100.0
50000042,16867.0,113648.0,185100.0
50000043,19917.0,113648.0,185100.0
50000044,19917.0,114848.0,185100.0
50000045,17867.0,113648.0,185100.0
50000046,17867.0,114848.0,185100.0
50000047,28467.0,113448.0,185100.0
50000048,28467.0,114848.0,185100.0
50000049,19467.0,98548.0,185100.0
50000050,19467.0,101048.0,185100.0
50000051,17767.0,103698.0,185100.0
50000052,16867.0,103698.0,185100.0
50000053,20667.0,106298.0,185100.0
50000054,23267.0,113648.0,185100.0
50000055,20667.0,109893.0,185100.0
50000056,4867.0,114848.0,185100.0
50000057,4867.0,106698.0,185100.0
50000058,4867.0,98548.0,185100.0
50000059,4867.0,87098.0,185100.0
50000060,4867.0,126298.0,185100.0
50000061,9467.0,126348.0,185100.0
50000062,13067.0,126348.0,185100.0
50000063,124067.0,114848.0,185100.0
50000064,124067.0,106698.0,185100.0
50000065,124067.0,98548.0,185100.0
50000066,124067.0,87098.0,185100.0
50000067,124067.0,126298.0,185100.0
50000068,30067.0,98548.0,185100.0
50000069,30067.0,104348.0,185100.0
50000070,30067.0,101548.0,185100.0
50000071,13067.0,87048.0,185100.0
50000072,9467.0,87048.0,185100.0
50000073,63747.0,110448.0,185100.0
50000074,60347.0,101048.0,185100.0
50000075,60347.0,107148.0,185100.0
50000076,63747.0,107148.0,185100.0
50000077,52947.0,114848.0,185100.0
50000078,56347.0,108748.0,185100.0
50000079,52947.0,103698.0,185100.0
50000080,53847.0,103698.0,185100.0
50000081,54497.0,98548.0,185100.0
50000082,56347.0,110448.0,185100.0
50000083,52947.0,110198.0,185100.0
50000084,56347.0,113448.0,185100.0
50000085,52947.0,101048.0,185100.0
50000086,53847.0,101048.0,185100.0
50000087,53847.0,107148.0,185100.0
50000088,52947.0,107148.0,185100.0
50000089,56347.0,107048.0,185100.0
50000090,52947.0,108748.0,185100.0
50000091,56347.0,101548.0,185100.0
50000092,55947.0,107048.0,185100.0
50000093,56347.0,106298.0,185100.0
50000094,60347.0,110448.0,185100.0
50000095,56347.0,104348.0,185100.0
50000096,56347.0,101048.0,185100.0
50000097,63747.0,101048.0,185100.0
50000098,52947.0,98548.0,185100.0
50000099,60347.0,104348.0,185100.0
50000100,119800.0,87048.0,185100.0
50000101,115533.0,87048.0,185100.0
50000102,111267.0,103698.0,185100.0
50000103,110367.0,103698.0,185100.0
50000104,108667.0,101048.0,185100.0
50000105,108667.0,98548.0,185100.0
50000106,99667.0,114848.0,185100.0
50000107,99667.0,113448.0,185100.0
50000108,110267.0,114848.0,185100.0
50000109,110267.0,113648.0,185100.0
50000110,108217.0,114848.0,185100.0
50000111,108217.0,113648.0,185100.0
50000112,111267.0,113648.0,185100.0
50000113,107467.0,113648.0,185100.0
50000114,109717.0,98548.0,185100.0
50000115,101067.0,99593.0,185100.0
50000116,104867.0,99593.0,185100.0
50000117,107967.0,107098.0,185100.0
50000118,101067.0,106298.0,185100.0
50000119,104867.0,106298.0,185100.0
50000120,100067.0,110448.0,185100.0
50000121,104867.0,109893.0,185100.0
50000122,98067.0,110448.0,185100.0
50000123,111267.0,110198.0,185100.0
50000124,101067.0,98548.0,185100.0
50000125,104867.0,98548.0,185100.0
50000126,107467.0,98548.0,185100.0
50000127,101067.0,101548.0,185100.0
50000128,104867.0,101548.0,185100.0
50000129,107467.0,101048.0,185100.0
50000130,107467.0,101548.0,185100.0
50000131,101067.0,104348.0,185100.0
50000132,104867.0,104348.0,185100.0
50000133,107467.0,104348.0,185100.0
50000134,110367.0,101048.0,185100.0
50000135,110367.0,107148.0,185100.0
50000136,111267.0,101048.0,185100.0
50000137,101067.0,107148.0,185100.0
50000138,107467.0,107123.0,185100.0
50000139,104867.0,107148.0,185100.0
50000140,98067.0,107148.0,185100.0
50000141,111267.0,107148.0,185100.0
50000142,104867.0,108798.0,185100.0
50000143,111267.0,108748.0,185100.0
50000144,104867.0,111848.0,185100.0
50000145,107467.0,108798.0,185100.0
50000146,107467.0,111848.0,185100.0
50000147,98067.0,113448.0,185100.0
50000148,101067.0,110448.0,185100.0
50000149,101067.0,113448.0,185100.0
50000150,98067.0,114848.0,185100.0
50000151,107467.0,114848.0,185100.0
50000152,101067.0,114848.0,185100.0
50000153,104867.0,114848.0,185100.0
50000154,107467.0,106298.0,185100.0
50000155,98067.0,101548.0,185100.0
50000156,98067.0,104348.0,185100.0
50000157,107467.0,109893.0,185100.0
50000158,104867.0,113648.0,185100.0
50000159,98067.0,101048.0,185100.0
50000160,98067.0,98548.0,185100.0
50000161,60347.0,114848.0,185100.0
50000162,56347.0,98548.0,185100.0
50000163,63747.0,114848.0,185100.0
50000164,60347.0,98548.0,185100.0
50000165,63747.0,98548.0,185100.0
50000166,56347.0,114848.0,185100.0
50000167,30067.0,87098.0,185100.0
50000168,16867.0,98548.0,185100.0
50000169,16867.0,114848.0,185100.0
50000170,16867.0,106698.0,185100.0
50000171,30067.0,126298.0,185100.0
50000172,16867.0,126298.0,185100.0
50000173,16867.0,87098.0,185100.0
50000174,111267.0,87098.0,185100.0
50000175,111267.0,126298.0,185100.0
50000176,98067.0,126298.0,185100.0
50000177,98067.0,87098.0,185100.0
50000178,111267.0,98548.0,185100.0
50000179,111267.0,114848.0,185100.0
50000180,111267.0,106698.0,185100.0
50000181,41507.0,87098.0,185100.0
50000182,41507.0,126298.0,185100.0
50000183,52947.0,87098.0,185100.0
50000184,52947.0,126298.0,185100.0
50000185,75187.0,126298.0,185100.0
50000186,75187.0,87098.0,185100.0
50000187,86627.0,126298.0,185100.0
50000188,86627.0,87098.0,185100.0
50000189,102700.0,87048.0,185100.0
50000190,102700.0,98548.0,185100.0
50000191,107467.0,87048.0,185100.0
50000192,102700.0,126348.0,185100.0
50000193,102700.0,114848.0,185100.0
50000194,107467.0,126348.0,185100.0
50000195,92347.0,126348.0,185100.0
50000196,92347.0,87048.0,185100.0
50000197,80907.0,126348.0,185100.0
50000198,80907.0,87048.0,185100.0
50000199,69467.0,126348.0,185100.0
50000200,69467.0,87048.0,185100.0
50000201,119800.0,126348.0,185100.0
50000202,115533.0,126348.0,185100.0
50000203,47227.0,126348.0,185100.0
50000204,47227.0,87048.0,185100.0
50000205,58347.0,98548.0,185100.0
50000206,58347.0,87048.0,185100.0
50000207,58347.0,114848.0,185100.0
50000208,58347.0,126348.0,185100.0
50000209,35787.0,87048.0,185100.0
50000210,35787.0,126348.0,185100.0
50000211,20667.0,126348.0,185100.0
50000212,25167.0,114848.0,185100.0
50000213,25167.0,126348.0,185100.0
50000214,25167.0,98548.0,185100.0
50000215,25167.0,87048.0,185100.0
50000216,20667.0,87048.0,185100.0
50000217,92347.0,107148.0,185100.0
50000218,92347.0,98548.0,185100.0
50000219,92347.0,114848.0,185100.0
50000220,80907.0,107148.0,185100.0
50000221,80907.0,98548.0,185100.0
50000222,80907.0,114848.0,185100.0
50000223,69467.0,107148.0,185100.0
50000224,69467.0,98548.0,185100.0
50000225,69467.0,114848.0,185100.0
50000226,47227.0,107148.0,185100.0
50000227,35787.0,107148.0,185100.0
50000228,41507.0,107148.0,185100.0
50000229,86627.0,107148.0,185100.0
50000230,75187.0,107148.0,185100.0
50000231,119800.0,106698.0,185100.0
50000232,115533.0,106698.0,185100.0
50000233,13067.0,106698.0,185100.0
50000234,9467.0,106698.0,185100.0
50000235,119800.0,98548.0,185100.0
50000236,115533.0,98548.0,185100.0
50000237,86627.0,98548.0,185100.0
50000238,75187.0,98548.0,185100.0
50000239,47227.0,98548.0,185100.0
50000240,35787.0,98548.0,185100.0
50000241,41507.0,98548.0,185100.0
50000242,13067.0,98548.0,185100.0
50000243,9467.0,98548.0,185100.0
50000244,119800.0,114848.0,185100.0
50000245,115533.0,114848.0,185100.0
50000246,86627.0,114848.0,185100.0
50000247,75187.0,114848.0,185100.0
50000248,47227.0,114848.0,185100.0
50000249,35787.0,114848.0,185100.0
50000250,41507.0,114848.0,185100.0
50000251,13067.0,114848.0,185100.0
50000252,9467.0,114848.0,185100.0
50000253,63747.0,87098.0,185100.0
50000254,63747.0,126298.0,185100.0
50000255,16867.0,108748.0,184300.0
50000256,16867.0,110198.0,184300.0
50000257,27067.0,113448.0,184500.0
50000258,27067.0,114848.0,184500.0
50000259,20667.0,107123.0,184500.0
50000260,20667.0,108798.0,184500.0
50000261,28067.0,110448.0,184500.0
50000262,30067.0,110448.0,184500.0
50000263,16867.0,107148.0,184300.0
50000264,23267.0,107148.0,184500.0
50000265,23267.0,108798.0,184500.0
50000266,17767.0,107148.0,184400.0
50000267,20167.0,107098.0,184400.0
50000268,18417.0,98548.0,184300.0
50000269,19467.0,98548.0,184300.0
50000270,28467.0,113448.0,184500.0
50000271,30067.0,113448.0,184500.0
50000272,20667.0,98548.0,184300.0
50000273,52947.0,107148.0,184300.0
50000274,52947.0,108748.0,184300.0
50000275,56347.0,113448.0,184500.0
50000276,56347.0,114848.0,184500.0
50000277,52947.0,110198.0,184300.0
50000278,53847.0,107148.0,184300.0
50000279,55947.0,107048.0,184300.0
50000280,54497.0,98548.0,184300.0
50000281,56347.0,98548.0,184300.0
50000282,107467.0,98548.0,184300.0
50000283,108667.0,98548.0,184300.0
50000284,98067.0,113448.0,184500.0
50000285,99667.0,113448.0,184500.0
50000286,107967.0,107098.0,184300.0
50000287,110367.0,107148.0,184300.0
50000288,104867.0,107148.0,184500.0
50000289,104867.0,108798.0,184500.0
50000290,111267.0,107148.0,184300.0
50000291,111267.0,108748.0,184300.0
50000292,107467.0,107123.0,184500.0
50000293,107467.0,108798.0,184500.0
50000294,101067.0,113448.0,184500.0
50000295,101067.0,114848.0,184500.0
50000296,111267.0,110198.0,184300.0
50000297,98067.0,110448.0,184500.0
50000298,100067.0,110448.0,184500.0
50000299,109717.0,98548.0,184300.0
50000300,17367.0,114848.0,185100.0
50000301,21533.0,114848.0,185100.0
50000302,22400.0,114848.0,185100.0
50000303,27767.0,114848.0,185100.0
50000304,16867.0,111060.0,185100.0
50000305,16867.0,111923.0,185100.0
50000306,16867.0,112785.0,185100.0
50000307,16867.0,109110.0,185100.0
50000308,16867.0,109473.0,185100.0
50000309,16867.0,109835.0,185100.0
50000310,27067.0,113798.0,185100.0
50000311,27067.0,114148.0,185100.0
50000312,27067.0,114498.0,185100.0
50000313,30067.0,114148.0,185100.0
50000314,27067.0,111448.0,185100.0
50000315,27067.0,112448.0,185100.0
50000316,27767.0,113448.0,185100.0
50000317,27567.0,110448.0,185100.0
50000318,30067.0,111448.0,185100.0
50000319,30067.0,112448.0,185100.0
50000320,20667.0,109345.0,185100.0
50000321,20667.0,107541.0,185100.0
50000322,20667.0,107960.0,185100.0
50000323,20667.0,108379.0,185100.0
50000324,21533.0,108798.0,185100.0
50000325,22400.0,108798.0,185100.0
50000326,23267.0,109345.0,185100.0
50000327,28567.0,110448.0,185100.0
50000328,29067.0,110448.0,185100.0
50000329,29567.0,110448.0,185100.0
50000330,16867.0,107548.0,185100.0
50000331,16867.0,107948.0,185100.0
50000332,16867.0,108348.0,185100.0
50000333,23267.0,107560.0,185100.0
50000334,23267.0,107973.0,185100.0
50000335,23267.0,108385.0,185100.0
50000336,17317.0,107148.0,185100.0
50000337,21533.0,107131.0,185100.0
50000338,22400.0,107139.0,185100.0
50000339,23267.0,106723.0,185100.0
50000340,27067.0,106723.0,185100.0
50000341,28067.0,107148.0,185100.0
50000342,29067.0,107148.0,185100.0
50000343,16867.0,101931.0,185100.0
50000344,16867.0,102814.0,185100.0
50000345,16867.0,99381.0,185100.0
50000346,16867.0,100214.0,185100.0
50000347,17317.0,101048.0,185100.0
50000348,18167.0,107139.0,185100.0
50000349,18567.0,107131.0,185100.0
50000350,18967.0,107123.0,185100.0
50000351,19367.0,107114.0,185100.0
50000352,19767.0,107106.0,185100.0
50000353,18617.0,101048.0,185100.0
50000354,20667.0,99381.0,185100.0
50000355,20667.0,100214.0,185100.0
50000356,17642.0,98548.0,185100.0
50000357,18942.0,98548.0,185100.0
50000358,21533.0,98548.0,185100.0
50000359,22400.0,98548.0,185100.0
50000360,23267.0,99070.0,185100.0
50000361,27067.0,99070.0,185100.0
50000362,28067.0,98548.0,185100.0
50000363,29067.0,98548.0,185100.0
50000364,16867.0,114248.0,185100.0
50000365,20667.0,114248.0,185100.0
50000366,20292.0,114848.0,185100.0
50000367,18142.0,114848.0,185100.0
50000368,18642.0,114848.0,185100.0
50000369,19142.0,114848.0,185100.0
50000370,19642.0,114848.0,185100.0
50000371,29267.0,114848.0,185100.0
50000372,28867.0,113448.0,185100.0
50000373,29267.0,113448.0,185100.0
50000374,29667.0,113448.0,185100.0
50000375,20067.0,101048.0,185100.0
50000376,20067.0,98548.0,185100.0
50000377,16867.0,104698.0,185100.0
50000378,16867.0,105698.0,185100.0
50000379,20667.0,106710.0,185100.0
50000380,23267.0,114248.0,185100.0
50000381,30067.0,99381.0,185100.0
50000382,30067.0,100214.0,185100.0
50000383,30067.0,100881.0,185100.0
50000384,30067.0,105281.0,185100.0
50000385,30067.0,106214.0,185100.0
50000386,30067.0,102481.0,185100.0
50000387,30067.0,103414.0,185100.0
50000388,60347.0,101873.0,185100.0
50000389,60347.0,102698.0,185100.0
50000390,60347.0,103523.0,185100.0
50000391,63747.0,111328.0,185100.0
50000392,63747.0,112208.0,185100.0
50000393,63747.0,113088.0,185100.0
50000394,63747.0,113968.0,185100.0
50000395,61022.0,114848.0,185100.0
50000396,61697.0,114848.0,185100.0
50000397,62197.0,114848.0,185100.0
50000398,62697.0,114848.0,185100.0
50000399,63197.0,114848.0,185100.0
50000400,52947.0,104560.0,185100.0
50000401,52947.0,105423.0,185100.0
50000402,52947.0,106285.0,185100.0
50000403,53722.0,98548.0,185100.0
50000404,52947.0,99381.0,185100.0
50000405,52947.0,100214.0,185100.0
50000406,52947.0,101931.0,185100.0
50000407,52947.0,102814.0,185100.0
50000408,53397.0,101048.0,185100.0
50000409,53397.0,107148.0,185100.0
50000410,52947.0,107548.0,185100.0
50000411,52947.0,107948.0,185100.0
50000412,52947.0,108348.0,185100.0
50000413,56347.0,111328.0,185100.0
50000414,56347.0,112208.0,185100.0
50000415,56347.0,113088.0,185100.0
50000416,56347.0,113798.0,185100.0
50000417,56347.0,114148.0,185100.0
50000418,56347.0,114498.0,185100.0
50000419,52947.0,109110.0,185100.0
50000420,52947.0,109473.0,185100.0
50000421,52947.0,109835.0,185100.0
50000422,52947.0,111128.0,185100.0
50000423,52947.0,112058.0,185100.0
50000424,52947.0,112988.0,185100.0
50000425,52947.0,113918.0,185100.0
50000426,53622.0,114848.0,185100.0
50000427,54297.0,114848.0,185100.0
50000428,54797.0,114848.0,185100.0
50000429,55297.0,114848.0,185100.0
50000430,55797.0,114848.0,185100.0
50000431,54372.0,107123.0,185100.0
50000432,54897.0,107098.0,185100.0
50000433,55422.0,107073.0,185100.0
50000434,61197.0,110448.0,185100.0
50000435,62047.0,110448.0,185100.0
50000436,62897.0,110448.0,185100.0
50000437,56347.0,106673.0,185100.0
50000438,56347.0,99381.0,185100.0
50000439,56347.0,100214.0,185100.0
50000440,54959.0,98548.0,185100.0
50000441,55422.0,98548.0,185100.0
50000442,55884.0,98548.0,185100.0
50000443,63747.0,102064.0,185100.0
50000444,63747.0,103081.0,185100.0
50000445,63747.0,104098.0,185100.0
50000446,63747.0,105114.0,185100.0
50000447,63747.0,106131.0,185100.0
50000448,63747.0,99381.0,185100.0
50000449,63747.0,100214.0,185100.0
50000450,54680.0,101048.0,185100.0
50000451,55513.0,101048.0,185100.0
50000452,60822.0,98548.0,185100.0
50000453,61297.0,98548.0,185100.0
50000454,61797.0,98548.0,185100.0
50000455,62297.0,98548.0,185100.0
50000456,62797.0,98548.0,185100.0
50000457,63272.0,98548.0,185100.0
50000458,61197.0,101048.0,185100.0
50000459,62047.0,101048.0,185100.0
50000460,62897.0,101048.0,185100.0
50000461,111267.0,104698.0,185100.0
50000462,111267.0,105698.0,185100.0
50000463,108067.0,98548.0,185100.0
50000464,108067.0,101048.0,185100.0
50000465,98467.0,113448.0,185100.0
50000466,98867.0,113448.0,185100.0
50000467,99267.0,113448.0,185100.0
50000468,98867.0,114848.0,185100.0
50000469,108492.0,114848.0,185100.0
50000470,108992.0,114848.0,185100.0
50000471,109492.0,114848.0,185100.0
50000472,109992.0,114848.0,185100.0
50000473,107842.0,114848.0,185100.0
50000474,107467.0,114248.0,185100.0
50000475,111267.0,114248.0,185100.0
50000476,110767.0,114848.0,185100.0
50000477,110492.0,98548.0,185100.0
50000478,99067.0,98548.0,185100.0
50000479,100067.0,98548.0,185100.0
50000480,105733.0,98548.0,185100.0
50000481,106600.0,98548.0,185100.0
50000482,101067.0,99070.0,185100.0
50000483,104867.0,99070.0,185100.0
50000484,107467.0,99381.0,185100.0
50000485,107467.0,100214.0,185100.0
50000486,109517.0,101048.0,185100.0
50000487,108367.0,107106.0,185100.0
50000488,108767.0,107114.0,185100.0
50000489,109167.0,107123.0,185100.0
50000490,109567.0,107131.0,185100.0
50000491,109967.0,107139.0,185100.0
50000492,110817.0,101048.0,185100.0
50000493,111267.0,99381.0,185100.0
50000494,111267.0,100214.0,185100.0
50000495,111267.0,101931.0,185100.0
50000496,111267.0,102814.0,185100.0
50000497,99067.0,107148.0,185100.0
50000498,100067.0,107148.0,185100.0
50000499,101067.0,106723.0,185100.0
50000500,104867.0,106723.0,185100.0
50000501,105733.0,107139.0,185100.0
50000502,106600.0,107131.0,185100.0
50000503,110817.0,107148.0,185100.0
50000504,104867.0,107560.0,185100.0
50000505,104867.0,107973.0,185100.0
50000506,104867.0,108385.0,185100.0
50000507,111267.0,107548.0,185100.0
50000508,111267.0,107948.0,185100.0
50000509,111267.0,108348.0,185100.0
50000510,104867.0,109345.0,185100.0
50000511,105733.0,108798.0,185100.0
50000512,106600.0,108798.0,185100.0
50000513,107467.0,107541.0,185100.0
50000514,107467.0,107960.0,185100.0
50000515,107467.0,108379.0,185100.0
50000516,107467.0,109345.0,185100.0
50000517,98067.0,111448.0,185100.0
50000518,98067.0,112448.0,185100.0
50000519,100567.0,110448.0,185100.0
50000520,100367.0,113448.0,185100.0
50000521,101067.0,111448.0,185100.0
50000522,101067.0,112448.0,185100.0
50000523,98067.0,114148.0,185100.0
50000524,101067.0,113798.0,185100.0
50000525,101067.0,114148.0,185100.0
50000526,101067.0,114498.0,185100.0
50000527,111267.0,109110.0,185100.0
50000528,111267.0,109473.0,185100.0
50000529,111267.0,109835.0,185100.0
50000530,111267.0,111060.0,185100.0
50000531,111267.0,111923.0,185100.0
50000532,111267.0,112785.0,185100.0
50000533,100367.0,114848.0,185100.0
50000534,105733.0,114848.0,185100.0
50000535,106600.0,114848.0,185100.0
50000536,107467.0,106710.0,185100.0
50000537,98067.0,102481.0,185100.0
50000538,98067.0,103414.0,185100.0
50000539,98067.0,105281.0,185100.0
50000540,98067.0,106214.0,185100.0
50000541,104867.0,114248.0,185100.0
50000542,98067.0,99381.0,185100.0
50000543,98067.0,100214.0,185100.0
50000544,98567.0,110448.0,185100.0
50000545,99067.0,110448.0,185100.0
50000546,99567.0,110448.0,185100.0
50000547,109192.0,98548.0,185100.0
50000548,16867.0,114848.0,184000.0
50000549,16867.0,114848.0,183166.0
50000550,16867.0,114848.0,182333.0
50000551,17867.0,114848.0,184000.0
50000552,17867.0,114848.0,183166.0
50000553,17867.0,114848.0,182333.0
50000554,20667.0,114848.0,184000.0
50000555,20667.0,114848.0,183166.0
50000556,20667.0,114848.0,182333.0
50000557,23267.0,114848.0,184100.0
50000558,23267.0,114848.0,183233.0
50000559,23267.0,114848.0,182366.0
50000560,28467.0,114848.0,184200.0
50000561,28467.0,114848.0,183300.0
50000562,28467.0,114848.0,182400.0
50000563,27067.0,110448.0,184200.0
50000564,27067.0,110448.0,183300.0
50000565,27067.0,110448.0,182400.0
50000566,20667.0,109893.0,184200.0
50000567,20667.0,109893.0,183300.0
50000568,20667.0,109893.0,182400.0
50000569,16867.0,113648.0,184000.0
50000570,16867.0,113648.0,183166.0
50000571,16867.0,113648.0,182333.0
50000572,23267.0,109893.0,184200.0
50000573,23267.0,109893.0,183300.0
50000574,23267.0,109893.0,182400.0
50000575,16867.0,106698.0,184200.0
50000576,16867.0,106698.0,183300.0
50000577,16867.0,106698.0,182400.0
50000578,23267.0,106298.0,184200.0
50000579,23267.0,106298.0,183300.0
50000580,23267.0,106298.0,182400.0
50000581,27067.0,106298.0,184200.0
50000582,27067.0,106298.0,183300.0
50000583,27067.0,106298.0,182400.0
50000584,27067.0,107148.0,184200.0
50000585,27067.0,107148.0,183300.0
50000586,27067.0,107148.0,182400.0
50000587,16867.0,101048.0,184200.0
50000588,16867.0,101048.0,183300.0
50000589,16867.0,101048.0,182400.0
50000590,16867.0,103698.0,184200.0
50000591,16867.0,103698.0,183300.0
50000592,16867.0,103698.0,182400.0
50000593,16867.0,98548.0,184200.0
50000594,16867.0,98548.0,183300.0
50000595,16867.0,98548.0,182400.0
50000596,17767.0,101048.0,184200.0
50000597,17767.0,101048.0,183300.0
50000598,17767.0,101048.0,182400.0
50000599,19467.0,101048.0,184200.0
50000600,19467.0,101048.0,183300.0
50000601,19467.0,101048.0,182400.0
50000602,20667.0,101048.0,184200.0
50000603,20667.0,101048.0,183300.0
50000604,20667.0,101048.0,182400.0
50000605,23267.0,98548.0,184200.0
50000606,23267.0,98548.0,183300.0
50000607,23267.0,98548.0,182400.0
50000608,23267.0,99593.0,184200.0
50000609,23267.0,99593.0,183300.0
50000610,23267.0,99593.0,182400.0
50000611,27067.0,98548.0,184200.0
50000612,27067.0,98548.0,183300.0
50000613,27067.0,98548.0,182400.0
50000614,27067.0,99593.0,184200.0
50000615,27067.0,99593.0,183300.0
50000616,27067.0,99593.0,182400.0
50000617,30067.0,98548.0,184200.0
50000618,30067.0,98548.0,183300.0
50000619,30067.0,98548.0,182400.0
50000620,19917.0,114848.0,184000.0
50000621,19917.0,114848.0,183166.0
50000622,19917.0,114848.0,182333.0
50000623,30067.0,114848.0,184200.0
50000624,30067.0,114848.0,183300.0
50000625,30067.0,114848.0,182400.0
50000626,20667.0,106298.0,184200.0
50000627,20667.0,106298.0,183300.0
50000628,20667.0,106298.0,182400.0
50000629,20667.0,113648.0,184000.0
50000630,20667.0,113648.0,183166.0
50000631,20667.0,113648.0,182333.0
50000632,23267.0,113648.0,184200.0
50000633,23267.0,113648.0,183300.0
50000634,23267.0,113648.0,182400.0
50000635,20667.0,101548.0,184200.0
50000636,20667.0,101548.0,183300.0
50000637,20667.0,101548.0,182400.0
50000638,30067.0,107148.0,184200.0
50000639,30067.0,107148.0,183300.0
50000640,30067.0,107148.0,182400.0
50000641,30067.0,104348.0,184200.0
50000642,30067.0,104348.0,183300.0
50000643,30067.0,104348.0,182400.0
50000644,30067.0,101548.0,184200.0
50000645,30067.0,101548.0,183300.0
50000646,30067.0,101548.0,182400.0
50000647,60347.0,101048.0,184000.0
50000648,60347.0,101048.0,183166.0
50000649,60347.0,101048.0,182333.0
50000650,60347.0,104348.0,184000.0
50000651,60347.0,104348.0,183166.0
50000652,60347.0,104348.0,182333.0
50000653,63747.0,110448.0,184000.0
50000654,63747.0,110448.0,183166.0
50000655,63747.0,110448.0,182333.0
50000656,63747.0,114848.0,184000.0
50000657,63747.0,114848.0,183166.0
50000658,63747.0,114848.0,182333.0
50000659,60347.0,114848.0,184000.0
50000660,60347.0,114848.0,183166.0
50000661,60347.0,114848.0,182333.0
50000662,52947.0,103698.0,184200.0
50000663,52947.0,103698.0,183300.0
50000664,52947.0,103698.0,182400.0
50000665,52947.0,98548.0,184200.0
50000666,52947.0,98548.0,183300.0
50000667,52947.0,98548.0,182400.0
50000668,52947.0,101048.0,184200.0
50000669,52947.0,101048.0,183300.0
50000670,52947.0,101048.0,182400.0
50000671,53847.0,101048.0,184200.0
50000672,53847.0,101048.0,183300.0
50000673,53847.0,101048.0,182400.0
50000674,56347.0,107048.0,184200.0
50000675,56347.0,107048.0,183300.0
50000676,56347.0,107048.0,182400.0
50000677,56347.0,110448.0,184200.0
50000678,56347.0,110448.0,183300.0
50000679,56347.0,110448.0,182400.0
50000680,52947.0,114848.0,184000.0
50000681,52947.0,114848.0,183166.0
50000682,52947.0,114848.0,182333.0
50000683,60347.0,110448.0,184000.0
50000684,60347.0,110448.0,183166.0
50000685,60347.0,110448.0,182333.0
50000686,56347.0,106298.0,184200.0
50000687,56347.0,106298.0,183300.0
50000688,56347.0,106298.0,182400.0
50000689,56347.0,101048.0,184200.0
50000690,56347.0,101048.0,183300.0
50000691,56347.0,101048.0,182400.0
50000692,56347.0,101548.0,184200.0
50000693,56347.0,101548.0,183300.0
50000694,56347.0,101548.0,182400.0
50000695,63747.0,101048.0,184000.0
50000696,63747.0,101048.0,183166.0
50000697,63747.0,101048.0,182333.0
50000698,63747.0,107148.0,184000.0
50000699,63747.0,107148.0,183166.0
50000700,63747.0,107148.0,182333.0
50000701,63747.0,98548.0,184000.0
50000702,63747.0,98548.0,183166.0
50000703,63747.0,98548.0,182333.0
50000704,60347.0,98548.0,184000.0
50000705,60347.0,98548.0,183166.0
50000706,60347.0,98548.0,182333.0
50000707,111267.0,103698.0,184200.0
50000708,111267.0,103698.0,183300.0
50000709,111267.0,103698.0,182400.0
50000710,111267.0,106698.0,184200.0
50000711,111267.0,106698.0,183300.0
50000712,111267.0,106698.0,182400.0
50000713,107467.0,101048.0,184200.0
50000714,107467.0,101048.0,183300.0
50000715,107467.0,101048.0,182400.0
50000716,108667.0,101048.0,184200.0
50000717,108667.0,101048.0,183300.0
50000718,108667.0,101048.0,182400.0
50000719,98067.0,114848.0,184200.0
50000720,98067.0,114848.0,183300.0
50000721,98067.0,114848.0,182400.0
50000722,99667.0,114848.0,184200.0
50000723,99667.0,114848.0,183300.0
50000724,99667.0,114848.0,182400.0
50000725,108217.0,114848.0,184000.0
50000726,108217.0,114848.0,183166.0
50000727,108217.0,114848.0,182333.0
50000728,110267.0,114848.0,184000.0
50000729,110267.0,114848.0,183166.0
50000730,110267.0,114848.0,182333.0
50000731,107467.0,114848.0,184100.0
50000732,107467.0,114848.0,183233.0
50000733,107467.0,114848.0,182366.0
50000734,107467.0,113648.0,184000.0
50000735,107467.0,113648.0,183166.0
50000736,107467.0,113648.0,182333.0
50000737,111267.0,113648.0,184200.0
50000738,111267.0,113648.0,183300.0
50000739,111267.0,113648.0,182400.0
50000740,111267.0,114848.0,184100.0
50000741,111267.0,114848.0,183233.0
50000742,111267.0,114848.0,182366.0
50000743,111267.0,98548.0,184200.0
50000744,111267.0,98548.0,183300.0
50000745,111267.0,98548.0,182400.0
50000746,98067.0,98548.0,184200.0
50000747,98067.0,98548.0,183300.0
50000748,98067.0,98548.0,182400.0
50000749,101067.0,98548.0,184200.0
50000750,101067.0,98548.0,183300.0
50000751,101067.0,98548.0,182400.0
50000752,104867.0,98548.0,184200.0
50000753,104867.0,98548.0,183300.0
50000754,104867.0,98548.0,182400.0
50000755,101067.0,99593.0,184200.0
50000756,101067.0,99593.0,183300.0
50000757,101067.0,99593.0,182400.0
50000758,104867.0,99593.0,184200.0
50000759,104867.0,99593.0,183300.0
50000760,104867.0,99593.0,182400.0
50000761,107467.0,101548.0,184200.0
50000762,107467.0,101548.0,183300.0
50000763,107467.0,101548.0,182400.0
50000764,110367.0,101048.0,184200.0
50000765,110367.0,101048.0,183300.0
50000766,110367.0,101048.0,182400.0
50000767,111267.0,101048.0,184200.0
50000768,111267.0,101048.0,183300.0
50000769,111267.0,101048.0,182400.0
50000770,98067.0,107148.0,184200.0
50000771,98067.0,107148.0,183300.0
50000772,98067.0,107148.0,182400.0
50000773,101067.0,107148.0,184200.0
50000774,101067.0,107148.0,183300.0
50000775,101067.0,107148.0,182400.0
50000776,101067.0,106298.0,184200.0
50000777,101067.0,106298.0,183300.0
50000778,101067.0,106298.0,182400.0
50000779,104867.0,106298.0,184200.0
50000780,104867.0,106298.0,183300.0
50000781,104867.0,106298.0,182400.0
50000782,104867.0,109893.0,184200.0
50000783,104867.0,109893.0,183300.0
50000784,104867.0,109893.0,182400.0
50000785,107467.0,109893.0,184200.0
50000786,107467.0,109893.0,183300.0
50000787,107467.0,109893.0,182400.0
50000788,101067.0,110448.0,184200.0
50000789,101067.0,110448.0,183300.0
50000790,101067.0,110448.0,182400.0
50000791,104867.0,114848.0,184200.0
50000792,104867.0,114848.0,183300.0
50000793,104867.0,114848.0,182400.0
50000794,107467.0,106298.0,184200.0
50000795,107467.0,106298.0,183300.0
50000796,107467.0,106298.0,182400.0
50000797,98067.0,101548.0,184200.0
50000798,98067.0,101548.0,183300.0
50000799,98067.0,101548.0,182400.0
50000800,98067.0,104348.0,184200.0
50000801,98067.0,104348.0,183300.0
50000802,98067.0,104348.0,182400.0
50000803,104867.0,113648.0,184200.0
50000804,104867.0,113648.0,183300.0
50000805,104867.0,113648.0,182400.0
50000806,98067.0,101048.0,184200.0
50000807,98067.0,101048.0,183300.0
50000808,98067.0,101048.0,182400.0
50000809,16867.0,109110.0,184300.0
50000810,16867.0,109473.0,184300.0
50000811,16867.0,109835.0,184300.0
50000812,27067.0,113798.0,184500.0
50000813,27067.0,114148.0,184500.0
50000814,27067.0,114498.0,184500.0
50000815,20667.0,107541.0,184500.0
50000816,20667.0,107960.0,184500.0
50000817,20667.0,108379.0,184500.0
50000818,28567.0,110448.0,184500.0
50000819,29067.0,110448.0,184500.0
50000820,29567.0,110448.0,184500.0
50000821,16867.0,107548.0,184300.0
50000822,16867.0,107948.0,184300.0
50000823,16867.0,108348.0,184300.0
50000824,23267.0,107560.0,184500.0
50000825,23267.0,107973.0,184500.0
50000826,23267.0,108385.0,184500.0
50000827,18167.0,107139.0,184399.0
50000828,18567.0,107131.0,184400.0
50000829,18967.0,107123.0,184400.0
50000830,19367.0,107114.0,184400.0
50000831,19767.0,107106.0,184400.0
50000832,18942.0,98548.0,184300.0
50000833,28867.0,113448.0,184500.0
50000834,29267.0,113448.0,184500.0
50000835,29667.0,113448.0,184500.0
50000836,20067.0,98548.0,184300.0
50000837,52947.0,107548.0,184300.0
50000838,52947.0,107948.0,184300.0
50000839,52947.0,108348.0,184300.0
50000840,56347.0,113798.0,184500.0
50000841,56347.0,114148.0,184500.0
50000842,56347.0,114498.0,184500.0
50000843,52947.0,109110.0,184300.0
50000844,52947.0,109473.0,184300.0
50000845,52947.0,109835.0,184300.0
50000846,54372.0,107123.0,184300.0
50000847,54897.0,107098.0,184300.0
50000848,55422.0,107073.0,184300.0
50000849,54959.0,98548.0,184300.0
50000850,55422.0,98548.0,184300.0
50000851,55884.0,98548.0,184300.0
50000852,108067.0,98548.0,184300.0
50000853,98467.0,113448.0,184500.0
50000854,98867.0,113448.0,184500.0
50000855,99267.0,113448.0,184500.0
50000856,108367.0,107106.0,184300.0
50000857,108767.0,107114.0,184300.0
50000858,109167.0,107123.0,184300.0
50000859,109567.0,107131.0,184300.0
50000860,109967.0,107139.0,184300.0
50000861,104867.0,107560.0,184500.0
50000862,104867.0,107973.0,184500.0
50000863,104867.0,108385.0,184500.0
50000864,111267.0,107548.0,184300.0
50000865,111267.0,107948.0,184300.0
50000866,111267.0,108348.0,184300.0
50000867,107467.0,107541.0,184500.0
50000868,107467.0,107960.0,184500.0
50000869,107467.0,108379.0,184500.0
50000870,101067.0,113798.0,184500.0
50000871,101067.0,114148.0,184500.0
50000872,101067.0,114498.0,184500.0
50000873,111267.0,109110.0,184300.0
50000874,111267.0,109473.0,184300.0
50000875,111267.0,109835.0,184300.0
50000876,98567.0,110448.0,184500.0
50000877,99067.0,110448.0,184500.0
50000878,99567.0,110448.0,184500.0
50000879,109192.0,98548.0,184300.0
50000880,27067.0,114848.0,183300.0
50000881,27067.0,114848.0,182400.0
50000882,27067.0,113448.0,183300.0
50000883,27067.0,113448.0,182400.0
50000884,28467.0,113448.0,183300.0
50000885,28467.0,113448.0,182400.0
50000886,20667.0,108798.0,183300.0
50000887,20667.0,108798.0,182400.0
50000888,16867.0,110198.0,183166.0
50000889,16867.0,110198.0,182333.0
50000890,28067.0,110448.0,183300.0
50000891,28067.0,110448.0,182400.0
50000892,23267.0,108798.0,183300.0
50000893,23267.0,108798.0,182400.0
50000894,16867.0,107148.0,183300.0
50000895,16867.0,107148.0,182400.0
50000896,20167.0,107098.0,183300.0
50000897,20167.0,107098.0,182400.0
50000898,20667.0,107123.0,183300.0
50000899,20667.0,107123.0,182400.0
50000900,23267.0,107148.0,183300.0
50000901,23267.0,107148.0,182400.0
50000902,20667.0,98548.0,183300.0
50000903,20667.0,98548.0,182400.0
50000904,18417.0,98548.0,183300.0
50000905,18417.0,98548.0,182400.0
50000906,17767.0,107148.0,183300.0
50000907,17767.0,107148.0,182400.0
50000908,30067.0,113448.0,183300.0
50000909,30067.0,113448.0,182400.0
50000910,30067.0,110448.0,183300.0
50000911,30067.0,110448.0,182400.0
50000912,52947.0,107148.0,183300.0
50000913,52947.0,107148.0,182400.0
50000914,54497.0,98548.0,183300.0
50000915,54497.0,98548.0,182400.0
50000916,53847.0,107148.0,183300.0
50000917,53847.0,107148.0,182400.0
50000918,55947.0,107048.0,183300.0
50000919,55947.0,107048.0,182400.0
50000920,56347.0,113448.0,183300.0
50000921,56347.0,113448.0,182400.0
50000922,52947.0,110198.0,183166.0
50000923,52947.0,110198.0,182333.0
50000924,56347.0,114848.0,183166.0
50000925,56347.0,114848.0,182333.0
50000926,56347.0,98548.0,183300.0
50000927,56347.0,98548.0,182400.0
50000928,109717.0,98548.0,183300.0
50000929,109717.0,98548.0,182400.0
50000930,107467.0,98548.0,183300.0
50000931,107467.0,98548.0,182400.0
50000932,107467.0,107123.0,183300.0
50000933,107467.0,107123.0,182400.0
50000934,107967.0,107098.0,183300.0
50000935,107967.0,107098.0,182400.0
50000936,104867.0,107148.0,183300.0
50000937,104867.0,107148.0,182400.0
50000938,110367.0,107148.0,183300.0
50000939,110367.0,107148.0,182400.0
50000940,111267.0,107148.0,183300.0
50000941,111267.0,107148.0,182400.0
50000942,104867.0,108798.0,183300.0
50000943,104867.0,108798.0,182400.0
50000944,107467.0,108798.0,183300.0
50000945,107467.0,108798.0,182400.0
50000946,98067.0,110448.0,183300.0
50000947,98067.0,110448.0,182400.0
50000948,98067.0,113448.0,183300.0
50000949,98067.0,113448.0,182400.0
50000950,100067.0,110448.0,183300.0
50000951,100067.0,110448.0,182400.0
50000952,99667.0,113448.0,183300.0
50000953,99667.0,113448.0,182400.0
50000954,101067.0,113448.0,183300.0
50000955,101067.0,113448.0,182400.0
50000956,111267.0,110198.0,183300.0
50000957,111267.0,110198.0,182400.0
50000958,101067.0,114848.0,183300.0
50000959,101067.0,114848.0,182400.0
50000960,24217.0,107148.0,185100.0
50000961,25167.0,107148.0,185100.0
50000962,26117.0,107148.0,185100.0
50000963,27067.0,108248.0,185100.0
50000964,27067.0,109348.0,185100.0
50000965,26117.0,114848.0,185100.0
50000966,24217.0,114848.0,185100.0
50000967,23267.0,112748.0,185100.0
50000968,23267.0,110870.0,185100.0
50000969,28467.0,114148.0,185100.0
50000970,17817.0,108760.0,185100.0
50000971,18767.0,108773.0,185100.0
50000972,19717.0,108785.0,185100.0
50000973,20667.0,110870.0,185100.0
50000974,20667.0,112748.0,185100.0
50000975,18892.0,113648.0,185100.0
50000976,24217.0,104348.0,185100.0
50000977,25167.0,104348.0,185100.0
50000978,26117.0,104348.0,185100.0
50000979,27067.0,105323.0,185100.0
50000980,23267.0,105323.0,185100.0
50000981,19467.0,99381.0,185100.0
50000982,19467.0,100214.0,185100.0
50000983,24217.0,101548.0,185100.0
50000984,25167.0,101548.0,185100.0
50000985,26117.0,101548.0,185100.0
50000986,27067.0,102481.0,185100.0
50000987,27067.0,103414.0,185100.0
50000988,23267.0,102481.0,185100.0
50000989,23267.0,103414.0,185100.0
50000990,24217.0,98548.0,185100.0
50000991,26117.0,98548.0,185100.0
50000992,27067.0,100570.0,185100.0
50000993,23267.0,100570.0,185100.0
50000994,56347.0,107898.0,185100.0
50000995,53797.0,108748.0,185100.0
50000996,54647.0,108748.0,185100.0
50000997,55497.0,108748.0,185100.0
50000998,108667.0,99381.0,185100.0
50000999,108667.0,100214.0,185100.0
50001000,99667.0,114148.0,185100.0
50001001,109242.0,113648.0,185100.0
50001002,108417.0,108785.0,185100.0
50001003,109367.0,108773.0,185100.0
50001004,110317.0,108760.0,185100.0
50001005,107467.0,112748.0,185100.0
50001006,107467.0,110870.0,185100.0
50001007,101883.0,98548.0,185100.0
50001008,103783.0,98548.0,185100.0
50001009,104867.0,100570.0,185100.0
50001010,102017.0,101548.0,185100.0
50001011,102967.0,101548.0,185100.0
50001012,103917.0,101548.0,185100.0
50001013,101067.0,100570.0,185100.0
50001014,102017.0,104348.0,185100.0
50001015,102967.0,104348.0,185100.0
50001016,103917.0,104348.0,185100.0
50001017,104867.0,105323.0,185100.0
50001018,102017.0,107148.0,185100.0
50001019,102967.0,107148.0,185100.0
50001020,103917.0,107148.0,185100.0
50001021,101067.0,105323.0,185100.0
50001022,104867.0,110870.0,185100.0
50001023,104867.0,112748.0,185100.0
50001024,103783.0,114848.0,185100.0
50001025,101883.0,114848.0,185100.0
50001026,101067.0,108248.0,185100.0
50001027,101067.0,109348.0,185100.0
50001028,104867.0,102481.0,185100.0
50001029,104867.0,103414.0,185100.0
50001030,101067.0,102481.0,185100.0
50001031,101067.0,103414.0,185100.0
50001034,64243.0,106653.0,185100.0
50001035,108667.0,98548.0,184700.0
50001036,109192.0,98548.0,184700.0
50001037,109717.0,98548.0,184700.0
50001038,98067.0,110448.0,184800.0
50001039,98567.0,110448.0,184800.0
50001040,99067.0,110448.0,184800.0
50001041,99567.0,110448.0,184800.0
50001042,100067.0,110448.0,184800.0
50001043,111267.0,108748.0,184700.0
50001044,111267.0,109110.0,184700.0
50001045,111267.0,109473.0,184700.0
50001046,111267.0,109835.0,184700.0
50001047,111267.0,110198.0,184700.0
50001048,101067.0,113448.0,184800.0
50001049,101067.0,113798.0,184800.0
50001050,101067.0,114148.0,184800.0
50001051,101067.0,114498.0,184800.0
50001052,101067.0,114848.0,184800.0
50001053,107467.0,107123.0,184800.0
50001054,107467.0,107541.0,184800.0
50001055,107467.0,107960.0,184800.0
50001056,107467.0,108379.0,184800.0
50001057,107467.0,108798.0,184800.0
50001058,111267.0,107148.0,184700.0
50001059,111267.0,107548.0,184700.0
50001060,111267.0,107948.0,184700.0
50001061,111267.0,108348.0,184700.0
50001062,104867.0,107148.0,184800.0
50001063,104867.0,107560.0,184800.0
50001064,104867.0,107973.0,184800.0
50001065,104867.0,108385.0,184800.0
50001066,104867.0,108798.0,184800.0
50001067,107967.0,107098.0,184700.0
50001068,108367.0,107106.0,184700.0
50001069,108767.0,107114.0,184700.0
50001070,109167.0,107123.0,184700.0
50001071,109567.0,107131.0,184700.0
50001072,109967.0,107139.0,184700.0
50001073,110367.0,107148.0,184700.0
50001074,98067.0,113448.0,184800.0
50001075,98467.0,113448.0,184800.0
50001076,98867.0,113448.0,184800.0
50001077,99267.0,113448.0,184800.0
50001078,99667.0,113448.0,184800.0
50001079,107467.0,98548.0,184700.0
50001080,108067.0,98548.0,184700.0
50001081,54497.0,98548.0,184700.0
50001082,54959.0,98548.0,184700.0
50001083,55422.0,98548.0,184700.0
50001084,55884.0,98548.0,184700.0
50001085,56347.0,98548.0,184700.0
50001086,53847.0,107148.0,184700.0
50001087,54372.0,107123.0,184700.0
50001088,54897.0,107098.0,184700.0
50001089,55422.0,107073.0,184700.0
50001090,55947.0,107048.0,184700.0
50001091,52947.0,108748.0,184700.0
50001092,52947.0,109110.0,184700.0
50001093,52947.0,109473.0,184700.0
50001094,52947.0,109835.0,184700.0
50001095,52947.0,110198.0,184700.0
50001096,56347.0,113448.0,184800.0
50001097,56347.0,113798.0,184800.0
50001098,56347.0,114148.0,184800.0
50001099,56347.0,114498.0,184800.0
50001100,56347.0,114848.0,184800.0
50001101,52947.0,107148.0,184700.0
50001102,52947.0,107548.0,184700.0
50001103,52947.0,107948.0,184700.0
50001104,52947.0,108348.0,184700.0
50001105,19467.0,98548.0,184700.0
50001106,20067.0,98548.0,184700.0
50001107,20667.0,98548.0,184700.0
50001108,28467.0,113448.0,184800.0
50001109,28867.0,113448.0,184800.0
50001110,29267.0,113448.0,184800.0
50001111,29667.0,113448.0,184800.0
50001112,30067.0,113448.0,184800.0
50001113,18417.0,98548.0,184700.0
50001114,18942.0,98548.0,184700.0
50001115,17767.0,107148.0,184750.0
50001116,18167.0,107139.0,184750.0
50001117,18567.0,107131.0,184750.0
50001118,18967.0,107123.0,184750.0
50001119,19367.0,107114.0,184750.0
50001120,19767.0,107106.0,184750.0
50001121,20167.0,107098.0,184750.0
50001122,23267.0,107148.0,184800.0
50001123,23267.0,107560.0,184800.0
50001124,23267.0,107973.0,184800.0
50001125,23267.0,108385.0,184800.0
50001126,23267.0,108798.0,184800.0
50001127,16867.0,107148.0,184700.0
50001128,16867.0,107548.0,184700.0
50001129,16867.0,107948.0,184700.0
50001130,16867.0,108348.0,184700.0
50001131,16867.0,108748.0,184700.0
50001132,28067.0,110448.0,184800.0
50001133,28567.0,110448.0,184800.0
50001134,29067.0,110448.0,184800.0
50001135,29567.0,110448.0,184800.0
50001136,30067.0,110448.0,184800.0
50001137,20667.0,107123.0,184800.0
50001138,20667.0,107541.0,184800.0
50001139,20667.0,107960.0,184800.0
50001140,20667.0,108379.0,184800.0
50001141,20667.0,108798.0,184800.0
50001142,27067.0,113448.0,184800.0
50001143,27067.0,113798.0,184800.0
50001144,27067.0,114148.0,184800.0
50001145,27067.0,114498.0,184800.0
50001146,27067.0,114848.0,184800.0
50001147,16867.0,109110.0,184700.0
50001148,16867.0,109473.0,184700.0
50001149,16867.0,109835.0,184700.0
50001150,16867.0,110198.0,184700.0
50001151,17367.0,114848.0,184000.0
50001152,17367.0,114848.0,182333.0
50001153,17367.0,114848.0,183166.0
50001154,21533.0,114848.0,184100.0
50001155,22400.0,114848.0,184100.0
50001156,21533.0,114848.0,182366.0
50001157,22400.0,114848.0,182366.0
50001158,21533.0,114848.0,183233.0
50001159,22400.0,114848.0,183233.0
50001160,27767.0,114848.0,184200.0
50001161,27767.0,114848.0,182400.0
50001162,27767.0,114848.0,183300.0
50001163,16867.0,111060.0,184300.0
50001164,16867.0,111923.0,184300.0
50001165,16867.0,112785.0,184300.0
50001166,16867.0,111060.0,182333.0
50001167,16867.0,111923.0,182333.0
50001168,16867.0,112785.0,182333.0
50001169,16867.0,111060.0,183166.0
50001170,16867.0,112785.0,183166.0
50001171,16867.0,111923.0,183166.0
50001172,30067.0,114148.0,184200.0
50001173,30067.0,114148.0,182400.0
50001174,30067.0,114148.0,183300.0
50001175,27067.0,111448.0,184200.0
50001176,27067.0,112448.0,184200.0
50001177,27067.0,111448.0,182400.0
50001178,27067.0,112448.0,182400.0
50001179,27067.0,111448.0,183300.0
50001180,27067.0,112448.0,183300.0
50001181,27767.0,113448.0,184500.0
50001182,27767.0,113448.0,182400.0
50001183,27767.0,113448.0,183300.0
50001184,27567.0,110448.0,184200.0
50001185,27567.0,110448.0,182400.0
50001186,27567.0,110448.0,183300.0
50001187,30067.0,111448.0,184500.0
50001188,30067.0,112448.0,184500.0
50001189,30067.0,111448.0,182400.0
50001190,30067.0,112448.0,182400.0
50001191,30067.0,111448.0,183300.0
50001192,30067.0,112448.0,183300.0
50001193,20667.0,109345.0,184200.0
50001194,20667.0,109345.0,182400.0
50001195,20667.0,109345.0,183300.0
50001196,21533.0,108798.0,184500.0
50001197,22400.0,108798.0,184500.0
50001198,21533.0,108798.0,182400.0
50001199,22400.0,108798.0,182400.0
50001200,21533.0,108798.0,183300.0
50001201,22400.0,108798.0,183300.0
50001202,23267.0,109345.0,184200.0
50001203,23267.0,109345.0,182400.0
50001204,23267.0,109345.0,183300.0
50001205,17317.0,107148.0,184300.0
50001206,17317.0,107148.0,182400.0
50001207,17317.0,107148.0,183300.0
50001208,21533.0,107131.0,184500.0
50001209,22400.0,107139.0,184500.0
50001210,21533.0,107131.0,182400.0
50001211,22400.0,107139.0,182400.0
50001212,21533.0,107131.0,183300.0
50001213,22400.0,107139.0,183300.0
50001214,23267.0,106723.0,184200.0
50001215,23267.0,106723.0,182400.0
50001216,23267.0,106723.0,183300.0
50001217,27067.0,106723.0,184200.0
50001218,27067.0,106723.0,182400.0
50001219,27067.0,106723.0,183300.0
50001220,28067.0,107148.0,184200.0
50001221,29067.0,107148.0,184200.0
50001222,28067.0,107148.0,182400.0
50001223,29067.0,107148.0,182400.0
50001224,28067.0,107148.0,183300.0
50001225,29067.0,107148.0,183300.0
50001226,16867.0,101931.0,184200.0
50001227,16867.0,102814.0,184200.0
50001228,16867.0,101931.0,182400.0
50001229,16867.0,102814.0,182400.0
50001230,16867.0,101931.0,183300.0
50001231,16867.0,102814.0,183300.0
50001232,16867.0,99381.0,184200.0
50001233,16867.0,100214.0,184200.0
50001234,16867.0,99381.0,182400.0
50001235,16867.0,100214.0,182400.0
50001236,16867.0,99381.0,183300.0
50001237,16867.0,100214.0,183300.0
50001238,17317.0,101048.0,184200.0
50001239,17317.0,101048.0,182400.0
50001240,17317.0,101048.0,183300.0
50001241,18617.0,101048.0,184200.0
50001242,18617.0,101048.0,182400.0
50001243,18617.0,101048.0,183300.0
50001244,20667.0,99381.0,184200.0
50001245,20667.0,100214.0,184200.0
50001246,20667.0,99381.0,182400.0
50001247,20667.0,100214.0,182400.0
50001248,20667.0,99381.0,183300.0
50001249,20667.0,100214.0,183300.0
50001250,17642.0,98548.0,184200.0
50001251,17642.0,98548.0,182400.0
50001252,17642.0,98548.0,183300.0
50001253,21533.0,98548.0,184200.0
50001254,22400.0,98548.0,184200.0
50001255,21533.0,98548.0,182400.0
50001256,22400.0,98548.0,182400.0
50001257,21533.0,98548.0,183300.0
50001258,22400.0,98548.0,183300.0
50001259,23267.0,99070.0,184200.0
50001260,23267.0,99070.0,182400.0
50001261,23267.0,99070.0,183300.0
50001262,27067.0,99070.0,184200.0
50001263,27067.0,99070.0,182400.0
50001264,27067.0,99070.0,183300.0
50001265,28067.0,98548.0,184200.0
50001266,29067.0,98548.0,184200.0
50001267,28067.0,98548.0,182400.0
50001268,29067.0,98548.0,182400.0
50001269,28067.0,98548.0,183300.0
50001270,29067.0,98548.0,183300.0
50001271,16867.0,114248.0,184000.0
50001272,16867.0,114248.0,182333.0
50001273,16867.0,114248.0,183166.0
50001274,20667.0,114248.0,184000.0
50001275,20667.0,114248.0,182333.0
50001276,20667.0,114248.0,183166.0
50001277,20292.0,114848.0,184000.0
50001278,20292.0,114848.0,182333.0
50001279,20292.0,114848.0,183166.0
50001280,18142.0,114848.0,184000.0
50001281,18145.0,114848.0,184550.0
50001282,18642.0,114848.0,184550.0
50001283,19142.0,114848.0,184550.0
50001284,19639.0,114848.0,184550.0
50001285,19642.0,114848.0,184000.0
50001286,18142.0,114848.0,182333.0
50001287,19642.0,114848.0,182333.0
50001288,18142.0,114848.0,183166.0
50001289,19642.0,114848.0,183166.0
50001290,18642.0,114848.0,184000.0
50001291,19142.0,114848.0,184000.0
50001292,29267.0,114848.0,184200.0
50001293,29267.0,114848.0,182400.0
50001294,29267.0,114848.0,183300.0
50001295,20067.0,101048.0,184200.0
50001296,20067.0,101048.0,182400.0
50001297,20067.0,101048.0,183300.0
50001298,16867.0,104698.0,184200.0
50001299,16867.0,105698.0,184200.0
50001300,16867.0,104698.0,182400.0
50001301,16867.0,105698.0,182400.0
50001302,16867.0,104698.0,183300.0
50001303,16867.0,105698.0,183300.0
50001304,20667.0,106710.0,184200.0
50001305,20667.0,106710.0,182400.0
50001306,20667.0,106710.0,183300.0
50001307,23267.0,114248.0,184200.0
50001308,23267.0,114248.0,182400.0
50001309,23267.0,114248.0,183300.0
50001310,30067.0,99381.0,184200.0
50001311,30067.0,100214.0,184200.0
50001312,30067.0,100881.0,184200.0
50001313,30067.0,99381.0,182400.0
50001314,30067.0,100214.0,182400.0
50001315,30067.0,100881.0,182400.0
50001316,30067.0,99381.0,183300.0
50001317,30067.0,100881.0,183300.0
50001318,30067.0,100214.0,183300.0
50001319,30067.0,105281.0,184200.0
50001320,30067.0,106214.0,184200.0
50001321,30067.0,105281.0,182400.0
50001322,30067.0,106214.0,182400.0
50001323,30067.0,105281.0,183300.0
50001324,30067.0,106214.0,183300.0
50001325,30067.0,102481.0,184200.0
50001326,30067.0,103414.0,184200.0
50001327,30067.0,102481.0,182400.0
50001328,30067.0,103414.0,182400.0
50001329,30067.0,102481.0,183300.0
50001330,30067.0,103414.0,183300.0
50001331,60347.0,101873.0,184000.0
50001332,60347.0,102698.0,184000.0
50001333,60347.0,103523.0,184000.0
50001334,60347.0,101873.0,182333.0
50001335,60347.0,102698.0,182333.0
50001336,60347.0,103523.0,182333.0
50001337,60347.0,101873.0,183166.0
50001338,60347.0,103523.0,183166.0
50001339,60347.0,102698.0,183166.0
50001340,63747.0,111328.0,184000.0
50001341,63747.0,112208.0,184000.0
50001342,63747.0,113088.0,184000.0
50001343,63747.0,113968.0,184000.0
50001344,63747.0,111328.0,182333.0
50001345,63747.0,112208.0,182333.0
50001346,63747.0,113088.0,182333.0
50001347,63747.0,113968.0,182333.0
50001348,63747.0,111328.0,183166.0
50001349,63747.0,113968.0,183166.0
50001350,63747.0,112208.0,183166.0
50001351,63747.0,113088.0,183166.0
50001352,61022.0,114848.0,184000.0
50001353,61697.0,114848.0,184000.0
50001354,61700.0,114848.0,184550.0
50001355,62197.0,114848.0,184550.0
50001356,62697.0,114848.0,184550.0
50001357,63194.0,114848.0,184550.0
50001358,63197.0,114848.0,184000.0
50001359,61022.0,114848.0,182333.0
50001360,61697.0,114848.0,182333.0
50001361,63197.0,114848.0,182333.0
50001362,61022.0,114848.0,183166.0
50001363,63197.0,114848.0,183166.0
50001364,62197.0,114848.0,184000.0
50001365,61697.0,114848.0,183166.0
50001366,62697.0,114848.0,184000.0
50001367,52947.0,104560.0,184200.0
50001368,52947.0,105423.0,184200.0
50001369,52947.0,106285.0,184200.0
50001370,52947.0,104560.0,182400.0
50001371,52947.0,105423.0,182400.0
50001372,52947.0,106285.0,182400.0
50001373,52947.0,104560.0,183300.0
50001374,52947.0,106285.0,183300.0
50001375,52947.0,105423.0,183300.0
50001376,53722.0,98548.0,184200.0
50001377,53722.0,98548.0,182400.0
50001378,53722.0,98548.0,183300.0
50001379,52947.0,99381.0,184200.0
50001380,52947.0,100214.0,184200.0
50001381,52947.0,99381.0,182400.0
50001382,52947.0,100214.0,182400.0
50001383,52947.0,99381.0,183300.0
50001384,52947.0,100214.0,183300.0
50001385,52947.0,101931.0,184200.0
50001386,52947.0,102814.0,184200.0
50001387,52947.0,101931.0,182400.0
50001388,52947.0,102814.0,182400.0
50001389,52947.0,101931.0,183300.0
50001390,52947.0,102814.0,183300.0
50001391,53397.0,101048.0,184200.0
50001392,53397.0,101048.0,182400.0
50001393,53397.0,101048.0,183300.0
50001394,53397.0,107148.0,184300.0
50001395,53397.0,107148.0,182400.0
50001396,53397.0,107148.0,183300.0
50001397,56347.0,111328.0,184200.0
50001398,56347.0,112208.0,184200.0
50001399,56347.0,113088.0,184200.0
50001400,56347.0,111328.0,182400.0
50001401,56347.0,112208.0,182400.0
50001402,56347.0,113088.0,182400.0
50001403,56347.0,111328.0,183300.0
50001404,56347.0,113088.0,183300.0
50001405,56347.0,112208.0,183300.0
50001406,52947.0,111128.0,184300.0
50001407,52947.0,112058.0,184300.0
50001408,52947.0,112988.0,184300.0
50001409,52947.0,113918.0,184300.0
50001410,52947.0,111128.0,182333.0
50001411,52947.0,112058.0,182333.0
50001412,52947.0,112988.0,182333.0
50001413,52947.0,113918.0,182333.0
50001414,52947.0,111128.0,183166.0
50001415,52947.0,113918.0,183166.0
50001416,52947.0,112058.0,183166.0
50001417,52947.0,112988.0,183166.0
50001418,53622.0,114848.0,184000.0
50001419,54297.0,114848.0,184000.0
50001420,54300.0,114848.0,184550.0
50001421,54797.0,114848.0,184550.0
50001422,55297.0,114848.0,184550.0
50001423,55794.0,114848.0,184550.0
50001424,55797.0,114848.0,184000.0
50001425,53622.0,114848.0,182333.0
50001426,54297.0,114848.0,182333.0
50001427,55797.0,114848.0,182333.0
50001428,53622.0,114848.0,183166.0
50001429,55797.0,114848.0,183166.0
50001430,54797.0,114848.0,184000.0
50001431,54297.0,114848.0,183166.0
50001432,55297.0,114848.0,184000.0
50001433,61197.0,110448.0,184000.0
50001434,62047.0,110448.0,184000.0
50001435,62897.0,110448.0,184000.0
50001436,61197.0,110448.0,182333.0
50001437,62047.0,110448.0,182333.0
50001438,62897.0,110448.0,182333.0
50001439,61197.0,110448.0,183166.0
50001440,62897.0,110448.0,183166.0
50001441,62047.0,110448.0,183166.0
50001442,56347.0,106673.0,184200.0
50001443,56347.0,106673.0,182400.0
50001444,56347.0,106673.0,183300.0
50001445,56347.0,99381.0,184200.0
50001446,56347.0,100214.0,184200.0
50001447,56347.0,99381.0,182400.0
50001448,56347.0,100214.0,182400.0
50001449,56347.0,99381.0,183300.0
50001450,56347.0,100214.0,183300.0
50001451,63747.0,102064.0,184000.0
50001452,63747.0,103081.0,184000.0
50001453,63747.0,104098.0,184000.0
50001454,63747.0,105114.0,184000.0
50001455,63747.0,106131.0,184000.0
50001456,63747.0,102064.0,182333.0
50001457,63747.0,103081.0,182333.0
50001458,63747.0,104098.0,182333.0
50001459,63747.0,105114.0,182333.0
50001460,63747.0,106131.0,182333.0
50001461,63747.0,102064.0,183166.0
50001462,63747.0,106131.0,183166.0
50001463,63747.0,103081.0,183166.0
50001464,63747.0,104098.0,183166.0
50001465,63747.0,105114.0,183166.0
50001466,63747.0,99381.0,184000.0
50001467,63747.0,100214.0,184000.0
50001468,63747.0,99381.0,182333.0
50001469,63747.0,100214.0,182333.0
50001470,63747.0,99381.0,183166.0
50001471,63747.0,100214.0,183166.0
50001472,54680.0,101048.0,184200.0
50001473,55513.0,101048.0,184200.0
50001474,54680.0,101048.0,182400.0
50001475,55513.0,101048.0,182400.0
50001476,54680.0,101048.0,183300.0
50001477,55513.0,101048.0,183300.0
50001478,60822.0,98548.0,184000.0
50001479,61297.0,98548.0,184000.0
50001480,61300.0,98548.0,184550.0
50001481,61797.0,98548.0,184550.0
50001482,62297.0,98548.0,184550.0
50001483,62794.0,98548.0,184550.0
50001484,62797.0,98548.0,184000.0
50001485,63272.0,98548.0,184000.0
50001486,60822.0,98548.0,182333.0
50001487,61297.0,98548.0,182333.0
50001488,63272.0,98548.0,182333.0
50001489,62797.0,98548.0,182333.0
50001490,60822.0,98548.0,183166.0
50001491,63272.0,98548.0,183166.0
50001492,61797.0,98548.0,184000.0
50001493,61297.0,98548.0,183166.0
50001494,62297.0,98548.0,184000.0
50001495,62797.0,98548.0,183166.0
50001496,61197.0,101048.0,184000.0
50001497,62047.0,101048.0,184000.0
50001498,62897.0,101048.0,184000.0
50001499,61197.0,101048.0,182333.0
50001500,62047.0,101048.0,182333.0
50001501,62897.0,101048.0,182333.0
50001502,61197.0,101048.0,183166.0
50001503,62897.0,101048.0,183166.0
50001504,62047.0,101048.0,183166.0
50001505,111267.0,104698.0,184200.0
50001506,111267.0,105698.0,184200.0
50001507,111267.0,104698.0,182400.0
50001508,111267.0,105698.0,182400.0
50001509,111267.0,104698.0,183300.0
50001510,111267.0,105698.0,183300.0
50001511,108067.0,101048.0,184200.0
50001512,108067.0,101048.0,182400.0
50001513,108067.0,101048.0,183300.0
50001514,98867.0,114848.0,184200.0
50001515,98867.0,114848.0,182400.0
50001516,98867.0,114848.0,183300.0
50001517,108492.0,114848.0,184000.0
50001518,108495.0,114848.0,184550.0
50001519,108992.0,114848.0,184550.0
50001520,109492.0,114848.0,184550.0
50001521,109989.0,114848.0,184550.0
50001522,109992.0,114848.0,184000.0
50001523,108492.0,114848.0,182333.0
50001524,109992.0,114848.0,182333.0
50001525,108492.0,114848.0,183166.0
50001526,109992.0,114848.0,183166.0
50001527,108992.0,114848.0,184000.0
50001528,109492.0,114848.0,184000.0
50001529,107842.0,114848.0,184100.0
50001530,107842.0,114848.0,182366.0
50001531,107842.0,114848.0,183233.0
50001532,107467.0,114248.0,184100.0
50001533,107467.0,114248.0,182366.0
50001534,107467.0,114248.0,183233.0
50001535,111267.0,114248.0,184200.0
50001536,111267.0,114248.0,182400.0
50001537,111267.0,114248.0,183300.0
50001538,110767.0,114848.0,184100.0
50001539,110767.0,114848.0,182366.0
50001540,110767.0,114848.0,183233.0
50001541,110492.0,98548.0,184200.0
50001542,110492.0,98548.0,182400.0
50001543,110492.0,98548.0,183300.0
50001544,99067.0,98548.0,184200.0
50001545,100067.0,98548.0,184200.0
50001546,99067.0,98548.0,182400.0
50001547,100067.0,98548.0,182400.0
50001548,99067.0,98548.0,183300.0
50001549,100067.0,98548.0,183300.0
50001550,105733.0,98548.0,184200.0
50001551,106600.0,98548.0,184200.0
50001552,105733.0,98548.0,182400.0
50001553,106600.0,98548.0,182400.0
50001554,105733.0,98548.0,183300.0
50001555,106600.0,98548.0,183300.0
50001556,101067.0,99070.0,184200.0
50001557,101067.0,99070.0,182400.0
50001558,101067.0,99070.0,183300.0
50001559,104867.0,99070.0,184200.0
50001560,104867.0,99070.0,182400.0
50001561,104867.0,99070.0,183300.0
50001562,107467.0,99381.0,184200.0
50001563,107467.0,100214.0,184200.0
50001564,107467.0,99381.0,182400.0
50001565,107467.0,100214.0,182400.0
50001566,107467.0,99381.0,183300.0
50001567,107467.0,100214.0,183300.0
50001568,109517.0,101048.0,184200.0
50001569,109517.0,101048.0,182400.0
50001570,109517.0,101048.0,183300.0
50001571,110817.0,101048.0,184200.0
50001572,110817.0,101048.0,182400.0
50001573,110817.0,101048.0,183300.0
50001574,111267.0,99381.0,184200.0
50001575,111267.0,100214.0,184200.0
50001576,111267.0,99381.0,182400.0
50001577,111267.0,100214.0,182400.0
50001578,111267.0,99381.0,183300.0
50001579,111267.0,100214.0,183300.0
50001580,111267.0,101931.0,184200.0
50001581,111267.0,102814.0,184200.0
50001582,111267.0,101931.0,182400.0
50001583,111267.0,102814.0,182400.0
50001584,111267.0,101931.0,183300.0
50001585,111267.0,102814.0,183300.0
50001586,99067.0,107148.0,184200.0
50001587,100067.0,107148.0,184200.0
50001588,99067.0,107148.0,182400.0
50001589,100067.0,107148.0,182400.0
50001590,99067.0,107148.0,183300.0
50001591,100067.0,107148.0,183300.0
50001592,101067.0,106723.0,184200.0
50001593,101067.0,106723.0,182400.0
50001594,101067.0,106723.0,183300.0
50001595,104867.0,106723.0,184200.0
50001596,104867.0,106723.0,182400.0
50001597,104867.0,106723.0,183300.0
50001598,105733.0,107139.0,184500.0
50001599,106600.0,107131.0,184500.0
50001600,105733.0,107139.0,182400.0
50001601,106600.0,107131.0,182400.0
50001602,105733.0,107139.0,183300.0
50001603,106600.0,107131.0,183300.0
50001604,110817.0,107148.0,184300.0
50001605,110817.0,107148.0,182400.0
50001606,110817.0,107148.0,183300.0
50001607,104867.0,109345.0,184200.0
50001608,104867.0,109345.0,182400.0
50001609,104867.0,109345.0,183300.0
50001610,105733.0,108798.0,184500.0
50001611,106600.0,108798.0,184500.0
50001612,105733.0,108798.0,182400.0
50001613,106600.0,108798.0,182400.0
50001614,105733.0,108798.0,183300.0
50001615,106600.0,108798.0,183300.0
50001616,107467.0,109345.0,184200.0
50001617,107467.0,109345.0,182400.0
50001618,107467.0,109345.0,183300.0
50001619,98067.0,111448.0,184500.0
50001620,98067.0,112448.0,184500.0
50001621,98067.0,111448.0,182400.0
50001622,98067.0,112448.0,182400.0
50001623,98067.0,111448.0,183300.0
50001624,98067.0,112448.0,183300.0
50001625,100567.0,110448.0,184200.0
50001626,100567.0,110448.0,182400.0
50001627,100567.0,110448.0,183300.0
50001628,100367.0,113448.0,184500.0
50001629,100367.0,113448.0,182400.0
50001630,100367.0,113448.0,183300.0
50001631,101067.0,111448.0,184200.0
50001632,101067.0,112448.0,184200.0
50001633,101067.0,111448.0,182400.0
50001634,101067.0,112448.0,182400.0
50001635,101067.0,111448.0,183300.0
50001636,101067.0,112448.0,183300.0
50001637,98067.0,114148.0,184200.0
50001638,98067.0,114148.0,182400.0
50001639,98067.0,114148.0,183300.0
50001640,111267.0,111060.0,184200.0
50001641,111267.0,111923.0,184200.0
50001642,111267.0,112785.0,184200.0
50001643,111267.0,111060.0,182400.0
50001644,111267.0,111923.0,182400.0
50001645,111267.0,112785.0,182400.0
50001646,111267.0,111060.0,183300.0
50001647,111267.0,112785.0,183300.0
50001648,111267.0,111923.0,183300.0
50001649,100367.0,114848.0,184200.0
50001650,100367.0,114848.0,182400.0
50001651,100367.0,114848.0,183300.0
50001652,105733.0,114848.0,184200.0
50001653,106600.0,114848.0,184200.0
50001654,105733.0,114848.0,182400.0
50001655,106600.0,114848.0,182400.0
50001656,105733.0,114848.0,183300.0
50001657,106600.0,114848.0,183300.0
50001658,107467.0,106710.0,184200.0
50001659,107467.0,106710.0,182400.0
50001660,107467.0,106710.0,183300.0
50001661,98067.0,102481.0,184200.0
50001662,98067.0,103414.0,184200.0
50001663,98067.0,102481.0,182400.0
50001664,98067.0,103414.0,182400.0
50001665,98067.0,102481.0,183300.0
50001666,98067.0,103414.0,183300.0
50001667,98067.0,105281.0,184200.0
50001668,98067.0,106214.0,184200.0
50001669,98067.0,105281.0,182400.0
50001670,98067.0,106214.0,182400.0
50001671,98067.0,105281.0,183300.0
50001672,98067.0,106214.0,183300.0
50001673,104867.0,114248.0,184200.0
50001674,104867.0,114248.0,182400.0
50001675,104867.0,114248.0,183300.0
50001676,98067.0,99381.0,184200.0
50001677,98067.0,100214.0,184200.0
50001678,98067.0,99381.0,182400.0
50001679,98067.0,100214.0,182400.0
50001680,98067.0,99381.0,183300.0
50001681,98067.0,100214.0,183300.0
50001682,24217.0,113842.0,185100.0
50001683,24217.0,112888.0,185100.0
50001684,24217.0,111942.0,185100.0
50001685,24217.0,110977.0,185100.0
50001686,24217.0,109999.0,185100.0
50001687,24217.0,109011.0,185100.0
50001688,24217.0,108071.0,185100.0
50001689,25167.0,113929.0,185100.0
50001690,25167.0,113007.0,185100.0
50001691,25167.0,112066.0,185100.0
50001692,25167.0,111102.0,185100.0
50001693,25167.0,110119.0,185100.0
50001694,25167.0,109126.0,185100.0
50001695,25167.0,108135.0,185100.0
50001696,26117.0,114015.0,185100.0
50001697,26117.0,113157.0,185100.0
50001698,26117.0,112223.0,185100.0
50001699,26117.0,111253.0,185100.0
50001700,26117.0,110256.0,185100.0
50001701,26117.0,109228.0,185100.0
50001702,26117.0,108189.0,185100.0
50001703,27767.0,114148.0,185100.0
50001704,29267.0,114148.0,185100.0
50001705,17833.0,112807.0,185100.0
50001706,17803.0,111978.0,185100.0
50001707,17814.0,109560.0,185100.0
50001708,17803.0,110360.0,185100.0
50001709,17797.0,111175.0,185100.0
50001710,18747.0,110499.0,185100.0
50001711,18711.0,111308.0,185100.0
50001712,18758.0,109644.0,185100.0
50001713,18725.0,111989.0,185100.0
50001714,18796.0,112799.0,185100.0
50001715,19605.0,111720.0,185100.0
50001716,19687.0,110724.0,185100.0
50001717,19711.0,109759.0,185100.0
50001718,19736.0,112715.0,185100.0
50001719,17727.0,107952.0,185100.0
50001720,18522.0,107951.0,185100.0
50001721,19173.0,107945.0,185100.0
50001722,19928.0,107945.0,185100.0
50001723,21533.0,107964.0,185100.0
50001724,22400.0,107968.0,185100.0
50001725,24217.0,106235.0,185100.0
50001726,24217.0,105296.0,185100.0
50001727,25167.0,106224.0,185100.0
50001728,25167.0,105289.0,185100.0
50001729,26117.0,106235.0,185100.0
50001730,26117.0,105296.0,185100.0
50001731,17733.0,100214.0,185100.0
50001732,17704.0,99381.0,185100.0
50001733,18596.0,100214.0,185100.0
50001734,18559.0,99381.0,185100.0
50001735,24217.0,103414.0,185100.0
50001736,24217.0,102481.0,185100.0
50001737,25167.0,103414.0,185100.0
50001738,25167.0,102481.0,185100.0
50001739,26117.0,103414.0,185100.0
50001740,26117.0,102481.0,185100.0
50001741,24217.0,100556.0,185100.0
50001742,24217.0,99559.0,185100.0
50001743,25167.0,100552.0,185100.0
50001744,25167.0,99553.0,185100.0
50001745,26117.0,100556.0,185100.0
50001746,26117.0,99559.0,185100.0
50001747,53835.0,107943.0,185100.0
50001748,54736.0,107923.0,185100.0
50001749,55602.0,107903.0,185100.0
50001750,109538.0,100214.0,185100.0
50001751,109574.0,99381.0,185100.0
50001752,110401.0,100214.0,185100.0
50001753,110429.0,99381.0,185100.0
50001754,98867.0,114148.0,185100.0
50001755,100367.0,114148.0,185100.0
50001756,108372.0,112745.0,185100.0
50001757,108436.0,111814.0,185100.0
50001758,108445.0,109786.0,185100.0
50001759,108536.0,110807.0,185100.0
50001760,109424.0,111113.0,185100.0
50001761,109371.0,111930.0,185100.0
50001762,109425.0,110435.0,185100.0
50001763,109388.0,109627.0,185100.0
50001764,109326.0,112783.0,185100.0
50001765,110341.0,110329.0,185100.0
50001766,110337.0,111124.0,185100.0
50001767,110328.0,109547.0,185100.0
50001768,110293.0,112795.0,185100.0
50001769,110320.0,111948.0,185100.0
50001770,101998.0,100556.0,185100.0
50001771,101962.0,99558.0,185100.0
50001772,102940.0,100552.0,185100.0
50001773,102881.0,99553.0,185100.0
50001774,103898.0,100556.0,185100.0
50001775,103862.0,99559.0,185100.0
50001776,108205.0,107945.0,185100.0
50001777,108960.0,107945.0,185100.0
50001778,109611.0,107951.0,185100.0
50001779,110406.0,107952.0,185100.0
50001780,102017.0,106235.0,185100.0
50001781,102017.0,105296.0,185100.0
50001782,102967.0,106224.0,185100.0
50001783,102967.0,105289.0,185100.0
50001784,103917.0,106235.0,185100.0
50001785,103917.0,105296.0,185100.0
50001786,101960.0,114011.0,185100.0
50001787,101992.0,113153.0,185100.0
50001788,102002.0,112222.0,185100.0
50001789,102007.0,111252.0,185100.0
50001790,102010.0,110256.0,185100.0
50001791,102012.0,109228.0,185100.0
50001792,102014.0,108190.0,185100.0
50001793,102877.0,113924.0,185100.0
50001794,102929.0,113003.0,185100.0
50001795,102946.0,112064.0,185100.0
50001796,102953.0,111102.0,185100.0
50001797,102957.0,110120.0,185100.0
50001798,102960.0,109127.0,185100.0
50001799,102963.0,108135.0,185100.0
50001800,103858.0,113839.0,185100.0
50001801,103890.0,112886.0,185100.0
50001802,103902.0,111941.0,185100.0
50001803,103907.0,110977.0,185100.0
50001804,103910.0,110000.0,185100.0
50001805,103912.0,109011.0,185100.0
50001806,103914.0,108072.0,185100.0
50001807,102017.0,103414.0,185100.0
50001808,102017.0,102481.0,185100.0
50001809,102967.0,103414.0,185100.0
50001810,102967.0,102481.0,185100.0
50001811,103917.0,103414.0,185100.0
50001812,103917.0,102481.0,185100.0
50001813,105733.0,107968.0,185100.0
50001814,106600.0,107964.0,185100.0
51000001,23267.0,114848.0,188700.0
51000002,27067.0,114848.0,188700.0
51000003,20667.0,114848.0,188700.0
51000004,30067.0,114848.0,188700.0
51000005,27067.0,113448.0,188700.0
51000006,27067.0,110448.0,188700.0
51000007,30067.0,113448.0,188700.0
51000008,20667.0,111848.0,188700.0
51000009,20667.0,108798.0,188700.0
51000010,23267.0,111848.0,188700.0
51000011,16867.0,108748.0,188700.0
51000012,23267.0,108798.0,188700.0
51000013,16867.0,107148.0,188700.0
51000014,30067.0,107148.0,188700.0
51000015,23267.0,107148.0,188700.0
51000016,20667.0,107123.0,188700.0
51000017,27067.0,107148.0,188700.0
51000018,16867.0,101048.0,188700.0
51000019,17767.0,107148.0,188700.0
51000020,17767.0,101048.0,188700.0
51000021,20667.0,104348.0,188700.0
51000022,23267.0,104348.0,188700.0
51000023,27067.0,104348.0,188700.0
51000024,20667.0,101548.0,188700.0
51000025,20667.0,101048.0,188700.0
51000026,23267.0,101548.0,188700.0
51000027,27067.0,101548.0,188700.0
51000028,20667.0,98548.0,188700.0
51000029,23267.0,98548.0,188700.0
51000030,27067.0,98548.0,188700.0
51000031,16867.0,110198.0,188700.0
51000032,30067.0,110448.0,188700.0
51000033,23267.0,109893.0,188700.0
51000034,28067.0,110448.0,188700.0
51000035,23267.0,106298.0,188700.0
51000036,27067.0,106298.0,188700.0
51000037,20167.0,107098.0,188700.0
51000038,23267.0,99593.0,188700.0
51000039,27067.0,99593.0,188700.0
51000040,18417.0,98548.0,188700.0
51000041,20667.0,113648.0,188700.0
51000042,16867.0,113648.0,188700.0
51000043,19917.0,113648.0,188700.0
51000044,19917.0,114848.0,188700.0
51000045,17867.0,113648.0,188700.0
51000046,17867.0,114848.0,188700.0
51000047,28467.0,113448.0,188700.0
51000048,28467.0,114848.0,188700.0
51000049,19467.0,98548.0,188700.0
51000050,19467.0,101048.0,188700.0
51000051,17767.0,103698.0,188700.0
51000052,16867.0,103698.0,188700.0
51000053,20667.0,106298.0,188700.0
51000054,23267.0,113648.0,188700.0
51000055,20667.0,109893.0,188700.0
51000056,4867.0,114848.0,188700.0
51000057,4867.0,106698.0,188700.0
51000058,4867.0,98548.0,188700.0
51000059,4867.0,87098.0,188700.0
51000060,4867.0,126298.0,188700.0
51000061,9467.0,126348.0,188700.0
51000062,13067.0,126348.0,188700.0
51000063,124067.0,114848.0,188700.0
51000064,124067.0,106698.0,188700.0
51000065,124067.0,98548.0,188700.0
51000066,124067.0,87098.0,188700.0
51000067,124067.0,126298.0,188700.0
51000068,30067.0,98548.0,188700.0
51000069,30067.0,104348.0,188700.0
51000070,30067.0,101548.0,188700.0
51000071,13067.0,87048.0,188700.0
51000072,9467.0,87048.0,188700.0
51000073,63747.0,110448.0,188700.0
51000074,60347.0,101048.0,188700.0
51000075,60347.0,107148.0,188700.0
51000076,63747.0,107148.0,188700.0
51000077,52947.0,114848.0,188700.0
51000078,56347.0,108748.0,188700.0
51000079,52947.0,103698.0,188700.0
51000080,53847.0,103698.0,188700.0
51000081,54497.0,98548.0,188700.0
51000082,56347.0,110448.0,188700.0
51000083,52947.0,110198.0,188700.0
51000084,56347.0,113448.0,188700.0
51000085,52947.0,101048.0,188700.0
51000086,53847.0,101048.0,188700.0
51000087,53847.0,107148.0,188700.0
51000088,52947.0,107148.0,188700.0
51000089,56347.0,107048.0,188700.0
51000090,52947.0,108748.0,188700.0
51000091,56347.0,101548.0,188700.0
51000092,55947.0,107048.0,188700.0
51000093,56347.0,106298.0,188700.0
51000094,60347.0,110448.0,188700.0
51000095,56347.0,104348.0,188700.0
51000096,56347.0,101048.0,188700.0
51000097,63747.0,101048.0,188700.0
51000098,52947.0,98548.0,188700.0
51000099,60347.0,104348.0,188700.0
51000100,119800.0,87048.0,188700.0
51000101,115533.0,87048.0,188700.0
51000102,111267.0,103698.0,188700.0
51000103,110367.0,103698.0,188700.0
51000104,108667.0,101048.0,188700.0
51000105,108667.0,98548.0,188700.0
51000106,99667.0,114848.0,188700.0
51000107,99667.0,113448.0,188700.0
51000108,110267.0,114848.0,188700.0
51000109,110267.0,113648.0,188700.0
51000110,108217.0,114848.0,188700.0
51000111,108217.0,113648.0,188700.0
51000112,111267.0,113648.0,188700.0
51000113,107467.0,113648.0,188700.0
51000114,109717.0,98548.0,188700.0
51000115,101067.0,99593.0,188700.0
51000116,104867.0,99593.0,188700.0
51000117,107967.0,107098.0,188700.0
51000118,101067.0,106298.0,188700.0
51000119,104867.0,106298.0,188700.0
51000120,100067.0,110448.0,188700.0
51000121,104867.0,109893.0,188700.0
51000122,98067.0,110448.0,188700.0
51000123,111267.0,110198.0,188700.0
51000124,101067.0,98548.0,188700.0
51000125,104867.0,98548.0,188700.0
51000126,107467.0,98548.0,188700.0
51000127,101067.0,101548.0,188700.0
51000128,104867.0,101548.0,188700.0
51000129,107467.0,101048.0,188700.0
51000130,107467.0,101548.0,188700.0
51000131,101067.0,104348.0,188700.0
51000132,104867.0,104348.0,188700.0
51000133,107467.0,104348.0,188700.0
51000134,110367.0,101048.0,188700.0
51000135,110367.0,107148.0,188700.0
51000136,111267.0,101048.0,188700.0
51000137,101067.0,107148.0,188700.0
51000138,107467.0,107123.0,188700.0
51000139,104867.0,107148.0,188700.0
51000140,98067.0,107148.0,188700.0
51000141,111267.0,107148.0,188700.0
51000142,104867.0,108798.0,188700.0
51000143,111267.0,108748.0,188700.0
51000144,104867.0,111848.0,188700.0
51000145,107467.0,108798.0,188700.0
51000146,107467.0,111848.0,188700.0
51000147,98067.0,113448.0,188700.0
51000148,101067.0,110448.0,188700.0
51000149,101067.0,113448.0,188700.0
51000150,98067.0,114848.0,188700.0
51000151,107467.0,114848.0,188700.0
51000152,101067.0,114848.0,188700.0
51000153,104867.0,114848.0,188700.0
51000154,107467.0,106298.0,188700.0
51000155,98067.0,101548.0,188700.0
51000156,98067.0,104348.0,188700.0
51000157,107467.0,109893.0,188700.0
51000158,104867.0,113648.0,188700.0
51000159,98067.0,101048.0,188700.0
51000160,98067.0,98548.0,188700.0
51000161,60347.0,114848.0,188700.0
51000162,56347.0,98548.0,188700.0
51000163,63747.0,114848.0,188700.0
51000164,60347.0,98548.0,188700.0
51000165,63747.0,98548.0,188700.0
51000166,56347.0,114848.0,188700.0
51000167,30067.0,87098.0,188700.0
51000168,16867.0,98548.0,188700.0
51000169,16867.0,114848.0,188700.0
51000170,16867.0,106698.0,188700.0
51000171,30067.0,126298.0,188700.0
51000172,16867.0,126298.0,188700.0
51000173,16867.0,87098.0,188700.0
51000174,111267.0,87098.0,188700.0
51000175,111267.0,126298.0,188700.0
51000176,98067.0,126298.0,188700.0
51000177,98067.0,87098.0,188700.0
51000178,111267.0,98548.0,188700.0
51000179,111267.0,114848.0,188700.0
51000180,111267.0,106698.0,188700.0
51000181,41507.0,87098.0,188700.0
51000182,41507.0,126298.0,188700.0
51000183,52947.0,87098.0,188700.0
51000184,52947.0,126298.0,188700.0
51000185,75187.0,126298.0,188700.0
51000186,75187.0,87098.0,188700.0
51000187,86627.0,126298.0,188700.0
51000188,86627.0,87098.0,188700.0
51000189,102700.0,87048.0,188700.0
51000190,102700.0,98548.0,188700.0
51000191,107467.0,87048.0,188700.0
51000192,102700.0,126348.0,188700.0
51000193,102700.0,114848.0,188700.0
51000194,107467.0,126348.0,188700.0
51000195,92347.0,126348.0,188700.0
51000196,92347.0,87048.0,188700.0
51000197,80907.0,126348.0,188700.0
51000198,80907.0,87048.0,188700.0
51000199,69467.0,126348.0,188700.0
51000200,69467.0,87048.0,188700.0
51000201,119800.0,126348.0,188700.0
51000202,115533.0,126348.0,188700.0
51000203,47227.0,126348.0,188700.0
51000204,47227.0,87048.0,188700.0
51000205,58347.0,98548.0,188700.0
51000206,58347.0,87048.0,188700.0
51000207,58347.0,114848.0,188700.0
51000208,58347.0,126348.0,188700.0
51000209,35787.0,87048.0,188700.0
51000210,35787.0,126348.0,188700.0
51000211,20667.0,126348.0,188700.0
51000212,25167.0,114848.0,188700.0
51000213,25167.0,126348.0,188700.0
51000214,25167.0,98548.0,188700.0
51000215,25167.0,87048.0,188700.0
51000216,20667.0,87048.0,188700.0
51000217,92347.0,107148.0,188700.0
51000218,92347.0,98548.0,188700.0
51000219,92347.0,114848.0,188700.0
51000220,80907.0,107148.0,188700.0
51000221,80907.0,98548.0,188700.0
51000222,80907.0,114848.0,188700.0
51000223,69467.0,107148.0,188700.0
51000224,69467.0,98548.0,188700.0
51000225,69467.0,114848.0,188700.0
51000226,47227.0,107148.0,188700.0
51000227,35787.0,107148.0,188700.0
51000228,41507.0,107148.0,188700.0
51000229,86627.0,107148.0,188700.0
51000230,75187.0,107148.0,188700.0
51000231,119800.0,106698.0,188700.0
51000232,115533.0,106698.0,188700.0
51000233,13067.0,106698.0,188700.0
51000234,9467.0,106698.0,188700.0
51000235,119800.0,98548.0,188700.0
51000236,115533.0,98548.0,188700.0
51000237,86627.0,98548.0,188700.0
51000238,75187.0,98548.0,188700.0
51000239,47227.0,98548.0,188700.0
51000240,35787.0,98548.0,188700.0
51000241,41507.0,98548.0,188700.0
51000242,13067.0,98548.0,188700.0
51000243,9467.0,98548.0,188700.0
51000244,119800.0,114848.0,188700.0
51000245,115533.0,114848.0,188700.0
51000246,86627.0,114848.0,188700.0
51000247,75187.0,114848.0,188700.0
51000248,47227.0,114848.0,188700.0
51000249,35787.0,114848.0,188700.0
51000250,41507.0,114848.0,188700.0
51000251,13067.0,114848.0,188700.0
51000252,9467.0,114848.0,188700.0
51000253,63747.0,87098.0,188700.0
51000254,63747.0,126298.0,188700.0
51000255,16867.0,108748.0,187900.0
51000256,16867.0,110198.0,187900.0
51000257,27067.0,113448.0,188100.0
51000258,27067.0,114848.0,188100.0
51000259,20667.0,107123.0,188100.0
51000260,20667.0,108798.0,188100.0
51000261,28067.0,110448.0,188100.0
51000262,30067.0,110448.0,188100.0
51000263,16867.0,107148.0,187900.0
51000264,23267.0,107148.0,188100.0
51000265,23267.0,108798.0,188100.0
51000266,17767.0,107148.0,188000.0
51000267,20167.0,107098.0,188000.0
51000268,18417.0,98548.0,187900.0
51000269,19467.0,98548.0,187900.0
51000270,28467.0,113448.0,188100.0
51000271,30067.0,113448.0,188100.0
51000272,20667.0,98548.0,187900.0
51000273,52947.0,107148.0,187900.0
51000274,52947.0,108748.0,187900.0
51000275,56347.0,113448.0,188100.0
51000276,56347.0,114848.0,188100.0
51000277,52947.0,110198.0,187900.0
51000278,53847.0,107148.0,187900.0
51000279,55947.0,107048.0,187900.0
51000280,54497.0,98548.0,187900.0
51000281,56347.0,98548.0,187900.0
51000282,107467.0,98548.0,187900.0
51000283,108667.0,98548.0,187900.0
51000284,98067.0,113448.0,188100.0
51000285,99667.0,113448.0,188100.0
51000286,107967.0,107098.0,187900.0
51000287,110367.0,107148.0,187900.0
51000288,104867.0,107148.0,188100.0
51000289,104867.0,108798.0,188100.0
51000290,111267.0,107148.0,187900.0
51000291,111267.0,108748.0,187900.0
51000292,107467.0,107123.0,188100.0
51000293,107467.0,108798.0,188100.0
51000294,101067.0,113448.0,188100.0
51000295,101067.0,114848.0,188100.0
51000296,111267.0,110198.0,187900.0
51000297,98067.0,110448.0,188100.0
51000298,100067.0,110448.0,188100.0
51000299,109717.0,98548.0,187900.0
51000300,17367.0,114848.0,188700.0
51000301,21533.0,114848.0,188700.0
51000302,22400.0,114848.0,188700.0
51000303,27767.0,114848.0,188700.0
51000304,16867.0,111060.0,188700.0
51000305,16867.0,111923.0,188700.0
51000306,16867.0,112785.0,188700.0
51000307,16867.0,109110.0,188700.0
51000308,16867.0,109473.0,188700.0
51000309,16867.0,109835.0,188700.0
51000310,27067.0,113798.0,188700.0
51000311,27067.0,114148.0,188700.0
51000312,27067.0,114498.0,188700.0
51000313,30067.0,114148.0,188700.0
51000314,27067.0,111448.0,188700.0
51000315,27067.0,112448.0,188700.0
51000316,27767.0,113448.0,188700.0
51000317,27567.0,110448.0,188700.0
51000318,30067.0,111448.0,188700.0
51000319,30067.0,112448.0,188700.0
51000320,20667.0,109345.0,188700.0
51000321,20667.0,107541.0,188700.0
51000322,20667.0,107960.0,188700.0
51000323,20667.0,108379.0,188700.0
51000324,21533.0,108798.0,188700.0
51000325,22400.0,108798.0,188700.0
51000326,23267.0,109345.0,188700.0
51000327,28567.0,110448.0,188700.0
51000328,29067.0,110448.0,188700.0
51000329,29567.0,110448.0,188700.0
51000330,16867.0,107548.0,188700.0
51000331,16867.0,107948.0,188700.0
51000332,16867.0,108348.0,188700.0
51000333,23267.0,107560.0,188700.0
51000334,23267.0,107973.0,188700.0
51000335,23267.0,108385.0,188700.0
51000336,17317.0,107148.0,188700.0
51000337,21533.0,107131.0,188700.0
51000338,22400.0,107139.0,188700.0
51000339,23267.0,106723.0,188700.0
51000340,27067.0,106723.0,188700.0
51000341,28067.0,107148.0,188700.0
51000342,29067.0,107148.0,188700.0
51000343,16867.0,101931.0,188700.0
51000344,16867.0,102814.0,188700.0
51000345,16867.0,99381.0,188700.0
51000346,16867.0,100214.0,188700.0
51000347,17317.0,101048.0,188700.0
51000348,18167.0,107139.0,188700.0
51000349,18567.0,107131.0,188700.0
51000350,18967.0,107123.0,188700.0
51000351,19367.0,107114.0,188700.0
51000352,19767.0,107106.0,188700.0
51000353,18617.0,101048.0,188700.0
51000354,20667.0,99381.0,188700.0
51000355,20667.0,100214.0,188700.0
51000356,17642.0,98548.0,188700.0
51000357,18942.0,98548.0,188700.0
51000358,21533.0,98548.0,188700.0
51000359,22400.0,98548.0,188700.0
51000360,23267.0,99070.0,188700.0
51000361,27067.0,99070.0,188700.0
51000362,28067.0,98548.0,188700.0
51000363,29067.0,98548.0,188700.0
51000364,16867.0,114248.0,188700.0
51000365,20667.0,114248.0,188700.0
51000366,20292.0,114848.0,188700.0
51000367,18142.0,114848.0,188700.0
51000368,18642.0,114848.0,188700.0
51000369,19142.0,114848.0,188700.0
51000370,19642.0,114848.0,188700.0
51000371,29267.0,114848.0,188700.0
51000372,28867.0,113448.0,188700.0
51000373,29267.0,113448.0,188700.0
51000374,29667.0,113448.0,188700.0
51000375,20067.0,101048.0,188700.0
51000376,20067.0,98548.0,188700.0
51000377,16867.0,104698.0,188700.0
51000378,16867.0,105698.0,188700.0
51000379,20667.0,106710.0,188700.0
51000380,23267.0,114248.0,188700.0
51000381,30067.0,99381.0,188700.0
51000382,30067.0,100214.0,188700.0
51000383,30067.0,100881.0,188700.0
51000384,30067.0,105281.0,188700.0
51000385,30067.0,106214.0,188700.0
51000386,30067.0,102481.0,188700.0
51000387,30067.0,103414.0,188700.0
51000388,60347.0,101873.0,188700.0
51000389,60347.0,102698.0,188700.0
51000390,60347.0,103523.0,188700.0
51000391,63747.0,111328.0,188700.0
51000392,63747.0,112208.0,188700.0
51000393,63747.0,113088.0,188700.0
51000394,63747.0,113968.0,188700.0
51000395,61022.0,114848.0,188700.0
51000396,61697.0,114848.0,188700.0
51000397,62197.0,114848.0,188700.0
51000398,62697.0,114848.0,188700.0
51000399,63197.0,114848.0,188700.0
51000400,52947.0,104560.0,188700.0
51000401,52947.0,105423.0,188700.0
51000402,52947.0,106285.0,188700.0
51000403,53722.0,98548.0,188700.0
51000404,52947.0,99381.0,188700.0
51000405,52947.0,100214.0,188700.0
51000406,52947.0,101931.0,188700.0
51000407,52947.0,102814.0,188700.0
51000408,53397.0,101048.0,188700.0
51000409,53397.0,107148.0,188700.0
51000410,52947.0,107548.0,188700.0
51000411,52947.0,107948.0,188700.0
51000412,52947.0,108348.0,188700.0
51000413,56347.0,111328.0,188700.0
51000414,56347.0,112208.0,188700.0
51000415,56347.0,113088.0,188700.0
51000416,56347.0,113798.0,188700.0
51000417,56347.0,114148.0,188700.0
51000418,56347.0,114498.0,188700.0
51000419,52947.0,109110.0,188700.0
51000420,52947.0,109473.0,188700.0
51000421,52947.0,109835.0,188700.0
51000422,52947.0,111128.0,188700.0
51000423,52947.0,112058.0,188700.0
51000424,52947.0,112988.0,188700.0
51000425,52947.0,113918.0,188700.0
51000426,53622.0,114848.0,188700.0
51000427,54297.0,114848.0,188700.0
51000428,54797.0,114848.0,188700.0
51000429,55297.0,114848.0,188700.0
51000430,55797.0,114848.0,188700.0
51000431,54372.0,107123.0,188700.0
51000432,54897.0,107098.0,188700.0
51000433,55422.0,107073.0,188700.0
51000434,61197.0,110448.0,188700.0
51000435,62047.0,110448.0,188700.0
51000436,62897.0,110448.0,188700.0
51000437,56347.0,106673.0,188700.0
51000438,56347.0,99381.0,188700.0
51000439,56347.0,100214.0,188700.0
51000440,54959.0,98548.0,188700.0
51000441,55422.0,98548.0,188700.0
51000442,55884.0,98548.0,188700.0
51000443,63747.0,102064.0,188700.0
51000444,63747.0,103081.0,188700.0
51000445,63747.0,104098.0,188700.0
51000446,63747.0,105114.0,188700.0
51000447,63747.0,106131.0,188700.0
51000448,63747.0,99381.0,188700.0
51000449,63747.0,100214.0,188700.0
51000450,54680.0,101048.0,188700.0
51000451,55513.0,101048.0,188700.0
51000452,60822.0,98548.0,188700.0
51000453,61297.0,98548.0,188700.0
51000454,61797.0,98548.0,188700.0
51000455,62297.0,98548.0,188700.0
51000456,62797.0,98548.0,188700.0
51000457,63272.0,98548.0,188700.0
51000458,61197.0,101048.0,188700.0
51000459,62047.0,101048.0,188700.0
51000460,62897.0,101048.0,188700.0
51000461,111267.0,104698.0,188700.0
51000462,111267.0,105698.0,188700.0
51000463,108067.0,98548.0,188700.0
51000464,108067.0,101048.0,188700.0
51000465,98467.0,113448.0,188700.0
51000466,98867.0,113448.0,188700.0
51000467,99267.0,113448.0,188700.0
51000468,98867.0,114848.0,188700.0
51000469,108492.0,114848.0,188700.0
51000470,108992.0,114848.0,188700.0
51000471,109492.0,114848.0,188700.0
51000472,109992.0,114848.0,188700.0
51000473,107842.0,114848.0,188700.0
51000474,107467.0,114248.0,188700.0
51000475,111267.0,114248.0,188700.0
51000476,110767.0,114848.0,188700.0
51000477,110492.0,98548.0,188700.0
51000478,99067.0,98548.0,188700.0
51000479,100067.0,98548.0,188700.0
51000480,105733.0,98548.0,188700.0
51000481,106600.0,98548.0,188700.0
51000482,101067.0,99070.0,188700.0
51000483,104867.0,99070.0,188700.0
51000484,107467.0,99381.0,188700.0
51000485,107467.0,100214.0,188700.0
51000486,109517.0,101048.0,188700.0
51000487,108367.0,107106.0,188700.0
51000488,108767.0,107114.0,188700.0
51000489,109167.0,107123.0,188700.0
51000490,109567.0,107131.0,188700.0
51000491,109967.0,107139.0,188700.0
51000492,110817.0,101048.0,188700.0
51000493,111267.0,99381.0,188700.0
51000494,111267.0,100214.0,188700.0
51000495,111267.0,101931.0,188700.0
51000496,111267.0,102814.0,188700.0
51000497,99067.0,107148.0,188700.0
51000498,100067.0,107148.0,188700.0
51000499,101067.0,106723.0,188700.0
51000500,104867.0,106723.0,188700.0
51000501,105733.0,107139.0,188700.0
51000502,106600.0,107131.0,188700.0
51000503,110817.0,107148.0,188700.0
51000504,104867.0,107560.0,188700.0
51000505,104867.0,107973.0,188700.0
51000506,104867.0,108385.0,188700.0
51000507,111267.0,107548.0,188700.0
51000508,111267.0,107948.0,188700.0
51000509,111267.0,108348.0,188700.0
51000510,104867.0,109345.0,188700.0
51000511,105733.0,108798.0,188700.0
51000512,106600.0,108798.0,188700.0
51000513,107467.0,107541.0,188700.0
51000514,107467.0,107960.0,188700.0
51000515,107467.0,108379.0,188700.0
51000516,107467.0,109345.0,188700.0
51000517,98067.0,111448.0,188700.0
51000518,98067.0,112448.0,188700.0
51000519,100567.0,110448.0,188700.0
51000520,100367.0,113448.0,188700.0
51000521,101067.0,111448.0,188700.0
51000522,101067.0,112448.0,188700.0
51000523,98067.0,114148.0,188700.0
51000524,101067.0,113798.0,188700.0
51000525,101067.0,114148.0,188700.0
51000526,101067.0,114498.0,188700.0
51000527,111267.0,109110.0,188700.0
51000528,111267.0,109473.0,188700.0
51000529,111267.0,109835.0,188700.0
51000530,111267.0,111060.0,188700.0
51000531,111267.0,111923.0,188700.0
51000532,111267.0,112785.0,188700.0
51000533,100367.0,114848.0,188700.0
51000534,105733.0,114848.0,188700.0
51000535,106600.0,114848.0,188700.0
51000536,107467.0,106710.0,188700.0
51000537,98067.0,102481.0,188700.0
51000538,98067.0,103414.0,188700.0
51000539,98067.0,105281.0,188700.0
51000540,98067.0,106214.0,188700.0
51000541,104867.0,114248.0,188700.0
51000542,98067.0,99381.0,188700.0
51000543,98067.0,100214.0,188700.0
51000544,98567.0,110448.0,188700.0
51000545,99067.0,110448.0,188700.0
51000546,99567.0,110448.0,188700.0
51000547,109192.0,98548.0,188700.0
51000548,16867.0,114848.0,187600.0
51000549,16867.0,114848.0,186766.0
51000550,16867.0,114848.0,185933.0
51000551,17867.0,114848.0,187600.0
51000552,17867.0,114848.0,186766.0
51000553,17867.0,114848.0,185933.0
51000554,20667.0,114848.0,187600.0
51000555,20667.0,114848.0,186766.0
51000556,20667.0,114848.0,185933.0
51000557,23267.0,114848.0,187700.0
51000558,23267.0,114848.0,186833.0
51000559,23267.0,114848.0,185966.0
51000560,28467.0,114848.0,187800.0
51000561,28467.0,114848.0,186900.0
51000562,28467.0,114848.0,186000.0
51000563,27067.0,110448.0,187800.0
51000564,27067.0,110448.0,186900.0
51000565,27067.0,110448.0,186000.0
51000566,20667.0,109893.0,187800.0
51000567,20667.0,109893.0,186900.0
51000568,20667.0,109893.0,186000.0
51000569,16867.0,113648.0,187600.0
51000570,16867.0,113648.0,186766.0
51000571,16867.0,113648.0,185933.0
51000572,23267.0,109893.0,187800.0
51000573,23267.0,109893.0,186900.0
51000574,23267.0,109893.0,186000.0
51000575,16867.0,106698.0,187800.0
51000576,16867.0,106698.0,186900.0
51000577,16867.0,106698.0,186000.0
51000578,23267.0,106298.0,187800.0
51000579,23267.0,106298.0,186900.0
51000580,23267.0,106298.0,186000.0
51000581,27067.0,106298.0,187800.0
51000582,27067.0,106298.0,186900.0
51000583,27067.0,106298.0,186000.0
51000584,27067.0,107148.0,187800.0
51000585,27067.0,107148.0,186900.0
51000586,27067.0,107148.0,186000.0
51000587,16867.0,101048.0,187800.0
51000588,16867.0,101048.0,186900.0
51000589,16867.0,101048.0,186000.0
51000590,16867.0,103698.0,187800.0
51000591,16867.0,103698.0,186900.0
51000592,16867.0,103698.0,186000.0
51000593,16867.0,98548.0,187800.0
51000594,16867.0,98548.0,186900.0
51000595,16867.0,98548.0,186000.0
51000596,17767.0,101048.0,187800.0
51000597,17767.0,101048.0,186900.0
51000598,17767.0,101048.0,186000.0
51000599,19467.0,101048.0,187800.0
51000600,19467.0,101048.0,186900.0
51000601,19467.0,101048.0,186000.0
51000602,20667.0,101048.0,187800.0
51000603,20667.0,101048.0,186900.0
51000604,20667.0,101048.0,186000.0
51000605,23267.0,98548.0,187800.0
51000606,23267.0,98548.0,186900.0
51000607,23267.0,98548.0,186000.0
51000608,23267.0,99593.0,187800.0
51000609,23267.0,99593.0,186900.0
51000610,23267.0,99593.0,186000.0
51000611,27067.0,98548.0,187800.0
51000612,27067.0,98548.0,186900.0
51000613,27067.0,98548.0,186000.0
51000614,27067.0,99593.0,187800.0
51000615,27067.0,99593.0,186900.0
51000616,27067.0,99593.0,186000.0
51000617,30067.0,98548.0,187800.0
51000618,30067.0,98548.0,186900.0
51000619,30067.0,98548.0,186000.0
51000620,19917.0,114848.0,187600.0
51000621,19917.0,114848.0,186766.0
51000622,19917.0,114848.0,185933.0
51000623,30067.0,114848.0,187800.0
51000624,30067.0,114848.0,186900.0
51000625,30067.0,114848.0,186000.0
51000626,20667.0,106298.0,187800.0
51000627,20667.0,106298.0,186900.0
51000628,20667.0,106298.0,186000.0
51000629,20667.0,113648.0,187600.0
51000630,20667.0,113648.0,186766.0
51000631,20667.0,113648.0,185933.0
51000632,23267.0,113648.0,187800.0
51000633,23267.0,113648.0,186900.0
51000634,23267.0,113648.0,186000.0
51000635,20667.0,101548.0,187800.0
51000636,20667.0,101548.0,186900.0
51000637,20667.0,101548.0,186000.0
51000638,30067.0,107148.0,187800.0
51000639,30067.0,107148.0,186900.0
51000640,30067.0,107148.0,186000.0
51000641,30067.0,104348.0,187800.0
51000642,30067.0,104348.0,186900.0
51000643,30067.0,104348.0,186000.0
51000644,30067.0,101548.0,187800.0
51000645,30067.0,101548.0,186900.0
51000646,30067.0,101548.0,186000.0
51000647,60347.0,101048.0,187600.0
51000648,60347.0,101048.0,186766.0
51000649,60347.0,101048.0,185933.0
51000650,60347.0,104348.0,187600.0
51000651,60347.0,104348.0,186766.0
51000652,60347.0,104348.0,185933.0
51000653,63747.0,110448.0,187600.0
51000654,63747.0,110448.0,186766.0
51000655,63747.0,110448.0,185933.0
51000656,63747.0,114848.0,187600.0
51000657,63747.0,114848.0,186766.0
51000658,63747.0,114848.0,185933.0
51000659,60347.0,114848.0,187600.0
51000660,60347.0,114848.0,186766.0
51000661,60347.0,114848.0,185933.0
51000662,52947.0,103698.0,187800.0
51000663,52947.0,103698.0,186900.0
51000664,52947.0,103698.0,186000.0
51000665,52947.0,98548.0,187800.0
51000666,52947.0,98548.0,186900.0
51000667,52947.0,98548.0,186000.0
51000668,52947.0,101048.0,187800.0
51000669,52947.0,101048.0,186900.0
51000670,52947.0,101048.0,186000.0
51000671,53847.0,101048.0,187800.0
51000672,53847.0,101048.0,186900.0
51000673,53847.0,101048.0,186000.0
51000674,56347.0,107048.0,187800.0
51000675,56347.0,107048.0,186900.0
51000676,56347.0,107048.0,186000.0
51000677,56347.0,110448.0,187800.0
51000678,56347.0,110448.0,186900.0
51000679,56347.0,110448.0,186000.0
51000680,52947.0,114848.0,187600.0
51000681,52947.0,114848.0,186766.0
51000682,52947.0,114848.0,185933.0
51000683,60347.0,110448.0,187600.0
51000684,60347.0,110448.0,186766.0
51000685,60347.0,110448.0,185933.0
51000686,56347.0,106298.0,187800.0
51000687,56347.0,106298.0,186900.0
51000688,56347.0,106298.0,186000.0
51000689,56347.0,101048.0,187800.0
51000690,56347.0,101048.0,186900.0
51000691,56347.0,101048.0,186000.0
51000692,56347.0,101548.0,187800.0
51000693,56347.0,101548.0,186900.0
51000694,56347.0,101548.0,186000.0
51000695,63747.0,101048.0,187600.0
51000696,63747.0,101048.0,186766.0
51000697,63747.0,101048.0,185933.0
51000698,63747.0,107148.0,187600.0
51000699,63747.0,107148.0,186766.0
51000700,63747.0,107148.0,185933.0
51000701,63747.0,98548.0,187600.0
51000702,63747.0,98548.0,186766.0
51000703,63747.0,98548.0,185933.0
51000704,60347.0,98548.0,187600.0
51000705,60347.0,98548.0,186766.0
51000706,60347.0,98548.0,185933.0
51000707,111267.0,103698.0,187800.0
51000708,111267.0,103698.0,186900.0
51000709,111267.0,103698.0,186000.0
51000710,111267.0,106698.0,187800.0
51000711,111267.0,106698.0,186900.0
51000712,111267.0,106698.0,186000.0
51000713,107467.0,101048.0,187800.0
51000714,107467.0,101048.0,186900.0
51000715,107467.0,101048.0,186000.0
51000716,108667.0,101048.0,187800.0
51000717,108667.0,101048.0,186900.0
51000718,108667.0,101048.0,186000.0
51000719,98067.0,114848.0,187800.0
51000720,98067.0,114848.0,186900.0
51000721,98067.0,114848.0,186000.0
51000722,99667.0,114848.0,187800.0
51000723,99667.0,114848.0,186900.0
51000724,99667.0,114848.0,186000.0
51000725,108217.0,114848.0,187600.0
51000726,108217.0,114848.0,186766.0
51000727,108217.0,114848.0,185933.0
51000728,110267.0,114848.0,187600.0
51000729,110267.0,114848.0,186766.0
51000730,110267.0,114848.0,185933.0
51000731,107467.0,114848.0,187700.0
51000732,107467.0,114848.0,186833.0
51000733,107467.0,114848.0,185966.0
51000734,107467.0,113648.0,187600.0
51000735,107467.0,113648.0,186766.0
51000736,107467.0,113648.0,185933.0
51000737,111267.0,113648.0,187800.0
51000738,111267.0,113648.0,186900.0
51000739,111267.0,113648.0,186000.0
51000740,111267.0,114848.0,187700.0
51000741,111267.0,114848.0,186833.0
51000742,111267.0,114848.0,185966.0
51000743,111267.0,98548.0,187800.0
51000744,111267.0,98548.0,186900.0
51000745,111267.0,98548.0,186000.0
51000746,98067.0,98548.0,187800.0
51000747,98067.0,98548.0,186900.0
51000748,98067.0,98548.0,186000.0
51000749,101067.0,98548.0,187800.0
51000750,101067.0,98548.0,186900.0
51000751,101067.0,98548.0,186000.0
51000752,104867.0,98548.0,187800.0
51000753,104867.0,98548.0,186900.0
51000754,104867.0,98548.0,186000.0
51000755,101067.0,99593.0,187800.0
51000756,101067.0,99593.0,186900.0
51000757,101067.0,99593.0,186000.0
51000758,104867.0,99593.0,187800.0
51000759,104867.0,99593.0,186900.0
51000760,104867.0,99593.0,186000.0
51000761,107467.0,101548.0,187800.0
51000762,107467.0,101548.0,186900.0
51000763,107467.0,101548.0,186000.0
51000764,110367.0,101048.0,187800.0
51000765,110367.0,101048.0,186900.0
51000766,110367.0,101048.0,186000.0
51000767,111267.0,101048.0,187800.0
51000768,111267.0,101048.0,186900.0
51000769,111267.0,101048.0,186000.0
51000770,98067.0,107148.0,187800.0
51000771,98067.0,107148.0,186900.0
51000772,98067.0,107148.0,186000.0
51000773,101067.0,107148.0,187800.0
51000774,101067.0,107148.0,186900.0
51000775,101067.0,107148.0,186000.0
51000776,101067.0,106298.0,187800.0
51000777,101067.0,106298.0,186900.0
51000778,101067.0,106298.0,186000.0
51000779,104867.0,106298.0,187800.0
51000780,104867.0,106298.0,186900.0
51000781,104867.0,106298.0,186000.0
51000782,104867.0,109893.0,187800.0
51000783,104867.0,109893.0,186900.0
51000784,104867.0,109893.0,186000.0
51000785,107467.0,109893.0,187800.0
51000786,107467.0,109893.0,186900.0
51000787,107467.0,109893.0,186000.0
51000788,101067.0,110448.0,187800.0
51000789,101067.0,110448.0,186900.0
51000790,101067.0,110448.0,186000.0
51000791,104867.0,114848.0,187800.0
51000792,104867.0,114848.0,186900.0
51000793,104867.0,114848.0,186000.0
51000794,107467.0,106298.0,187800.0
51000795,107467.0,106298.0,186900.0
51000796,107467.0,106298.0,186000.0
51000797,98067.0,101548.0,187800.0
51000798,98067.0,101548.0,186900.0
51000799,98067.0,101548.0,186000.0
51000800,98067.0,104348.0,187800.0
51000801,98067.0,104348.0,186900.0
51000802,98067.0,104348.0,186000.0
51000803,104867.0,113648.0,187800.0
51000804,104867.0,113648.0,186900.0
51000805,104867.0,113648.0,186000.0
51000806,98067.0,101048.0,187800.0
51000807,98067.0,101048.0,186900.0
51000808,98067.0,101048.0,186000.0
51000809,16867.0,109110.0,187900.0
51000810,16867.0,109473.0,187900.0
51000811,16867.0,109835.0,187900.0
51000812,27067.0,113798.0,188100.0
51000813,27067.0,114148.0,188100.0
51000814,27067.0,114498.0,188100.0
51000815,20667.0,107541.0,188100.0
51000816,20667.0,107960.0,188100.0
51000817,20667.0,108379.0,188100.0
51000818,28567.0,110448.0,188100.0
51000819,29067.0,110448.0,188100.0
51000820,29567.0,110448.0,188100.0
51000821,16867.0,107548.0,187900.0
51000822,16867.0,107948.0,187900.0
51000823,16867.0,108348.0,187900.0
51000824,23267.0,107560.0,188100.0
51000825,23267.0,107973.0,188100.0
51000826,23267.0,108385.0,188100.0
51000827,18167.0,107139.0,188000.0
51000828,18567.0,107131.0,188000.0
51000829,18967.0,107123.0,188000.0
51000830,19367.0,107114.0,188000.0
51000831,19767.0,107106.0,188000.0
51000832,18942.0,98548.0,187900.0
51000833,28867.0,113448.0,188100.0
51000834,29267.0,113448.0,188100.0
51000835,29667.0,113448.0,188100.0
51000836,20067.0,98548.0,187900.0
51000837,52947.0,107548.0,187900.0
51000838,52947.0,107948.0,187900.0
51000839,52947.0,108348.0,187900.0
51000840,56347.0,113798.0,188100.0
51000841,56347.0,114148.0,188100.0
51000842,56347.0,114498.0,188100.0
51000843,52947.0,109110.0,187900.0
51000844,52947.0,109473.0,187900.0
51000845,52947.0,109835.0,187900.0
51000846,54372.0,107123.0,187900.0
51000847,54897.0,107098.0,187900.0
51000848,55422.0,107073.0,187900.0
51000849,54959.0,98548.0,187900.0
51000850,55422.0,98548.0,187900.0
51000851,55884.0,98548.0,187900.0
51000852,108067.0,98548.0,187900.0
51000853,98467.0,113448.0,188100.0
51000854,98867.0,113448.0,188100.0
51000855,99267.0,113448.0,188100.0
51000856,108367.0,107106.0,187900.0
51000857,108767.0,107114.0,187900.0
51000858,109167.0,107123.0,187900.0
51000859,109567.0,107131.0,187900.0
51000860,109967.0,107139.0,187900.0
51000861,104867.0,107560.0,188100.0
51000862,104867.0,107973.0,188100.0
51000863,104867.0,108385.0,188100.0
51000864,111267.0,107548.0,187900.0
51000865,111267.0,107948.0,187900.0
51000866,111267.0,108348.0,187900.0
51000867,107467.0,107541.0,188100.0
51000868,107467.0,107960.0,188100.0
51000869,107467.0,108379.0,188100.0
51000870,101067.0,113798.0,188100.0
51000871,101067.0,114148.0,188100.0
51000872,101067.0,114498.0,188100.0
51000873,111267.0,109110.0,187900.0
51000874,111267.0,109473.0,187900.0
51000875,111267.0,109835.0,187900.0
51000876,98567.0,110448.0,188100.0
51000877,99067.0,110448.0,188100.0
51000878,99567.0,110448.0,188100.0
51000879,109192.0,98548.0,187900.0
51000880,27067.0,114848.0,186900.0
51000881,27067.0,114848.0,186000.0
51000882,27067.0,113448.0,186900.0
51000883,27067.0,113448.0,186000.0
51000884,28467.0,113448.0,186900.0
51000885,28467.0,113448.0,186000.0
51000886,20667.0,108798.0,186900.0
51000887,20667.0,108798.0,186000.0
51000888,16867.0,110198.0,186766.0
51000889,16867.0,110198.0,185933.0
51000890,28067.0,110448.0,186900.0
51000891,28067.0,110448.0,186000.0
51000892,23267.0,108798.0,186900.0
51000893,23267.0,108798.0,186000.0
51000894,16867.0,107148.0,186900.0
51000895,16867.0,107148.0,186000.0
51000896,20167.0,107098.0,186900.0
51000897,20167.0,107098.0,186000.0
51000898,20667.0,107123.0,186900.0
51000899,20667.0,107123.0,186000.0
51000900,23267.0,107148.0,186900.0
51000901,23267.0,107148.0,186000.0
51000902,20667.0,98548.0,186900.0
51000903,20667.0,98548.0,186000.0
51000904,18417.0,98548.0,186900.0
51000905,18417.0,98548.0,186000.0
51000906,17767.0,107148.0,186900.0
51000907,17767.0,107148.0,186000.0
51000908,30067.0,113448.0,186900.0
51000909,30067.0,113448.0,186000.0
51000910,30067.0,110448.0,186900.0
51000911,30067.0,110448.0,186000.0
51000912,52947.0,107148.0,186900.0
51000913,52947.0,107148.0,186000.0
51000914,54497.0,98548.0,186900.0
51000915,54497.0,98548.0,186000.0
51000916,53847.0,107148.0,186900.0
51000917,53847.0,107148.0,186000.0
51000918,55947.0,107048.0,186900.0
51000919,55947.0,107048.0,186000.0
51000920,56347.0,113448.0,186900.0
51000921,56347.0,113448.0,186000.0
51000922,52947.0,110198.0,186766.0
51000923,52947.0,110198.0,185933.0
51000924,56347.0,114848.0,186766.0
51000925,56347.0,114848.0,185933.0
51000926,56347.0,98548.0,186900.0
51000927,56347.0,98548.0,186000.0
51000928,109717.0,98548.0,186900.0
51000929,109717.0,98548.0,186000.0
51000930,107467.0,98548.0,186900.0
51000931,107467.0,98548.0,186000.0
51000932,107467.0,107123.0,186900.0
51000933,107467.0,107123.0,186000.0
51000934,107967.0,107098.0,186900.0
51000935,107967.0,107098.0,186000.0
51000936,104867.0,107148.0,186900.0
51000937,104867.0,107148.0,186000.0
51000938,110367.0,107148.0,186900.0
51000939,110367.0,107148.0,186000.0
51000940,111267.0,107148.0,186900.0
51000941,111267.0,107148.0,186000.0
51000942,104867.0,108798.0,186900.0
51000943,104867.0,108798.0,186000.0
51000944,107467.0,108798.0,186900.0
51000945,107467.0,108798.0,186000.0
51000946,98067.0,110448.0,186900.0
51000947,98067.0,110448.0,186000.0
51000948,98067.0,113448.0,186900.0
51000949,98067.0,113448.0,186000.0
51000950,100067.0,110448.0,186900.0
51000951,100067.0,110448.0,186000.0
51000952,99667.0,113448.0,186900.0
51000953,99667.0,113448.0,186000.0
51000954,101067.0,113448.0,186900.0
51000955,101067.0,113448.0,186000.0
51000956,111267.0,110198.0,186900.0
51000957,111267.0,110198.0,186000.0
51000958,101067.0,114848.0,186900.0
51000959,101067.0,114848.0,186000.0
51000960,24217.0,107148.0,188700.0
51000961,25167.0,107148.0,188700.0
51000962,26117.0,107148.0,188700.0
51000963,27067.0,108248.0,188700.0
51000964,27067.0,109348.0,188700.0
51000965,26117.0,114848.0,188700.0
51000966,24217.0,114848.0,188700.0
51000967,23267.0,112748.0,188700.0
51000968,23267.0,110870.0,188700.0
51000969,28467.0,114148.0,188700.0
51000970,17817.0,108760.0,188700.0
51000971,18767.0,108773.0,188700.0
51000972,19717.0,108785.0,188700.0
51000973,20667.0,110870.0,188700.0
51000974,20667.0,112748.0,188700.0
51000975,18892.0,113648.0,188700.0
51000976,24217.0,104348.0,188700.0
51000977,25167.0,104348.0,188700.0
51000978,26117.0,104348.0,188700.0
51000979,27067.0,105323.0,188700.0
51000980,23267.0,105323.0,188700.0
51000981,19467.0,99381.0,188700.0
51000982,19467.0,100214.0,188700.0
51000983,24217.0,101548.0,188700.0
51000984,25167.0,101548.0,188700.0
51000985,26117.0,101548.0,188700.0
51000986,27067.0,102481.0,188700.0
51000987,27067.0,103414.0,188700.0
51000988,23267.0,102481.0,188700.0
51000989,23267.0,103414.0,188700.0
51000990,24217.0,98548.0,188700.0
51000991,26117.0,98548.0,188700.0
51000992,27067.0,100570.0,188700.0
51000993,23267.0,100570.0,188700.0
51000994,56347.0,107898.0,188700.0
51000995,53797.0,108748.0,188700.0
51000996,54647.0,108748.0,188700.0
51000997,55497.0,108748.0,188700.0
51000998,108667.0,99381.0,188700.0
51000999,108667.0,100214.0,188700.0
51001000,99667.0,114148.0,188700.0
51001001,109242.0,113648.0,188700.0
51001002,108417.0,108785.0,188700.0
51001003,109367.0,108773.0,188700.0
51001004,110317.0,108760.0,188700.0
51001005,107467.0,112748.0,188700.0
51001006,107467.0,110870.0,188700.0
51001007,101883.0,98548.0,188700.0
51001008,103783.0,98548.0,188700.0
51001009,104867.0,100570.0,188700.0
51001010,102017.0,101548.0,188700.0
51001011,102967.0,101548.0,188700.0
51001012,103917.0,101548.0,188700.0
51001013,101067.0,100570.0,188700.0
51001014,102017.0,104348.0,188700.0
51001015,102967.0,104348.0,188700.0
51001016,103917.0,104348.0,188700.0
51001017,104867.0,105323.0,188700.0
51001018,102017.0,107148.0,188700.0
51001019,102967.0,107148.0,188700.0
51001020,103917.0,107148.0,188700.0
51001021,101067.0,105323.0,188700.0
51001022,104867.0,110870.0,188700.0
51001023,104867.0,112748.0,188700.0
51001024,103783.0,114848.0,188700.0
51001025,101883.0,114848.0,188700.0
51001026,101067.0,108248.0,188700.0
51001027,101067.0,109348.0,188700.0
51001028,104867.0,102481.0,188700.0
51001029,104867.0,103414.0,188700.0
51001030,101067.0,102481.0,188700.0
51001031,101067.0,103414.0,188700.0
51001034,64243.0,106653.0,188700.0
51001035,108667.0,98548.0,188300.0
51001036,109192.0,98548.0,188300.0
51001037,109717.0,98548.0,188300.0
51001038,98067.0,110448.0,188400.0
51001039,98567.0,110448.0,188400.0
51001040,99067.0,110448.0,188400.0
51001041,99567.0,110448.0,188400.0
51001042,100067.0,110448.0,188400.0
51001043,111267.0,108748.0,188300.0
51001044,111267.0,109110.0,188300.0
51001045,111267.0,109473.0,188300.0
51001046,111267.0,109835.0,188300.0
51001047,111267.0,110198.0,188300.0
51001048,101067.0,113448.0,188400.0
51001049,101067.0,113798.0,188400.0
51001050,101067.0,114148.0,188400.0
51001051,101067.0,114498.0,188400.0
51001052,101067.0,114848.0,188400.0
51001053,107467.0,107123.0,188400.0
51001054,107467.0,107541.0,188400.0
51001055,107467.0,107960.0,188400.0
51001056,107467.0,108379.0,188400.0
51001057,107467.0,108798.0,188400.0
51001058,111267.0,107148.0,188300.0
51001059,111267.0,107548.0,188300.0
51001060,111267.0,107948.0,188300.0
51001061,111267.0,108348.0,188300.0
51001062,104867.0,107148.0,188400.0
51001063,104867.0,107560.0,188400.0
51001064,104867.0,107973.0,188400.0
51001065,104867.0,108385.0,188400.0
51001066,104867.0,108798.0,188400.0
51001067,107967.0,107098.0,188300.0
51001068,108367.0,107106.0,188300.0
51001069,108767.0,107114.0,188300.0
51001070,109167.0,107123.0,188300.0
51001071,109567.0,107131.0,188300.0
51001072,109967.0,107139.0,188300.0
51001073,110367.0,107148.0,188300.0
51001074,98067.0,113448.0,188400.0
51001075,98467.0,113448.0,188400.0
51001076,98867.0,113448.0,188400.0
51001077,99267.0,113448.0,188400.0
51001078,99667.0,113448.0,188400.0
51001079,107467.0,98548.0,188300.0
51001080,108067.0,98548.0,188300.0
51001081,54497.0,98548.0,188300.0
51001082,54959.0,98548.0,188300.0
51001083,55422.0,98548.0,188300.0
51001084,55884.0,98548.0,188300.0
51001085,56347.0,98548.0,188300.0
51001086,53847.0,107148.0,188300.0
51001087,54372.0,107123.0,188300.0
51001088,54897.0,107098.0,188300.0
51001089,55422.0,107073.0,188300.0
51001090,55947.0,107048.0,188300.0
51001091,52947.0,108748.0,188300.0
51001092,52947.0,109110.0,188300.0
51001093,52947.0,109473.0,188300.0
51001094,52947.0,109835.0,188300.0
51001095,52947.0,110198.0,188300.0
51001096,56347.0,113448.0,188400.0
51001097,56347.0,113798.0,188400.0
51001098,56347.0,114148.0,188400.0
51001099,56347.0,114498.0,188400.0
51001100,56347.0,114848.0,188400.0
51001101,52947.0,107148.0,188300.0
51001102,52947.0,107548.0,188300.0
51001103,52947.0,107948.0,188300.0
51001104,52947.0,108348.0,188300.0
51001105,19467.0,98548.0,188300.0
51001106,20067.0,98548.0,188300.0
51001107,20667.0,98548.0,188300.0
51001108,28467.0,113448.0,188400.0
51001109,28867.0,113448.0,188400.0
51001110,29267.0,113448.0,188400.0
51001111,29667.0,113448.0,188400.0
51001112,30067.0,113448.0,188400.0
51001113,18417.0,98548.0,188300.0
51001114,18942.0,98548.0,188300.0
51001115,17767.0,107148.0,188350.0
51001116,18167.0,107139.0,188350.0
51001117,18567.0,107131.0,188350.0
51001118,18967.0,107123.0,188350.0
51001119,19367.0,107114.0,188350.0
51001120,19767.0,107106.0,188350.0
51001121,20167.0,107098.0,188350.0
51001122,23267.0,107148.0,188400.0
51001123,23267.0,107560.0,188400.0
51001124,23267.0,107973.0,188400.0
51001125,23267.0,108385.0,188400.0
51001126,23267.0,108798.0,188400.0
51001127,16867.0,107148.0,188300.0
51001128,16867.0,107548.0,188300.0
51001129,16867.0,107948.0,188300.0
51001130,16867.0,108348.0,188300.0
51001131,16867.0,108748.0,188300.0
51001132,28067.0,110448.0,188400.0
51001133,28567.0,110448.0,188400.0
51001134,29067.0,110448.0,188400.0
51001135,29567.0,110448.0,188400.0
51001136,30067.0,110448.0,188400.0
51001137,20667.0,107123.0,188400.0
51001138,20667.0,107541.0,188400.0
51001139,20667.0,107960.0,188400.0
51001140,20667.0,108379.0,188400.0
51001141,20667.0,108798.0,188400.0
51001142,27067.0,113448.0,188400.0
51001143,27067.0,113798.0,188400.0
51001144,27067.0,114148.0,188400.0
51001145,27067.0,114498.0,188400.0
51001146,27067.0,114848.0,188400.0
51001147,16867.0,109110.0,188300.0
51001148,16867.0,109473.0,188300.0
51001149,16867.0,109835.0,188300.0
51001150,16867.0,110198.0,188300.0
51001151,17367.0,114848.0,187600.0
51001152,17367.0,114848.0,185933.0
51001153,17367.0,114848.0,186766.0
51001154,21533.0,114848.0,187700.0
51001155,22400.0,114848.0,187700.0
51001156,21533.0,114848.0,185966.0
51001157,22400.0,114848.0,185966.0
51001158,21533.0,114848.0,186833.0
51001159,22400.0,114848.0,186833.0
51001160,27767.0,114848.0,187800.0
51001161,27767.0,114848.0,186000.0
51001162,27767.0,114848.0,186900.0
51001163,16867.0,111060.0,187900.0
51001164,16867.0,111923.0,187900.0
51001165,16867.0,112785.0,187900.0
51001166,16867.0,111060.0,185933.0
51001167,16867.0,111923.0,185933.0
51001168,16867.0,112785.0,185933.0
51001169,16867.0,111060.0,186766.0
51001170,16867.0,112785.0,186766.0
51001171,16867.0,111923.0,186766.0
51001172,30067.0,114148.0,187800.0
51001173,30067.0,114148.0,186000.0
51001174,30067.0,114148.0,186900.0
51001175,27067.0,111448.0,187800.0
51001176,27067.0,112448.0,187800.0
51001177,27067.0,111448.0,186000.0
51001178,27067.0,112448.0,186000.0
51001179,27067.0,111448.0,186900.0
51001180,27067.0,112448.0,186900.0
51001181,27767.0,113448.0,188100.0
51001182,27767.0,113448.0,186000.0
51001183,27767.0,113448.0,186900.0
51001184,27567.0,110448.0,187800.0
51001185,27567.0,110448.0,186000.0
51001186,27567.0,110448.0,186900.0
51001187,30067.0,111448.0,188100.0
51001188,30067.0,112448.0,188100.0
51001189,30067.0,111448.0,186000.0
51001190,30067.0,112448.0,186000.0
51001191,30067.0,111448.0,186900.0
51001192,30067.0,112448.0,186900.0
51001193,20667.0,109345.0,187800.0
51001194,20667.0,109345.0,186000.0
51001195,20667.0,109345.0,186900.0
51001196,21533.0,108798.0,188100.0
51001197,22400.0,108798.0,188100.0
51001198,21533.0,108798.0,186000.0
51001199,22400.0,108798.0,186000.0
51001200,21533.0,108798.0,186900.0
51001201,22400.0,108798.0,186900.0
51001202,23267.0,109345.0,187800.0
51001203,23267.0,109345.0,186000.0
51001204,23267.0,109345.0,186900.0
51001205,17317.0,107148.0,187900.0
51001206,17317.0,107148.0,186000.0
51001207,17317.0,107148.0,186900.0
51001208,21533.0,107131.0,188100.0
51001209,22400.0,107139.0,188100.0
51001210,21533.0,107131.0,186000.0
51001211,22400.0,107139.0,186000.0
51001212,21533.0,107131.0,186900.0
51001213,22400.0,107139.0,186900.0
51001214,23267.0,106723.0,187800.0
51001215,23267.0,106723.0,186000.0
51001216,23267.0,106723.0,186900.0
51001217,27067.0,106723.0,187800.0
51001218,27067.0,106723.0,186000.0
51001219,27067.0,106723.0,186900.0
51001220,28067.0,107148.0,187800.0
51001221,29067.0,107148.0,187800.0
51001222,28067.0,107148.0,186000.0
51001223,29067.0,107148.0,186000.0
51001224,28067.0,107148.0,186900.0
51001225,29067.0,107148.0,186900.0
51001226,16867.0,101931.0,187800.0
51001227,16867.0,102814.0,187800.0
51001228,16867.0,101931.0,186000.0
51001229,16867.0,102814.0,186000.0
51001230,16867.0,101931.0,186900.0
51001231,16867.0,102814.0,186900.0
51001232,16867.0,99381.0,187800.0
51001233,16867.0,100214.0,187800.0
51001234,16867.0,99381.0,186000.0
51001235,16867.0,100214.0,186000.0
51001236,16867.0,99381.0,186900.0
51001237,16867.0,100214.0,186900.0
51001238,17317.0,101048.0,187800.0
51001239,17317.0,101048.0,186000.0
51001240,17317.0,101048.0,186900.0
51001241,18617.0,101048.0,187800.0
51001242,18617.0,101048.0,186000.0
51001243,18617.0,101048.0,186900.0
51001244,20667.0,99381.0,187800.0
51001245,20667.0,100214.0,187800.0
51001246,20667.0,99381.0,186000.0
51001247,20667.0,100214.0,186000.0
51001248,20667.0,99381.0,186900.0
51001249,20667.0,100214.0,186900.0
51001250,17642.0,98548.0,187800.0
51001251,17642.0,98548.0,186000.0
51001252,17642.0,98548.0,186900.0
51001253,21533.0,98548.0,187800.0
51001254,22400.0,98548.0,187800.0
51001255,21533.0,98548.0,186000.0
51001256,22400.0,98548.0,186000.0
51001257,21533.0,98548.0,186900.0
51001258,22400.0,98548.0,186900.0
51001259,23267.0,99070.0,187800.0
51001260,23267.0,99070.0,186000.0
51001261,23267.0,99070.0,186900.0
51001262,27067.0,99070.0,187800.0
51001263,27067.0,99070.0,186000.0
51001264,27067.0,99070.0,186900.0
51001265,28067.0,98548.0,187800.0
51001266,29067.0,98548.0,187800.0
51001267,28067.0,98548.0,186000.0
51001268,29067.0,98548.0,186000.0
51001269,28067.0,98548.0,186900.0
51001270,29067.0,98548.0,186900.0
51001271,16867.0,114248.0,187600.0
51001272,16867.0,114248.0,185933.0
51001273,16867.0,114248.0,186766.0
51001274,20667.0,114248.0,187600.0
51001275,20667.0,114248.0,185933.0
51001276,20667.0,114248.0,186766.0
51001277,20292.0,114848.0,187600.0
51001278,20292.0,114848.0,185933.0
51001279,20292.0,114848.0,186766.0
51001280,18142.0,114848.0,187600.0
51001281,18145.0,114848.0,188150.0
51001282,18642.0,114848.0,188150.0
51001283,19142.0,114848.0,188150.0
51001284,19639.0,114848.0,188150.0
51001285,19642.0,114848.0,187600.0
51001286,18142.0,114848.0,185933.0
51001287,19642.0,114848.0,185933.0
51001288,18142.0,114848.0,186766.0
51001289,19642.0,114848.0,186766.0
51001290,18642.0,114848.0,187600.0
51001291,19142.0,114848.0,187600.0
51001292,29267.0,114848.0,187800.0
51001293,29267.0,114848.0,186000.0
51001294,29267.0,114848.0,186900.0
51001295,20067.0,101048.0,187800.0
51001296,20067.0,101048.0,186000.0
51001297,20067.0,101048.0,186900.0
51001298,16867.0,104698.0,187800.0
51001299,16867.0,105698.0,187800.0
51001300,16867.0,104698.0,186000.0
51001301,16867.0,105698.0,186000.0
51001302,16867.0,104698.0,186900.0
51001303,16867.0,105698.0,186900.0
51001304,20667.0,106710.0,187800.0
51001305,20667.0,106710.0,186000.0
51001306,20667.0,106710.0,186900.0
51001307,23267.0,114248.0,187800.0
51001308,23267.0,114248.0,186000.0
51001309,23267.0,114248.0,186900.0
51001310,30067.0,99381.0,187800.0
51001311,30067.0,100214.0,187800.0
51001312,30067.0,100881.0,187800.0
51001313,30067.0,99381.0,186000.0
51001314,30067.0,100214.0,186000.0
51001315,30067.0,100881.0,186000.0
51001316,30067.0,99381.0,186900.0
51001317,30067.0,100881.0,186900.0
51001318,30067.0,100214.0,186900.0
51001319,30067.0,105281.0,187800.0
51001320,30067.0,106214.0,187800.0
51001321,30067.0,105281.0,186000.0
51001322,30067.0,106214.0,186000.0
51001323,30067.0,105281.0,186900.0
51001324,30067.0,106214.0,186900.0
51001325,30067.0,102481.0,187800.0
51001326,30067.0,103414.0,187800.0
51001327,30067.0,102481.0,186000.0
51001328,30067.0,103414.0,186000.0
51001329,30067.0,102481.0,186900.0
51001330,30067.0,103414.0,186900.0
51001331,60347.0,101873.0,187600.0
51001332,60347.0,102698.0,187600.0
51001333,60347.0,103523.0,187600.0
51001334,60347.0,101873.0,185933.0
51001335,60347.0,102698.0,185933.0
51001336,60347.0,103523.0,185933.0
51001337,60347.0,101873.0,186766.0
51001338,60347.0,103523.0,186766.0
51001339,60347.0,102698.0,186766.0
51001340,63747.0,111328.0,187600.0
51001341,63747.0,112208.0,187600.0
51001342,63747.0,113088.0,187600.0
51001343,63747.0,113968.0,187600.0
51001344,63747.0,111328.0,185933.0
51001345,63747.0,112208.0,185933.0
51001346,63747.0,113088.0,185933.0
51001347,63747.0,113968.0,185933.0
51001348,63747.0,111328.0,186766.0
51001349,63747.0,113968.0,186766.0
51001350,63747.0,112208.0,186766.0
51001351,63747.0,113088.0,186766.0
51001352,61022.0,114848.0,187600.0
51001353,61697.0,114848.0,187600.0
51001354,61700.0,114848.0,188150.0
51001355,62197.0,114848.0,188150.0
51001356,62697.0,114848.0,188150.0
51001357,63194.0,114848.0,188150.0
51001358,63197.0,114848.0,187600.0
51001359,61022.0,114848.0,185933.0
51001360,61697.0,114848.0,185933.0
51001361,63197.0,114848.0,185933.0
51001362,61022.0,114848.0,186766.0
51001363,63197.0,114848.0,186766.0
51001364,62197.0,114848.0,187600.0
51001365,61697.0,114848.0,186766.0
51001366,62697.0,114848.0,187600.0
51001367,52947.0,104560.0,187800.0
51001368,52947.0,105423.0,187800.0
51001369,52947.0,106285.0,187800.0
51001370,52947.0,104560.0,186000.0
51001371,52947.0,105423.0,186000.0
51001372,52947.0,106285.0,186000.0
51001373,52947.0,104560.0,186900.0
51001374,52947.0,106285.0,186900.0
51001375,52947.0,105423.0,186900.0
51001376,53722.0,98548.0,187800.0
51001377,53722.0,98548.0,186000.0
51001378,53722.0,98548.0,186900.0
51001379,52947.0,99381.0,187800.0
51001380,52947.0,100214.0,187800.0
51001381,52947.0,99381.0,186000.0
51001382,52947.0,100214.0,186000.0
51001383,52947.0,99381.0,186900.0
51001384,52947.0,100214.0,186900.0
51001385,52947.0,101931.0,187800.0
51001386,52947.0,102814.0,187800.0
51001387,52947.0,101931.0,186000.0
51001388,52947.0,102814.0,186000.0
51001389,52947.0,101931.0,186900.0
51001390,52947.0,102814.0,186900.0
51001391,53397.0,101048.0,187800.0
51001392,53397.0,101048.0,186000.0
51001393,53397.0,101048.0,186900.0
51001394,53397.0,107148.0,187900.0
51001395,53397.0,107148.0,186000.0
51001396,53397.0,107148.0,186900.0
51001397,56347.0,111328.0,187800.0
51001398,56347.0,112208.0,187800.0
51001399,56347.0,113088.0,187800.0
51001400,56347.0,111328.0,186000.0
51001401,56347.0,112208.0,186000.0
51001402,56347.0,113088.0,186000.0
51001403,56347.0,111328.0,186900.0
51001404,56347.0,113088.0,186900.0
51001405,56347.0,112208.0,186900.0
51001406,52947.0,111128.0,187900.0
51001407,52947.0,112058.0,187900.0
51001408,52947.0,112988.0,187900.0
51001409,52947.0,113918.0,187900.0
51001410,52947.0,111128.0,185933.0
51001411,52947.0,112058.0,185933.0
51001412,52947.0,112988.0,185933.0
51001413,52947.0,113918.0,185933.0
51001414,52947.0,111128.0,186766.0
51001415,52947.0,113918.0,186766.0
51001416,52947.0,112058.0,186766.0
51001417,52947.0,112988.0,186766.0
51001418,53622.0,114848.0,187600.0
51001419,54297.0,114848.0,187600.0
51001420,54300.0,114848.0,188150.0
51001421,54797.0,114848.0,188150.0
51001422,55297.0,114848.0,188150.0
51001423,55794.0,114848.0,188150.0
51001424,55797.0,114848.0,187600.0
51001425,53622.0,114848.0,185933.0
51001426,54297.0,114848.0,185933.0
51001427,55797.0,114848.0,185933.0
51001428,53622.0,114848.0,186766.0
51001429,55797.0,114848.0,186766.0
51001430,54797.0,114848.0,187600.0
51001431,54297.0,114848.0,186766.0
51001432,55297.0,114848.0,187600.0
51001433,61197.0,110448.0,187600.0
51001434,62047.0,110448.0,187600.0
51001435,62897.0,110448.0,187600.0
51001436,61197.0,110448.0,185933.0
51001437,62047.0,110448.0,185933.0
51001438,62897.0,110448.0,185933.0
51001439,61197.0,110448.0,186766.0
51001440,62897.0,110448.0,186766.0
51001441,62047.0,110448.0,186766.0
51001442,56347.0,106673.0,187800.0
51001443,56347.0,106673.0,186000.0
51001444,56347.0,106673.0,186900.0
51001445,56347.0,99381.0,187800.0
51001446,56347.0,100214.0,187800.0
51001447,56347.0,99381.0,186000.0
51001448,56347.0,100214.0,186000.0
51001449,56347.0,99381.0,186900.0
51001450,56347.0,100214.0,186900.0
51001451,63747.0,102064.0,187600.0
51001452,63747.0,103081.0,187600.0
51001453,63747.0,104098.0,187600.0
51001454,63747.0,105114.0,187600.0
51001455,63747.0,106131.0,187600.0
51001456,63747.0,102064.0,185933.0
51001457,63747.0,103081.0,185933.0
51001458,63747.0,104098.0,185933.0
51001459,63747.0,105114.0,185933.0
51001460,63747.0,106131.0,185933.0
51001461,63747.0,102064.0,186766.0
51001462,63747.0,106131.0,186766.0
51001463,63747.0,103081.0,186766.0
51001464,63747.0,104098.0,186766.0
51001465,63747.0,105114.0,186766.0
51001466,63747.0,99381.0,187600.0
51001467,63747.0,100214.0,187600.0
51001468,63747.0,99381.0,185933.0
51001469,63747.0,100214.0,185933.0
51001470,63747.0,99381.0,186766.0
51001471,63747.0,100214.0,186766.0
51001472,54680.0,101048.0,187800.0
51001473,55513.0,101048.0,187800.0
51001474,54680.0,101048.0,186000.0
51001475,55513.0,101048.0,186000.0
51001476,54680.0,101048.0,186900.0
51001477,55513.0,101048.0,186900.0
51001478,60822.0,98548.0,187600.0
51001479,61297.0,98548.0,187600.0
51001480,61300.0,98548.0,188150.0
51001481,61797.0,98548.0,188150.0
51001482,62297.0,98548.0,188150.0
51001483,62794.0,98548.0,188150.0
51001484,62797.0,98548.0,187600.0
51001485,63272.0,98548.0,187600.0
51001486,60822.0,98548.0,185933.0
51001487,61297.0,98548.0,185933.0
51001488,63272.0,98548.0,185933.0
51001489,62797.0,98548.0,185933.0
51001490,60822.0,98548.0,186766.0
51001491,63272.0,98548.0,186766.0
51001492,61797.0,98548.0,187600.0
51001493,61297.0,98548.0,186766.0
51001494,62297.0,98548.0,187600.0
51001495,62797.0,98548.0,186766.0
51001496,61197.0,101048.0,187600.0
51001497,62047.0,101048.0,187600.0
51001498,62897.0,101048.0,187600.0
51001499,61197.0,101048.0,185933.0
51001500,62047.0,101048.0,185933.0
51001501,62897.0,101048.0,185933.0
51001502,61197.0,101048.0,186766.0
51001503,62897.0,101048.0,186766.0
51001504,62047.0,101048.0,186766.0
51001505,111267.0,104698.0,187800.0
51001506,111267.0,105698.0,187800.0
51001507,111267.0,104698.0,186000.0
51001508,111267.0,105698.0,186000.0
51001509,111267.0,104698.0,186900.0
51001510,111267.0,105698.0,186900.0
51001511,108067.0,101048.0,187800.0
51001512,108067.0,101048.0,186000.0
51001513,108067.0,101048.0,186900.0
51001514,98867.0,114848.0,187800.0
51001515,98867.0,114848.0,186000.0
51001516,98867.0,114848.0,186900.0
51001517,108492.0,114848.0,187600.0
51001518,108495.0,114848.0,188150.0
51001519,108992.0,114848.0,188150.0
51001520,109492.0,114848.0,188150.0
51001521,109989.0,114848.0,188150.0
51001522,109992.0,114848.0,187600.0
51001523,108492.0,114848.0,185933.0
51001524,109992.0,114848.0,185933.0
51001525,108492.0,114848.0,186766.0
51001526,109992.0,114848.0,186766.0
51001527,108992.0,114848.0,187600.0
51001528,109492.0,114848.0,187600.0
51001529,107842.0,114848.0,187700.0
51001530,107842.0,114848.0,185966.0
51001531,107842.0,114848.0,186833.0
51001532,107467.0,114248.0,187700.0
51001533,107467.0,114248.0,185966.0
51001534,107467.0,114248.0,186833.0
51001535,111267.0,114248.0,187800.0
51001536,111267.0,114248.0,186000.0
51001537,111267.0,114248.0,186900.0
51001538,110767.0,114848.0,187700.0
51001539,110767.0,114848.0,185966.0
51001540,110767.0,114848.0,186833.0
51001541,110492.0,98548.0,187800.0
51001542,110492.0,98548.0,186000.0
51001543,110492.0,98548.0,186900.0
51001544,99067.0,98548.0,187800.0
51001545,100067.0,98548.0,187800.0
51001546,99067.0,98548.0,186000.0
51001547,100067.0,98548.0,186000.0
51001548,99067.0,98548.0,186900.0
51001549,100067.0,98548.0,186900.0
51001550,105733.0,98548.0,187800.0
51001551,106600.0,98548.0,187800.0
51001552,105733.0,98548.0,186000.0
51001553,106600.0,98548.0,186000.0
51001554,105733.0,98548.0,186900.0
51001555,106600.0,98548.0,186900.0
51001556,101067.0,99070.0,187800.0
51001557,101067.0,99070.0,186000.0
51001558,101067.0,99070.0,186900.0
51001559,104867.0,99070.0,187800.0
51001560,104867.0,99070.0,186000.0
51001561,104867.0,99070.0,186900.0
51001562,107467.0,99381.0,187800.0
51001563,107467.0,100214.0,187800.0
51001564,107467.0,99381.0,186000.0
51001565,107467.0,100214.0,186000.0
51001566,107467.0,99381.0,186900.0
51001567,107467.0,100214.0,186900.0
51001568,109517.0,101048.0,187800.0
51001569,109517.0,101048.0,186000.0
51001570,109517.0,101048.0,186900.0
51001571,110817.0,101048.0,187800.0
51001572,110817.0,101048.0,186000.0
51001573,110817.0,101048.0,186900.0
51001574,111267.0,99381.0,187800.0
51001575,111267.0,100214.0,187800.0
51001576,111267.0,99381.0,186000.0
51001577,111267.0,100214.0,186000.0
51001578,111267.0,99381.0,186900.0
51001579,111267.0,100214.0,186900.0
51001580,111267.0,101931.0,187800.0
51001581,111267.0,102814.0,187800.0
51001582,111267.0,101931.0,186000.0
51001583,111267.0,102814.0,186000.0
51001584,111267.0,101931.0,186900.0
51001585,111267.0,102814.0,186900.0
51001586,99067.0,107148.0,187800.0
51001587,100067.0,107148.0,187800.0
51001588,99067.0,107148.0,186000.0
51001589,100067.0,107148.0,186000.0
51001590,99067.0,107148.0,186900.0
51001591,100067.0,107148.0,186900.0
51001592,101067.0,106723.0,187800.0
51001593,101067.0,106723.0,186000.0
51001594,101067.0,106723.0,186900.0
51001595,104867.0,106723.0,187800.0
51001596,104867.0,106723.0,186000.0
51001597,104867.0,106723.0,186900.0
51001598,105733.0,107139.0,188100.0
51001599,106600.0,107131.0,188100.0
51001600,105733.0,107139.0,186000.0
51001601,106600.0,107131.0,186000.0
51001602,105733.0,107139.0,186900.0
51001603,106600.0,107131.0,186900.0
51001604,110817.0,107148.0,187900.0
51001605,110817.0,107148.0,186000.0
51001606,110817.0,107148.0,186900.0
51001607,104867.0,109345.0,187800.0
51001608,104867.0,109345.0,186000.0
51001609,104867.0,109345.0,186900.0
51001610,105733.0,108798.0,188100.0
51001611,106600.0,108798.0,188100.0
51001612,105733.0,108798.0,186000.0
51001613,106600.0,108798.0,186000.0
51001614,105733.0,108798.0,186900.0
51001615,106600.0,108798.0,186900.0
51001616,107467.0,109345.0,187800.0
51001617,107467.0,109345.0,186000.0
51001618,107467.0,109345.0,186900.0
51001619,98067.0,111448.0,188100.0
51001620,98067.0,112448.0,188100.0
51001621,98067.0,111448.0,186000.0
51001622,98067.0,112448.0,186000.0
51001623,98067.0,111448.0,186900.0
51001624,98067.0,112448.0,186900.0
51001625,100567.0,110448.0,187800.0
51001626,100567.0,110448.0,186000.0
51001627,100567.0,110448.0,186900.0
51001628,100367.0,113448.0,188100.0
51001629,100367.0,113448.0,186000.0
51001630,100367.0,113448.0,186900.0
51001631,101067.0,111448.0,187800.0
51001632,101067.0,112448.0,187800.0
51001633,101067.0,111448.0,186000.0
51001634,101067.0,112448.0,186000.0
51001635,101067.0,111448.0,186900.0
51001636,101067.0,112448.0,186900.0
51001637,98067.0,114148.0,187800.0
51001638,98067.0,114148.0,186000.0
51001639,98067.0,114148.0,186900.0
51001640,111267.0,111060.0,187800.0
51001641,111267.0,111923.0,187800.0
51001642,111267.0,112785.0,187800.0
51001643,111267.0,111060.0,186000.0
51001644,111267.0,111923.0,186000.0
51001645,111267.0,112785.0,186000.0
51001646,111267.0,111060.0,186900.0
51001647,111267.0,112785.0,186900.0
51001648,111267.0,111923.0,186900.0
51001649,100367.0,114848.0,187800.0
51001650,100367.0,114848.0,186000.0
51001651,100367.0,114848.0,186900.0
51001652,105733.0,114848.0,187800.0
51001653,106600.0,114848.0,187800.0
51001654,105733.0,114848.0,186000.0
51001655,106600.0,114848.0,186000.0
51001656,105733.0,114848.0,186900.0
51001657,106600.0,114848.0,186900.0
51001658,107467.0,106710.0,187800.0
51001659,107467.0,106710.0,186000.0
51001660,107467.0,106710.0,186900.0
51001661,98067.0,102481.0,187800.0
51001662,98067.0,103414.0,187800.0
51001663,98067.0,102481.0,186000.0
51001664,98067.0,103414.0,186000.0
51001665,98067.0,102481.0,186900.0
51001666,98067.0,103414.0,186900.0
51001667,98067.0,105281.0,187800.0
51001668,98067.0,106214.0,187800.0
51001669,98067.0,105281.0,186000.0
51001670,98067.0,106214.0,186000.0
51001671,98067.0,105281.0,186900.0
51001672,98067.0,106214.0,186900.0
51001673,104867.0,114248.0,187800.0
51001674,104867.0,114248.0,186000.0
51001675,104867.0,114248.0,186900.0
51001676,98067.0,99381.0,187800.0
51001677,98067.0,100214.0,187800.0
51001678,98067.0,99381.0,186000.0
51001679,98067.0,100214.0,186000.0
51001680,98067.0,99381.0,186900.0
51001681,98067.0,100214.0,186900.0
51001682,24217.0,113842.0,188700.0
51001683,24217.0,112888.0,188700.0
51001684,24217.0,111942.0,188700.0
51001685,24217.0,110977.0,188700.0
51001686,24217.0,109999.0,188700.0
51001687,24217.0,109011.0,188700.0
51001688,24217.0,108071.0,188700.0
51001689,25167.0,113929.0,188700.0
51001690,25167.0,113007.0,188700.0
51001691,25167.0,112066.0,188700.0
51001692,25167.0,111102.0,188700.0
51001693,25167.0,110119.0,188700.0
51001694,25167.0,109126.0,188700.0
51001695,25167.0,108135.0,188700.0
51001696,26117.0,114015.0,188700.0
51001697,26117.0,113157.0,188700.0
51001698,26117.0,112223.0,188700.0
51001699,26117.0,111253.0,188700.0
51001700,26117.0,110256.0,188700.0
51001701,26117.0,109228.0,188700.0
51001702,26117.0,108189.0,188700.0
51001703,27767.0,114148.0,188700.0
51001704,29267.0,114148.0,188700.0
51001705,17833.0,112807.0,188700.0
51001706,17803.0,111978.0,188700.0
51001707,17814.0,109560.0,188700.0
51001708,17803.0,110360.0,188700.0
51001709,17797.0,111175.0,188700.0
51001710,18747.0,110499.0,188700.0
51001711,18711.0,111308.0,188700.0
51001712,18758.0,109644.0,188700.0
51001713,18725.0,111989.0,188700.0
51001714,18796.0,112799.0,188700.0
51001715,19605.0,111720.0,188700.0
51001716,19687.0,110724.0,188700.0
51001717,19711.0,109759.0,188700.0
51001718,19736.0,112715.0,188700.0
51001719,17727.0,107952.0,188700.0
51001720,18522.0,107951.0,188700.0
51001721,19173.0,107945.0,188700.0
51001722,19928.0,107945.0,188700.0
51001723,21533.0,107964.0,188700.0
51001724,22400.0,107968.0,188700.0
51001725,24217.0,106235.0,188700.0
51001726,24217.0,105296.0,188700.0
51001727,25167.0,106224.0,188700.0
51001728,25167.0,105289.0,188700.0
51001729,26117.0,106235.0,188700.0
51001730,26117.0,105296.0,188700.0
51001731,17733.0,100214.0,188700.0
51001732,17704.0,99381.0,188700.0
51001733,18596.0,100214.0,188700.0
51001734,18559.0,99381.0,188700.0
51001735,24217.0,103414.0,188700.0
51001736,24217.0,102481.0,188700.0
51001737,25167.0,103414.0,188700.0
51001738,25167.0,102481.0,188700.0
51001739,26117.0,103414.0,188700.0
51001740,26117.0,102481.0,188700.0
51001741,24217.0,100556.0,188700.0
51001742,24217.0,99559.0,188700.0
51001743,25167.0,100552.0,188700.0
51001744,25167.0,99553.0,188700.0
51001745,26117.0,100556.0,188700.0
51001746,26117.0,99559.0,188700.0
51001747,53835.0,107943.0,188700.0
51001748,54736.0,107923.0,188700.0
51001749,55602.0,107903.0,188700.0
51001750,109538.0,100214.0,188700.0
51001751,109574.0,99381.0,188700.0
51001752,110401.0,100214.0,188700.0
51001753,110429.0,99381.0,188700.0
51001754,98867.0,114148.0,188700.0
51001755,100367.0,114148.0,188700.0
51001756,108372.0,112745.0,188700.0
51001757,108436.0,111814.0,188700.0
51001758,108445.0,109786.0,188700.0
51001759,108536.0,110807.0,188700.0
51001760,109424.0,111113.0,188700.0
51001761,109371.0,111930.0,188700.0
51001762,109425.0,110435.0,188700.0
51001763,109388.0,109627.0,188700.0
51001764,109326.0,112783.0,188700.0
51001765,110341.0,110329.0,188700.0
51001766,110337.0,111124.0,188700.0
51001767,110328.0,109547.0,188700.0
51001768,110293.0,112795.0,188700.0
51001769,110320.0,111948.0,188700.0
51001770,101998.0,100556.0,188700.0
51001771,101962.0,99558.0,188700.0
51001772,102940.0,100552.0,188700.0
51001773,102881.0,99553.0,188700.0
51001774,103898.0,100556.0,188700.0
51001775,103862.0,99559.0,188700.0
51001776,108205.0,107945.0,188700.0
51001777,108960.0,107945.0,188700.0
51001778,109611.0,107951.0,188700.0
51001779,110406.0,107952.0,188700.0
51001780,102017.0,106235.0,188700.0
51001781,102017.0,105296.0,188700.0
51001782,102967.0,106224.0,188700.0
51001783,102967.0,105289.0,188700.0
51001784,103917.0,106235.0,188700.0
51001785,103917.0,105296.0,188700.0
51001786,101960.0,114011.0,188700.0
51001787,101992.0,113153.0,188700.0
51001788,102002.0,112222.0,188700.0
51001789,102007.0,111252.0,188700.0
51001790,102010.0,110256.0,188700.0
51001791,102012.0,109228.0,188700.0
51001792,102014.0,108190.0,188700.0
51001793,102877.0,113924.0,188700.0
51001794,102929.0,113003.0,188700.0
51001795,102946.0,112064.0,188700.0
51001796,102953.0,111102.0,188700.0
51001797,102957.0,110120.0,188700.0
51001798,102960.0,109127.0,188700.0
51001799,102963.0,108135.0,188700.0
51001800,103858.0,113839.0,188700.0
51001801,103890.0,112886.0,188700.0
51001802,103902.0,111941.0,188700.0
51001803,103907.0,110977.0,188700.0
51001804,103910.0,110000.0,188700.0
51001805,103912.0,109011.0,188700.0
51001806,103914.0,108072.0,188700.0
51001807,102017.0,103414.0,188700.0
51001808,102017.0,102481.0,188700.0
51001809,102967.0,103414.0,188700.0
51001810,102967.0,102481.0,188700.0
51001811,103917.0,103414.0,188700.0
51001812,103917.0,102481.0,188700.0
51001813,105733.0,107968.0,188700.0
51001814,106600.0,107964.0,188700.0
52000001,23267.0,114848.0,192300.0
52000002,27067.0,114848.0,192300.0
52000003,20667.0,114848.0,192300.0
52000004,30067.0,114848.0,192300.0
52000005,27067.0,113448.0,192300.0
52000006,27067.0,110448.0,192300.0
52000007,30067.0,113448.0,192300.0
52000008,20667.0,111848.0,192300.0
52000009,20667.0,108798.0,192300.0
52000010,23267.0,111848.0,192300.0
52000011,16867.0,108748.0,192300.0
52000012,23267.0,108798.0,192300.0
52000013,16867.0,107148.0,192300.0
52000014,30067.0,107148.0,192300.0
52000015,23267.0,107148.0,192300.0
52000016,20667.0,107123.0,192300.0
52000017,27067.0,107148.0,192300.0
52000018,16867.0,101048.0,192300.0
52000019,17767.0,107148.0,192300.0
52000020,17767.0,101048.0,192300.0
52000021,20667.0,104348.0,192300.0
52000022,23267.0,104348.0,192300.0
52000023,27067.0,104348.0,192300.0
52000024,20667.0,101548.0,192300.0
52000025,20667.0,101048.0,192300.0
52000026,23267.0,101548.0,192300.0
52000027,27067.0,101548.0,192300.0
52000028,20667.0,98548.0,192300.0
52000029,23267.0,98548.0,192300.0
52000030,27067.0,98548.0,192300.0
52000031,16867.0,110198.0,192300.0
52000032,30067.0,110448.0,192300.0
52000033,23267.0,109893.0,192300.0
52000034,28067.0,110448.0,192300.0
52000035,23267.0,106298.0,192300.0
52000036,27067.0,106298.0,192300.0
52000037,20167.0,107098.0,192300.0
52000038,23267.0,99593.0,192300.0
52000039,27067.0,99593.0,192300.0
52000040,18417.0,98548.0,192300.0
52000041,20667.0,113648.0,192300.0
52000042,16867.0,113648.0,192300.0
52000043,19917.0,113648.0,192300.0
52000044,19917.0,114848.0,192300.0
52000045,17867.0,113648.0,192300.0
52000046,17867.0,114848.0,192300.0
52000047,28467.0,113448.0,192300.0
52000048,28467.0,114848.0,192300.0
52000049,19467.0,98548.0,192300.0
52000050,19467.0,101048.0,192300.0
52000051,17767.0,103698.0,192300.0
52000052,16867.0,103698.0,192300.0
52000053,20667.0,106298.0,192300.0
52000054,23267.0,113648.0,192300.0
52000055,20667.0,109893.0,192300.0
52000056,4867.0,114848.0,192300.0
52000057,4867.0,106698.0,192300.0
52000058,4867.0,98548.0,192300.0
52000059,4867.0,87098.0,192300.0
52000060,4867.0,126298.0,192300.0
52000061,9467.0,126348.0,192300.0
52000062,13067.0,126348.0,192300.0
52000063,124067.0,114848.0,192300.0
52000064,124067.0,106698.0,192300.0
52000065,124067.0,98548.0,192300.0
52000066,124067.0,87098.0,192300.0
52000067,124067.0,126298.0,192300.0
52000068,30067.0,98548.0,192300.0
52000069,30067.0,104348.0,192300.0
52000070,30067.0,101548.0,192300.0
52000071,13067.0,87048.0,192300.0
52000072,9467.0,87048.0,192300.0
52000073,63747.0,110448.0,192300.0
52000074,60347.0,101048.0,192300.0
52000075,60347.0,107148.0,192300.0
52000076,63747.0,107148.0,192300.0
52000077,52947.0,114848.0,192300.0
52000078,56347.0,108748.0,192300.0
52000079,52947.0,103698.0,192300.0
52000080,53847.0,103698.0,192300.0
52000081,54497.0,98548.0,192300.0
52000082,56347.0,110448.0,192300.0
52000083,52947.0,110198.0,192300.0
52000084,56347.0,113448.0,192300.0
52000085,52947.0,101048.0,192300.0
52000086,53847.0,101048.0,192300.0
52000087,53847.0,107148.0,192300.0
52000088,52947.0,107148.0,192300.0
52000089,56347.0,107048.0,192300.0
52000090,52947.0,108748.0,192300.0
52000091,56347.0,101548.0,192300.0
52000092,55947.0,107048.0,192300.0
52000093,56347.0,106298.0,192300.0
52000094,60347.0,110448.0,192300.0
52000095,56347.0,104348.0,192300.0
52000096,56347.0,101048.0,192300.0
52000097,63747.0,101048.0,192300.0
52000098,52947.0,98548.0,192300.0
52000099,60347.0,104348.0,192300.0
52000100,119800.0,87048.0,192300.0
52000101,115533.0,87048.0,192300.0
52000102,111267.0,103698.0,192300.0
52000103,110367.0,103698.0,192300.0
52000104,108667.0,101048.0,192300.0
52000105,108667.0,98548.0,192300.0
52000106,99667.0,114848.0,192300.0
52000107,99667.0,113448.0,192300.0
52000108,110267.0,114848.0,192300.0
52000109,110267.0,113648.0,192300.0
52000110,108217.0,114848.0,192300.0
52000111,108217.0,113648.0,192300.0
52000112,111267.0,113648.0,192300.0
52000113,107467.0,113648.0,192300.0
52000114,109717.0,98548.0,192300.0
52000115,101067.0,99593.0,192300.0
52000116,104867.0,99593.0,192300.0
52000117,107967.0,107098.0,192300.0
52000118,101067.0,106298.0,192300.0
52000119,104867.0,106298.0,192300.0
52000120,100067.0,110448.0,192300.0
52000121,104867.0,109893.0,192300.0
52000122,98067.0,110448.0,192300.0
52000123,111267.0,110198.0,192300.0
52000124,101067.0,98548.0,192300.0
52000125,104867.0,98548.0,192300.0
52000126,107467.0,98548.0,192300.0
52000127,101067.0,101548.0,192300.0
52000128,104867.0,101548.0,192300.0
52000129,107467.0,101048.0,192300.0
52000130,107467.0,101548.0,192300.0
52000131,101067.0,104348.0,192300.0
52000132,104867.0,104348.0,192300.0
52000133,107467.0,104348.0,192300.0
52000134,110367.0,101048.0,192300.0
52000135,110367.0,107148.0,192300.0
52000136,111267.0,101048.0,192300.0
52000137,101067.0,107148.0,192300.0
52000138,107467.0,107123.0,192300.0
52000139,104867.0,107148.0,192300.0
52000140,98067.0,107148.0,192300.0
52000141,111267.0,107148.0,192300.0
52000142,104867.0,108798.0,192300.0
52000143,111267.0,108748.0,192300.0
52000144,104867.0,111848.0,192300.0
52000145,107467.0,108798.0,192300.0
52000146,107467.0,111848.0,192300.0
52000147,98067.0,113448.0,192300.0
52000148,101067.0,110448.0,192300.0
52000149,101067.0,113448.0,192300.0
52000150,98067.0,114848.0,192300.0
52000151,107467.0,114848.0,192300.0
52000152,101067.0,114848.0,192300.0
52000153,104867.0,114848.0,192300.0
52000154,107467.0,106298.0,192300.0
52000155,98067.0,101548.0,192300.0
52000156,98067.0,104348.0,192300.0
52000157,107467.0,109893.0,192300.0
52000158,104867.0,113648.0,192300.0
52000159,98067.0,101048.0,192300.0
52000160,98067.0,98548.0,192300.0
52000161,60347.0,114848.0,192300.0
52000162,56347.0,98548.0,192300.0
52000163,63747.0,114848.0,192300.0
52000164,60347.0,98548.0,192300.0
52000165,63747.0,98548.0,192300.0
52000166,56347.0,114848.0,192300.0
52000167,30067.0,87098.0,192300.0
52000168,16867.0,98548.0,192300.0
52000169,16867.0,114848.0,192300.0
52000170,16867.0,106698.0,192300.0
52000171,30067.0,126298.0,192300.0
52000172,16867.0,126298.0,192300.0
52000173,16867.0,87098.0,192300.0
52000174,111267.0,87098.0,192300.0
52000175,111267.0,126298.0,192300.0
52000176,98067.0,126298.0,192300.0
52000177,98067.0,87098.0,192300.0
52000178,111267.0,98548.0,192300.0
52000179,111267.0,114848.0,192300.0
52000180,111267.0,106698.0,192300.0
52000181,41507.0,87098.0,192300.0
52000182,41507.0,126298.0,192300.0
52000183,52947.0,87098.0,192300.0
52000184,52947.0,126298.0,192300.0
52000185,75187.0,126298.0,192300.0
52000186,75187.0,87098.0,192300.0
52000187,86627.0,126298.0,192300.0
52000188,86627.0,87098.0,192300.0
52000189,102700.0,87048.0,192300.0
52000190,102700.0,98548.0,192300.0
52000191,107467.0,87048.0,192300.0
52000192,102700.0,126348.0,192300.0
52000193,102700.0,114848.0,192300.0
52000194,107467.0,126348.0,192300.0
52000195,92347.0,126348.0,192300.0
52000196,92347.0,87048.0,192300.0
52000197,80907.0,126348.0,192300.0
52000198,80907.0,87048.0,192300.0
52000199,69467.0,126348.0,192300.0
52000200,69467.0,87048.0,192300.0
52000201,119800.0,126348.0,192300.0
52000202,115533.0,126348.0,192300.0
52000203,47227.0,126348.0,192300.0
52000204,47227.0,87048.0,192300.0
52000205,58347.0,98548.0,192300.0
52000206,58347.0,87048.0,192300.0
52000207,58347.0,114848.0,192300.0
52000208,58347.0,126348.0,192300.0
52000209,35787.0,87048.0,192300.0
52000210,35787.0,126348.0,192300.0
52000211,20667.0,126348.0,192300.0
52000212,25167.0,114848.0,192300.0
52000213,25167.0,126348.0,192300.0
52000214,25167.0,98548.0,192300.0
52000215,25167.0,87048.0,192300.0
52000216,20667.0,87048.0,192300.0
52000217,92347.0,107148.0,192300.0
52000218,92347.0,98548.0,192300.0
52000219,92347.0,114848.0,192300.0
52000220,80907.0,107148.0,192300.0
52000221,80907.0,98548.0,192300.0
52000222,80907.0,114848.0,192300.0
52000223,69467.0,107148.0,192300.0
52000224,69467.0,98548.0,192300.0
52000225,69467.0,114848.0,192300.0
52000226,47227.0,107148.0,192300.0
52000227,35787.0,107148.0,192300.0
52000228,41507.0,107148.0,192300.0
52000229,86627.0,107148.0,192300.0
52000230,75187.0,107148.0,192300.0
52000231,119800.0,106698.0,192300.0
52000232,115533.0,106698.0,192300.0
52000233,13067.0,106698.0,192300.0
52000234,9467.0,106698.0,192300.0
52000235,119800.0,98548.0,192300.0
52000236,115533.0,98548.0,192300.0
52000237,86627.0,98548.0,192300.0
52000238,75187.0,98548.0,192300.0
52000239,47227.0,98548.0,192300.0
52000240,35787.0,98548.0,192300.0
52000241,41507.0,98548.0,192300.0
52000242,13067.0,98548.0,192300.0
52000243,9467.0,98548.0,192300.0
52000244,119800.0,114848.0,192300.0
52000245,115533.0,114848.0,192300.0
52000246,86627.0,114848.0,192300.0
52000247,75187.0,114848.0,192300.0
52000248,47227.0,114848.0,192300.0
52000249,35787.0,114848.0,192300.0
52000250,41507.0,114848.0,192300.0
52000251,13067.0,114848.0,192300.0
52000252,9467.0,114848.0,192300.0
52000253,63747.0,87098.0,192300.0
52000254,63747.0,126298.0,192300.0
52000255,30067.0,101048.0,192300.0
52000256,16867.0,108748.0,191500.0
52000257,16867.0,110198.0,191500.0
52000258,27067.0,113448.0,191700.0
52000259,27067.0,114848.0,191700.0
52000260,20667.0,107123.0,191700.0
52000261,20667.0,108798.0,191700.0
52000262,28067.0,110448.0,191700.0
52000263,30067.0,110448.0,191700.0
52000264,16867.0,107148.0,191500.0
52000265,23267.0,107148.0,191700.0
52000266,23267.0,108798.0,191700.0
52000267,17767.0,107148.0,191600.0
52000268,20167.0,107098.0,191600.0
52000269,18417.0,98548.0,191500.0
52000270,19467.0,98548.0,191500.0
52000271,28467.0,113448.0,191700.0
52000272,30067.0,113448.0,191700.0
52000273,20667.0,98548.0,191500.0
52000274,52947.0,107148.0,191500.0
52000275,52947.0,108748.0,191500.0
52000276,56347.0,113448.0,191700.0
52000277,56347.0,114848.0,191700.0
52000278,52947.0,110198.0,191500.0
52000279,53847.0,107148.0,191500.0
52000280,55947.0,107048.0,191500.0
52000281,54497.0,98548.0,191500.0
52000282,56347.0,98548.0,191500.0
52000283,107467.0,98548.0,191500.0
52000284,108667.0,98548.0,191500.0
52000285,98067.0,113448.0,191700.0
52000286,99667.0,113448.0,191700.0
52000287,107967.0,107098.0,191500.0
52000288,110367.0,107148.0,191500.0
52000289,104867.0,107148.0,191700.0
52000290,104867.0,108798.0,191700.0
52000291,111267.0,107148.0,191500.0
52000292,111267.0,108748.0,191500.0
52000293,107467.0,107123.0,191700.0
52000294,107467.0,108798.0,191700.0
52000295,101067.0,113448.0,191700.0
52000296,101067.0,114848.0,191700.0
52000297,111267.0,110198.0,191500.0
52000298,98067.0,110448.0,191700.0
52000299,100067.0,110448.0,191700.0
52000300,109717.0,98548.0,191500.0
52000301,17367.0,114848.0,192300.0
52000302,21533.0,114848.0,192300.0
52000303,22400.0,114848.0,192300.0
52000304,27767.0,114848.0,192300.0
52000305,16867.0,111060.0,192300.0
52000306,16867.0,111923.0,192300.0
52000307,16867.0,112785.0,192300.0
52000308,16867.0,109110.0,192300.0
52000309,16867.0,109473.0,192300.0
52000310,16867.0,109835.0,192300.0
52000311,27067.0,113798.0,192300.0
52000312,27067.0,114148.0,192300.0
52000313,27067.0,114498.0,192300.0
52000314,30067.0,114148.0,192300.0
52000315,27067.0,111448.0,192300.0
52000316,27067.0,112448.0,192300.0
52000317,27767.0,113448.0,192300.0
52000318,27567.0,110448.0,192300.0
52000319,30067.0,111448.0,192300.0
52000320,30067.0,112448.0,192300.0
52000321,20667.0,109345.0,192300.0
52000322,20667.0,107541.0,192300.0
52000323,20667.0,107960.0,192300.0
52000324,20667.0,108379.0,192300.0
52000325,21533.0,108798.0,192300.0
52000326,22400.0,108798.0,192300.0
52000327,23267.0,109345.0,192300.0
52000328,28567.0,110448.0,192300.0
52000329,29067.0,110448.0,192300.0
52000330,29567.0,110448.0,192300.0
52000331,16867.0,107548.0,192300.0
52000332,16867.0,107948.0,192300.0
52000333,16867.0,108348.0,192300.0
52000334,23267.0,107560.0,192300.0
52000335,23267.0,107973.0,192300.0
52000336,23267.0,108385.0,192300.0
52000337,17317.0,107148.0,192300.0
52000338,21533.0,107131.0,192300.0
52000339,22400.0,107139.0,192300.0
52000340,23267.0,106723.0,192300.0
52000341,27067.0,106723.0,192300.0
52000342,28067.0,107148.0,192300.0
52000343,29067.0,107148.0,192300.0
52000344,16867.0,101931.0,192300.0
52000345,16867.0,102814.0,192300.0
52000346,16867.0,99381.0,192300.0
52000347,16867.0,100214.0,192300.0
52000348,17317.0,101048.0,192300.0
52000349,18167.0,107139.0,192300.0
52000350,18567.0,107131.0,192300.0
52000351,18967.0,107123.0,192300.0
52000352,19367.0,107114.0,192300.0
52000353,19767.0,107106.0,192300.0
52000354,18617.0,101048.0,192300.0
52000355,20667.0,99381.0,192300.0
52000356,20667.0,100214.0,192300.0
52000357,17642.0,98548.0,192300.0
52000358,18942.0,98548.0,192300.0
52000359,21533.0,98548.0,192300.0
52000360,22400.0,98548.0,192300.0
52000361,23267.0,99070.0,192300.0
52000362,27067.0,99070.0,192300.0
52000363,28067.0,98548.0,192300.0
52000364,29067.0,98548.0,192300.0
52000365,16867.0,114248.0,192300.0
52000366,20667.0,114248.0,192300.0
52000367,20292.0,114848.0,192300.0
52000368,18142.0,114848.0,192300.0
52000369,18642.0,114848.0,192300.0
52000370,19142.0,114848.0,192300.0
52000371,19642.0,114848.0,192300.0
52000372,29267.0,114848.0,192300.0
52000373,28867.0,113448.0,192300.0
52000374,29267.0,113448.0,192300.0
52000375,29667.0,113448.0,192300.0
52000376,20067.0,101048.0,192300.0
52000377,20067.0,98548.0,192300.0
52000378,16867.0,104698.0,192300.0
52000379,16867.0,105698.0,192300.0
52000380,20667.0,106710.0,192300.0
52000381,23267.0,114248.0,192300.0
52000382,30067.0,105281.0,192300.0
52000383,30067.0,106214.0,192300.0
52000384,30067.0,102481.0,192300.0
52000385,30067.0,103414.0,192300.0
52000386,60347.0,101873.0,192300.0
52000387,60347.0,102698.0,192300.0
52000388,60347.0,103523.0,192300.0
52000389,63747.0,111328.0,192300.0
52000390,63747.0,112208.0,192300.0
52000391,63747.0,113088.0,192300.0
52000392,63747.0,113968.0,192300.0
52000393,61022.0,114848.0,192300.0
52000394,61697.0,114848.0,192300.0
52000395,62197.0,114848.0,192300.0
52000396,62697.0,114848.0,192300.0
52000397,63197.0,114848.0,192300.0
52000398,52947.0,104560.0,192300.0
52000399,52947.0,105423.0,192300.0
52000400,52947.0,106285.0,192300.0
52000401,53722.0,98548.0,192300.0
52000402,52947.0,99381.0,192300.0
52000403,52947.0,100214.0,192300.0
52000404,52947.0,101931.0,192300.0
52000405,52947.0,102814.0,192300.0
52000406,53397.0,101048.0,192300.0
52000407,53397.0,107148.0,192300.0
52000408,52947.0,107548.0,192300.0
52000409,52947.0,107948.0,192300.0
52000410,52947.0,108348.0,192300.0
52000411,56347.0,111328.0,192300.0
52000412,56347.0,112208.0,192300.0
52000413,56347.0,113088.0,192300.0
52000414,56347.0,113798.0,192300.0
52000415,56347.0,114148.0,192300.0
52000416,56347.0,114498.0,192300.0
52000417,52947.0,109110.0,192300.0
52000418,52947.0,109473.0,192300.0
52000419,52947.0,109835.0,192300.0
52000420,52947.0,111128.0,192300.0
52000421,52947.0,112058.0,192300.0
52000422,52947.0,112988.0,192300.0
52000423,52947.0,113918.0,192300.0
52000424,53622.0,114848.0,192300.0
52000425,54297.0,114848.0,192300.0
52000426,54797.0,114848.0,192300.0
52000427,55297.0,114848.0,192300.0
52000428,55797.0,114848.0,192300.0
52000429,54372.0,107123.0,192300.0
52000430,54897.0,107098.0,192300.0
52000431,55422.0,107073.0,192300.0
52000432,61197.0,110448.0,192300.0
52000433,62047.0,110448.0,192300.0
52000434,62897.0,110448.0,192300.0
52000435,56347.0,106673.0,192300.0
52000436,56347.0,99381.0,192300.0
52000437,56347.0,100214.0,192300.0
52000438,54959.0,98548.0,192300.0
52000439,55422.0,98548.0,192300.0
52000440,55884.0,98548.0,192300.0
52000441,63747.0,102064.0,192300.0
52000442,63747.0,103081.0,192300.0
52000443,63747.0,104098.0,192300.0
52000444,63747.0,105114.0,192300.0
52000445,63747.0,106131.0,192300.0
52000446,63747.0,99381.0,192300.0
52000447,63747.0,100214.0,192300.0
52000448,54680.0,101048.0,192300.0
52000449,55513.0,101048.0,192300.0
52000450,60822.0,98548.0,192300.0
52000451,61297.0,98548.0,192300.0
52000452,61797.0,98548.0,192300.0
52000453,62297.0,98548.0,192300.0
52000454,62797.0,98548.0,192300.0
52000455,63272.0,98548.0,192300.0
52000456,61197.0,101048.0,192300.0
52000457,62047.0,101048.0,192300.0
52000458,62897.0,101048.0,192300.0
52000459,111267.0,104698.0,192300.0
52000460,111267.0,105698.0,192300.0
52000461,108067.0,98548.0,192300.0
52000462,108067.0,101048.0,192300.0
52000463,98467.0,113448.0,192300.0
52000464,98867.0,113448.0,192300.0
52000465,99267.0,113448.0,192300.0
52000466,98867.0,114848.0,192300.0
52000467,108492.0,114848.0,192300.0
52000468,108992.0,114848.0,192300.0
52000469,109492.0,114848.0,192300.0
52000470,109992.0,114848.0,192300.0
52000471,107842.0,114848.0,192300.0
52000472,107467.0,114248.0,192300.0
52000473,111267.0,114248.0,192300.0
52000474,110767.0,114848.0,192300.0
52000475,110492.0,98548.0,192300.0
52000476,99067.0,98548.0,192300.0
52000477,100067.0,98548.0,192300.0
52000478,105733.0,98548.0,192300.0
52000479,106600.0,98548.0,192300.0
52000480,101067.0,99070.0,192300.0
52000481,104867.0,99070.0,192300.0
52000482,107467.0,99381.0,192300.0
52000483,107467.0,100214.0,192300.0
52000484,109517.0,101048.0,192300.0
52000485,108367.0,107106.0,192300.0
52000486,108767.0,107114.0,192300.0
52000487,109167.0,107123.0,192300.0
52000488,109567.0,107131.0,192300.0
52000489,109967.0,107139.0,192300.0
52000490,110817.0,101048.0,192300.0
52000491,111267.0,99381.0,192300.0
52000492,111267.0,100214.0,192300.0
52000493,111267.0,101931.0,192300.0
52000494,111267.0,102814.0,192300.0
52000495,99067.0,107148.0,192300.0
52000496,100067.0,107148.0,192300.0
52000497,101067.0,106723.0,192300.0
52000498,104867.0,106723.0,192300.0
52000499,105733.0,107139.0,192300.0
52000500,106600.0,107131.0,192300.0
52000501,110817.0,107148.0,192300.0
52000502,104867.0,107560.0,192300.0
52000503,104867.0,107973.0,192300.0
52000504,104867.0,108385.0,192300.0
52000505,111267.0,107548.0,192300.0
52000506,111267.0,107948.0,192300.0
52000507,111267.0,108348.0,192300.0
52000508,104867.0,109345.0,192300.0
52000509,105733.0,108798.0,192300.0
52000510,106600.0,108798.0,192300.0
52000511,107467.0,107541.0,192300.0
52000512,107467.0,107960.0,192300.0
52000513,107467.0,108379.0,192300.0
52000514,107467.0,109345.0,192300.0
52000515,98067.0,111448.0,192300.0
52000516,98067.0,112448.0,192300.0
52000517,100567.0,110448.0,192300.0
52000518,100367.0,113448.0,192300.0
52000519,101067.0,111448.0,192300.0
52000520,101067.0,112448.0,192300.0
52000521,98067.0,114148.0,192300.0
52000522,101067.0,113798.0,192300.0
52000523,101067.0,114148.0,192300.0
52000524,101067.0,114498.0,192300.0
52000525,111267.0,109110.0,192300.0
52000526,111267.0,109473.0,192300.0
52000527,111267.0,109835.0,192300.0
52000528,111267.0,111060.0,192300.0
52000529,111267.0,111923.0,192300.0
52000530,111267.0,112785.0,192300.0
52000531,100367.0,114848.0,192300.0
52000532,105733.0,114848.0,192300.0
52000533,106600.0,114848.0,192300.0
52000534,107467.0,106710.0,192300.0
52000535,98067.0,102481.0,192300.0
52000536,98067.0,103414.0,192300.0
52000537,98067.0,105281.0,192300.0
52000538,98067.0,106214.0,192300.0
52000539,104867.0,114248.0,192300.0
52000540,98067.0,99381.0,192300.0
52000541,98067.0,100214.0,192300.0
52000542,98567.0,110448.0,192300.0
52000543,99067.0,110448.0,192300.0
52000544,99567.0,110448.0,192300.0
52000545,109192.0,98548.0,192300.0
52000546,16867.0,114848.0,191200.0
52000547,16867.0,114848.0,190366.0
52000548,16867.0,114848.0,189533.0
52000549,17867.0,114848.0,191200.0
52000550,17867.0,114848.0,190366.0
52000551,17867.0,114848.0,189533.0
52000552,20667.0,114848.0,191200.0
52000553,20667.0,114848.0,190366.0
52000554,20667.0,114848.0,189533.0
52000555,23267.0,114848.0,191300.0
52000556,23267.0,114848.0,190433.0
52000557,23267.0,114848.0,189566.0
52000558,28467.0,114848.0,191400.0
52000559,28467.0,114848.0,190500.0
52000560,28467.0,114848.0,189600.0
52000561,27067.0,110448.0,191400.0
52000562,27067.0,110448.0,190500.0
52000563,27067.0,110448.0,189600.0
52000564,20667.0,109893.0,191400.0
52000565,20667.0,109893.0,190500.0
52000566,20667.0,109893.0,189600.0
52000567,16867.0,113648.0,191200.0
52000568,16867.0,113648.0,190366.0
52000569,16867.0,113648.0,189533.0
52000570,23267.0,109893.0,191400.0
52000571,23267.0,109893.0,190500.0
52000572,23267.0,109893.0,189600.0
52000573,16867.0,106698.0,191400.0
52000574,16867.0,106698.0,190500.0
52000575,16867.0,106698.0,189600.0
52000576,23267.0,106298.0,191400.0
52000577,23267.0,106298.0,190500.0
52000578,23267.0,106298.0,189600.0
52000579,27067.0,106298.0,191400.0
52000580,27067.0,106298.0,190500.0
52000581,27067.0,106298.0,189600.0
52000582,27067.0,107148.0,191400.0
52000583,27067.0,107148.0,190500.0
52000584,27067.0,107148.0,189600.0
52000585,16867.0,101048.0,191400.0
52000586,16867.0,101048.0,190500.0
52000587,16867.0,101048.0,189600.0
52000588,16867.0,103698.0,191400.0
52000589,16867.0,103698.0,190500.0
52000590,16867.0,103698.0,189600.0
52000591,16867.0,98548.0,191400.0
52000592,16867.0,98548.0,190500.0
52000593,16867.0,98548.0,189600.0
52000594,17767.0,101048.0,191400.0
52000595,17767.0,101048.0,190500.0
52000596,17767.0,101048.0,189600.0
52000597,19467.0,101048.0,191400.0
52000598,19467.0,101048.0,190500.0
52000599,19467.0,101048.0,189600.0
52000600,20667.0,101048.0,191400.0
52000601,20667.0,101048.0,190500.0
52000602,20667.0,101048.0,189600.0
52000603,23267.0,98548.0,191400.0
52000604,23267.0,98548.0,190500.0
52000605,23267.0,98548.0,189600.0
52000606,23267.0,99593.0,191400.0
52000607,23267.0,99593.0,190500.0
52000608,23267.0,99593.0,189600.0
52000609,27067.0,98548.0,191400.0
52000610,27067.0,98548.0,190500.0
52000611,27067.0,98548.0,189600.0
52000612,27067.0,99593.0,191400.0
52000613,27067.0,99593.0,190500.0
52000614,27067.0,99593.0,189600.0
52000615,30067.0,98548.0,191400.0
52000616,30067.0,98548.0,190500.0
52000617,30067.0,98548.0,189600.0
52000618,19917.0,114848.0,191200.0
52000619,19917.0,114848.0,190366.0
52000620,19917.0,114848.0,189533.0
52000621,30067.0,114848.0,191400.0
52000622,30067.0,114848.0,190500.0
52000623,30067.0,114848.0,189600.0
52000624,20667.0,106298.0,191400.0
52000625,20667.0,106298.0,190500.0
52000626,20667.0,106298.0,189600.0
52000627,20667.0,113648.0,191200.0
52000628,20667.0,113648.0,190366.0
52000629,20667.0,113648.0,189533.0
52000630,23267.0,113648.0,191400.0
52000631,23267.0,113648.0,190500.0
52000632,23267.0,113648.0,189600.0
52000633,20667.0,101548.0,191400.0
52000634,20667.0,101548.0,190500.0
52000635,20667.0,101548.0,189600.0
52000636,30067.0,107148.0,191400.0
52000637,30067.0,107148.0,190500.0
52000638,30067.0,107148.0,189600.0
52000639,30067.0,104348.0,191400.0
52000640,30067.0,104348.0,190500.0
52000641,30067.0,104348.0,189600.0
52000642,30067.0,101548.0,191400.0
52000643,30067.0,101548.0,190500.0
52000644,30067.0,101548.0,189600.0
52000645,60347.0,101048.0,191200.0
52000646,60347.0,101048.0,190366.0
52000647,60347.0,101048.0,189533.0
52000648,60347.0,104348.0,191200.0
52000649,60347.0,104348.0,190366.0
52000650,60347.0,104348.0,189533.0
52000651,63747.0,110448.0,191200.0
52000652,63747.0,110448.0,190366.0
52000653,63747.0,110448.0,189533.0
52000654,63747.0,114848.0,191200.0
52000655,63747.0,114848.0,190366.0
52000656,63747.0,114848.0,189533.0
52000657,60347.0,114848.0,191200.0
52000658,60347.0,114848.0,190366.0
52000659,60347.0,114848.0,189533.0
52000660,52947.0,103698.0,191400.0
52000661,52947.0,103698.0,190500.0
52000662,52947.0,103698.0,189600.0
52000663,52947.0,98548.0,191400.0
52000664,52947.0,98548.0,190500.0
52000665,52947.0,98548.0,189600.0
52000666,52947.0,101048.0,191400.0
52000667,52947.0,101048.0,190500.0
52000668,52947.0,101048.0,189600.0
52000669,53847.0,101048.0,191400.0
52000670,53847.0,101048.0,190500.0
52000671,53847.0,101048.0,189600.0
52000672,56347.0,107048.0,191400.0
52000673,56347.0,107048.0,190500.0
52000674,56347.0,107048.0,189600.0
52000675,56347.0,110448.0,191400.0
52000676,56347.0,110448.0,190500.0
52000677,56347.0,110448.0,189600.0
52000678,52947.0,114848.0,191200.0
52000679,52947.0,114848.0,190366.0
52000680,52947.0,114848.0,189533.0
52000681,60347.0,110448.0,191200.0
52000682,60347.0,110448.0,190366.0
52000683,60347.0,110448.0,189533.0
52000684,56347.0,106298.0,191400.0
52000685,56347.0,106298.0,190500.0
52000686,56347.0,106298.0,189600.0
52000687,56347.0,101048.0,191400.0
52000688,56347.0,101048.0,190500.0
52000689,56347.0,101048.0,189600.0
52000690,56347.0,101548.0,191400.0
52000691,56347.0,101548.0,190500.0
52000692,56347.0,101548.0,189600.0
52000693,63747.0,101048.0,191200.0
52000694,63747.0,101048.0,190366.0
52000695,63747.0,101048.0,189533.0
52000696,63747.0,107148.0,191200.0
52000697,63747.0,107148.0,190366.0
52000698,63747.0,107148.0,189533.0
52000699,63747.0,98548.0,191200.0
52000700,63747.0,98548.0,190366.0
52000701,63747.0,98548.0,189533.0
52000702,60347.0,98548.0,191200.0
52000703,60347.0,98548.0,190366.0
52000704,60347.0,98548.0,189533.0
52000705,111267.0,103698.0,191400.0
52000706,111267.0,103698.0,190500.0
52000707,111267.0,103698.0,189600.0
52000708,111267.0,106698.0,191400.0
52000709,111267.0,106698.0,190500.0
52000710,111267.0,106698.0,189600.0
52000711,107467.0,101048.0,191400.0
52000712,107467.0,101048.0,190500.0
52000713,107467.0,101048.0,189600.0
52000714,108667.0,101048.0,191400.0
52000715,108667.0,101048.0,190500.0
52000716,108667.0,101048.0,189600.0
52000717,98067.0,114848.0,191400.0
52000718,98067.0,114848.0,190500.0
52000719,98067.0,114848.0,189600.0
52000720,99667.0,114848.0,191400.0
52000721,99667.0,114848.0,190500.0
52000722,99667.0,114848.0,189600.0
52000723,108217.0,114848.0,191200.0
52000724,108217.0,114848.0,190366.0
52000725,108217.0,114848.0,189533.0
52000726,110267.0,114848.0,191200.0
52000727,110267.0,114848.0,190366.0
52000728,110267.0,114848.0,189533.0
52000729,107467.0,114848.0,191300.0
52000730,107467.0,114848.0,190433.0
52000731,107467.0,114848.0,189566.0
52000732,107467.0,113648.0,191200.0
52000733,107467.0,113648.0,190366.0
52000734,107467.0,113648.0,189533.0
52000735,111267.0,113648.0,191400.0
52000736,111267.0,113648.0,190500.0
52000737,111267.0,113648.0,189600.0
52000738,111267.0,114848.0,191300.0
52000739,111267.0,114848.0,190433.0
52000740,111267.0,114848.0,189566.0
52000741,111267.0,98548.0,191400.0
52000742,111267.0,98548.0,190500.0
52000743,111267.0,98548.0,189600.0
52000744,98067.0,98548.0,191400.0
52000745,98067.0,98548.0,190500.0
52000746,98067.0,98548.0,189600.0
52000747,101067.0,98548.0,191400.0
52000748,101067.0,98548.0,190500.0
52000749,101067.0,98548.0,189600.0
52000750,104867.0,98548.0,191400.0
52000751,104867.0,98548.0,190500.0
52000752,104867.0,98548.0,189600.0
52000753,101067.0,99593.0,191400.0
52000754,101067.0,99593.0,190500.0
52000755,101067.0,99593.0,189600.0
52000756,104867.0,99593.0,191400.0
52000757,104867.0,99593.0,190500.0
52000758,104867.0,99593.0,189600.0
52000759,107467.0,101548.0,191400.0
52000760,107467.0,101548.0,190500.0
52000761,107467.0,101548.0,189600.0
52000762,110367.0,101048.0,191400.0
52000763,110367.0,101048.0,190500.0
52000764,110367.0,101048.0,189600.0
52000765,111267.0,101048.0,191400.0
52000766,111267.0,101048.0,190500.0
52000767,111267.0,101048.0,189600.0
52000768,98067.0,107148.0,191400.0
52000769,98067.0,107148.0,190500.0
52000770,98067.0,107148.0,189600.0
52000771,101067.0,107148.0,191400.0
52000772,101067.0,107148.0,190500.0
52000773,101067.0,107148.0,189600.0
52000774,101067.0,106298.0,191400.0
52000775,101067.0,106298.0,190500.0
52000776,101067.0,106298.0,189600.0
52000777,104867.0,106298.0,191400.0
52000778,104867.0,106298.0,190500.0
52000779,104867.0,106298.0,189600.0
52000780,104867.0,109893.0,191400.0
52000781,104867.0,109893.0,190500.0
52000782,104867.0,109893.0,189600.0
52000783,107467.0,109893.0,191400.0
52000784,107467.0,109893.0,190500.0
52000785,107467.0,109893.0,189600.0
52000786,101067.0,110448.0,191400.0
52000787,101067.0,110448.0,190500.0
52000788,101067.0,110448.0,189600.0
52000789,104867.0,114848.0,191400.0
52000790,104867.0,114848.0,190500.0
52000791,104867.0,114848.0,189600.0
52000792,107467.0,106298.0,191400.0
52000793,107467.0,106298.0,190500.0
52000794,107467.0,106298.0,189600.0
52000795,98067.0,101548.0,191400.0
52000796,98067.0,101548.0,190500.0
52000797,98067.0,101548.0,189600.0
52000798,98067.0,104348.0,191400.0
52000799,98067.0,104348.0,190500.0
52000800,98067.0,104348.0,189600.0
52000801,104867.0,113648.0,191400.0
52000802,104867.0,113648.0,190500.0
52000803,104867.0,113648.0,189600.0
52000804,98067.0,101048.0,191400.0
52000805,98067.0,101048.0,190500.0
52000806,98067.0,101048.0,189600.0
52000807,30067.0,99381.0,192300.0
52000808,30067.0,100214.0,192300.0
52000809,16867.0,109110.0,191500.0
52000810,16867.0,109473.0,191500.0
52000811,16867.0,109835.0,191500.0
52000812,27067.0,113798.0,191700.0
52000813,27067.0,114148.0,191700.0
52000814,27067.0,114498.0,191700.0
52000815,20667.0,107541.0,191700.0
52000816,20667.0,107960.0,191700.0
52000817,20667.0,108379.0,191700.0
52000818,28567.0,110448.0,191700.0
52000819,29067.0,110448.0,191700.0
52000820,29567.0,110448.0,191700.0
52000821,16867.0,107548.0,191500.0
52000822,16867.0,107948.0,191500.0
52000823,16867.0,108348.0,191500.0
52000824,23267.0,107560.0,191700.0
52000825,23267.0,107973.0,191700.0
52000826,23267.0,108385.0,191700.0
52000827,18167.0,107139.0,191599.0
52000828,18567.0,107131.0,191600.0
52000829,18967.0,107123.0,191600.0
52000830,19367.0,107114.0,191600.0
52000831,19767.0,107106.0,191600.0
52000832,18942.0,98548.0,191500.0
52000833,28867.0,113448.0,191700.0
52000834,29267.0,113448.0,191700.0
52000835,29667.0,113448.0,191700.0
52000836,20067.0,98548.0,191500.0
52000837,52947.0,107548.0,191500.0
52000838,52947.0,107948.0,191500.0
52000839,52947.0,108348.0,191500.0
52000840,56347.0,113798.0,191700.0
52000841,56347.0,114148.0,191700.0
52000842,56347.0,114498.0,191700.0
52000843,52947.0,109110.0,191500.0
52000844,52947.0,109473.0,191500.0
52000845,52947.0,109835.0,191500.0
52000846,54372.0,107123.0,191500.0
52000847,54897.0,107098.0,191500.0
52000848,55422.0,107073.0,191500.0
52000849,54959.0,98548.0,191500.0
52000850,55422.0,98548.0,191500.0
52000851,55884.0,98548.0,191500.0
52000852,108067.0,98548.0,191500.0
52000853,98467.0,113448.0,191700.0
52000854,98867.0,113448.0,191700.0
52000855,99267.0,113448.0,191700.0
52000856,108367.0,107106.0,191500.0
52000857,108767.0,107114.0,191500.0
52000858,109167.0,107123.0,191500.0
52000859,109567.0,107131.0,191500.0
52000860,109967.0,107139.0,191500.0
52000861,104867.0,107560.0,191700.0
52000862,104867.0,107973.0,191700.0
52000863,104867.0,108385.0,191700.0
52000864,111267.0,107548.0,191500.0
52000865,111267.0,107948.0,191500.0
52000866,111267.0,108348.0,191500.0
52000867,107467.0,107541.0,191700.0
52000868,107467.0,107960.0,191700.0
52000869,107467.0,108379.0,191700.0
52000870,101067.0,113798.0,191700.0
52000871,101067.0,114148.0,191700.0
52000872,101067.0,114498.0,191700.0
52000873,111267.0,109110.0,191500.0
52000874,111267.0,109473.0,191500.0
52000875,111267.0,109835.0,191500.0
52000876,98567.0,110448.0,191700.0
52000877,99067.0,110448.0,191700.0
52000878,99567.0,110448.0,191700.0
52000879,109192.0,98548.0,191500.0
52000880,27067.0,114848.0,190500.0
52000881,27067.0,114848.0,189600.0
52000882,27067.0,113448.0,190500.0
52000883,27067.0,113448.0,189600.0
52000884,28467.0,113448.0,190500.0
52000885,28467.0,113448.0,189600.0
52000886,20667.0,108798.0,190500.0
52000887,20667.0,108798.0,189600.0
52000888,16867.0,110198.0,190366.0
52000889,16867.0,110198.0,189533.0
52000890,28067.0,110448.0,190500.0
52000891,28067.0,110448.0,189600.0
52000892,23267.0,108798.0,190500.0
52000893,23267.0,108798.0,189600.0
52000894,16867.0,107148.0,190500.0
52000895,16867.0,107148.0,189600.0
52000896,20167.0,107098.0,190500.0
52000897,20167.0,107098.0,189600.0
52000898,20667.0,107123.0,190500.0
52000899,20667.0,107123.0,189600.0
52000900,23267.0,107148.0,190500.0
52000901,23267.0,107148.0,189600.0
52000902,20667.0,98548.0,190500.0
52000903,20667.0,98548.0,189600.0
52000904,18417.0,98548.0,190500.0
52000905,18417.0,98548.0,189600.0
52000906,17767.0,107148.0,190500.0
52000907,17767.0,107148.0,189600.0
52000908,30067.0,113448.0,190500.0
52000909,30067.0,113448.0,189600.0
52000910,30067.0,110448.0,190500.0
52000911,30067.0,110448.0,189600.0
52000912,52947.0,107148.0,190500.0
52000913,52947.0,107148.0,189600.0
52000914,54497.0,98548.0,190500.0
52000915,54497.0,98548.0,189600.0
52000916,53847.0,107148.0,190500.0
52000917,53847.0,107148.0,189600.0
52000918,55947.0,107048.0,190500.0
52000919,55947.0,107048.0,189600.0
52000920,56347.0,113448.0,190500.0
52000921,56347.0,113448.0,189600.0
52000922,52947.0,110198.0,190366.0
52000923,52947.0,110198.0,189533.0
52000924,56347.0,114848.0,190366.0
52000925,56347.0,114848.0,189533.0
52000926,56347.0,98548.0,190500.0
52000927,56347.0,98548.0,189600.0
52000928,109717.0,98548.0,190500.0
52000929,109717.0,98548.0,189600.0
52000930,107467.0,98548.0,190500.0
52000931,107467.0,98548.0,189600.0
52000932,107467.0,107123.0,190500.0
52000933,107467.0,107123.0,189600.0
52000934,107967.0,107098.0,190500.0
52000935,107967.0,107098.0,189600.0
52000936,104867.0,107148.0,190500.0
52000937,104867.0,107148.0,189600.0
52000938,110367.0,107148.0,190500.0
52000939,110367.0,107148.0,189600.0
52000940,111267.0,107148.0,190500.0
52000941,111267.0,107148.0,189600.0
52000942,104867.0,108798.0,190500.0
52000943,104867.0,108798.0,189600.0
52000944,107467.0,108798.0,190500.0
52000945,107467.0,108798.0,189600.0
52000946,98067.0,110448.0,190500.0
52000947,98067.0,110448.0,189600.0
52000948,98067.0,113448.0,190500.0
52000949,98067.0,113448.0,189600.0
52000950,100067.0,110448.0,190500.0
52000951,100067.0,110448.0,189600.0
52000952,99667.0,113448.0,190500.0
52000953,99667.0,113448.0,189600.0
52000954,101067.0,113448.0,190500.0
52000955,101067.0,113448.0,189600.0
52000956,111267.0,110198.0,190500.0
52000957,111267.0,110198.0,189600.0
52000958,101067.0,114848.0,190500.0
52000959,101067.0,114848.0,189600.0
52000960,24217.0,107148.0,192300.0
52000961,25167.0,107148.0,192300.0
52000962,26117.0,107148.0,192300.0
52000963,27067.0,108248.0,192300.0
52000964,27067.0,109348.0,192300.0
52000965,26117.0,114848.0,192300.0
52000966,24217.0,114848.0,192300.0
52000967,23267.0,112748.0,192300.0
52000968,23267.0,110870.0,192300.0
52000969,28467.0,114148.0,192300.0
52000970,17817.0,108760.0,192300.0
52000971,18767.0,108773.0,192300.0
52000972,19717.0,108785.0,192300.0
52000973,20667.0,110870.0,192300.0
52000974,20667.0,112748.0,192300.0
52000975,18892.0,113648.0,192300.0
52000976,24217.0,104348.0,192300.0
52000977,25167.0,104348.0,192300.0
52000978,26117.0,104348.0,192300.0
52000979,27067.0,105323.0,192300.0
52000980,23267.0,105323.0,192300.0
52000981,19467.0,99381.0,192300.0
52000982,19467.0,100214.0,192300.0
52000983,24217.0,101548.0,192300.0
52000984,25167.0,101548.0,192300.0
52000985,26117.0,101548.0,192300.0
52000986,27067.0,102481.0,192300.0
52000987,27067.0,103414.0,192300.0
52000988,23267.0,102481.0,192300.0
52000989,23267.0,103414.0,192300.0
52000990,24217.0,98548.0,192300.0
52000991,26117.0,98548.0,192300.0
52000992,27067.0,100570.0,192300.0
52000993,23267.0,100570.0,192300.0
52000994,56347.0,107898.0,192300.0
52000995,53797.0,108748.0,192300.0
52000996,54647.0,108748.0,192300.0
52000997,55497.0,108748.0,192300.0
52000998,108667.0,99381.0,192300.0
52000999,108667.0,100214.0,192300.0
52001000,99667.0,114148.0,192300.0
52001001,109242.0,113648.0,192300.0
52001002,108417.0,108785.0,192300.0
52001003,109367.0,108773.0,192300.0
52001004,110317.0,108760.0,192300.0
52001005,107467.0,112748.0,192300.0
52001006,107467.0,110870.0,192300.0
52001007,101883.0,98548.0,192300.0
52001008,103783.0,98548.0,192300.0
52001009,104867.0,100570.0,192300.0
52001010,102017.0,101548.0,192300.0
52001011,102967.0,101548.0,192300.0
52001012,103917.0,101548.0,192300.0
52001013,101067.0,100570.0,192300.0
52001014,102017.0,104348.0,192300.0
52001015,102967.0,104348.0,192300.0
52001016,103917.0,104348.0,192300.0
52001017,104867.0,105323.0,192300.0
52001018,102017.0,107148.0,192300.0
52001019,102967.0,107148.0,192300.0
52001020,103917.0,107148.0,192300.0
52001021,101067.0,105323.0,192300.0
52001022,104867.0,110870.0,192300.0
52001023,104867.0,112748.0,192300.0
52001024,103783.0,114848.0,192300.0
52001025,101883.0,114848.0,192300.0
52001026,101067.0,108248.0,192300.0
52001027,101067.0,109348.0,192300.0
52001028,104867.0,102481.0,192300.0
52001029,104867.0,103414.0,192300.0
52001030,101067.0,102481.0,192300.0
52001031,101067.0,103414.0,192300.0
52001034,64243.0,106653.0,192300.0
52001035,108667.0,98548.0,191900.0
52001036,109192.0,98548.0,191900.0
52001037,109717.0,98548.0,191900.0
52001038,98067.0,110448.0,192000.0
52001039,98567.0,110448.0,192000.0
52001040,99067.0,110448.0,192000.0
52001041,99567.0,110448.0,192000.0
52001042,100067.0,110448.0,192000.0
52001043,111267.0,108748.0,191900.0
52001044,111267.0,109110.0,191900.0
52001045,111267.0,109473.0,191900.0
52001046,111267.0,109835.0,191900.0
52001047,111267.0,110198.0,191900.0
52001048,101067.0,113448.0,192000.0
52001049,101067.0,113798.0,192000.0
52001050,101067.0,114148.0,192000.0
52001051,101067.0,114498.0,192000.0
52001052,101067.0,114848.0,192000.0
52001053,107467.0,107123.0,192000.0
52001054,107467.0,107541.0,192000.0
52001055,107467.0,107960.0,192000.0
52001056,107467.0,108379.0,192000.0
52001057,107467.0,108798.0,192000.0
52001058,111267.0,107148.0,191900.0
52001059,111267.0,107548.0,191900.0
52001060,111267.0,107948.0,191900.0
52001061,111267.0,108348.0,191900.0
52001062,104867.0,107148.0,192000.0
52001063,104867.0,107560.0,192000.0
52001064,104867.0,107973.0,192000.0
52001065,104867.0,108385.0,192000.0
52001066,104867.0,108798.0,192000.0
52001067,107967.0,107098.0,191900.0
52001068,108367.0,107106.0,191900.0
52001069,108767.0,107114.0,191900.0
52001070,109167.0,107123.0,191900.0
52001071,109567.0,107131.0,191900.0
52001072,109967.0,107139.0,191900.0
52001073,110367.0,107148.0,191900.0
52001074,98067.0,113448.0,192000.0
52001075,98467.0,113448.0,192000.0
52001076,98867.0,113448.0,192000.0
52001077,99267.0,113448.0,192000.0
52001078,99667.0,113448.0,192000.0
52001079,107467.0,98548.0,191900.0
52001080,108067.0,98548.0,191900.0
52001081,54497.0,98548.0,191900.0
52001082,54959.0,98548.0,191900.0
52001083,55422.0,98548.0,191900.0
52001084,55884.0,98548.0,191900.0
52001085,56347.0,98548.0,191900.0
52001086,53847.0,107148.0,191900.0
52001087,54372.0,107123.0,191900.0
52001088,54897.0,107098.0,191900.0
52001089,55422.0,107073.0,191900.0
52001090,55947.0,107048.0,191900.0
52001091,52947.0,108748.0,191900.0
52001092,52947.0,109110.0,191900.0
52001093,52947.0,109473.0,191900.0
52001094,52947.0,109835.0,191900.0
52001095,52947.0,110198.0,191900.0
52001096,56347.0,113448.0,192000.0
52001097,56347.0,113798.0,192000.0
52001098,56347.0,114148.0,192000.0
52001099,56347.0,114498.0,192000.0
52001100,56347.0,114848.0,192000.0
52001101,52947.0,107148.0,191900.0
52001102,52947.0,107548.0,191900.0
52001103,52947.0,107948.0,191900.0
52001104,52947.0,108348.0,191900.0
52001105,19467.0,98548.0,191900.0
52001106,20067.0,98548.0,191900.0
52001107,20667.0,98548.0,191900.0
52001108,28467.0,113448.0,192000.0
52001109,28867.0,113448.0,192000.0
52001110,29267.0,113448.0,192000.0
52001111,29667.0,113448.0,192000.0
52001112,30067.0,113448.0,192000.0
52001113,18417.0,98548.0,191900.0
52001114,18942.0,98548.0,191900.0
52001115,17767.0,107148.0,191950.0
52001116,18167.0,107139.0,191950.0
52001117,18567.0,107131.0,191950.0
52001118,18967.0,107123.0,191950.0
52001119,19367.0,107114.0,191950.0
52001120,19767.0,107106.0,191950.0
52001121,20167.0,107098.0,191950.0
52001122,23267.0,107148.0,192000.0
52001123,23267.0,107560.0,192000.0
52001124,23267.0,107973.0,192000.0
52001125,23267.0,108385.0,192000.0
52001126,23267.0,108798.0,192000.0
52001127,16867.0,107148.0,191900.0
52001128,16867.0,107548.0,191900.0
52001129,16867.0,107948.0,191900.0
52001130,16867.0,108348.0,191900.0
52001131,16867.0,108748.0,191900.0
52001132,28067.0,110448.0,192000.0
52001133,28567.0,110448.0,192000.0
52001134,29067.0,110448.0,192000.0
52001135,29567.0,110448.0,192000.0
52001136,30067.0,110448.0,192000.0
52001137,20667.0,107123.0,192000.0
52001138,20667.0,107541.0,192000.0
52001139,20667.0,107960.0,192000.0
52001140,20667.0,108379.0,192000.0
52001141,20667.0,108798.0,192000.0
52001142,27067.0,113448.0,192000.0
52001143,27067.0,113798.0,192000.0
52001144,27067.0,114148.0,192000.0
52001145,27067.0,114498.0,192000.0
52001146,27067.0,114848.0,192000.0
52001147,16867.0,109110.0,191900.0
52001148,16867.0,109473.0,191900.0
52001149,16867.0,109835.0,191900.0
52001150,16867.0,110198.0,191900.0
52001151,17367.0,114848.0,191200.0
52001152,17367.0,114848.0,189533.0
52001153,17367.0,114848.0,190366.0
52001154,21533.0,114848.0,191300.0
52001155,22400.0,114848.0,191300.0
52001156,21533.0,114848.0,189566.0
52001157,22400.0,114848.0,189566.0
52001158,21533.0,114848.0,190433.0
52001159,22400.0,114848.0,190433.0
52001160,27767.0,114848.0,191400.0
52001161,27767.0,114848.0,189600.0
52001162,27767.0,114848.0,190500.0
52001163,16867.0,111060.0,191500.0
52001164,16867.0,111923.0,191500.0
52001165,16867.0,112785.0,191500.0
52001166,16867.0,111060.0,189533.0
52001167,16867.0,111923.0,189533.0
52001168,16867.0,112785.0,189533.0
52001169,16867.0,111060.0,190366.0
52001170,16867.0,112785.0,190366.0
52001171,16867.0,111923.0,190366.0
52001172,30067.0,114148.0,191400.0
52001173,30067.0,114148.0,189600.0
52001174,30067.0,114148.0,190500.0
52001175,27067.0,111448.0,191400.0
52001176,27067.0,112448.0,191400.0
52001177,27067.0,111448.0,189600.0
52001178,27067.0,112448.0,189600.0
52001179,27067.0,111448.0,190500.0
52001180,27067.0,112448.0,190500.0
52001181,27767.0,113448.0,191700.0
52001182,27767.0,113448.0,189600.0
52001183,27767.0,113448.0,190500.0
52001184,27567.0,110448.0,191400.0
52001185,27567.0,110448.0,189600.0
52001186,27567.0,110448.0,190500.0
52001187,30067.0,111448.0,191700.0
52001188,30067.0,112448.0,191700.0
52001189,30067.0,111448.0,189600.0
52001190,30067.0,112448.0,189600.0
52001191,30067.0,111448.0,190500.0
52001192,30067.0,112448.0,190500.0
52001193,20667.0,109345.0,191400.0
52001194,20667.0,109345.0,189600.0
52001195,20667.0,109345.0,190500.0
52001196,21533.0,108798.0,191700.0
52001197,22400.0,108798.0,191700.0
52001198,21533.0,108798.0,189600.0
52001199,22400.0,108798.0,189600.0
52001200,21533.0,108798.0,190500.0
52001201,22400.0,108798.0,190500.0
52001202,23267.0,109345.0,191400.0
52001203,23267.0,109345.0,189600.0
52001204,23267.0,109345.0,190500.0
52001205,17317.0,107148.0,191500.0
52001206,17317.0,107148.0,189600.0
52001207,17317.0,107148.0,190500.0
52001208,21533.0,107131.0,191700.0
52001209,22400.0,107139.0,191700.0
52001210,21533.0,107131.0,189600.0
52001211,22400.0,107139.0,189600.0
52001212,21533.0,107131.0,190500.0
52001213,22400.0,107139.0,190500.0
52001214,23267.0,106723.0,191400.0
52001215,23267.0,106723.0,189600.0
52001216,23267.0,106723.0,190500.0
52001217,27067.0,106723.0,191400.0
52001218,27067.0,106723.0,189600.0
52001219,27067.0,106723.0,190500.0
52001220,28067.0,107148.0,191400.0
52001221,29067.0,107148.0,191400.0
52001222,28067.0,107148.0,189600.0
52001223,29067.0,107148.0,189600.0
52001224,28067.0,107148.0,190500.0
52001225,29067.0,107148.0,190500.0
52001226,16867.0,101931.0,191400.0
52001227,16867.0,102814.0,191400.0
52001228,16867.0,101931.0,189600.0
52001229,16867.0,102814.0,189600.0
52001230,16867.0,101931.0,190500.0
52001231,16867.0,102814.0,190500.0
52001232,16867.0,99381.0,191400.0
52001233,16867.0,100214.0,191400.0
52001234,16867.0,99381.0,189600.0
52001235,16867.0,100214.0,189600.0
52001236,16867.0,99381.0,190500.0
52001237,16867.0,100214.0,190500.0
52001238,17317.0,101048.0,191400.0
52001239,17317.0,101048.0,189600.0
52001240,17317.0,101048.0,190500.0
52001241,18617.0,101048.0,191400.0
52001242,18617.0,101048.0,189600.0
52001243,18617.0,101048.0,190500.0
52001244,20667.0,99381.0,191400.0
52001245,20667.0,100214.0,191400.0
52001246,20667.0,99381.0,189600.0
52001247,20667.0,100214.0,189600.0
52001248,20667.0,99381.0,190500.0
52001249,20667.0,100214.0,190500.0
52001250,17642.0,98548.0,191400.0
52001251,17642.0,98548.0,189600.0
52001252,17642.0,98548.0,190500.0
52001253,21533.0,98548.0,191400.0
52001254,22400.0,98548.0,191400.0
52001255,21533.0,98548.0,189600.0
52001256,22400.0,98548.0,189600.0
52001257,21533.0,98548.0,190500.0
52001258,22400.0,98548.0,190500.0
52001259,23267.0,99070.0,191400.0
52001260,23267.0,99070.0,189600.0
52001261,23267.0,99070.0,190500.0
52001262,27067.0,99070.0,191400.0
52001263,27067.0,99070.0,189600.0
52001264,27067.0,99070.0,190500.0
52001265,28067.0,98548.0,191400.0
52001266,29067.0,98548.0,191400.0
52001267,28067.0,98548.0,189600.0
52001268,29067.0,98548.0,189600.0
52001269,28067.0,98548.0,190500.0
52001270,29067.0,98548.0,190500.0
52001271,16867.0,114248.0,191200.0
52001272,16867.0,114248.0,189533.0
52001273,16867.0,114248.0,190366.0
52001274,20667.0,114248.0,191200.0
52001275,20667.0,114248.0,189533.0
52001276,20667.0,114248.0,190366.0
52001277,20292.0,114848.0,191200.0
52001278,20292.0,114848.0,189533.0
52001279,20292.0,114848.0,190366.0
52001280,18142.0,114848.0,191200.0
52001281,18145.0,114848.0,191750.0
52001282,18642.0,114848.0,191750.0
52001283,19142.0,114848.0,191750.0
52001284,19639.0,114848.0,191750.0
52001285,19642.0,114848.0,191200.0
52001286,18142.0,114848.0,189533.0
52001287,19642.0,114848.0,189533.0
52001288,18142.0,114848.0,190366.0
52001289,19642.0,114848.0,190366.0
52001290,18642.0,114848.0,191200.0
52001291,19142.0,114848.0,191200.0
52001292,29267.0,114848.0,191400.0
52001293,29267.0,114848.0,189600.0
52001294,29267.0,114848.0,190500.0
52001295,20067.0,101048.0,191400.0
52001296,20067.0,101048.0,189600.0
52001297,20067.0,101048.0,190500.0
52001298,16867.0,104698.0,191400.0
52001299,16867.0,105698.0,191400.0
52001300,16867.0,104698.0,189600.0
52001301,16867.0,105698.0,189600.0
52001302,16867.0,104698.0,190500.0
52001303,16867.0,105698.0,190500.0
52001304,20667.0,106710.0,191400.0
52001305,20667.0,106710.0,189600.0
52001306,20667.0,106710.0,190500.0
52001307,23267.0,114248.0,191400.0
52001308,23267.0,114248.0,189600.0
52001309,23267.0,114248.0,190500.0
52001310,30067.0,99381.0,191400.0
52001311,30067.0,100214.0,191400.0
52001312,30067.0,100881.0,191400.0
52001313,30067.0,99381.0,189600.0
52001314,30067.0,100214.0,189600.0
52001315,30067.0,100881.0,189600.0
52001316,30067.0,99381.0,190500.0
52001317,30067.0,100881.0,190500.0
52001318,30067.0,100214.0,190500.0
52001319,30067.0,105281.0,191400.0
52001320,30067.0,106214.0,191400.0
52001321,30067.0,105281.0,189600.0
52001322,30067.0,106214.0,189600.0
52001323,30067.0,105281.0,190500.0
52001324,30067.0,106214.0,190500.0
52001325,30067.0,102481.0,191400.0
52001326,30067.0,103414.0,191400.0
52001327,30067.0,102481.0,189600.0
52001328,30067.0,103414.0,189600.0
52001329,30067.0,102481.0,190500.0
52001330,30067.0,103414.0,190500.0
52001331,60347.0,101873.0,191200.0
52001332,60347.0,102698.0,191200.0
52001333,60347.0,103523.0,191200.0
52001334,60347.0,101873.0,189533.0
52001335,60347.0,102698.0,189533.0
52001336,60347.0,103523.0,189533.0
52001337,60347.0,101873.0,190366.0
52001338,60347.0,103523.0,190366.0
52001339,60347.0,102698.0,190366.0
52001340,63747.0,111328.0,191200.0
52001341,63747.0,112208.0,191200.0
52001342,63747.0,113088.0,191200.0
52001343,63747.0,113968.0,191200.0
52001344,63747.0,111328.0,189533.0
52001345,63747.0,112208.0,189533.0
52001346,63747.0,113088.0,189533.0
52001347,63747.0,113968.0,189533.0
52001348,63747.0,111328.0,190366.0
52001349,63747.0,113968.0,190366.0
52001350,63747.0,112208.0,190366.0
52001351,63747.0,113088.0,190366.0
52001352,61022.0,114848.0,191200.0
52001353,61697.0,114848.0,191200.0
52001354,61700.0,114848.0,191750.0
52001355,62197.0,114848.0,191750.0
52001356,62697.0,114848.0,191750.0
52001357,63194.0,114848.0,191750.0
52001358,63197.0,114848.0,191200.0
52001359,61022.0,114848.0,189533.0
52001360,61697.0,114848.0,189533.0
52001361,63197.0,114848.0,189533.0
52001362,61022.0,114848.0,190366.0
52001363,63197.0,114848.0,190366.0
52001364,62197.0,114848.0,191200.0
52001365,61697.0,114848.0,190366.0
52001366,62697.0,114848.0,191200.0
52001367,52947.0,104560.0,191400.0
52001368,52947.0,105423.0,191400.0
52001369,52947.0,106285.0,191400.0
52001370,52947.0,104560.0,189600.0
52001371,52947.0,105423.0,189600.0
52001372,52947.0,106285.0,189600.0
52001373,52947.0,104560.0,190500.0
52001374,52947.0,106285.0,190500.0
52001375,52947.0,105423.0,190500.0
52001376,53722.0,98548.0,191400.0
52001377,53722.0,98548.0,189600.0
52001378,53722.0,98548.0,190500.0
52001379,52947.0,99381.0,191400.0
52001380,52947.0,100214.0,191400.0
52001381,52947.0,99381.0,189600.0
52001382,52947.0,100214.0,189600.0
52001383,52947.0,99381.0,190500.0
52001384,52947.0,100214.0,190500.0
52001385,52947.0,101931.0,191400.0
52001386,52947.0,102814.0,191400.0
52001387,52947.0,101931.0,189600.0
52001388,52947.0,102814.0,189600.0
52001389,52947.0,101931.0,190500.0
52001390,52947.0,102814.0,190500.0
52001391,53397.0,101048.0,191400.0
52001392,53397.0,101048.0,189600.0
52001393,53397.0,101048.0,190500.0
52001394,53397.0,107148.0,191500.0
52001395,53397.0,107148.0,189600.0
52001396,53397.0,107148.0,190500.0
52001397,56347.0,111328.0,191400.0
52001398,56347.0,112208.0,191400.0
52001399,56347.0,113088.0,191400.0
52001400,56347.0,111328.0,189600.0
52001401,56347.0,112208.0,189600.0
52001402,56347.0,113088.0,189600.0
52001403,56347.0,111328.0,190500.0
52001404,56347.0,113088.0,190500.0
52001405,56347.0,112208.0,190500.0
52001406,52947.0,111128.0,191500.0
52001407,52947.0,112058.0,191500.0
52001408,52947.0,112988.0,191500.0
52001409,52947.0,113918.0,191500.0
52001410,52947.0,111128.0,189533.0
52001411,52947.0,112058.0,189533.0
52001412,52947.0,112988.0,189533.0
52001413,52947.0,113918.0,189533.0
52001414,52947.0,111128.0,190366.0
52001415,52947.0,113918.0,190366.0
52001416,52947.0,112058.0,190366.0
52001417,52947.0,112988.0,190366.0
52001418,53622.0,114848.0,191200.0
52001419,54297.0,114848.0,191200.0
52001420,54300.0,114848.0,191750.0
52001421,54797.0,114848.0,191750.0
52001422,55297.0,114848.0,191750.0
52001423,55794.0,114848.0,191750.0
52001424,55797.0,114848.0,191200.0
52001425,53622.0,114848.0,189533.0
52001426,54297.0,114848.0,189533.0
52001427,55797.0,114848.0,189533.0
52001428,53622.0,114848.0,190366.0
52001429,55797.0,114848.0,190366.0
52001430,54797.0,114848.0,191200.0
52001431,54297.0,114848.0,190366.0
52001432,55297.0,114848.0,191200.0
52001433,61197.0,110448.0,191200.0
52001434,62047.0,110448.0,191200.0
52001435,62897.0,110448.0,191200.0
52001436,61197.0,110448.0,189533.0
52001437,62047.0,110448.0,189533.0
52001438,62897.0,110448.0,189533.0
52001439,61197.0,110448.0,190366.0
52001440,62897.0,110448.0,190366.0
52001441,62047.0,110448.0,190366.0
52001442,56347.0,106673.0,191400.0
52001443,56347.0,106673.0,189600.0
52001444,56347.0,106673.0,190500.0
52001445,56347.0,99381.0,191400.0
52001446,56347.0,100214.0,191400.0
52001447,56347.0,99381.0,189600.0
52001448,56347.0,100214.0,189600.0
52001449,56347.0,99381.0,190500.0
52001450,56347.0,100214.0,190500.0
52001451,63747.0,102064.0,191200.0
52001452,63747.0,103081.0,191200.0
52001453,63747.0,104098.0,191200.0
52001454,63747.0,105114.0,191200.0
52001455,63747.0,106131.0,191200.0
52001456,63747.0,102064.0,189533.0
52001457,63747.0,103081.0,189533.0
52001458,63747.0,104098.0,189533.0
52001459,63747.0,105114.0,189533.0
52001460,63747.0,106131.0,189533.0
52001461,63747.0,102064.0,190366.0
52001462,63747.0,106131.0,190366.0
52001463,63747.0,103081.0,190366.0
52001464,63747.0,104098.0,190366.0
52001465,63747.0,105114.0,190366.0
52001466,63747.0,99381.0,191200.0
52001467,63747.0,100214.0,191200.0
52001468,63747.0,99381.0,189533.0
52001469,63747.0,100214.0,189533.0
52001470,63747.0,99381.0,190366.0
52001471,63747.0,100214.0,190366.0
52001472,54680.0,101048.0,191400.0
52001473,55513.0,101048.0,191400.0
52001474,54680.0,101048.0,189600.0
52001475,55513.0,101048.0,189600.0
52001476,54680.0,101048.0,190500.0
52001477,55513.0,101048.0,190500.0
52001478,60822.0,98548.0,191200.0
52001479,61297.0,98548.0,191200.0
52001480,61300.0,98548.0,191750.0
52001481,61797.0,98548.0,191750.0
52001482,62297.0,98548.0,191750.0
52001483,62794.0,98548.0,191750.0
52001484,62797.0,98548.0,191200.0
52001485,63272.0,98548.0,191200.0
52001486,60822.0,98548.0,189533.0
52001487,61297.0,98548.0,189533.0
52001488,63272.0,98548.0,189533.0
52001489,62797.0,98548.0,189533.0
52001490,60822.0,98548.0,190366.0
52001491,63272.0,98548.0,190366.0
52001492,61797.0,98548.0,191200.0
52001493,61297.0,98548.0,190366.0
52001494,62297.0,98548.0,191200.0
52001495,62797.0,98548.0,190366.0
52001496,61197.0,101048.0,191200.0
52001497,62047.0,101048.0,191200.0
52001498,62897.0,101048.0,191200.0
52001499,61197.0,101048.0,189533.0
52001500,62047.0,101048.0,189533.0
52001501,62897.0,101048.0,189533.0
52001502,61197.0,101048.0,190366.0
52001503,62897.0,101048.0,190366.0
52001504,62047.0,101048.0,190366.0
52001505,111267.0,104698.0,191400.0
52001506,111267.0,105698.0,191400.0
52001507,111267.0,104698.0,189600.0
52001508,111267.0,105698.0,189600.0
52001509,111267.0,104698.0,190500.0
52001510,111267.0,105698.0,190500.0
52001511,108067.0,101048.0,191400.0
52001512,108067.0,101048.0,189600.0
52001513,108067.0,101048.0,190500.0
52001514,98867.0,114848.0,191400.0
52001515,98867.0,114848.0,189600.0
52001516,98867.0,114848.0,190500.0
52001517,108492.0,114848.0,191200.0
52001518,108495.0,114848.0,191750.0
52001519,108992.0,114848.0,191750.0
52001520,109492.0,114848.0,191750.0
52001521,109989.0,114848.0,191750.0
52001522,109992.0,114848.0,191200.0
52001523,108492.0,114848.0,189533.0
52001524,109992.0,114848.0,189533.0
52001525,108492.0,114848.0,190366.0
52001526,109992.0,114848.0,190366.0
52001527,108992.0,114848.0,191200.0
52001528,109492.0,114848.0,191200.0
52001529,107842.0,114848.0,191300.0
52001530,107842.0,114848.0,189566.0
52001531,107842.0,114848.0,190433.0
52001532,107467.0,114248.0,191300.0
52001533,107467.0,114248.0,189566.0
52001534,107467.0,114248.0,190433.0
52001535,111267.0,114248.0,191400.0
52001536,111267.0,114248.0,189600.0
52001537,111267.0,114248.0,190500.0
52001538,110767.0,114848.0,191300.0
52001539,110767.0,114848.0,189566.0
52001540,110767.0,114848.0,190433.0
52001541,110492.0,98548.0,191400.0
52001542,110492.0,98548.0,189600.0
52001543,110492.0,98548.0,190500.0
52001544,99067.0,98548.0,191400.0
52001545,100067.0,98548.0,191400.0
52001546,99067.0,98548.0,189600.0
52001547,100067.0,98548.0,189600.0
52001548,99067.0,98548.0,190500.0
52001549,100067.0,98548.0,190500.0
52001550,105733.0,98548.0,191400.0
52001551,106600.0,98548.0,191400.0
52001552,105733.0,98548.0,189600.0
52001553,106600.0,98548.0,189600.0
52001554,105733.0,98548.0,190500.0
52001555,106600.0,98548.0,190500.0
52001556,101067.0,99070.0,191400.0
52001557,101067.0,99070.0,189600.0
52001558,101067.0,99070.0,190500.0
52001559,104867.0,99070.0,191400.0
52001560,104867.0,99070.0,189600.0
52001561,104867.0,99070.0,190500.0
52001562,107467.0,99381.0,191400.0
52001563,107467.0,100214.0,191400.0
52001564,107467.0,99381.0,189600.0
52001565,107467.0,100214.0,189600.0
52001566,107467.0,99381.0,190500.0
52001567,107467.0,100214.0,190500.0
52001568,109517.0,101048.0,191400.0
52001569,109517.0,101048.0,189600.0
52001570,109517.0,101048.0,190500.0
52001571,110817.0,101048.0,191400.0
52001572,110817.0,101048.0,189600.0
52001573,110817.0,101048.0,190500.0
52001574,111267.0,99381.0,191400.0
52001575,111267.0,100214.0,191400.0
52001576,111267.0,99381.0,189600.0
52001577,111267.0,100214.0,189600.0
52001578,111267.0,99381.0,190500.0
52001579,111267.0,100214.0,190500.0
52001580,111267.0,101931.0,191400.0
52001581,111267.0,102814.0,191400.0
52001582,111267.0,101931.0,189600.0
52001583,111267.0,102814.0,189600.0
52001584,111267.0,101931.0,190500.0
52001585,111267.0,102814.0,190500.0
52001586,99067.0,107148.0,191400.0
52001587,100067.0,107148.0,191400.0
52001588,99067.0,107148.0,189600.0
52001589,100067.0,107148.0,189600.0
52001590,99067.0,107148.0,190500.0
52001591,100067.0,107148.0,190500.0
52001592,101067.0,106723.0,191400.0
52001593,101067.0,106723.0,189600.0
52001594,101067.0,106723.0,190500.0
52001595,104867.0,106723.0,191400.0
52001596,104867.0,106723.0,189600.0
52001597,104867.0,106723.0,190500.0
52001598,105733.0,107139.0,191700.0
52001599,106600.0,107131.0,191700.0
52001600,105733.0,107139.0,189600.0
52001601,106600.0,107131.0,189600.0
52001602,105733.0,107139.0,190500.0
52001603,106600.0,107131.0,190500.0
52001604,110817.0,107148.0,191500.0
52001605,110817.0,107148.0,189600.0
52001606,110817.0,107148.0,190500.0
52001607,104867.0,109345.0,191400.0
52001608,104867.0,109345.0,189600.0
52001609,104867.0,109345.0,190500.0
52001610,105733.0,108798.0,191700.0
52001611,106600.0,108798.0,191700.0
52001612,105733.0,108798.0,189600.0
52001613,106600.0,108798.0,189600.0
52001614,105733.0,108798.0,190500.0
52001615,106600.0,108798.0,190500.0
52001616,107467.0,109345.0,191400.0
52001617,107467.0,109345.0,189600.0
52001618,107467.0,109345.0,190500.0
52001619,98067.0,111448.0,191700.0
52001620,98067.0,112448.0,191700.0
52001621,98067.0,111448.0,189600.0
52001622,98067.0,112448.0,189600.0
52001623,98067.0,111448.0,190500.0
52001624,98067.0,112448.0,190500.0
52001625,100567.0,110448.0,191400.0
52001626,100567.0,110448.0,189600.0
52001627,100567.0,110448.0,190500.0
52001628,100367.0,113448.0,191700.0
52001629,100367.0,113448.0,189600.0
52001630,100367.0,113448.0,190500.0
52001631,101067.0,111448.0,191400.0
52001632,101067.0,112448.0,191400.0
52001633,101067.0,111448.0,189600.0
52001634,101067.0,112448.0,189600.0
52001635,101067.0,111448.0,190500.0
52001636,101067.0,112448.0,190500.0
52001637,98067.0,114148.0,191400.0
52001638,98067.0,114148.0,189600.0
52001639,98067.0,114148.0,190500.0
52001640,111267.0,111060.0,191400.0
52001641,111267.0,111923.0,191400.0
52001642,111267.0,112785.0,191400.0
52001643,111267.0,111060.0,189600.0
52001644,111267.0,111923.0,189600.0
52001645,111267.0,112785.0,189600.0
52001646,111267.0,111060.0,190500.0
52001647,111267.0,112785.0,190500.0
52001648,111267.0,111923.0,190500.0
52001649,100367.0,114848.0,191400.0
52001650,100367.0,114848.0,189600.0
52001651,100367.0,114848.0,190500.0
52001652,105733.0,114848.0,191400.0
52001653,106600.0,114848.0,191400.0
52001654,105733.0,114848.0,189600.0
52001655,106600.0,114848.0,189600.0
52001656,105733.0,114848.0,190500.0
52001657,106600.0,114848.0,190500.0
52001658,107467.0,106710.0,191400.0
52001659,107467.0,106710.0,189600.0
52001660,107467.0,106710.0,190500.0
52001661,98067.0,102481.0,191400.0
52001662,98067.0,103414.0,191400.0
52001663,98067.0,102481.0,189600.0
52001664,98067.0,103414.0,189600.0
52001665,98067.0,102481.0,190500.0
52001666,98067.0,103414.0,190500.0
52001667,98067.0,105281.0,191400.0
52001668,98067.0,106214.0,191400.0
52001669,98067.0,105281.0,189600.0
52001670,98067.0,106214.0,189600.0
52001671,98067.0,105281.0,190500.0
52001672,98067.0,106214.0,190500.0
52001673,104867.0,114248.0,191400.0
52001674,104867.0,114248.0,189600.0
52001675,104867.0,114248.0,190500.0
52001676,98067.0,99381.0,191400.0
52001677,98067.0,100214.0,191400.0
52001678,98067.0,99381.0,189600.0
52001679,98067.0,100214.0,189600.0
52001680,98067.0,99381.0,190500.0
52001681,98067.0,100214.0,190500.0
52001682,24217.0,113842.0,192300.0
52001683,24217.0,112888.0,192300.0
52001684,24217.0,111942.0,192300.0
52001685,24217.0,110977.0,192300.0
52001686,24217.0,109999.0,192300.0
52001687,24217.0,109011.0,192300.0
52001688,24217.0,108071.0,192300.0
52001689,25167.0,113929.0,192300.0
52001690,25167.0,113007.0,192300.0
52001691,25167.0,112066.0,192300.0
52001692,25167.0,111102.0,192300.0
52001693,25167.0,110119.0,192300.0
52001694,25167.0,109126.0,192300.0
52001695,25167.0,108135.0,192300.0
52001696,26117.0,114015.0,192300.0
52001697,26117.0,113157.0,192300.0
52001698,26117.0,112223.0,192300.0
52001699,26117.0,111253.0,192300.0
52001700,26117.0,110256.0,192300.0
52001701,26117.0,109228.0,192300.0
52001702,26117.0,108189.0,192300.0
52001703,27767.0,114148.0,192300.0
52001704,29267.0,114148.0,192300.0
52001705,17833.0,112807.0,192300.0
52001706,17803.0,111978.0,192300.0
52001707,17814.0,109560.0,192300.0
52001708,17803.0,110360.0,192300.0
52001709,17797.0,111175.0,192300.0
52001710,18747.0,110499.0,192300.0
52001711,18711.0,111308.0,192300.0
52001712,18758.0,109644.0,192300.0
52001713,18725.0,111989.0,192300.0
52001714,18796.0,112799.0,192300.0
52001715,19605.0,111720.0,192300.0
52001716,19687.0,110724.0,192300.0
52001717,19711.0,109759.0,192300.0
52001718,19736.0,112715.0,192300.0
52001719,17727.0,107952.0,192300.0
52001720,18522.0,107951.0,192300.0
52001721,19173.0,107945.0,192300.0
52001722,19928.0,107945.0,192300.0
52001723,21533.0,107964.0,192300.0
52001724,22400.0,107968.0,192300.0
52001725,24217.0,106235.0,192300.0
52001726,24217.0,105296.0,192300.0
52001727,25167.0,106224.0,192300.0
52001728,25167.0,105289.0,192300.0
52001729,26117.0,106235.0,192300.0
52001730,26117.0,105296.0,192300.0
52001731,17733.0,100214.0,192300.0
52001732,17704.0,99381.0,192300.0
52001733,18596.0,100214.0,192300.0
52001734,18559.0,99381.0,192300.0
52001735,24217.0,103414.0,192300.0
52001736,24217.0,102481.0,192300.0
52001737,25167.0,103414.0,192300.0
52001738,25167.0,102481.0,192300.0
52001739,26117.0,103414.0,192300.0
52001740,26117.0,102481.0,192300.0
52001741,24217.0,100556.0,192300.0
52001742,24217.0,99559.0,192300.0
52001743,25167.0,100552.0,192300.0
52001744,25167.0,99553.0,192300.0
52001745,26117.0,100556.0,192300.0
52001746,26117.0,99559.0,192300.0
52001747,53835.0,107943.0,192300.0
52001748,54736.0,107923.0,192300.0
52001749,55602.0,107903.0,192300.0
52001750,109538.0,100214.0,192300.0
52001751,109574.0,99381.0,192300.0
52001752,110401.0,100214.0,192300.0
52001753,110429.0,99381.0,192300.0
52001754,98867.0,114148.0,192300.0
52001755,100367.0,114148.0,192300.0
52001756,108372.0,112745.0,192300.0
52001757,108436.0,111814.0,192300.0
52001758,108445.0,109786.0,192300.0
52001759,108536.0,110807.0,192300.0
52001760,109424.0,111113.0,192300.0
52001761,109371.0,111930.0,192300.0
52001762,109425.0,110435.0,192300.0
52001763,109388.0,109627.0,192300.0
52001764,109326.0,112783.0,192300.0
52001765,110341.0,110329.0,192300.0
52001766,110337.0,111124.0,192300.0
52001767,110328.0,109547.0,192300.0
52001768,110293.0,112795.0,192300.0
52001769,110320.0,111948.0,192300.0
52001770,101998.0,100556.0,192300.0
52001771,101962.0,99558.0,192300.0
52001772,102940.0,100552.0,192300.0
52001773,102881.0,99553.0,192300.0
52001774,103898.0,100556.0,192300.0
52001775,103862.0,99559.0,192300.0
52001776,108205.0,107945.0,192300.0
52001777,108960.0,107945.0,192300.0
52001778,109611.0,107951.0,192300.0
52001779,110406.0,107952.0,192300.0
52001780,102017.0,106235.0,192300.0
52001781,102017.0,105296.0,192300.0
52001782,102967.0,106224.0,192300.0
52001783,102967.0,105289.0,192300.0
52001784,103917.0,106235.0,192300.0
52001785,103917.0,105296.0,192300.0
52001786,101960.0,114011.0,192300.0
52001787,101992.0,113153.0,192300.0
52001788,102002.0,112222.0,192300.0
52001789,102007.0,111252.0,192300.0
52001790,102010.0,110256.0,192300.0
52001791,102012.0,109228.0,192300.0
52001792,102014.0,108190.0,192300.0
52001793,102877.0,113924.0,192300.0
52001794,102929.0,113003.0,192300.0
52001795,102946.0,112064.0,192300.0
52001796,102953.0,111102.0,192300.0
52001797,102957.0,110120.0,192300.0
52001798,102960.0,109127.0,192300.0
52001799,102963.0,108135.0,192300.0
52001800,103858.0,113839.0,192300.0
52001801,103890.0,112886.0,192300.0
52001802,103902.0,111941.0,192300.0
52001803,103907.0,110977.0,192300.0
52001804,103910.0,110000.0,192300.0
52001805,103912.0,109011.0,192300.0
52001806,103914.0,108072.0,192300.0
52001807,102017.0,103414.0,192300.0
52001808,102017.0,102481.0,192300.0
52001809,102967.0,103414.0,192300.0
52001810,102967.0,102481.0,192300.0
52001811,103917.0,103414.0,192300.0
52001812,103917.0,102481.0,192300.0
52001813,105733.0,107968.0,192300.0
52001814,106600.0,107964.0,192300.0
53000001,23267.0,114848.0,196150.0
53000002,27067.0,114848.0,196150.0
53000003,20667.0,114848.0,196150.0
53000004,30067.0,114848.0,196150.0
53000005,27067.0,113448.0,196150.0
53000006,27067.0,110448.0,196150.0
53000007,30067.0,113448.0,196150.0
53000008,20667.0,111848.0,196150.0
53000009,20667.0,108798.0,196150.0
53000010,23267.0,111848.0,196150.0
53000011,16867.0,108748.0,196150.0
53000012,23267.0,108798.0,196150.0
53000013,16867.0,107148.0,196150.0
53000014,30067.0,107148.0,196150.0
53000015,23267.0,107148.0,196150.0
53000016,20667.0,107123.0,196150.0
53000017,27067.0,107148.0,196150.0
53000018,16867.0,101048.0,196150.0
53000019,17767.0,107148.0,196150.0
53000020,17767.0,101048.0,196150.0
53000021,20667.0,104348.0,196150.0
53000022,23267.0,104348.0,196150.0
53000023,27067.0,104348.0,196150.0
53000024,20667.0,101548.0,196150.0
53000025,20667.0,101048.0,196150.0
53000026,23267.0,101548.0,196150.0
53000027,27067.0,101548.0,196150.0
53000028,20667.0,98548.0,196150.0
53000029,23267.0,98548.0,196150.0
53000030,27067.0,98548.0,196150.0
53000031,16867.0,110198.0,196150.0
53000032,30067.0,110448.0,196150.0
53000033,23267.0,109893.0,196150.0
53000034,28067.0,110448.0,196150.0
53000035,23267.0,106298.0,196150.0
53000036,27067.0,106298.0,196150.0
53000037,20167.0,107098.0,196150.0
53000038,23267.0,99593.0,196150.0
53000039,27067.0,99593.0,196150.0
53000040,18417.0,98548.0,196150.0
53000041,20667.0,113648.0,196150.0
53000042,16867.0,113648.0,196150.0
53000043,19917.0,113648.0,196150.0
53000044,19917.0,114848.0,196150.0
53000045,17867.0,113648.0,196150.0
53000046,17867.0,114848.0,196150.0
53000047,28467.0,113448.0,196150.0
53000048,28467.0,114848.0,196150.0
53000049,19467.0,98548.0,196150.0
53000050,19467.0,101048.0,196150.0
53000051,17767.0,103698.0,196150.0
53000052,16867.0,103698.0,196150.0
53000053,20667.0,106298.0,196150.0
53000054,23267.0,113648.0,196150.0
53000055,20667.0,109893.0,196150.0
53000056,4867.0,114848.0,196150.0
53000057,4867.0,106698.0,196150.0
53000058,4867.0,98548.0,196150.0
53000059,4867.0,87098.0,196150.0
53000060,4867.0,126298.0,196150.0
53000061,9467.0,126348.0,196150.0
53000062,13067.0,126348.0,196150.0
53000063,124067.0,114848.0,196150.0
53000064,124067.0,106698.0,196150.0
53000065,124067.0,98548.0,196150.0
53000066,124067.0,87098.0,196150.0
53000067,124067.0,126298.0,196150.0
53000068,30067.0,98548.0,196150.0
53000069,30067.0,101048.0,196150.0
53000070,30067.0,104348.0,196150.0
53000071,30067.0,101548.0,196150.0
53000072,13067.0,87048.0,196150.0
53000073,9467.0,87048.0,196150.0
53000074,63747.0,110448.0,196150.0
53000075,60347.0,101048.0,196150.0
53000076,60347.0,107148.0,196150.0
53000077,63747.0,107148.0,196150.0
53000078,52947.0,114848.0,196150.0
53000079,56347.0,108748.0,196150.0
53000080,52947.0,103698.0,196150.0
53000081,53847.0,103698.0,196150.0
53000082,54497.0,98548.0,196150.0
53000083,56347.0,110448.0,196150.0
53000084,52947.0,110198.0,196150.0
53000085,56347.0,113448.0,196150.0
53000086,52947.0,101048.0,196150.0
53000087,53847.0,101048.0,196150.0
53000088,53847.0,107148.0,196150.0
53000089,52947.0,107148.0,196150.0
53000090,56347.0,107048.0,196150.0
53000091,52947.0,108748.0,196150.0
53000092,56347.0,101548.0,196150.0
53000093,55947.0,107048.0,196150.0
53000094,56347.0,106298.0,196150.0
53000095,60347.0,110448.0,196150.0
53000096,56347.0,104348.0,196150.0
53000097,56347.0,101048.0,196150.0
53000098,63747.0,101048.0,196150.0
53000099,52947.0,98548.0,196150.0
53000100,60347.0,104348.0,196150.0
53000101,119800.0,87048.0,196150.0
53000102,115533.0,87048.0,196150.0
53000103,111267.0,103698.0,196150.0
53000104,110367.0,103698.0,196150.0
53000105,108667.0,101048.0,196150.0
53000106,108667.0,98548.0,196150.0
53000107,99667.0,114848.0,196150.0
53000108,99667.0,113448.0,196150.0
53000109,110267.0,114848.0,196150.0
53000110,110267.0,113648.0,196150.0
53000111,108217.0,114848.0,196150.0
53000112,108217.0,113648.0,196150.0
53000113,111267.0,113648.0,196150.0
53000114,107467.0,113648.0,196150.0
53000115,109717.0,98548.0,196150.0
53000116,101067.0,99593.0,196150.0
53000117,104867.0,99593.0,196150.0
53000118,107967.0,107098.0,196150.0
53000119,101067.0,106298.0,196150.0
53000120,104867.0,106298.0,196150.0
53000121,100067.0,110448.0,196150.0
53000122,104867.0,109893.0,196150.0
53000123,98067.0,110448.0,196150.0
53000124,111267.0,110198.0,196150.0
53000125,101067.0,98548.0,196150.0
53000126,104867.0,98548.0,196150.0
53000127,107467.0,98548.0,196150.0
53000128,101067.0,101548.0,196150.0
53000129,104867.0,101548.0,196150.0
53000130,107467.0,101048.0,196150.0
53000131,107467.0,101548.0,196150.0
53000132,101067.0,104348.0,196150.0
53000133,104867.0,104348.0,196150.0
53000134,107467.0,104348.0,196150.0
53000135,110367.0,101048.0,196150.0
53000136,110367.0,107148.0,196150.0
53000137,111267.0,101048.0,196150.0
53000138,101067.0,107148.0,196150.0
53000139,107467.0,107123.0,196150.0
53000140,104867.0,107148.0,196150.0
53000141,98067.0,107148.0,196150.0
53000142,111267.0,107148.0,196150.0
53000143,104867.0,108798.0,196150.0
53000144,111267.0,108748.0,196150.0
53000145,104867.0,111848.0,196150.0
53000146,107467.0,108798.0,196150.0
53000147,107467.0,111848.0,196150.0
53000148,98067.0,113448.0,196150.0
53000149,101067.0,110448.0,196150.0
53000150,101067.0,113448.0,196150.0
53000151,98067.0,114848.0,196150.0
53000152,107467.0,114848.0,196150.0
53000153,101067.0,114848.0,196150.0
53000154,104867.0,114848.0,196150.0
53000155,107467.0,106298.0,196150.0
53000156,98067.0,101548.0,196150.0
53000157,98067.0,104348.0,196150.0
53000158,107467.0,109893.0,196150.0
53000159,104867.0,113648.0,196150.0
53000160,98067.0,98548.0,196150.0
53000161,63747.0,114848.0,196150.0
53000162,56347.0,98548.0,196150.0
53000163,56347.0,114848.0,196150.0
53000164,60347.0,114848.0,196150.0
53000165,60347.0,98548.0,196150.0
53000166,63747.0,98548.0,196150.0
53000167,30067.0,87098.0,196150.0
53000168,30067.0,126298.0,196150.0
53000169,16867.0,98548.0,196150.0
53000170,16867.0,114848.0,196150.0
53000171,16867.0,106698.0,196150.0
53000172,16867.0,126298.0,196150.0
53000173,16867.0,87098.0,196150.0
53000174,111267.0,114848.0,196150.0
53000175,111267.0,126298.0,196150.0
53000176,111267.0,87098.0,196150.0
53000177,111267.0,106698.0,196150.0
53000178,111267.0,98548.0,196150.0
53000179,98067.0,87098.0,196150.0
53000180,98067.0,126298.0,196150.0
53000181,63747.0,126298.0,196150.0
53000182,41507.0,126298.0,196150.0
53000183,41507.0,87098.0,196150.0
53000184,52947.0,87098.0,196150.0
53000185,52947.0,126298.0,196150.0
53000186,75187.0,87098.0,196150.0
53000187,75187.0,126298.0,196150.0
53000188,86627.0,126298.0,196150.0
53000189,86627.0,87098.0,196150.0
53000190,80907.0,126348.0,196150.0
53000191,80907.0,87048.0,196150.0
53000192,69467.0,126348.0,196150.0
53000193,69467.0,87048.0,196150.0
53000194,47227.0,126348.0,196150.0
53000195,47227.0,87048.0,196150.0
53000196,35787.0,126348.0,196150.0
53000197,35787.0,87048.0,196150.0
53000198,25167.0,98548.0,196150.0
53000199,25167.0,87048.0,196150.0
53000200,25167.0,114848.0,196150.0
53000201,25167.0,126348.0,196150.0
53000202,20667.0,87048.0,196150.0
53000203,20667.0,126348.0,196150.0
53000204,58347.0,126348.0,196150.0
53000205,58347.0,114848.0,196150.0
53000206,58347.0,98548.0,196150.0
53000207,58347.0,87048.0,196150.0
53000208,102967.0,98548.0,196150.0
53000209,102967.0,87048.0,196150.0
53000210,102967.0,114848.0,196150.0
53000211,102967.0,126348.0,196150.0
53000212,107467.0,126348.0,196150.0
53000213,107467.0,87048.0,196150.0
53000214,92347.0,126348.0,196150.0
53000215,92347.0,87048.0,196150.0
53000216,119800.0,126348.0,196150.0
53000217,115533.0,126348.0,196150.0
53000218,119800.0,106698.0,196150.0
53000219,115533.0,106698.0,196150.0
53000220,80907.0,107148.0,196150.0
53000221,69467.0,107148.0,196150.0
53000222,75187.0,107148.0,196150.0
53000223,92347.0,107148.0,196150.0
53000224,86627.0,107148.0,196150.0
53000225,47227.0,107148.0,196150.0
53000226,35787.0,107148.0,196150.0
53000227,41507.0,107148.0,196150.0
53000228,13067.0,106698.0,196150.0
53000229,9467.0,106698.0,196150.0
53000230,80907.0,98548.0,196150.0
53000231,69467.0,98548.0,196150.0
53000232,47227.0,98548.0,196150.0
53000233,35787.0,98548.0,196150.0
53000234,41507.0,98548.0,196150.0
53000235,75187.0,98548.0,196150.0
53000236,92347.0,98548.0,196150.0
53000237,86627.0,98548.0,196150.0
53000238,119800.0,98548.0,196150.0
53000239,115533.0,98548.0,196150.0
53000240,13067.0,98548.0,196150.0
53000241,9467.0,98548.0,196150.0
53000242,80907.0,114848.0,196150.0
53000243,69467.0,114848.0,196150.0
53000244,47227.0,114848.0,196150.0
53000245,35787.0,114848.0,196150.0
53000246,41507.0,114848.0,196150.0
53000247,75187.0,114848.0,196150.0
53000248,92347.0,114848.0,196150.0
53000249,86627.0,114848.0,196150.0
53000250,119800.0,114848.0,196150.0
53000251,115533.0,114848.0,196150.0
53000252,13067.0,114848.0,196150.0
53000253,9467.0,114848.0,196150.0
53000254,63747.0,87098.0,196150.0
53000255,16867.0,108748.0,195350.0
53000256,16867.0,110198.0,195350.0
53000257,27067.0,113448.0,195550.0
53000258,27067.0,114848.0,195550.0
53000259,20667.0,107123.0,195550.0
53000260,20667.0,108798.0,195550.0
53000261,28067.0,110448.0,195550.0
53000262,30067.0,110448.0,195550.0
53000263,16867.0,107148.0,195350.0
53000264,23267.0,107148.0,195550.0
53000265,23267.0,108798.0,195550.0
53000266,17767.0,107148.0,195450.0
53000267,20167.0,107098.0,195450.0
53000268,18417.0,98548.0,195350.0
53000269,19467.0,98548.0,195350.0
53000270,28467.0,113448.0,195550.0
53000271,30067.0,113448.0,195550.0
53000272,20667.0,98548.0,195350.0
53000273,52947.0,107148.0,195350.0
53000274,52947.0,108748.0,195350.0
53000275,56347.0,113448.0,195550.0
53000276,56347.0,114848.0,195550.0
53000277,52947.0,110198.0,195350.0
53000278,53847.0,107148.0,195350.0
53000279,55947.0,107048.0,195350.0
53000280,54497.0,98548.0,195350.0
53000281,56347.0,98548.0,195350.0
53000282,107467.0,98548.0,195350.0
53000283,108667.0,98548.0,195350.0
53000284,98067.0,113448.0,195550.0
53000285,99667.0,113448.0,195550.0
53000286,107967.0,107098.0,195350.0
53000287,110367.0,107148.0,195350.0
53000288,104867.0,107148.0,195550.0
53000289,104867.0,108798.0,195550.0
53000290,111267.0,107148.0,195350.0
53000291,111267.0,108748.0,195350.0
53000292,107467.0,107123.0,195550.0
53000293,107467.0,108798.0,195550.0
53000294,101067.0,113448.0,195550.0
53000295,101067.0,114848.0,195550.0
53000296,111267.0,110198.0,195350.0
53000297,98067.0,110448.0,195550.0
53000298,100067.0,110448.0,195550.0
53000299,109717.0,98548.0,195350.0
53000300,17367.0,114848.0,196150.0
53000301,21533.0,114848.0,196150.0
53000302,22400.0,114848.0,196150.0
53000303,27767.0,114848.0,196150.0
53000304,16867.0,111060.0,196150.0
53000305,16867.0,111923.0,196150.0
53000306,16867.0,112785.0,196150.0
53000307,16867.0,109110.0,196150.0
53000308,16867.0,109473.0,196150.0
53000309,16867.0,109835.0,196150.0
53000310,27067.0,113798.0,196150.0
53000311,27067.0,114148.0,196150.0
53000312,27067.0,114498.0,196150.0
53000313,30067.0,114148.0,196150.0
53000314,27067.0,111448.0,196150.0
53000315,27067.0,112448.0,196150.0
53000316,27767.0,113448.0,196150.0
53000317,27567.0,110448.0,196150.0
53000318,30067.0,111448.0,196150.0
53000319,30067.0,112448.0,196150.0
53000320,20667.0,109345.0,196150.0
53000321,20667.0,107541.0,196150.0
53000322,20667.0,107960.0,196150.0
53000323,20667.0,108379.0,196150.0
53000324,21533.0,108798.0,196150.0
53000325,22400.0,108798.0,196150.0
53000326,23267.0,109345.0,196150.0
53000327,28567.0,110448.0,196150.0
53000328,29067.0,110448.0,196150.0
53000329,29567.0,110448.0,196150.0
53000330,16867.0,107548.0,196150.0
53000331,16867.0,107948.0,196150.0
53000332,16867.0,108348.0,196150.0
53000333,23267.0,107560.0,196150.0
53000334,23267.0,107973.0,196150.0
53000335,23267.0,108385.0,196150.0
53000336,17317.0,107148.0,196150.0
53000337,21533.0,107131.0,196150.0
53000338,22400.0,107139.0,196150.0
53000339,23267.0,106723.0,196150.0
53000340,27067.0,106723.0,196150.0
53000341,28067.0,107148.0,196150.0
53000342,29067.0,107148.0,196150.0
53000343,16867.0,101931.0,196150.0
53000344,16867.0,102814.0,196150.0
53000345,16867.0,99381.0,196150.0
53000346,16867.0,100214.0,196150.0
53000347,17317.0,101048.0,196150.0
53000348,18167.0,107139.0,196150.0
53000349,18567.0,107131.0,196150.0
53000350,18967.0,107123.0,196150.0
53000351,19367.0,107114.0,196150.0
53000352,19767.0,107106.0,196150.0
53000353,18617.0,101048.0,196150.0
53000354,20667.0,99381.0,196150.0
53000355,20667.0,100214.0,196150.0
53000356,17642.0,98548.0,196150.0
53000357,18942.0,98548.0,196150.0
53000358,21533.0,98548.0,196150.0
53000359,22400.0,98548.0,196150.0
53000360,23267.0,99070.0,196150.0
53000361,27067.0,99070.0,196150.0
53000362,28067.0,98548.0,196150.0
53000363,29067.0,98548.0,196150.0
53000364,16867.0,114248.0,196150.0
53000365,20667.0,114248.0,196150.0
53000366,20292.0,114848.0,196150.0
53000367,18142.0,114848.0,196150.0
53000368,18642.0,114848.0,196150.0
53000369,19142.0,114848.0,196150.0
53000370,19642.0,114848.0,196150.0
53000371,29267.0,114848.0,196150.0
53000372,28867.0,113448.0,196150.0
53000373,29267.0,113448.0,196150.0
53000374,29667.0,113448.0,196150.0
53000375,20067.0,101048.0,196150.0
53000376,20067.0,98548.0,196150.0
53000377,16867.0,104698.0,196150.0
53000378,16867.0,105698.0,196150.0
53000379,20667.0,106710.0,196150.0
53000380,23267.0,114248.0,196150.0
53000381,30067.0,99381.0,196150.0
53000382,30067.0,100214.0,196150.0
53000383,30067.0,105281.0,196150.0
53000384,30067.0,106214.0,196150.0
53000385,30067.0,102481.0,196150.0
53000386,30067.0,103414.0,196150.0
53000387,60347.0,101873.0,196150.0
53000388,60347.0,102698.0,196150.0
53000389,60347.0,103523.0,196150.0
53000390,63747.0,111328.0,196150.0
53000391,63747.0,112208.0,196150.0
53000392,63747.0,113088.0,196150.0
53000393,63747.0,113968.0,196150.0
53000394,61022.0,114848.0,196150.0
53000395,61697.0,114848.0,196150.0
53000396,62197.0,114848.0,196150.0
53000397,62697.0,114848.0,196150.0
53000398,63197.0,114848.0,196150.0
53000399,52947.0,104560.0,196150.0
53000400,52947.0,105423.0,196150.0
53000401,52947.0,106285.0,196150.0
53000402,53722.0,98548.0,196150.0
53000403,52947.0,99381.0,196150.0
53000404,52947.0,100214.0,196150.0
53000405,52947.0,101931.0,196150.0
53000406,52947.0,102814.0,196150.0
53000407,53397.0,101048.0,196150.0
53000408,53397.0,107148.0,196150.0
53000409,52947.0,107548.0,196150.0
53000410,52947.0,107948.0,196150.0
53000411,52947.0,108348.0,196150.0
53000412,56347.0,111328.0,196150.0
53000413,56347.0,112208.0,196150.0
53000414,56347.0,113088.0,196150.0
53000415,56347.0,113798.0,196150.0
53000416,56347.0,114148.0,196150.0
53000417,56347.0,114498.0,196150.0
53000418,52947.0,109110.0,196150.0
53000419,52947.0,109473.0,196150.0
53000420,52947.0,109835.0,196150.0
53000421,52947.0,111128.0,196150.0
53000422,52947.0,112058.0,196150.0
53000423,52947.0,112988.0,196150.0
53000424,52947.0,113918.0,196150.0
53000425,53622.0,114848.0,196150.0
53000426,54297.0,114848.0,196150.0
53000427,54797.0,114848.0,196150.0
53000428,55297.0,114848.0,196150.0
53000429,55797.0,114848.0,196150.0
53000430,54372.0,107123.0,196150.0
53000431,54897.0,107098.0,196150.0
53000432,55422.0,107073.0,196150.0
53000433,61197.0,110448.0,196150.0
53000434,62047.0,110448.0,196150.0
53000435,62897.0,110448.0,196150.0
53000436,56347.0,106673.0,196150.0
53000437,56347.0,99381.0,196150.0
53000438,56347.0,100214.0,196150.0
53000439,54959.0,98548.0,196150.0
53000440,55422.0,98548.0,196150.0
53000441,55884.0,98548.0,196150.0
53000442,63747.0,102064.0,196150.0
53000443,63747.0,103081.0,196150.0
53000444,63747.0,104098.0,196150.0
53000445,63747.0,105114.0,196150.0
53000446,63747.0,106131.0,196150.0
53000447,63747.0,99381.0,196150.0
53000448,63747.0,100214.0,196150.0
53000449,54680.0,101048.0,196150.0
53000450,55513.0,101048.0,196150.0
53000451,60822.0,98548.0,196150.0
53000452,61297.0,98548.0,196150.0
53000453,61797.0,98548.0,196150.0
53000454,62297.0,98548.0,196150.0
53000455,62797.0,98548.0,196150.0
53000456,63272.0,98548.0,196150.0
53000457,61197.0,101048.0,196150.0
53000458,62047.0,101048.0,196150.0
53000459,62897.0,101048.0,196150.0
53000460,111267.0,104698.0,196150.0
53000461,111267.0,105698.0,196150.0
53000462,108067.0,98548.0,196150.0
53000463,108067.0,101048.0,196150.0
53000464,98467.0,113448.0,196150.0
53000465,98867.0,113448.0,196150.0
53000466,99267.0,113448.0,196150.0
53000467,98867.0,114848.0,196150.0
53000468,108492.0,114848.0,196150.0
53000469,108992.0,114848.0,196150.0
53000470,109492.0,114848.0,196150.0
53000471,109992.0,114848.0,196150.0
53000472,107842.0,114848.0,196150.0
53000473,107467.0,114248.0,196150.0
53000474,111267.0,114248.0,196150.0
53000475,110767.0,114848.0,196150.0
53000476,110492.0,98548.0,196150.0
53000477,99067.0,98548.0,196150.0
53000478,100067.0,98548.0,196150.0
53000479,105733.0,98548.0,196150.0
53000480,106600.0,98548.0,196150.0
53000481,101067.0,99070.0,196150.0
53000482,104867.0,99070.0,196150.0
53000483,107467.0,99381.0,196150.0
53000484,107467.0,100214.0,196150.0
53000485,109517.0,101048.0,196150.0
53000486,108367.0,107106.0,196150.0
53000487,108767.0,107114.0,196150.0
53000488,109167.0,107123.0,196150.0
53000489,109567.0,107131.0,196150.0
53000490,109967.0,107139.0,196150.0
53000491,110817.0,101048.0,196150.0
53000492,111267.0,99381.0,196150.0
53000493,111267.0,100214.0,196150.0
53000494,111267.0,101931.0,196150.0
53000495,111267.0,102814.0,196150.0
53000496,99067.0,107148.0,196150.0
53000497,100067.0,107148.0,196150.0
53000498,101067.0,106723.0,196150.0
53000499,104867.0,106723.0,196150.0
53000500,105733.0,107139.0,196150.0
53000501,106600.0,107131.0,196150.0
53000502,110817.0,107148.0,196150.0
53000503,104867.0,107560.0,196150.0
53000504,104867.0,107973.0,196150.0
53000505,104867.0,108385.0,196150.0
53000506,111267.0,107548.0,196150.0
53000507,111267.0,107948.0,196150.0
53000508,111267.0,108348.0,196150.0
53000509,104867.0,109345.0,196150.0
53000510,105733.0,108798.0,196150.0
53000511,106600.0,108798.0,196150.0
53000512,107467.0,107541.0,196150.0
53000513,107467.0,107960.0,196150.0
53000514,107467.0,108379.0,196150.0
53000515,107467.0,109345.0,196150.0
53000516,98067.0,111448.0,196150.0
53000517,98067.0,112448.0,196150.0
53000518,100567.0,110448.0,196150.0
53000519,100367.0,113448.0,196150.0
53000520,101067.0,111448.0,196150.0
53000521,101067.0,112448.0,196150.0
53000522,98067.0,114148.0,196150.0
53000523,101067.0,113798.0,196150.0
53000524,101067.0,114148.0,196150.0
53000525,101067.0,114498.0,196150.0
53000526,111267.0,109110.0,196150.0
53000527,111267.0,109473.0,196150.0
53000528,111267.0,109835.0,196150.0
53000529,111267.0,111060.0,196150.0
53000530,111267.0,111923.0,196150.0
53000531,111267.0,112785.0,196150.0
53000532,100367.0,114848.0,196150.0
53000533,105733.0,114848.0,196150.0
53000534,106600.0,114848.0,196150.0
53000535,107467.0,106710.0,196150.0
53000536,98067.0,102481.0,196150.0
53000537,98067.0,103414.0,196150.0
53000538,98067.0,105281.0,196150.0
53000539,98067.0,106214.0,196150.0
53000540,104867.0,114248.0,196150.0
53000541,98067.0,99381.0,196150.0
53000542,98067.0,100214.0,196150.0
53000543,98067.0,100881.0,196150.0
53000544,98567.0,110448.0,196150.0
53000545,99067.0,110448.0,196150.0
53000546,99567.0,110448.0,196150.0
53000547,109192.0,98548.0,196150.0
53000548,16867.0,114848.0,195475.0
53000549,16867.0,114848.0,194800.0
53000550,16867.0,114848.0,193966.0
53000551,16867.0,114848.0,193133.0
53000552,17867.0,114848.0,195475.0
53000553,17867.0,114848.0,194800.0
53000554,17867.0,114848.0,193966.0
53000555,17867.0,114848.0,193133.0
53000556,20667.0,114848.0,195475.0
53000557,20667.0,114848.0,194800.0
53000558,20667.0,114848.0,193966.0
53000559,20667.0,114848.0,193133.0
53000560,23267.0,114848.0,195331.0
53000561,23267.0,114848.0,194800.0
53000562,23267.0,114848.0,194095.0
53000563,23267.0,114848.0,193197.0
53000564,28467.0,114848.0,195187.0
53000565,28467.0,114848.0,194225.0
53000566,28467.0,114848.0,193262.0
53000567,27067.0,110448.0,195187.0
53000568,27067.0,110448.0,194225.0
53000569,27067.0,110448.0,193262.0
53000570,20667.0,109893.0,195187.0
53000571,20667.0,109893.0,194225.0
53000572,20667.0,109893.0,193262.0
53000573,16867.0,113648.0,195475.0
53000574,16867.0,113648.0,194800.0
53000575,16867.0,113648.0,193966.0
53000576,16867.0,113648.0,193133.0
53000577,23267.0,109893.0,195187.0
53000578,23267.0,109893.0,194225.0
53000579,23267.0,109893.0,193262.0
53000580,16867.0,106698.0,195187.0
53000581,16867.0,106698.0,194225.0
53000582,16867.0,106698.0,193262.0
53000583,23267.0,106298.0,195187.0
53000584,23267.0,106298.0,194225.0
53000585,23267.0,106298.0,193262.0
53000586,27067.0,106298.0,195187.0
53000587,27067.0,106298.0,194225.0
53000588,27067.0,106298.0,193262.0
53000589,27067.0,107148.0,195187.0
53000590,27067.0,107148.0,194225.0
53000591,27067.0,107148.0,193262.0
53000592,16867.0,101048.0,195187.0
53000593,16867.0,101048.0,194225.0
53000594,16867.0,101048.0,193262.0
53000595,16867.0,103698.0,195187.0
53000596,16867.0,103698.0,194225.0
53000597,16867.0,103698.0,193262.0
53000598,16867.0,98548.0,195187.0
53000599,16867.0,98548.0,194225.0
53000600,16867.0,98548.0,193262.0
53000601,17767.0,101048.0,195187.0
53000602,17767.0,101048.0,194225.0
53000603,17767.0,101048.0,193262.0
53000604,19467.0,101048.0,195187.0
53000605,19467.0,101048.0,194225.0
53000606,19467.0,101048.0,193262.0
53000607,20667.0,101048.0,195187.0
53000608,20667.0,101048.0,194225.0
53000609,20667.0,101048.0,193262.0
53000610,23267.0,98548.0,195187.0
53000611,23267.0,98548.0,194225.0
53000612,23267.0,98548.0,193262.0
53000613,23267.0,99593.0,195187.0
53000614,23267.0,99593.0,194225.0
53000615,23267.0,99593.0,193262.0
53000616,27067.0,98548.0,195187.0
53000617,27067.0,98548.0,194225.0
53000618,27067.0,98548.0,193262.0
53000619,27067.0,99593.0,195187.0
53000620,27067.0,99593.0,194225.0
53000621,27067.0,99593.0,193262.0
53000622,30067.0,98548.0,195187.0
53000623,30067.0,98548.0,194225.0
53000624,30067.0,98548.0,193262.0
53000625,19917.0,114848.0,195475.0
53000626,19917.0,114848.0,194800.0
53000627,19917.0,114848.0,193966.0
53000628,19917.0,114848.0,193133.0
53000629,30067.0,114848.0,195187.0
53000630,30067.0,114848.0,194225.0
53000631,30067.0,114848.0,193262.0
53000632,20667.0,106298.0,195187.0
53000633,20667.0,106298.0,194225.0
53000634,20667.0,106298.0,193262.0
53000635,20667.0,113648.0,195475.0
53000636,20667.0,113648.0,194800.0
53000637,20667.0,113648.0,193966.0
53000638,20667.0,113648.0,193133.0
53000639,23267.0,113648.0,195187.0
53000640,23267.0,113648.0,194225.0
53000641,23267.0,113648.0,193262.0
53000642,20667.0,101548.0,195187.0
53000643,20667.0,101548.0,194225.0
53000644,20667.0,101548.0,193262.0
53000645,30067.0,101048.0,195187.0
53000646,30067.0,101048.0,194225.0
53000647,30067.0,101048.0,193262.0
53000648,30067.0,101548.0,195187.0
53000649,30067.0,101548.0,194225.0
53000650,30067.0,101548.0,193262.0
53000651,30067.0,107148.0,195187.0
53000652,30067.0,107148.0,194225.0
53000653,30067.0,107148.0,193262.0
53000654,30067.0,104348.0,195187.0
53000655,30067.0,104348.0,194225.0
53000656,30067.0,104348.0,193262.0
53000657,60347.0,101048.0,195475.0
53000658,60347.0,101048.0,194800.0
53000659,60347.0,101048.0,193966.0
53000660,60347.0,101048.0,193133.0
53000661,60347.0,104348.0,195475.0
53000662,60347.0,104348.0,194800.0
53000663,60347.0,104348.0,193966.0
53000664,60347.0,104348.0,193133.0
53000665,63747.0,110448.0,195475.0
53000666,63747.0,110448.0,194800.0
53000667,63747.0,110448.0,193966.0
53000668,63747.0,110448.0,193133.0
53000669,63747.0,114848.0,195475.0
53000670,63747.0,114848.0,194800.0
53000671,63747.0,114848.0,193966.0
53000672,63747.0,114848.0,193133.0
53000673,60347.0,114848.0,194800.0
53000674,60347.0,114848.0,193966.0
53000675,60347.0,114848.0,193133.0
53000676,52947.0,103698.0,195187.0
53000677,52947.0,103698.0,194225.0
53000678,52947.0,103698.0,193262.0
53000679,52947.0,98548.0,195187.0
53000680,52947.0,98548.0,194225.0
53000681,52947.0,98548.0,193262.0
53000682,52947.0,101048.0,195187.0
53000683,52947.0,101048.0,194225.0
53000684,52947.0,101048.0,193262.0
53000685,53847.0,101048.0,195187.0
53000686,53847.0,101048.0,194225.0
53000687,53847.0,101048.0,193262.0
53000688,56347.0,107048.0,195187.0
53000689,56347.0,107048.0,194225.0
53000690,56347.0,107048.0,193262.0
53000691,56347.0,110448.0,195187.0
53000692,56347.0,110448.0,194225.0
53000693,56347.0,110448.0,193262.0
53000694,52947.0,114848.0,195475.0
53000695,52947.0,114848.0,194800.0
53000696,52947.0,114848.0,193966.0
53000697,52947.0,114848.0,193133.0
53000698,60347.0,110448.0,195475.0
53000699,60347.0,110448.0,194800.0
53000700,60347.0,110448.0,193966.0
53000701,60347.0,110448.0,193133.0
53000702,56347.0,106298.0,195187.0
53000703,56347.0,106298.0,194225.0
53000704,56347.0,106298.0,193262.0
53000705,56347.0,101048.0,195187.0
53000706,56347.0,101048.0,194225.0
53000707,56347.0,101048.0,193262.0
53000708,56347.0,101548.0,195187.0
53000709,56347.0,101548.0,194225.0
53000710,56347.0,101548.0,193262.0
53000711,63747.0,101048.0,195475.0
53000712,63747.0,101048.0,194800.0
53000713,63747.0,101048.0,193966.0
53000714,63747.0,101048.0,193133.0
53000715,63747.0,107148.0,195475.0
53000716,63747.0,107148.0,194800.0
53000717,63747.0,107148.0,193966.0
53000718,63747.0,107148.0,193133.0
53000719,63747.0,98548.0,195475.0
53000720,63747.0,98548.0,194800.0
53000721,63747.0,98548.0,193966.0
53000722,63747.0,98548.0,193133.0
53000723,60347.0,98548.0,194800.0
53000724,60347.0,98548.0,193966.0
53000725,60347.0,98548.0,193133.0
53000726,111267.0,103698.0,195187.0
53000727,111267.0,103698.0,194225.0
53000728,111267.0,103698.0,193262.0
53000729,111267.0,106698.0,195187.0
53000730,111267.0,106698.0,194225.0
53000731,111267.0,106698.0,193262.0
53000732,107467.0,101048.0,195187.0
53000733,107467.0,101048.0,194225.0
53000734,107467.0,101048.0,193262.0
53000735,108667.0,101048.0,195187.0
53000736,108667.0,101048.0,194225.0
53000737,108667.0,101048.0,193262.0
53000738,98067.0,114848.0,195187.0
53000739,98067.0,114848.0,194225.0
53000740,98067.0,114848.0,193262.0
53000741,99667.0,114848.0,195187.0
53000742,99667.0,114848.0,194225.0
53000743,99667.0,114848.0,193262.0
53000744,108217.0,114848.0,195475.0
53000745,108217.0,114848.0,194800.0
53000746,108217.0,114848.0,193966.0
53000747,108217.0,114848.0,193133.0
53000748,110267.0,114848.0,195475.0
53000749,110267.0,114848.0,194800.0
53000750,110267.0,114848.0,193966.0
53000751,110267.0,114848.0,193133.0
53000752,107467.0,114848.0,195475.0
53000753,107467.0,114848.0,194800.0
53000754,107467.0,114848.0,193966.0
53000755,107467.0,114848.0,193133.0
53000756,107467.0,113648.0,195475.0
53000757,107467.0,113648.0,194800.0
53000758,107467.0,113648.0,193966.0
53000759,107467.0,113648.0,193133.0
53000760,111267.0,113648.0,195331.0
53000761,111267.0,113648.0,194800.0
53000762,111267.0,113648.0,194095.0
53000763,111267.0,113648.0,193197.0
53000764,111267.0,114848.0,195475.0
53000765,111267.0,114848.0,194800.0
53000766,111267.0,114848.0,193966.0
53000767,111267.0,114848.0,193133.0
53000768,111267.0,98548.0,195187.0
53000769,111267.0,98548.0,194225.0
53000770,111267.0,98548.0,193262.0
53000771,98067.0,98548.0,195187.0
53000772,98067.0,98548.0,194225.0
53000773,98067.0,98548.0,193262.0
53000774,101067.0,98548.0,195187.0
53000775,101067.0,98548.0,194225.0
53000776,101067.0,98548.0,193262.0
53000777,104867.0,98548.0,195187.0
53000778,104867.0,98548.0,194225.0
53000779,104867.0,98548.0,193262.0
53000780,101067.0,99593.0,195187.0
53000781,101067.0,99593.0,194225.0
53000782,101067.0,99593.0,193262.0
53000783,104867.0,99593.0,195187.0
53000784,104867.0,99593.0,194225.0
53000785,104867.0,99593.0,193262.0
53000786,107467.0,101548.0,195187.0
53000787,107467.0,101548.0,194225.0
53000788,107467.0,101548.0,193262.0
53000789,110367.0,101048.0,195187.0
53000790,110367.0,101048.0,194225.0
53000791,110367.0,101048.0,193262.0
53000792,111267.0,101048.0,195187.0
53000793,111267.0,101048.0,194225.0
53000794,111267.0,101048.0,193262.0
53000795,98067.0,107148.0,195187.0
53000796,98067.0,107148.0,194225.0
53000797,98067.0,107148.0,193262.0
53000798,101067.0,107148.0,195187.0
53000799,101067.0,107148.0,194225.0
53000800,101067.0,107148.0,193262.0
53000801,101067.0,106298.0,195187.0
53000802,101067.0,106298.0,194225.0
53000803,101067.0,106298.0,193262.0
53000804,104867.0,106298.0,195187.0
53000805,104867.0,106298.0,194225.0
53000806,104867.0,106298.0,193262.0
53000807,104867.0,109893.0,195187.0
53000808,104867.0,109893.0,194225.0
53000809,104867.0,109893.0,193262.0
53000810,107467.0,109893.0,195187.0
53000811,107467.0,109893.0,194225.0
53000812,107467.0,109893.0,193262.0
53000813,101067.0,110448.0,195187.0
53000814,101067.0,110448.0,194225.0
53000815,101067.0,110448.0,193262.0
53000816,104867.0,114848.0,195331.0
53000817,104867.0,114848.0,194800.0
53000818,104867.0,114848.0,194095.0
53000819,104867.0,114848.0,193197.0
53000820,107467.0,106298.0,195187.0
53000821,107467.0,106298.0,194225.0
53000822,107467.0,106298.0,193262.0
53000823,98067.0,101548.0,195187.0
53000824,98067.0,101548.0,194225.0
53000825,98067.0,101548.0,193262.0
53000826,98067.0,104348.0,195187.0
53000827,98067.0,104348.0,194225.0
53000828,98067.0,104348.0,193262.0
53000829,104867.0,113648.0,195187.0
53000830,104867.0,113648.0,194225.0
53000831,104867.0,113648.0,193262.0
53000832,16867.0,109110.0,195350.0
53000833,16867.0,109473.0,195350.0
53000834,16867.0,109835.0,195350.0
53000835,27067.0,113798.0,195550.0
53000836,27067.0,114148.0,195550.0
53000837,27067.0,114498.0,195550.0
53000838,20667.0,107541.0,195550.0
53000839,20667.0,107960.0,195550.0
53000840,20667.0,108379.0,195550.0
53000841,28567.0,110448.0,195550.0
53000842,29067.0,110448.0,195550.0
53000843,29567.0,110448.0,195550.0
53000844,16867.0,107548.0,195350.0
53000845,16867.0,107948.0,195350.0
53000846,16867.0,108348.0,195350.0
53000847,23267.0,107560.0,195550.0
53000848,23267.0,107973.0,195550.0
53000849,23267.0,108385.0,195550.0
53000850,18167.0,107139.0,195450.0
53000851,18567.0,107131.0,195450.0
53000852,18967.0,107123.0,195450.0
53000853,19367.0,107114.0,195450.0
53000854,19767.0,107106.0,195450.0
53000855,18942.0,98548.0,195350.0
53000856,28867.0,113448.0,195550.0
53000857,29267.0,113448.0,195550.0
53000858,29667.0,113448.0,195550.0
53000859,20067.0,98548.0,195350.0
53000860,52947.0,107548.0,195350.0
53000861,52947.0,107948.0,195350.0
53000862,52947.0,108348.0,195350.0
53000863,56347.0,113798.0,195550.0
53000864,56347.0,114148.0,195550.0
53000865,56347.0,114498.0,195550.0
53000866,52947.0,109110.0,195350.0
53000867,52947.0,109473.0,195350.0
53000868,52947.0,109835.0,195350.0
53000869,54372.0,107123.0,195350.0
53000870,54897.0,107098.0,195350.0
53000871,55422.0,107073.0,195350.0
53000872,54959.0,98548.0,195350.0
53000873,55422.0,98548.0,195350.0
53000874,55884.0,98548.0,195350.0
53000875,108067.0,98548.0,195350.0
53000876,98467.0,113448.0,195550.0
53000877,98867.0,113448.0,195550.0
53000878,99267.0,113448.0,195550.0
53000879,108367.0,107106.0,195350.0
53000880,108767.0,107114.0,195350.0
53000881,109167.0,107123.0,195350.0
53000882,109567.0,107131.0,195350.0
53000883,109967.0,107139.0,195350.0
53000884,104867.0,107560.0,195550.0
53000885,104867.0,107973.0,195550.0
53000886,104867.0,108385.0,195550.0
53000887,111267.0,107548.0,195350.0
53000888,111267.0,107948.0,195350.0
53000889,111267.0,108348.0,195350.0
53000890,107467.0,107541.0,195550.0
53000891,107467.0,107960.0,195550.0
53000892,107467.0,108379.0,195550.0
53000893,101067.0,113798.0,195550.0
53000894,101067.0,114148.0,195550.0
53000895,101067.0,114498.0,195550.0
53000896,111267.0,109110.0,195350.0
53000897,111267.0,109473.0,195350.0
53000898,111267.0,109835.0,195350.0
53000899,98567.0,110448.0,195550.0
53000900,99067.0,110448.0,195550.0
53000901,99567.0,110448.0,195550.0
53000902,109192.0,98548.0,195350.0
53000903,27067.0,114848.0,194225.0
53000904,27067.0,114848.0,193262.0
53000905,27067.0,113448.0,194225.0
53000906,27067.0,113448.0,193262.0
53000907,28467.0,113448.0,194225.0
53000908,28467.0,113448.0,193262.0
53000909,20667.0,108798.0,194225.0
53000910,20667.0,108798.0,193262.0
53000911,16867.0,110198.0,194800.0
53000912,16867.0,110198.0,193966.0
53000913,16867.0,110198.0,193133.0
53000914,28067.0,110448.0,194225.0
53000915,28067.0,110448.0,193262.0
53000916,23267.0,108798.0,194225.0
53000917,23267.0,108798.0,193262.0
53000918,16867.0,107148.0,194225.0
53000919,16867.0,107148.0,193262.0
53000920,20167.0,107098.0,194225.0
53000921,20167.0,107098.0,193262.0
53000922,20667.0,107123.0,194225.0
53000923,20667.0,107123.0,193262.0
53000924,23267.0,107148.0,194225.0
53000925,23267.0,107148.0,193262.0
53000926,20667.0,98548.0,194225.0
53000927,20667.0,98548.0,193262.0
53000928,18417.0,98548.0,194225.0
53000929,18417.0,98548.0,193262.0
53000930,17767.0,107148.0,194225.0
53000931,17767.0,107148.0,193262.0
53000932,30067.0,113448.0,194225.0
53000933,30067.0,113448.0,193262.0
53000934,30067.0,110448.0,194225.0
53000935,30067.0,110448.0,193262.0
53000936,52947.0,107148.0,194225.0
53000937,52947.0,107148.0,193262.0
53000938,54497.0,98548.0,194225.0
53000939,54497.0,98548.0,193262.0
53000940,53847.0,107148.0,194225.0
53000941,53847.0,107148.0,193262.0
53000942,55947.0,107048.0,194225.0
53000943,55947.0,107048.0,193262.0
53000944,56347.0,113448.0,194225.0
53000945,56347.0,113448.0,193262.0
53000946,52947.0,110198.0,194800.0
53000947,52947.0,110198.0,193966.0
53000948,52947.0,110198.0,193133.0
53000949,56347.0,114848.0,194800.0
53000950,56347.0,114848.0,193966.0
53000951,56347.0,114848.0,193133.0
53000952,56347.0,98548.0,194225.0
53000953,56347.0,98548.0,193262.0
53000954,109717.0,98548.0,194225.0
53000955,109717.0,98548.0,193262.0
53000956,107467.0,98548.0,194225.0
53000957,107467.0,98548.0,193262.0
53000958,107467.0,107123.0,194225.0
53000959,107467.0,107123.0,193262.0
53000960,107967.0,107098.0,194225.0
53000961,107967.0,107098.0,193262.0
53000962,104867.0,107148.0,194225.0
53000963,104867.0,107148.0,193262.0
53000964,110367.0,107148.0,194225.0
53000965,110367.0,107148.0,193262.0
53000966,111267.0,107148.0,194225.0
53000967,111267.0,107148.0,193262.0
53000968,104867.0,108798.0,194225.0
53000969,104867.0,108798.0,193262.0
53000970,107467.0,108798.0,194225.0
53000971,107467.0,108798.0,193262.0
53000972,98067.0,110448.0,194225.0
53000973,98067.0,110448.0,193262.0
53000974,98067.0,113448.0,194225.0
53000975,98067.0,113448.0,193262.0
53000976,100067.0,110448.0,194225.0
53000977,100067.0,110448.0,193262.0
53000978,99667.0,113448.0,194225.0
53000979,99667.0,113448.0,193262.0
53000980,101067.0,113448.0,194225.0
53000981,101067.0,113448.0,193262.0
53000982,111267.0,110198.0,194225.0
53000983,111267.0,110198.0,193262.0
53000984,101067.0,114848.0,194225.0
53000985,101067.0,114848.0,193262.0
53000986,23267.0,113648.0,194773.0
53000987,60347.0,114848.0,195475.0
53000988,60347.0,98548.0,195475.0
53000989,111267.0,110198.0,194866.0
53000990,104867.0,113648.0,194773.0
53000991,24217.0,107148.0,196150.0
53000992,25167.0,107148.0,196150.0
53000993,26117.0,107148.0,196150.0
53000994,27067.0,108248.0,196150.0
53000995,27067.0,109348.0,196150.0
53000996,26117.0,114848.0,196150.0
53000997,24217.0,114848.0,196150.0
53000998,23267.0,112748.0,196150.0
53000999,23267.0,110870.0,196150.0
53001000,28467.0,114148.0,196150.0
53001001,17817.0,108760.0,196150.0
53001002,18767.0,108773.0,196150.0
53001003,19717.0,108785.0,196150.0
53001004,20667.0,110870.0,196150.0
53001005,20667.0,112748.0,196150.0
53001006,18892.0,113648.0,196150.0
53001007,24217.0,104348.0,196150.0
53001008,25167.0,104348.0,196150.0
53001009,26117.0,104348.0,196150.0
53001010,27067.0,105323.0,196150.0
53001011,23267.0,105323.0,196150.0
53001012,19467.0,99381.0,196150.0
53001013,19467.0,100214.0,196150.0
53001014,24217.0,101548.0,196150.0
53001015,25167.0,101548.0,196150.0
53001016,26117.0,101548.0,196150.0
53001017,27067.0,102481.0,196150.0
53001018,27067.0,103414.0,196150.0
53001019,23267.0,102481.0,196150.0
53001020,23267.0,103414.0,196150.0
53001021,24217.0,98548.0,196150.0
53001022,26117.0,98548.0,196150.0
53001023,27067.0,100570.0,196150.0
53001024,23267.0,100570.0,196150.0
53001025,56347.0,107898.0,196150.0
53001026,53797.0,108748.0,196150.0
53001027,54647.0,108748.0,196150.0
53001028,55497.0,108748.0,196150.0
53001029,108667.0,99381.0,196150.0
53001030,108667.0,100214.0,196150.0
53001031,99667.0,114148.0,196150.0
53001032,109242.0,113648.0,196150.0
53001033,108417.0,108785.0,196150.0
53001034,109367.0,108773.0,196150.0
53001035,110317.0,108760.0,196150.0
53001036,107467.0,112748.0,196150.0
53001037,107467.0,110870.0,196150.0
53001038,102017.0,98548.0,196150.0
53001039,103917.0,98548.0,196150.0
53001040,104867.0,100570.0,196150.0
53001041,102017.0,101548.0,196150.0
53001042,102967.0,101548.0,196150.0
53001043,103917.0,101548.0,196150.0
53001044,101067.0,100570.0,196150.0
53001045,102017.0,104348.0,196150.0
53001046,102967.0,104348.0,196150.0
53001047,103917.0,104348.0,196150.0
53001048,104867.0,105323.0,196150.0
53001049,102017.0,107148.0,196150.0
53001050,102967.0,107148.0,196150.0
53001051,103917.0,107148.0,196150.0
53001052,101067.0,105323.0,196150.0
53001053,104867.0,110870.0,196150.0
53001054,104867.0,112748.0,196150.0
53001055,103917.0,114848.0,196150.0
53001056,102017.0,114848.0,196150.0
53001057,101067.0,108248.0,196150.0
53001058,101067.0,109348.0,196150.0
53001059,104867.0,102481.0,196150.0
53001060,104867.0,103414.0,196150.0
53001061,101067.0,102481.0,196150.0
53001062,101067.0,103414.0,196150.0
53001065,64240.0,106650.0,196150.0
53001066,108667.0,98548.0,195750.0
53001067,109192.0,98548.0,195750.0
53001068,109717.0,98548.0,195750.0
53001069,98067.0,110448.0,195850.0
53001070,98567.0,110448.0,195850.0
53001071,99067.0,110448.0,195850.0
53001072,99567.0,110448.0,195850.0
53001073,100067.0,110448.0,195850.0
53001074,111267.0,108748.0,195750.0
53001075,111267.0,109110.0,195750.0
53001076,111267.0,109473.0,195750.0
53001077,111267.0,109835.0,195750.0
53001078,111267.0,110198.0,195750.0
53001079,101067.0,113448.0,195850.0
53001080,101067.0,113798.0,195850.0
53001081,101067.0,114148.0,195850.0
53001082,101067.0,114498.0,195850.0
53001083,101067.0,114848.0,195850.0
53001084,107467.0,107123.0,195850.0
53001085,107467.0,107541.0,195850.0
53001086,107467.0,107960.0,195850.0
53001087,107467.0,108379.0,195850.0
53001088,107467.0,108798.0,195850.0
53001089,111267.0,107148.0,195750.0
53001090,111267.0,107548.0,195750.0
53001091,111267.0,107948.0,195750.0
53001092,111267.0,108348.0,195750.0
53001093,104867.0,107148.0,195850.0
53001094,104867.0,107560.0,195850.0
53001095,104867.0,107973.0,195850.0
53001096,104867.0,108385.0,195850.0
53001097,104867.0,108798.0,195850.0
53001098,107967.0,107098.0,195750.0
53001099,108367.0,107106.0,195750.0
53001100,108767.0,107114.0,195750.0
53001101,109167.0,107123.0,195750.0
53001102,109567.0,107131.0,195750.0
53001103,109967.0,107139.0,195750.0
53001104,110367.0,107148.0,195750.0
53001105,98067.0,113448.0,195850.0
53001106,98467.0,113448.0,195850.0
53001107,98867.0,113448.0,195850.0
53001108,99267.0,113448.0,195850.0
53001109,99667.0,113448.0,195850.0
53001110,107467.0,98548.0,195750.0
53001111,108067.0,98548.0,195750.0
53001112,54497.0,98548.0,195750.0
53001113,54959.0,98548.0,195750.0
53001114,55422.0,98548.0,195750.0
53001115,55884.0,98548.0,195750.0
53001116,56347.0,98548.0,195750.0
53001117,53847.0,107148.0,195750.0
53001118,54372.0,107123.0,195750.0
53001119,54897.0,107098.0,195750.0
53001120,55422.0,107073.0,195750.0
53001121,55947.0,107048.0,195750.0
53001122,52947.0,108748.0,195750.0
53001123,52947.0,109110.0,195750.0
53001124,52947.0,109473.0,195750.0
53001125,52947.0,109835.0,195750.0
53001126,52947.0,110198.0,195750.0
53001127,56347.0,113448.0,195850.0
53001128,56347.0,113798.0,195850.0
53001129,56347.0,114148.0,195850.0
53001130,56347.0,114498.0,195850.0
53001131,56347.0,114848.0,195850.0
53001132,52947.0,107148.0,195750.0
53001133,52947.0,107548.0,195750.0
53001134,52947.0,107948.0,195750.0
53001135,52947.0,108348.0,195750.0
53001136,19467.0,98548.0,195750.0
53001137,20067.0,98548.0,195750.0
53001138,20667.0,98548.0,195750.0
53001139,28467.0,113448.0,195850.0
53001140,28867.0,113448.0,195850.0
53001141,29267.0,113448.0,195850.0
53001142,29667.0,113448.0,195850.0
53001143,30067.0,113448.0,195850.0
53001144,18417.0,98548.0,195750.0
53001145,18942.0,98548.0,195750.0
53001146,17767.0,107148.0,195800.0
53001147,18167.0,107139.0,195800.0
53001148,18567.0,107131.0,195800.0
53001149,18967.0,107123.0,195800.0
53001150,19367.0,107114.0,195800.0
53001151,19767.0,107106.0,195800.0
53001152,20167.0,107098.0,195800.0
53001153,23267.0,107148.0,195850.0
53001154,23267.0,107560.0,195850.0
53001155,23267.0,107973.0,195850.0
53001156,23267.0,108385.0,195850.0
53001157,23267.0,108798.0,195850.0
53001158,16867.0,107148.0,195750.0
53001159,16867.0,107548.0,195750.0
53001160,16867.0,107948.0,195750.0
53001161,16867.0,108348.0,195750.0
53001162,16867.0,108748.0,195750.0
53001163,28067.0,110448.0,195850.0
53001164,28567.0,110448.0,195850.0
53001165,29067.0,110448.0,195850.0
53001166,29567.0,110448.0,195850.0
53001167,30067.0,110448.0,195850.0
53001168,20667.0,107123.0,195850.0
53001169,20667.0,107541.0,195850.0
53001170,20667.0,107960.0,195850.0
53001171,20667.0,108379.0,195850.0
53001172,20667.0,108798.0,195850.0
53001173,27067.0,113448.0,195850.0
53001174,27067.0,113798.0,195850.0
53001175,27067.0,114148.0,195850.0
53001176,27067.0,114498.0,195850.0
53001177,27067.0,114848.0,195850.0
53001178,16867.0,109110.0,195750.0
53001179,16867.0,109473.0,195750.0
53001180,16867.0,109835.0,195750.0
53001181,16867.0,110198.0,195750.0
53001182,17367.0,114848.0,195475.0
53001183,17367.0,114848.0,193133.0
53001184,17367.0,114848.0,193966.0
53001185,17367.0,114848.0,194800.0
53001186,21533.0,114848.0,195331.0
53001187,22400.0,114848.0,195331.0
53001188,21533.0,114848.0,193133.0
53001189,22400.0,114848.0,193133.0
53001190,21533.0,114848.0,193966.0
53001191,21533.0,114848.0,194800.0
53001192,22400.0,114848.0,193966.0
53001193,22400.0,114848.0,194800.0
53001194,27767.0,114848.0,195187.0
53001195,27767.0,114848.0,193262.0
53001196,27767.0,114848.0,194225.0
53001197,16867.0,111060.0,195350.0
53001198,16867.0,111923.0,195350.0
53001199,16867.0,112785.0,195350.0
53001200,16867.0,111060.0,193133.0
53001201,16867.0,111923.0,193133.0
53001202,16867.0,112785.0,193133.0
53001203,16867.0,111060.0,193966.0
53001204,16867.0,111060.0,194800.0
53001205,16867.0,112785.0,193966.0
53001206,16867.0,112785.0,194800.0
53001207,16867.0,111923.0,193966.0
53001208,16867.0,111923.0,194800.0
53001209,30067.0,114148.0,195187.0
53001210,30067.0,114148.0,193262.0
53001211,30067.0,114148.0,194225.0
53001212,27067.0,111448.0,195187.0
53001213,27067.0,112448.0,195187.0
53001214,27067.0,111448.0,193262.0
53001215,27067.0,112448.0,193262.0
53001216,27067.0,111448.0,194225.0
53001217,27067.0,112448.0,194225.0
53001218,27767.0,113448.0,195550.0
53001219,27767.0,113448.0,193262.0
53001220,27767.0,113448.0,194225.0
53001221,27567.0,110448.0,195187.0
53001222,27567.0,110448.0,193262.0
53001223,27567.0,110448.0,194225.0
53001224,30067.0,111448.0,195550.0
53001225,30067.0,112448.0,195550.0
53001226,30067.0,111448.0,193262.0
53001227,30067.0,112448.0,193262.0
53001228,30067.0,111448.0,194225.0
53001229,30067.0,112448.0,194225.0
53001230,20667.0,109345.0,195187.0
53001231,20667.0,109345.0,193262.0
53001232,20667.0,109345.0,194225.0
53001233,21533.0,108798.0,195550.0
53001234,22400.0,108798.0,195550.0
53001235,21533.0,108798.0,193262.0
53001236,22400.0,108798.0,193262.0
53001237,21533.0,108798.0,194225.0
53001238,22400.0,108798.0,194225.0
53001239,23267.0,109345.0,195187.0
53001240,23267.0,109345.0,193262.0
53001241,23267.0,109345.0,194225.0
53001242,17317.0,107148.0,195350.0
53001243,17317.0,107148.0,193262.0
53001244,17317.0,107148.0,194225.0
53001245,21533.0,107131.0,195550.0
53001246,22400.0,107139.0,195550.0
53001247,21533.0,107131.0,193262.0
53001248,22400.0,107139.0,193262.0
53001249,21533.0,107131.0,194225.0
53001250,22400.0,107139.0,194225.0
53001251,23267.0,106723.0,195187.0
53001252,23267.0,106723.0,193262.0
53001253,23267.0,106723.0,194225.0
53001254,27067.0,106723.0,195187.0
53001255,27067.0,106723.0,193262.0
53001256,27067.0,106723.0,194225.0
53001257,28067.0,107148.0,195187.0
53001258,29067.0,107148.0,195187.0
53001259,28067.0,107148.0,193262.0
53001260,29067.0,107148.0,193262.0
53001261,28067.0,107148.0,194225.0
53001262,29067.0,107148.0,194225.0
53001263,16867.0,101931.0,195187.0
53001264,16867.0,102814.0,195187.0
53001265,16867.0,101931.0,193262.0
53001266,16867.0,102814.0,193262.0
53001267,16867.0,101931.0,194225.0
53001268,16867.0,102814.0,194225.0
53001269,16867.0,99381.0,195187.0
53001270,16867.0,100214.0,195187.0
53001271,16867.0,99381.0,193262.0
53001272,16867.0,100214.0,193262.0
53001273,16867.0,99381.0,194225.0
53001274,16867.0,100214.0,194225.0
53001275,17317.0,101048.0,195187.0
53001276,17317.0,101048.0,193262.0
53001277,17317.0,101048.0,194225.0
53001278,18617.0,101048.0,195187.0
53001279,18617.0,101048.0,193262.0
53001280,18617.0,101048.0,194225.0
53001281,20667.0,99381.0,195187.0
53001282,20667.0,100214.0,195187.0
53001283,20667.0,99381.0,193262.0
53001284,20667.0,100214.0,193262.0
53001285,20667.0,99381.0,194225.0
53001286,20667.0,100214.0,194225.0
53001287,17642.0,98548.0,195187.0
53001288,17642.0,98548.0,193262.0
53001289,17642.0,98548.0,194225.0
53001290,21533.0,98548.0,195187.0
53001291,22400.0,98548.0,195187.0
53001292,21533.0,98548.0,193262.0
53001293,22400.0,98548.0,193262.0
53001294,21533.0,98548.0,194225.0
53001295,22400.0,98548.0,194225.0
53001296,23267.0,99070.0,195187.0
53001297,23267.0,99070.0,193262.0
53001298,23267.0,99070.0,194225.0
53001299,27067.0,99070.0,195187.0
53001300,27067.0,99070.0,193262.0
53001301,27067.0,99070.0,194225.0
53001302,28067.0,98548.0,195187.0
53001303,29067.0,98548.0,195187.0
53001304,28067.0,98548.0,193262.0
53001305,29067.0,98548.0,193262.0
53001306,28067.0,98548.0,194225.0
53001307,29067.0,98548.0,194225.0
53001308,16867.0,114248.0,195475.0
53001309,16867.0,114248.0,193133.0
53001310,16867.0,114248.0,193966.0
53001311,16867.0,114248.0,194800.0
53001312,20667.0,114248.0,195475.0
53001313,20667.0,114248.0,193133.0
53001314,20667.0,114248.0,193966.0
53001315,20667.0,114248.0,194800.0
53001316,20292.0,114848.0,195475.0
53001317,20292.0,114848.0,193133.0
53001318,20292.0,114848.0,193966.0
53001319,20292.0,114848.0,194800.0
53001320,18142.0,114848.0,195475.0
53001321,18145.0,114848.0,195812.0
53001322,18642.0,114848.0,195812.0
53001323,19142.0,114848.0,195812.0
53001324,19639.0,114848.0,195812.0
53001325,19642.0,114848.0,195475.0
53001326,18142.0,114848.0,193133.0
53001327,19642.0,114848.0,193133.0
53001328,18142.0,114848.0,193966.0
53001329,18142.0,114848.0,194800.0
53001330,19642.0,114848.0,193966.0
53001331,19642.0,114848.0,194800.0
53001332,18642.0,114848.0,194800.0
53001333,18642.0,114848.0,195137.0
53001334,18145.0,114848.0,195137.0
53001335,19639.0,114848.0,195137.0
53001336,19142.0,114848.0,195137.0
53001337,19142.0,114848.0,194800.0
53001338,18642.0,114848.0,195475.0
53001339,19142.0,114848.0,195475.0
53001340,29267.0,114848.0,195187.0
53001341,29267.0,114848.0,193262.0
53001342,29267.0,114848.0,194225.0
53001343,20067.0,101048.0,195187.0
53001344,20067.0,101048.0,193262.0
53001345,20067.0,101048.0,194225.0
53001346,16867.0,104698.0,195187.0
53001347,16867.0,105698.0,195187.0
53001348,16867.0,104698.0,193262.0
53001349,16867.0,105698.0,193262.0
53001350,16867.0,104698.0,194225.0
53001351,16867.0,105698.0,194225.0
53001352,20667.0,106710.0,195187.0
53001353,20667.0,106710.0,193262.0
53001354,20667.0,106710.0,194225.0
53001355,23267.0,114248.0,195331.0
53001356,23267.0,114248.0,193197.0
53001357,23267.0,114248.0,194095.0
53001358,23267.0,114248.0,194773.0
53001359,30067.0,99381.0,195187.0
53001360,30067.0,100214.0,195187.0
53001361,30067.0,99381.0,193262.0
53001362,30067.0,100214.0,193262.0
53001363,30067.0,99381.0,194225.0
53001364,30067.0,100214.0,194225.0
53001365,30067.0,105281.0,195187.0
53001366,30067.0,106214.0,195187.0
53001367,30067.0,105281.0,193262.0
53001368,30067.0,106214.0,193262.0
53001369,30067.0,105281.0,194225.0
53001370,30067.0,106214.0,194225.0
53001371,30067.0,102481.0,195187.0
53001372,30067.0,103414.0,195187.0
53001373,30067.0,102481.0,193262.0
53001374,30067.0,103414.0,193262.0
53001375,30067.0,102481.0,194225.0
53001376,30067.0,103414.0,194225.0
53001377,60347.0,101873.0,195475.0
53001378,60347.0,102698.0,195475.0
53001379,60347.0,103523.0,195475.0
53001380,60347.0,101873.0,193133.0
53001381,60347.0,102698.0,193133.0
53001382,60347.0,103523.0,193133.0
53001383,60347.0,101873.0,193966.0
53001384,60347.0,101873.0,194800.0
53001385,60347.0,103523.0,193966.0
53001386,60347.0,103523.0,194800.0
53001387,60347.0,102698.0,193966.0
53001388,60347.0,102698.0,194800.0
53001389,63747.0,111328.0,195475.0
53001390,63747.0,112208.0,195475.0
53001391,63747.0,113088.0,195475.0
53001392,63747.0,113968.0,195475.0
53001393,63747.0,111328.0,193133.0
53001394,63747.0,112208.0,193133.0
53001395,63747.0,113088.0,193133.0
53001396,63747.0,113968.0,193133.0
53001397,63747.0,111328.0,193966.0
53001398,63747.0,111328.0,194800.0
53001399,63747.0,113968.0,193966.0
53001400,63747.0,113968.0,194800.0
53001401,63747.0,112208.0,193966.0
53001402,63747.0,113088.0,193966.0
53001403,63747.0,112208.0,194800.0
53001404,63747.0,113088.0,194800.0
53001405,61022.0,114848.0,195475.0
53001406,61697.0,114848.0,195475.0
53001407,61700.0,114848.0,195812.0
53001408,62197.0,114848.0,195812.0
53001409,62697.0,114848.0,195812.0
53001410,63194.0,114848.0,195812.0
53001411,63197.0,114848.0,195475.0
53001412,61022.0,114848.0,193133.0
53001413,61697.0,114848.0,193133.0
53001414,63197.0,114848.0,193133.0
53001415,61022.0,114848.0,193966.0
53001416,61022.0,114848.0,194800.0
53001417,63197.0,114848.0,193966.0
53001418,63197.0,114848.0,194800.0
53001419,62197.0,114848.0,194800.0
53001420,62197.0,114848.0,195137.0
53001421,61700.0,114848.0,195137.0
53001422,61697.0,114848.0,194800.0
53001423,61697.0,114848.0,193966.0
53001424,63194.0,114848.0,195137.0
53001425,62697.0,114848.0,195137.0
53001426,62697.0,114848.0,194800.0
53001427,62197.0,114848.0,195475.0
53001428,62697.0,114848.0,195475.0
53001429,52947.0,104560.0,195187.0
53001430,52947.0,105423.0,195187.0
53001431,52947.0,106285.0,195187.0
53001432,52947.0,104560.0,193262.0
53001433,52947.0,105423.0,193262.0
53001434,52947.0,106285.0,193262.0
53001435,52947.0,104560.0,194225.0
53001436,52947.0,106285.0,194225.0
53001437,52947.0,105423.0,194225.0
53001438,53722.0,98548.0,195187.0
53001439,53722.0,98548.0,193262.0
53001440,53722.0,98548.0,194225.0
53001441,52947.0,99381.0,195187.0
53001442,52947.0,100214.0,195187.0
53001443,52947.0,99381.0,193262.0
53001444,52947.0,100214.0,193262.0
53001445,52947.0,99381.0,194225.0
53001446,52947.0,100214.0,194225.0
53001447,52947.0,101931.0,195187.0
53001448,52947.0,102814.0,195187.0
53001449,52947.0,101931.0,193262.0
53001450,52947.0,102814.0,193262.0
53001451,52947.0,101931.0,194225.0
53001452,52947.0,102814.0,194225.0
53001453,53397.0,101048.0,195187.0
53001454,53397.0,101048.0,193262.0
53001455,53397.0,101048.0,194225.0
53001456,53397.0,107148.0,195350.0
53001457,53397.0,107148.0,193262.0
53001458,53397.0,107148.0,194225.0
53001459,56347.0,111328.0,195187.0
53001460,56347.0,112208.0,195187.0
53001461,56347.0,113088.0,195187.0
53001462,56347.0,111328.0,193262.0
53001463,56347.0,112208.0,193262.0
53001464,56347.0,113088.0,193262.0
53001465,56347.0,111328.0,194225.0
53001466,56347.0,113088.0,194225.0
53001467,56347.0,112208.0,194225.0
53001468,52947.0,111128.0,195350.0
53001469,52947.0,112058.0,195350.0
53001470,52947.0,112988.0,195350.0
53001471,52947.0,113918.0,195350.0
53001472,52947.0,111128.0,193133.0
53001473,52947.0,112058.0,193133.0
53001474,52947.0,112988.0,193133.0
53001475,52947.0,113918.0,193133.0
53001476,52947.0,111128.0,193966.0
53001477,52947.0,111128.0,194800.0
53001478,52947.0,113918.0,193966.0
53001479,52947.0,113918.0,194800.0
53001480,52947.0,112058.0,193966.0
53001481,52947.0,112988.0,193966.0
53001482,52947.0,112058.0,194800.0
53001483,52947.0,112988.0,194800.0
53001484,53622.0,114848.0,195475.0
53001485,54297.0,114848.0,195475.0
53001486,54300.0,114848.0,195812.0
53001487,54797.0,114848.0,195812.0
53001488,55297.0,114848.0,195812.0
53001489,55794.0,114848.0,195812.0
53001490,55797.0,114848.0,195475.0
53001491,53622.0,114848.0,193133.0
53001492,54297.0,114848.0,193133.0
53001493,55797.0,114848.0,193133.0
53001494,53622.0,114848.0,193966.0
53001495,53622.0,114848.0,194800.0
53001496,55797.0,114848.0,193966.0
53001497,55797.0,114848.0,194800.0
53001498,54797.0,114848.0,194800.0
53001499,54797.0,114848.0,195137.0
53001500,54300.0,114848.0,195137.0
53001501,54297.0,114848.0,194800.0
53001502,54297.0,114848.0,193966.0
53001503,55794.0,114848.0,195137.0
53001504,55297.0,114848.0,195137.0
53001505,55297.0,114848.0,194800.0
53001506,54797.0,114848.0,195475.0
53001507,55297.0,114848.0,195475.0
53001508,61197.0,110448.0,195475.0
53001509,62047.0,110448.0,195475.0
53001510,62897.0,110448.0,195475.0
53001511,61197.0,110448.0,193133.0
53001512,62047.0,110448.0,193133.0
53001513,62897.0,110448.0,193133.0
53001514,61197.0,110448.0,193966.0
53001515,61197.0,110448.0,194800.0
53001516,62897.0,110448.0,193966.0
53001517,62897.0,110448.0,194800.0
53001518,62047.0,110448.0,193966.0
53001519,62047.0,110448.0,194800.0
53001520,56347.0,106673.0,195187.0
53001521,56347.0,106673.0,193262.0
53001522,56347.0,106673.0,194225.0
53001523,56347.0,99381.0,195187.0
53001524,56347.0,100214.0,195187.0
53001525,56347.0,99381.0,193262.0
53001526,56347.0,100214.0,193262.0
53001527,56347.0,99381.0,194225.0
53001528,56347.0,100214.0,194225.0
53001529,63747.0,102064.0,195475.0
53001530,63747.0,103081.0,195475.0
53001531,63747.0,104098.0,195475.0
53001532,63747.0,105114.0,195475.0
53001533,63747.0,106131.0,195475.0
53001534,63747.0,102064.0,193133.0
53001535,63747.0,103081.0,193133.0
53001536,63747.0,104098.0,193133.0
53001537,63747.0,105114.0,193133.0
53001538,63747.0,106131.0,193133.0
53001539,63747.0,102064.0,193966.0
53001540,63747.0,102064.0,194800.0
53001541,63747.0,106131.0,193966.0
53001542,63747.0,106131.0,194800.0
53001543,63747.0,103081.0,193966.0
53001544,63747.0,104098.0,193966.0
53001545,63747.0,105114.0,193966.0
53001546,63747.0,103081.0,194800.0
53001547,63747.0,104098.0,194800.0
53001548,63747.0,105114.0,194800.0
53001549,63747.0,99381.0,195475.0
53001550,63747.0,100214.0,195475.0
53001551,63747.0,99381.0,193133.0
53001552,63747.0,100214.0,193133.0
53001553,63747.0,99381.0,193966.0
53001554,63747.0,99381.0,194800.0
53001555,63747.0,100214.0,193966.0
53001556,63747.0,100214.0,194800.0
53001557,54680.0,101048.0,195187.0
53001558,55513.0,101048.0,195187.0
53001559,54680.0,101048.0,193262.0
53001560,55513.0,101048.0,193262.0
53001561,54680.0,101048.0,194225.0
53001562,55513.0,101048.0,194225.0
53001563,60822.0,98548.0,195475.0
53001564,61297.0,98548.0,195475.0
53001565,61300.0,98548.0,195812.0
53001566,61797.0,98548.0,195812.0
53001567,62297.0,98548.0,195812.0
53001568,62794.0,98548.0,195812.0
53001569,62797.0,98548.0,195475.0
53001570,63272.0,98548.0,195475.0
53001571,60822.0,98548.0,193133.0
53001572,61297.0,98548.0,193133.0
53001573,63272.0,98548.0,193133.0
53001574,62797.0,98548.0,193133.0
53001575,60822.0,98548.0,193966.0
53001576,60822.0,98548.0,194800.0
53001577,63272.0,98548.0,193966.0
53001578,63272.0,98548.0,194800.0
53001579,61797.0,98548.0,194800.0
53001580,61797.0,98548.0,195137.0
53001581,61300.0,98548.0,195137.0
53001582,61297.0,98548.0,194800.0
53001583,61297.0,98548.0,193966.0
53001584,62797.0,98548.0,194800.0
53001585,62794.0,98548.0,195137.0
53001586,62297.0,98548.0,195137.0
53001587,62297.0,98548.0,194800.0
53001588,62797.0,98548.0,193966.0
53001589,61797.0,98548.0,195475.0
53001590,62297.0,98548.0,195475.0
53001591,61197.0,101048.0,195475.0
53001592,62047.0,101048.0,195475.0
53001593,62897.0,101048.0,195475.0
53001594,61197.0,101048.0,193133.0
53001595,62047.0,101048.0,193133.0
53001596,62897.0,101048.0,193133.0
53001597,61197.0,101048.0,193966.0
53001598,61197.0,101048.0,194800.0
53001599,62897.0,101048.0,193966.0
53001600,62897.0,101048.0,194800.0
53001601,62047.0,101048.0,193966.0
53001602,62047.0,101048.0,194800.0
53001603,111267.0,104698.0,195187.0
53001604,111267.0,105698.0,195187.0
53001605,111267.0,104698.0,193262.0
53001606,111267.0,105698.0,193262.0
53001607,111267.0,104698.0,194225.0
53001608,111267.0,105698.0,194225.0
53001609,108067.0,101048.0,195187.0
53001610,108067.0,101048.0,193262.0
53001611,108067.0,101048.0,194225.0
53001612,98867.0,114848.0,195187.0
53001613,98867.0,114848.0,193262.0
53001614,98867.0,114848.0,194225.0
53001615,108492.0,114848.0,195475.0
53001616,108495.0,114848.0,195812.0
53001617,108992.0,114848.0,195812.0
53001618,109492.0,114848.0,195812.0
53001619,109989.0,114848.0,195812.0
53001620,109992.0,114848.0,195475.0
53001621,108492.0,114848.0,193133.0
53001622,109992.0,114848.0,193133.0
53001623,108492.0,114848.0,193966.0
53001624,108492.0,114848.0,194800.0
53001625,109992.0,114848.0,193966.0
53001626,109992.0,114848.0,194800.0
53001627,108992.0,114848.0,194800.0
53001628,108992.0,114848.0,195137.0
53001629,108495.0,114848.0,195137.0
53001630,109989.0,114848.0,195137.0
53001631,109492.0,114848.0,195137.0
53001632,109492.0,114848.0,194800.0
53001633,108992.0,114848.0,195475.0
53001634,109492.0,114848.0,195475.0
53001635,107842.0,114848.0,195475.0
53001636,107842.0,114848.0,193133.0
53001637,107842.0,114848.0,193966.0
53001638,107842.0,114848.0,194800.0
53001639,107467.0,114248.0,195475.0
53001640,107467.0,114248.0,193133.0
53001641,107467.0,114248.0,193966.0
53001642,107467.0,114248.0,194800.0
53001643,111267.0,114248.0,195331.0
53001644,111267.0,114248.0,193133.0
53001645,111267.0,114248.0,193966.0
53001646,111267.0,114248.0,194800.0
53001647,110767.0,114848.0,195475.0
53001648,110767.0,114848.0,193133.0
53001649,110767.0,114848.0,193966.0
53001650,110767.0,114848.0,194800.0
53001651,110492.0,98548.0,195187.0
53001652,110492.0,98548.0,193262.0
53001653,110492.0,98548.0,194225.0
53001654,99067.0,98548.0,195187.0
53001655,100067.0,98548.0,195187.0
53001656,99067.0,98548.0,193262.0
53001657,100067.0,98548.0,193262.0
53001658,99067.0,98548.0,194225.0
53001659,100067.0,98548.0,194225.0
53001660,105733.0,98548.0,195187.0
53001661,106600.0,98548.0,195187.0
53001662,105733.0,98548.0,193262.0
53001663,106600.0,98548.0,193262.0
53001664,105733.0,98548.0,194225.0
53001665,106600.0,98548.0,194225.0
53001666,101067.0,99070.0,195187.0
53001667,101067.0,99070.0,193262.0
53001668,101067.0,99070.0,194225.0
53001669,104867.0,99070.0,195187.0
53001670,104867.0,99070.0,193262.0
53001671,104867.0,99070.0,194225.0
53001672,107467.0,99381.0,195187.0
53001673,107467.0,100214.0,195187.0
53001674,107467.0,99381.0,193262.0
53001675,107467.0,100214.0,193262.0
53001676,107467.0,99381.0,194225.0
53001677,107467.0,100214.0,194225.0
53001678,109517.0,101048.0,195187.0
53001679,109517.0,101048.0,193262.0
53001680,109517.0,101048.0,194225.0
53001681,110817.0,101048.0,195187.0
53001682,110817.0,101048.0,193262.0
53001683,110817.0,101048.0,194225.0
53001684,111267.0,99381.0,195187.0
53001685,111267.0,100214.0,195187.0
53001686,111267.0,99381.0,193262.0
53001687,111267.0,100214.0,193262.0
53001688,111267.0,99381.0,194225.0
53001689,111267.0,100214.0,194225.0
53001690,111267.0,101931.0,195187.0
53001691,111267.0,102814.0,195187.0
53001692,111267.0,101931.0,193262.0
53001693,111267.0,102814.0,193262.0
53001694,111267.0,101931.0,194225.0
53001695,111267.0,102814.0,194225.0
53001696,99067.0,107148.0,195187.0
53001697,100067.0,107148.0,195187.0
53001698,99067.0,107148.0,193262.0
53001699,100067.0,107148.0,193262.0
53001700,99067.0,107148.0,194225.0
53001701,100067.0,107148.0,194225.0
53001702,101067.0,106723.0,195187.0
53001703,101067.0,106723.0,193262.0
53001704,101067.0,106723.0,194225.0
53001705,104867.0,106723.0,195187.0
53001706,104867.0,106723.0,193262.0
53001707,104867.0,106723.0,194225.0
53001708,105733.0,107139.0,195550.0
53001709,106600.0,107131.0,195550.0
53001710,105733.0,107139.0,193262.0
53001711,106600.0,107131.0,193262.0
53001712,105733.0,107139.0,194225.0
53001713,106600.0,107131.0,194225.0
53001714,110817.0,107148.0,195350.0
53001715,110817.0,107148.0,193262.0
53001716,110817.0,107148.0,194225.0
53001717,104867.0,109345.0,195187.0
53001718,104867.0,109345.0,193262.0
53001719,104867.0,109345.0,194225.0
53001720,105733.0,108798.0,195550.0
53001721,106600.0,108798.0,195550.0
53001722,105733.0,108798.0,193262.0
53001723,106600.0,108798.0,193262.0
53001724,105733.0,108798.0,194225.0
53001725,106600.0,108798.0,194225.0
53001726,107467.0,109345.0,195187.0
53001727,107467.0,109345.0,193262.0
53001728,107467.0,109345.0,194225.0
53001729,98067.0,111448.0,195550.0
53001730,98067.0,112448.0,195550.0
53001731,98067.0,111448.0,193262.0
53001732,98067.0,112448.0,193262.0
53001733,98067.0,111448.0,194225.0
53001734,98067.0,112448.0,194225.0
53001735,100567.0,110448.0,195187.0
53001736,100567.0,110448.0,193262.0
53001737,100567.0,110448.0,194225.0
53001738,100367.0,113448.0,195550.0
53001739,100367.0,113448.0,193262.0
53001740,100367.0,113448.0,194225.0
53001741,101067.0,111448.0,195187.0
53001742,101067.0,112448.0,195187.0
53001743,101067.0,111448.0,193262.0
53001744,101067.0,112448.0,193262.0
53001745,101067.0,111448.0,194225.0
53001746,101067.0,112448.0,194225.0
53001747,98067.0,114148.0,195187.0
53001748,98067.0,114148.0,193262.0
53001749,98067.0,114148.0,194225.0
53001750,111267.0,111060.0,195350.0
53001751,111267.0,111923.0,195350.0
53001752,111267.0,112785.0,195350.0
53001753,111267.0,111060.0,193197.0
53001754,111267.0,111923.0,193197.0
53001755,111267.0,112785.0,193197.0
53001756,111267.0,111060.0,194095.0
53001757,111267.0,111060.0,194800.0
53001758,111267.0,112785.0,194095.0
53001759,111267.0,112785.0,194800.0
53001760,111267.0,111923.0,194095.0
53001761,111267.0,111923.0,194800.0
53001762,100367.0,114848.0,195187.0
53001763,100367.0,114848.0,193262.0
53001764,100367.0,114848.0,194225.0
53001765,105733.0,114848.0,195331.0
53001766,106600.0,114848.0,195331.0
53001767,105733.0,114848.0,193133.0
53001768,106600.0,114848.0,193133.0
53001769,105733.0,114848.0,193966.0
53001770,105733.0,114848.0,194800.0
53001771,106600.0,114848.0,193966.0
53001772,106600.0,114848.0,194800.0
53001773,107467.0,106710.0,195187.0
53001774,107467.0,106710.0,193262.0
53001775,107467.0,106710.0,194225.0
53001776,98067.0,102481.0,195187.0
53001777,98067.0,103414.0,195187.0
53001778,98067.0,102481.0,193262.0
53001779,98067.0,103414.0,193262.0
53001780,98067.0,102481.0,194225.0
53001781,98067.0,103414.0,194225.0
53001782,98067.0,105281.0,195187.0
53001783,98067.0,106214.0,195187.0
53001784,98067.0,105281.0,193262.0
53001785,98067.0,106214.0,193262.0
53001786,98067.0,105281.0,194225.0
53001787,98067.0,106214.0,194225.0
53001788,104867.0,114248.0,195331.0
53001789,104867.0,114248.0,193197.0
53001790,104867.0,114248.0,194095.0
53001791,104867.0,114248.0,194773.0
53001792,98067.0,99381.0,195187.0
53001793,98067.0,100214.0,195187.0
53001794,98067.0,100881.0,195187.0
53001795,98067.0,99381.0,193262.0
53001796,98067.0,100214.0,193262.0
53001797,98067.0,100881.0,193262.0
53001798,98067.0,99381.0,194225.0
53001799,98067.0,100881.0,194225.0
53001800,98067.0,100214.0,194225.0
53001801,24217.0,113842.0,196150.0
53001802,24217.0,112888.0,196150.0
53001803,24217.0,111942.0,196150.0
53001804,24217.0,110977.0,196150.0
53001805,24217.0,109999.0,196150.0
53001806,24217.0,109011.0,196150.0
53001807,24217.0,108071.0,196150.0
53001808,25167.0,113929.0,196150.0
53001809,25167.0,113007.0,196150.0
53001810,25167.0,112066.0,196150.0
53001811,25167.0,111102.0,196150.0
53001812,25167.0,110119.0,196150.0
53001813,25167.0,109126.0,196150.0
53001814,25167.0,108135.0,196150.0
53001815,26117.0,114015.0,196150.0
53001816,26117.0,113157.0,196150.0
53001817,26117.0,112223.0,196150.0
53001818,26117.0,111253.0,196150.0
53001819,26117.0,110256.0,196150.0
53001820,26117.0,109228.0,196150.0
53001821,26117.0,108189.0,196150.0
53001822,27767.0,114148.0,196150.0
53001823,29267.0,114148.0,196150.0
53001824,17833.0,112807.0,196150.0
53001825,17803.0,111978.0,196150.0
53001826,17814.0,109560.0,196150.0
53001827,17803.0,110360.0,196150.0
53001828,17797.0,111175.0,196150.0
53001829,18747.0,110499.0,196150.0
53001830,18711.0,111308.0,196150.0
53001831,18758.0,109644.0,196150.0
53001832,18725.0,111989.0,196150.0
53001833,18796.0,112799.0,196150.0
53001834,19605.0,111720.0,196150.0
53001835,19687.0,110724.0,196150.0
53001836,19711.0,109759.0,196150.0
53001837,19736.0,112715.0,196150.0
53001838,17727.0,107952.0,196150.0
53001839,18522.0,107951.0,196150.0
53001840,19173.0,107945.0,196150.0
53001841,19928.0,107945.0,196150.0
53001842,24217.0,106235.0,196150.0
53001843,24217.0,105296.0,196150.0
53001844,25167.0,106224.0,196150.0
53001845,25167.0,105289.0,196150.0
53001846,26117.0,106235.0,196150.0
53001847,26117.0,105296.0,196150.0
53001848,17733.0,100214.0,196150.0
53001849,17704.0,99381.0,196150.0
53001850,18596.0,100214.0,196150.0
53001851,18559.0,99381.0,196150.0
53001852,24217.0,103414.0,196150.0
53001853,24217.0,102481.0,196150.0
53001854,25167.0,103414.0,196150.0
53001855,25167.0,102481.0,196150.0
53001856,26117.0,103414.0,196150.0
53001857,26117.0,102481.0,196150.0
53001858,24217.0,100556.0,196150.0
53001859,24217.0,99559.0,196150.0
53001860,25167.0,100552.0,196150.0
53001861,25167.0,99553.0,196150.0
53001862,26117.0,100556.0,196150.0
53001863,26117.0,99559.0,196150.0
53001864,53835.0,107943.0,196150.0
53001865,54736.0,107923.0,196150.0
53001866,55602.0,107903.0,196150.0
53001867,109538.0,100214.0,196150.0
53001868,109574.0,99381.0,196150.0
53001869,110401.0,100214.0,196150.0
53001870,110429.0,99381.0,196150.0
53001871,98867.0,114148.0,196150.0
53001872,100367.0,114148.0,196150.0
53001873,108372.0,112745.0,196150.0
53001874,108436.0,111814.0,196150.0
53001875,108445.0,109786.0,196150.0
53001876,108536.0,110807.0,196150.0
53001877,109424.0,111113.0,196150.0
53001878,109371.0,111930.0,196150.0
53001879,109425.0,110435.0,196150.0
53001880,109388.0,109627.0,196150.0
53001881,109326.0,112783.0,196150.0
53001882,110341.0,110329.0,196150.0
53001883,110337.0,111124.0,196150.0
53001884,110328.0,109547.0,196150.0
53001885,110293.0,112795.0,196150.0
53001886,110320.0,111948.0,196150.0
53001887,102017.0,100556.0,196150.0
53001888,102017.0,99559.0,196150.0
53001889,102967.0,100552.0,196150.0
53001890,102967.0,99553.0,196150.0
53001891,103917.0,100556.0,196150.0
53001892,103917.0,99559.0,196150.0
53001893,108205.0,107945.0,196150.0
53001894,108960.0,107945.0,196150.0
53001895,109611.0,107951.0,196150.0
53001896,110406.0,107952.0,196150.0
53001897,102017.0,106235.0,196150.0
53001898,102017.0,105296.0,196150.0
53001899,102967.0,106224.0,196150.0
53001900,102967.0,105289.0,196150.0
53001901,103917.0,106235.0,196150.0
53001902,103917.0,105296.0,196150.0
53001903,102017.0,114015.0,196150.0
53001904,102017.0,113157.0,196150.0
53001905,102017.0,112223.0,196150.0
53001906,102017.0,111253.0,196150.0
53001907,102017.0,110256.0,196150.0
53001908,102017.0,109228.0,196150.0
53001909,102017.0,108189.0,196150.0
53001910,102967.0,113929.0,196150.0
53001911,102967.0,113007.0,196150.0
53001912,102967.0,112066.0,196150.0
53001913,102967.0,111102.0,196150.0
53001914,102967.0,110119.0,196150.0
53001915,102967.0,109126.0,196150.0
53001916,102967.0,108135.0,196150.0
53001917,103917.0,113842.0,196150.0
53001918,103917.0,112888.0,196150.0
53001919,103917.0,111942.0,196150.0
53001920,103917.0,110977.0,196150.0
53001921,103917.0,109999.0,196150.0
53001922,103917.0,109011.0,196150.0
53001923,103917.0,108071.0,196150.0
53001924,102017.0,103414.0,196150.0
53001925,102017.0,102481.0,196150.0
53001926,102967.0,103414.0,196150.0
53001927,102967.0,102481.0,196150.0
53001928,103917.0,103414.0,196150.0
53001929,103917.0,102481.0,196150.0
53001930,105733.0,107968.0,196150.0
53001931,106600.0,107964.0,196150.0
54000001,23267.0,114848.0,200000.0
54000002,27067.0,114848.0,200000.0
54000003,20667.0,114848.0,200000.0
54000004,30067.0,114848.0,200000.0
54000005,27067.0,113448.0,200000.0
54000006,27067.0,110448.0,200000.0
54000007,30067.0,113448.0,200000.0
54000008,20667.0,111848.0,200000.0
54000009,20667.0,108798.0,200000.0
54000010,23267.0,111848.0,200000.0
54000011,16867.0,108748.0,200000.0
54000012,23267.0,108798.0,200000.0
54000013,16867.0,107148.0,200000.0
54000014,30067.0,107148.0,200000.0
54000015,23267.0,107148.0,200000.0
54000016,20667.0,107123.0,200000.0
54000017,27067.0,107148.0,200000.0
54000018,16867.0,101048.0,200000.0
54000019,17767.0,107148.0,200000.0
54000020,17767.0,101048.0,200000.0
54000021,20667.0,104348.0,200000.0
54000022,23267.0,104348.0,200000.0
54000023,27067.0,104348.0,200000.0
54000024,20667.0,101548.0,200000.0
54000025,20667.0,101048.0,200000.0
54000026,23267.0,101548.0,200000.0
54000027,27067.0,101548.0,200000.0
54000028,20667.0,98548.0,200000.0
54000029,23267.0,98548.0,200000.0
54000030,27067.0,98548.0,200000.0
54000031,16867.0,110198.0,200000.0
54000032,30067.0,110448.0,200000.0
54000033,23267.0,109893.0,200000.0
54000034,28067.0,110448.0,200000.0
54000035,23267.0,106298.0,200000.0
54000036,27067.0,106298.0,200000.0
54000037,20167.0,107098.0,200000.0
54000038,23267.0,99593.0,200000.0
54000039,27067.0,99593.0,200000.0
54000040,18417.0,98548.0,200000.0
54000041,20667.0,113648.0,200000.0
54000042,16867.0,113648.0,200000.0
54000043,19917.0,113648.0,200000.0
54000044,19917.0,114848.0,200000.0
54000045,17867.0,113648.0,200000.0
54000046,17867.0,114848.0,200000.0
54000047,28467.0,113448.0,200000.0
54000048,28467.0,114848.0,200000.0
54000049,19467.0,98548.0,200000.0
54000050,19467.0,101048.0,200000.0
54000051,17767.0,103698.0,200000.0
54000052,16867.0,103698.0,200000.0
54000053,20667.0,106298.0,200000.0
54000054,23267.0,113648.0,200000.0
54000055,20667.0,109893.0,200000.0
54000056,4867.0,114848.0,200000.0
54000057,4867.0,106698.0,200000.0
54000058,4867.0,98548.0,200000.0
54000059,4867.0,87098.0,200000.0
54000060,4867.0,126298.0,200000.0
54000061,9467.0,126348.0,200000.0
54000062,13067.0,126348.0,200000.0
54000063,124067.0,114848.0,200000.0
54000064,124067.0,106698.0,200000.0
54000065,124067.0,98548.0,200000.0
54000066,124067.0,87098.0,200000.0
54000067,124067.0,126298.0,200000.0
54000068,30067.0,98548.0,200000.0
54000069,30067.0,101048.0,200000.0
54000070,30067.0,104348.0,200000.0
54000071,30067.0,101548.0,200000.0
54000072,13067.0,87048.0,200000.0
54000073,9467.0,87048.0,200000.0
54000074,63747.0,110448.0,200000.0
54000075,60347.0,101048.0,200000.0
54000076,60347.0,107148.0,200000.0
54000077,63747.0,107148.0,200000.0
54000078,52947.0,114848.0,200000.0
54000079,56347.0,108748.0,200000.0
54000080,52947.0,103698.0,200000.0
54000081,53847.0,103698.0,200000.0
54000082,54497.0,98548.0,200000.0
54000083,56347.0,110448.0,200000.0
54000084,52947.0,110198.0,200000.0
54000085,56347.0,113448.0,200000.0
54000086,52947.0,101048.0,200000.0
54000087,53847.0,101048.0,200000.0
54000088,53847.0,107148.0,200000.0
54000089,52947.0,107148.0,200000.0
54000090,56347.0,107048.0,200000.0
54000091,52947.0,108748.0,200000.0
54000092,56347.0,101548.0,200000.0
54000093,55947.0,107048.0,200000.0
54000094,56347.0,106298.0,200000.0
54000095,60347.0,110448.0,200000.0
54000096,56347.0,104348.0,200000.0
54000097,56347.0,101048.0,200000.0
54000098,63747.0,101048.0,200000.0
54000099,52947.0,98548.0,200000.0
54000100,60347.0,104348.0,200000.0
54000101,119800.0,87048.0,200000.0
54000102,115533.0,87048.0,200000.0
54000103,111267.0,103698.0,200000.0
54000104,110367.0,103698.0,200000.0
54000105,108667.0,101048.0,200000.0
54000106,108667.0,98548.0,200000.0
54000107,99667.0,114848.0,200000.0
54000108,99667.0,113448.0,200000.0
54000109,110267.0,114848.0,200000.0
54000110,110267.0,113648.0,200000.0
54000111,108217.0,114848.0,200000.0
54000112,108217.0,113648.0,200000.0
54000113,111267.0,113648.0,200000.0
54000114,107467.0,113648.0,200000.0
54000115,109717.0,98548.0,200000.0
54000116,101067.0,99593.0,200000.0
54000117,104867.0,99593.0,200000.0
54000118,107967.0,107098.0,200000.0
54000119,101067.0,106298.0,200000.0
54000120,104867.0,106298.0,200000.0
54000121,100067.0,110448.0,200000.0
54000122,104867.0,109893.0,200000.0
54000123,98067.0,110448.0,200000.0
54000124,111267.0,110198.0,200000.0
54000125,101067.0,98548.0,200000.0
54000126,104867.0,98548.0,200000.0
54000127,107467.0,98548.0,200000.0
54000128,101067.0,101548.0,200000.0
54000129,104867.0,101548.0,200000.0
54000130,107467.0,101048.0,200000.0
54000131,107467.0,101548.0,200000.0
54000132,101067.0,104348.0,200000.0
54000133,104867.0,104348.0,200000.0
54000134,107467.0,104348.0,200000.0
54000135,110367.0,101048.0,200000.0
54000136,110367.0,107148.0,200000.0
54000137,111267.0,101048.0,200000.0
54000138,101067.0,107148.0,200000.0
54000139,107467.0,107123.0,200000.0
54000140,104867.0,107148.0,200000.0
54000141,98067.0,107148.0,200000.0
54000142,111267.0,107148.0,200000.0
54000143,104867.0,108798.0,200000.0
54000144,111267.0,108748.0,200000.0
54000145,104867.0,111848.0,200000.0
54000146,107467.0,108798.0,200000.0
54000147,107467.0,111848.0,200000.0
54000148,98067.0,113448.0,200000.0
54000149,101067.0,110448.0,200000.0
54000150,101067.0,113448.0,200000.0
54000151,98067.0,114848.0,200000.0
54000152,107467.0,114848.0,200000.0
54000153,101067.0,114848.0,200000.0
54000154,104867.0,114848.0,200000.0
54000155,107467.0,106298.0,200000.0
54000156,98067.0,101548.0,200000.0
54000157,98067.0,104348.0,200000.0
54000158,107467.0,109893.0,200000.0
54000159,104867.0,113648.0,200000.0
54000160,98067.0,98548.0,200000.0
54000161,63747.0,114848.0,200000.0
54000162,56347.0,98548.0,200000.0
54000163,56347.0,114848.0,200000.0
54000164,60347.0,114848.0,200000.0
54000165,60347.0,98548.0,200000.0
54000166,63747.0,98548.0,200000.0
54000167,30067.0,87098.0,200000.0
54000168,30067.0,126298.0,200000.0
54000169,16867.0,98548.0,200000.0
54000170,16867.0,114848.0,200000.0
54000171,16867.0,106698.0,200000.0
54000172,16867.0,126298.0,200000.0
54000173,16867.0,87098.0,200000.0
54000174,111267.0,114848.0,200000.0
54000175,111267.0,126298.0,200000.0
54000176,111267.0,87098.0,200000.0
54000177,111267.0,106698.0,200000.0
54000178,111267.0,98548.0,200000.0
54000179,98067.0,87098.0,200000.0
54000180,98067.0,126298.0,200000.0
54000181,63747.0,126298.0,200000.0
54000182,41507.0,126298.0,200000.0
54000183,41507.0,87098.0,200000.0
54000184,52947.0,87098.0,200000.0
54000185,52947.0,126298.0,200000.0
54000186,75187.0,87098.0,200000.0
54000187,75187.0,126298.0,200000.0
54000188,86627.0,126298.0,200000.0
54000189,86627.0,87098.0,200000.0
54000190,80907.0,126348.0,200000.0
54000191,80907.0,87048.0,200000.0
54000192,69467.0,126348.0,200000.0
54000193,69467.0,87048.0,200000.0
54000194,47227.0,126348.0,200000.0
54000195,47227.0,87048.0,200000.0
54000196,35787.0,126348.0,200000.0
54000197,35787.0,87048.0,200000.0
54000198,25167.0,98548.0,200000.0
54000199,25167.0,87048.0,200000.0
54000200,25167.0,114848.0,200000.0
54000201,25167.0,126348.0,200000.0
54000202,20667.0,87048.0,200000.0
54000203,20667.0,126348.0,200000.0
54000204,58347.0,126348.0,200000.0
54000205,58347.0,114848.0,200000.0
54000206,58347.0,98548.0,200000.0
54000207,58347.0,87048.0,200000.0
54000208,102967.0,98548.0,200000.0
54000209,102967.0,87048.0,200000.0
54000210,102967.0,114848.0,200000.0
54000211,102967.0,126348.0,200000.0
54000212,107467.0,126348.0,200000.0
54000213,107467.0,87048.0,200000.0
54000214,92347.0,126348.0,200000.0
54000215,92347.0,87048.0,200000.0
54000216,119800.0,126348.0,200000.0
54000217,115533.0,126348.0,200000.0
54000218,119800.0,106698.0,200000.0
54000219,115533.0,106698.0,200000.0
54000220,80907.0,107148.0,200000.0
54000221,69467.0,107148.0,200000.0
54000222,75187.0,107148.0,200000.0
54000223,92347.0,107148.0,200000.0
54000224,86627.0,107148.0,200000.0
54000225,47227.0,107148.0,200000.0
54000226,35787.0,107148.0,200000.0
54000227,41507.0,107148.0,200000.0
54000228,13067.0,106698.0,200000.0
54000229,9467.0,106698.0,200000.0
54000230,80907.0,98548.0,200000.0
54000231,69467.0,98548.0,200000.0
54000232,47227.0,98548.0,200000.0
54000233,35787.0,98548.0,200000.0
54000234,41507.0,98548.0,200000.0
54000235,75187.0,98548.0,200000.0
54000236,92347.0,98548.0,200000.0
54000237,86627.0,98548.0,200000.0
54000238,119800.0,98548.0,200000.0
54000239,115533.0,98548.0,200000.0
54000240,13067.0,98548.0,200000.0
54000241,9467.0,98548.0,200000.0
54000242,80907.0,114848.0,200000.0
54000243,69467.0,114848.0,200000.0
54000244,47227.0,114848.0,200000.0
54000245,35787.0,114848.0,200000.0
54000246,41507.0,114848.0,200000.0
54000247,75187.0,114848.0,200000.0
54000248,92347.0,114848.0,200000.0
54000249,86627.0,114848.0,200000.0
54000250,119800.0,114848.0,200000.0
54000251,115533.0,114848.0,200000.0
54000252,13067.0,114848.0,200000.0
54000253,9467.0,114848.0,200000.0
54000254,63747.0,87098.0,200000.0
54000255,16867.0,108748.0,199200.0
54000256,16867.0,110198.0,199200.0
54000257,27067.0,113448.0,199400.0
54000258,27067.0,114848.0,199400.0
54000259,20667.0,107123.0,199400.0
54000260,20667.0,108798.0,199400.0
54000261,28067.0,110448.0,199400.0
54000262,30067.0,110448.0,199400.0
54000263,16867.0,107148.0,199200.0
54000264,23267.0,107148.0,199400.0
54000265,23267.0,108798.0,199400.0
54000266,17767.0,107148.0,199300.0
54000267,20167.0,107098.0,199300.0
54000268,18417.0,98548.0,199200.0
54000269,19467.0,98548.0,199200.0
54000270,28467.0,113448.0,199400.0
54000271,30067.0,113448.0,199400.0
54000272,20667.0,98548.0,199200.0
54000273,52947.0,107148.0,199200.0
54000274,52947.0,108748.0,199200.0
54000275,56347.0,113448.0,199400.0
54000276,56347.0,114848.0,199400.0
54000277,52947.0,110198.0,199200.0
54000278,53847.0,107148.0,199200.0
54000279,55947.0,107048.0,199200.0
54000280,54497.0,98548.0,199200.0
54000281,56347.0,98548.0,199200.0
54000282,107467.0,98548.0,199200.0
54000283,108667.0,98548.0,199200.0
54000284,98067.0,113448.0,199400.0
54000285,99667.0,113448.0,199400.0
54000286,107967.0,107098.0,199200.0
54000287,110367.0,107148.0,199200.0
54000288,104867.0,107148.0,199400.0
54000289,104867.0,108798.0,199400.0
54000290,111267.0,107148.0,199200.0
54000291,111267.0,108748.0,199200.0
54000292,107467.0,107123.0,199400.0
54000293,107467.0,108798.0,199400.0
54000294,101067.0,113448.0,199400.0
54000295,101067.0,114848.0,199400.0
54000296,111267.0,110198.0,199200.0
54000297,98067.0,110448.0,199400.0
54000298,100067.0,110448.0,199400.0
54000299,109717.0,98548.0,199200.0
54000300,17367.0,114848.0,200000.0
54000301,21533.0,114848.0,200000.0
54000302,22400.0,114848.0,200000.0
54000303,27767.0,114848.0,200000.0
54000304,16867.0,111060.0,200000.0
54000305,16867.0,111923.0,200000.0
54000306,16867.0,112785.0,200000.0
54000307,16867.0,109110.0,200000.0
54000308,16867.0,109473.0,200000.0
54000309,16867.0,109835.0,200000.0
54000310,27067.0,113798.0,200000.0
54000311,27067.0,114148.0,200000.0
54000312,27067.0,114498.0,200000.0
54000313,30067.0,114148.0,200000.0
54000314,27067.0,111448.0,199999.0
54000315,27067.0,112448.0,200000.0
54000316,27767.0,113448.0,200000.0
54000317,27567.0,110448.0,200000.0
54000318,30067.0,111448.0,199999.0
54000319,30067.0,112448.0,200000.0
54000320,20667.0,109345.0,200000.0
54000321,20667.0,107541.0,200000.0
54000322,20667.0,107960.0,200000.0
54000323,20667.0,108379.0,200000.0
54000324,21533.0,108798.0,200000.0
54000325,22400.0,108798.0,200000.0
54000326,23267.0,109345.0,200000.0
54000327,28567.0,110448.0,200000.0
54000328,29067.0,110448.0,200000.0
54000329,29567.0,110448.0,200000.0
54000330,16867.0,107548.0,200000.0
54000331,16867.0,107948.0,200000.0
54000332,16867.0,108348.0,200000.0
54000333,23267.0,107560.0,200000.0
54000334,23267.0,107973.0,200000.0
54000335,23267.0,108385.0,200000.0
54000336,17317.0,107148.0,200000.0
54000337,21533.0,107131.0,200000.0
54000338,22400.0,107139.0,200000.0
54000339,23267.0,106723.0,200000.0
54000340,27067.0,106723.0,200000.0
54000341,28067.0,107148.0,200000.0
54000342,29067.0,107148.0,200000.0
54000343,16867.0,101931.0,200000.0
54000344,16867.0,102814.0,200000.0
54000345,16867.0,99381.0,200000.0
54000346,16867.0,100214.0,200000.0
54000347,17317.0,101048.0,200000.0
54000348,18167.0,107139.0,200000.0
54000349,18567.0,107131.0,200000.0
54000350,18967.0,107123.0,200000.0
54000351,19367.0,107114.0,200000.0
54000352,19767.0,107106.0,200000.0
54000353,18617.0,101048.0,200000.0
54000354,20667.0,99381.0,200000.0
54000355,20667.0,100214.0,200000.0
54000356,17642.0,98548.0,200000.0
54000357,18942.0,98548.0,200000.0
54000358,21533.0,98548.0,200000.0
54000359,22400.0,98548.0,200000.0
54000360,23267.0,99070.0,200000.0
54000361,27067.0,99070.0,200000.0
54000362,28067.0,98548.0,200000.0
54000363,29067.0,98548.0,200000.0
54000364,16867.0,114248.0,200000.0
54000365,20667.0,114248.0,200000.0
54000366,20292.0,114848.0,200000.0
54000367,18142.0,114848.0,200000.0
54000368,18642.0,114848.0,200000.0
54000369,19142.0,114848.0,200000.0
54000370,19642.0,114848.0,200000.0
54000371,29267.0,114848.0,200000.0
54000372,28867.0,113448.0,200000.0
54000373,29267.0,113448.0,200000.0
54000374,29667.0,113448.0,200000.0
54000375,20067.0,101048.0,200000.0
54000376,20067.0,98548.0,200000.0
54000377,16867.0,104698.0,199999.0
54000378,16867.0,105698.0,200000.0
54000379,20667.0,106710.0,200000.0
54000380,23267.0,114248.0,200000.0
54000381,30067.0,99381.0,200000.0
54000382,30067.0,100214.0,200000.0
54000383,30067.0,105281.0,200000.0
54000384,30067.0,106214.0,200000.0
54000385,30067.0,102481.0,200000.0
54000386,30067.0,103414.0,200000.0
54000387,60347.0,101873.0,200000.0
54000388,60347.0,102698.0,200000.0
54000389,60347.0,103523.0,200000.0
54000390,63747.0,111328.0,200000.0
54000391,63747.0,112208.0,200000.0
54000392,63747.0,113088.0,200000.0
54000393,63747.0,113968.0,200000.0
54000394,61022.0,114848.0,200000.0
54000395,61697.0,114848.0,200000.0
54000396,62197.0,114848.0,200000.0
54000397,62697.0,114848.0,200000.0
54000398,63197.0,114848.0,200000.0
54000399,52947.0,104560.0,200000.0
54000400,52947.0,105423.0,200000.0
54000401,52947.0,106285.0,200000.0
54000402,53722.0,98548.0,200000.0
54000403,52947.0,99381.0,200000.0
54000404,52947.0,100214.0,200000.0
54000405,52947.0,101931.0,200000.0
54000406,52947.0,102814.0,200000.0
54000407,53397.0,101048.0,200000.0
54000408,53397.0,107148.0,200000.0
54000409,52947.0,107548.0,200000.0
54000410,52947.0,107948.0,200000.0
54000411,52947.0,108348.0,200000.0
54000412,56347.0,111328.0,200000.0
54000413,56347.0,112208.0,200000.0
54000414,56347.0,113088.0,200000.0
54000415,56347.0,113798.0,200000.0
54000416,56347.0,114148.0,200000.0
54000417,56347.0,114498.0,200000.0
54000418,52947.0,109110.0,200000.0
54000419,52947.0,109473.0,200000.0
54000420,52947.0,109835.0,200000.0
54000421,52947.0,111128.0,200000.0
54000422,52947.0,112058.0,200000.0
54000423,52947.0,112988.0,200000.0
54000424,52947.0,113918.0,200000.0
54000425,53622.0,114848.0,200000.0
54000426,54297.0,114848.0,200000.0
54000427,54797.0,114848.0,200000.0
54000428,55297.0,114848.0,200000.0
54000429,55797.0,114848.0,200000.0
54000430,54372.0,107123.0,200000.0
54000431,54897.0,107098.0,200000.0
54000432,55422.0,107073.0,200000.0
54000433,61197.0,110448.0,200000.0
54000434,62047.0,110448.0,200000.0
54000435,62897.0,110448.0,200000.0
54000436,56347.0,106673.0,200000.0
54000437,56347.0,99381.0,200000.0
54000438,56347.0,100214.0,200000.0
54000439,54959.0,98548.0,200000.0
54000440,55422.0,98548.0,200000.0
54000441,55884.0,98548.0,200000.0
54000442,63747.0,102064.0,200000.0
54000443,63747.0,103081.0,200000.0
54000444,63747.0,104098.0,200000.0
54000445,63747.0,105114.0,200000.0
54000446,63747.0,106131.0,200000.0
54000447,63747.0,99381.0,200000.0
54000448,63747.0,100214.0,200000.0
54000449,54680.0,101048.0,200000.0
54000450,55513.0,101048.0,200000.0
54000451,60822.0,98548.0,200000.0
54000452,61297.0,98548.0,200000.0
54000453,61797.0,98548.0,200000.0
54000454,62297.0,98548.0,200000.0
54000455,62797.0,98548.0,200000.0
54000456,63272.0,98548.0,200000.0
54000457,61197.0,101048.0,200000.0
54000458,62047.0,101048.0,200000.0
54000459,62897.0,101048.0,200000.0
54000460,111267.0,104698.0,199999.0
54000461,111267.0,105698.0,200000.0
54000462,108067.0,98548.0,200000.0
54000463,108067.0,101048.0,200000.0
54000464,98467.0,113448.0,200000.0
54000465,98867.0,113448.0,200000.0
54000466,99267.0,113448.0,200000.0
54000467,98867.0,114848.0,200000.0
54000468,108492.0,114848.0,200000.0
54000469,108992.0,114848.0,200000.0
54000470,109492.0,114848.0,200000.0
54000471,109992.0,114848.0,200000.0
54000472,107842.0,114848.0,200000.0
54000473,107467.0,114248.0,200000.0
54000474,111267.0,114248.0,200000.0
54000475,110767.0,114848.0,200000.0
54000476,110492.0,98548.0,200000.0
54000477,99067.0,98548.0,200000.0
54000478,100067.0,98548.0,200000.0
54000479,105733.0,98548.0,200000.0
54000480,106600.0,98548.0,200000.0
54000481,101067.0,99070.0,200000.0
54000482,104867.0,99070.0,200000.0
54000483,107467.0,99381.0,200000.0
54000484,107467.0,100214.0,200000.0
54000485,109517.0,101048.0,200000.0
54000486,108367.0,107106.0,200000.0
54000487,108767.0,107114.0,200000.0
54000488,109167.0,107123.0,200000.0
54000489,109567.0,107131.0,200000.0
54000490,109967.0,107139.0,200000.0
54000491,110817.0,101048.0,200000.0
54000492,111267.0,99381.0,200000.0
54000493,111267.0,100214.0,200000.0
54000494,111267.0,101931.0,200000.0
54000495,111267.0,102814.0,200000.0
54000496,99067.0,107148.0,200000.0
54000497,100067.0,107148.0,200000.0
54000498,101067.0,106723.0,200000.0
54000499,104867.0,106723.0,200000.0
54000500,105733.0,107139.0,200000.0
54000501,106600.0,107131.0,200000.0
54000502,110817.0,107148.0,200000.0
54000503,104867.0,107560.0,200000.0
54000504,104867.0,107973.0,200000.0
54000505,104867.0,108385.0,200000.0
54000506,111267.0,107548.0,200000.0
54000507,111267.0,107948.0,200000.0
54000508,111267.0,108348.0,200000.0
54000509,104867.0,109345.0,200000.0
54000510,105733.0,108798.0,200000.0
54000511,106600.0,108798.0,200000.0
54000512,107467.0,107541.0,200000.0
54000513,107467.0,107960.0,200000.0
54000514,107467.0,108379.0,200000.0
54000515,107467.0,109345.0,200000.0
54000516,98067.0,111448.0,199999.0
54000517,98067.0,112448.0,200000.0
54000518,100567.0,110448.0,200000.0
54000519,100367.0,113448.0,200000.0
54000520,101067.0,111448.0,199999.0
54000521,101067.0,112448.0,200000.0
54000522,98067.0,114148.0,200000.0
54000523,101067.0,113798.0,200000.0
54000524,101067.0,114148.0,200000.0
54000525,101067.0,114498.0,200000.0
54000526,111267.0,109110.0,200000.0
54000527,111267.0,109473.0,200000.0
54000528,111267.0,109835.0,200000.0
54000529,111267.0,111060.0,200000.0
54000530,111267.0,111923.0,200000.0
54000531,111267.0,112785.0,200000.0
54000532,100367.0,114848.0,200000.0
54000533,105733.0,114848.0,200000.0
54000534,106600.0,114848.0,200000.0
54000535,107467.0,106710.0,200000.0
54000536,98067.0,102481.0,200000.0
54000537,98067.0,103414.0,200000.0
54000538,98067.0,105281.0,200000.0
54000539,98067.0,106214.0,200000.0
54000540,104867.0,114248.0,200000.0
54000541,98067.0,99381.0,200000.0
54000542,98067.0,100214.0,200000.0
54000543,98067.0,100881.0,200000.0
54000544,98567.0,110448.0,200000.0
54000545,99067.0,110448.0,200000.0
54000546,99567.0,110448.0,200000.0
54000547,109192.0,98548.0,200000.0
54000548,16867.0,114848.0,199325.0
54000549,16867.0,114848.0,198650.0
54000550,16867.0,114848.0,197816.0
54000551,16867.0,114848.0,196983.0
54000552,17867.0,114848.0,199325.0
54000553,17867.0,114848.0,198650.0
54000554,17867.0,114848.0,197816.0
54000555,17867.0,114848.0,196983.0
54000556,20667.0,114848.0,199325.0
54000557,20667.0,114848.0,198650.0
54000558,20667.0,114848.0,197816.0
54000559,20667.0,114848.0,196983.0
54000560,23267.0,114848.0,199181.0
54000561,23267.0,114848.0,198650.0
54000562,23267.0,114848.0,197945.0
54000563,23267.0,114848.0,197047.0
54000564,28467.0,114848.0,199037.0
54000565,28467.0,114848.0,198075.0
54000566,28467.0,114848.0,197112.0
54000567,27067.0,110448.0,199037.0
54000568,27067.0,110448.0,198075.0
54000569,27067.0,110448.0,197112.0
54000570,20667.0,109893.0,199037.0
54000571,20667.0,109893.0,198075.0
54000572,20667.0,109893.0,197112.0
54000573,16867.0,113648.0,199325.0
54000574,16867.0,113648.0,198650.0
54000575,16867.0,113648.0,197816.0
54000576,16867.0,113648.0,196983.0
54000577,23267.0,109893.0,199037.0
54000578,23267.0,109893.0,198075.0
54000579,23267.0,109893.0,197112.0
54000580,16867.0,106698.0,199037.0
54000581,16867.0,106698.0,198075.0
54000582,16867.0,106698.0,197112.0
54000583,23267.0,106298.0,199037.0
54000584,23267.0,106298.0,198075.0
54000585,23267.0,106298.0,197112.0
54000586,27067.0,106298.0,199037.0
54000587,27067.0,106298.0,198075.0
54000588,27067.0,106298.0,197112.0
54000589,27067.0,107148.0,199037.0
54000590,27067.0,107148.0,198075.0
54000591,27067.0,107148.0,197112.0
54000592,16867.0,101048.0,199037.0
54000593,16867.0,101048.0,198075.0
54000594,16867.0,101048.0,197112.0
54000595,16867.0,103698.0,199037.0
54000596,16867.0,103698.0,198075.0
54000597,16867.0,103698.0,197112.0
54000598,16867.0,98548.0,199037.0
54000599,16867.0,98548.0,198075.0
54000600,16867.0,98548.0,197112.0
54000601,17767.0,101048.0,199037.0
54000602,17767.0,101048.0,198075.0
54000603,17767.0,101048.0,197112.0
54000604,19467.0,101048.0,199037.0
54000605,19467.0,101048.0,198075.0
54000606,19467.0,101048.0,197112.0
54000607,20667.0,101048.0,199037.0
54000608,20667.0,101048.0,198075.0
54000609,20667.0,101048.0,197112.0
54000610,23267.0,98548.0,199037.0
54000611,23267.0,98548.0,198075.0
54000612,23267.0,98548.0,197112.0
54000613,23267.0,99593.0,199037.0
54000614,23267.0,99593.0,198075.0
54000615,23267.0,99593.0,197112.0
54000616,27067.0,98548.0,199037.0
54000617,27067.0,98548.0,198075.0
54000618,27067.0,98548.0,197112.0
54000619,27067.0,99593.0,199037.0
54000620,27067.0,99593.0,198075.0
54000621,27067.0,99593.0,197112.0
54000622,30067.0,98548.0,199037.0
54000623,30067.0,98548.0,198075.0
54000624,30067.0,98548.0,197112.0
54000625,19917.0,114848.0,199325.0
54000626,19917.0,114848.0,198650.0
54000627,19917.0,114848.0,197816.0
54000628,19917.0,114848.0,196983.0
54000629,30067.0,114848.0,199037.0
54000630,30067.0,114848.0,198075.0
54000631,30067.0,114848.0,197112.0
54000632,20667.0,106298.0,199037.0
54000633,20667.0,106298.0,198075.0
54000634,20667.0,106298.0,197112.0
54000635,20667.0,113648.0,199325.0
54000636,20667.0,113648.0,198650.0
54000637,20667.0,113648.0,197816.0
54000638,20667.0,113648.0,196983.0
54000639,23267.0,113648.0,199037.0
54000640,23267.0,113648.0,198075.0
54000641,23267.0,113648.0,197112.0
54000642,20667.0,101548.0,199037.0
54000643,20667.0,101548.0,198075.0
54000644,20667.0,101548.0,197112.0
54000645,30067.0,101048.0,199037.0
54000646,30067.0,101048.0,198075.0
54000647,30067.0,101048.0,197112.0
54000648,30067.0,101548.0,199037.0
54000649,30067.0,101548.0,198075.0
54000650,30067.0,101548.0,197112.0
54000651,30067.0,107148.0,199037.0
54000652,30067.0,107148.0,198075.0
54000653,30067.0,107148.0,197112.0
54000654,30067.0,104348.0,199037.0
54000655,30067.0,104348.0,198075.0
54000656,30067.0,104348.0,197112.0
54000657,60347.0,101048.0,199325.0
54000658,60347.0,101048.0,198650.0
54000659,60347.0,101048.0,197816.0
54000660,60347.0,101048.0,196983.0
54000661,60347.0,104348.0,199325.0
54000662,60347.0,104348.0,198650.0
54000663,60347.0,104348.0,197816.0
54000664,60347.0,104348.0,196983.0
54000665,63747.0,110448.0,199325.0
54000666,63747.0,110448.0,198650.0
54000667,63747.0,110448.0,197816.0
54000668,63747.0,110448.0,196983.0
54000669,63747.0,114848.0,199325.0
54000670,63747.0,114848.0,198650.0
54000671,63747.0,114848.0,197816.0
54000672,63747.0,114848.0,196983.0
54000673,60347.0,114848.0,198650.0
54000674,60347.0,114848.0,197816.0
54000675,60347.0,114848.0,196983.0
54000676,52947.0,103698.0,199037.0
54000677,52947.0,103698.0,198075.0
54000678,52947.0,103698.0,197112.0
54000679,52947.0,98548.0,199037.0
54000680,52947.0,98548.0,198075.0
54000681,52947.0,98548.0,197112.0
54000682,52947.0,101048.0,199037.0
54000683,52947.0,101048.0,198075.0
54000684,52947.0,101048.0,197112.0
54000685,53847.0,101048.0,199037.0
54000686,53847.0,101048.0,198075.0
54000687,53847.0,101048.0,197112.0
54000688,56347.0,107048.0,199037.0
54000689,56347.0,107048.0,198075.0
54000690,56347.0,107048.0,197112.0
54000691,56347.0,110448.0,199037.0
54000692,56347.0,110448.0,198075.0
54000693,56347.0,110448.0,197112.0
54000694,52947.0,114848.0,199325.0
54000695,52947.0,114848.0,198650.0
54000696,52947.0,114848.0,197816.0
54000697,52947.0,114848.0,196983.0
54000698,60347.0,110448.0,199325.0
54000699,60347.0,110448.0,198650.0
54000700,60347.0,110448.0,197816.0
54000701,60347.0,110448.0,196983.0
54000702,56347.0,106298.0,199037.0
54000703,56347.0,106298.0,198075.0
54000704,56347.0,106298.0,197112.0
54000705,56347.0,101048.0,199037.0
54000706,56347.0,101048.0,198075.0
54000707,56347.0,101048.0,197112.0
54000708,56347.0,101548.0,199037.0
54000709,56347.0,101548.0,198075.0
54000710,56347.0,101548.0,197112.0
54000711,63747.0,101048.0,199325.0
54000712,63747.0,101048.0,198650.0
54000713,63747.0,101048.0,197816.0
54000714,63747.0,101048.0,196983.0
54000715,63747.0,107148.0,199325.0
54000716,63747.0,107148.0,198650.0
54000717,63747.0,107148.0,197816.0
54000718,63747.0,107148.0,196983.0
54000719,63747.0,98548.0,199325.0
54000720,63747.0,98548.0,198650.0
54000721,63747.0,98548.0,197816.0
54000722,63747.0,98548.0,196983.0
54000723,60347.0,98548.0,198650.0
54000724,60347.0,98548.0,197816.0
54000725,60347.0,98548.0,196983.0
54000726,111267.0,103698.0,199037.0
54000727,111267.0,103698.0,198075.0
54000728,111267.0,103698.0,197112.0
54000729,111267.0,106698.0,199037.0
54000730,111267.0,106698.0,198075.0
54000731,111267.0,106698.0,197112.0
54000732,107467.0,101048.0,199037.0
54000733,107467.0,101048.0,198075.0
54000734,107467.0,101048.0,197112.0
54000735,108667.0,101048.0,199037.0
54000736,108667.0,101048.0,198075.0
54000737,108667.0,101048.0,197112.0
54000738,98067.0,114848.0,199037.0
54000739,98067.0,114848.0,198075.0
54000740,98067.0,114848.0,197112.0
54000741,99667.0,114848.0,199037.0
54000742,99667.0,114848.0,198075.0
54000743,99667.0,114848.0,197112.0
54000744,108217.0,114848.0,199325.0
54000745,108217.0,114848.0,198650.0
54000746,108217.0,114848.0,197816.0
54000747,108217.0,114848.0,196983.0
54000748,110267.0,114848.0,199325.0
54000749,110267.0,114848.0,198650.0
54000750,110267.0,114848.0,197816.0
54000751,110267.0,114848.0,196983.0
54000752,107467.0,114848.0,199325.0
54000753,107467.0,114848.0,198650.0
54000754,107467.0,114848.0,197816.0
54000755,107467.0,114848.0,196983.0
54000756,107467.0,113648.0,199325.0
54000757,107467.0,113648.0,198650.0
54000758,107467.0,113648.0,197816.0
54000759,107467.0,113648.0,196983.0
54000760,111267.0,113648.0,199181.0
54000761,111267.0,113648.0,198650.0
54000762,111267.0,113648.0,197945.0
54000763,111267.0,113648.0,197047.0
54000764,111267.0,114848.0,199325.0
54000765,111267.0,114848.0,198650.0
54000766,111267.0,114848.0,197816.0
54000767,111267.0,114848.0,196983.0
54000768,111267.0,98548.0,199037.0
54000769,111267.0,98548.0,198075.0
54000770,111267.0,98548.0,197112.0
54000771,98067.0,98548.0,199037.0
54000772,98067.0,98548.0,198075.0
54000773,98067.0,98548.0,197112.0
54000774,101067.0,98548.0,199037.0
54000775,101067.0,98548.0,198075.0
54000776,101067.0,98548.0,197112.0
54000777,104867.0,98548.0,199037.0
54000778,104867.0,98548.0,198075.0
54000779,104867.0,98548.0,197112.0
54000780,101067.0,99593.0,199037.0
54000781,101067.0,99593.0,198075.0
54000782,101067.0,99593.0,197112.0
54000783,104867.0,99593.0,199037.0
54000784,104867.0,99593.0,198075.0
54000785,104867.0,99593.0,197112.0
54000786,107467.0,101548.0,199037.0
54000787,107467.0,101548.0,198075.0
54000788,107467.0,101548.0,197112.0
54000789,110367.0,101048.0,199037.0
54000790,110367.0,101048.0,198075.0
54000791,110367.0,101048.0,197112.0
54000792,111267.0,101048.0,199037.0
54000793,111267.0,101048.0,198075.0
54000794,111267.0,101048.0,197112.0
54000795,98067.0,107148.0,199037.0
54000796,98067.0,107148.0,198075.0
54000797,98067.0,107148.0,197112.0
54000798,101067.0,107148.0,199037.0
54000799,101067.0,107148.0,198075.0
54000800,101067.0,107148.0,197112.0
54000801,101067.0,106298.0,199037.0
54000802,101067.0,106298.0,198075.0
54000803,101067.0,106298.0,197112.0
54000804,104867.0,106298.0,199037.0
54000805,104867.0,106298.0,198075.0
54000806,104867.0,106298.0,197112.0
54000807,104867.0,109893.0,199037.0
54000808,104867.0,109893.0,198075.0
54000809,104867.0,109893.0,197112.0
54000810,107467.0,109893.0,199037.0
54000811,107467.0,109893.0,198075.0
54000812,107467.0,109893.0,197112.0
54000813,101067.0,110448.0,199037.0
54000814,101067.0,110448.0,198075.0
54000815,101067.0,110448.0,197112.0
54000816,104867.0,114848.0,199181.0
54000817,104867.0,114848.0,198650.0
54000818,104867.0,114848.0,197945.0
54000819,104867.0,114848.0,197047.0
54000820,107467.0,106298.0,199037.0
54000821,107467.0,106298.0,198075.0
54000822,107467.0,106298.0,197112.0
54000823,98067.0,101548.0,199037.0
54000824,98067.0,101548.0,198075.0
54000825,98067.0,101548.0,197112.0
54000826,98067.0,104348.0,199037.0
54000827,98067.0,104348.0,198075.0
54000828,98067.0,104348.0,197112.0
54000829,104867.0,113648.0,199037.0
54000830,104867.0,113648.0,198075.0
54000831,104867.0,113648.0,197112.0
54000832,16867.0,109110.0,199200.0
54000833,16867.0,109473.0,199200.0
54000834,16867.0,109835.0,199200.0
54000835,27067.0,113798.0,199400.0
54000836,27067.0,114148.0,199400.0
54000837,27067.0,114498.0,199400.0
54000838,20667.0,107541.0,199400.0
54000839,20667.0,107960.0,199400.0
54000840,20667.0,108379.0,199400.0
54000841,28567.0,110448.0,199400.0
54000842,29067.0,110448.0,199400.0
54000843,29567.0,110448.0,199400.0
54000844,16867.0,107548.0,199200.0
54000845,16867.0,107948.0,199200.0
54000846,16867.0,108348.0,199200.0
54000847,23267.0,107560.0,199400.0
54000848,23267.0,107973.0,199400.0
54000849,23267.0,108385.0,199400.0
54000850,18167.0,107139.0,199300.0
54000851,18567.0,107131.0,199300.0
54000852,18967.0,107123.0,199300.0
54000853,19367.0,107114.0,199300.0
54000854,19767.0,107106.0,199300.0
54000855,18942.0,98548.0,199200.0
54000856,28867.0,113448.0,199400.0
54000857,29267.0,113448.0,199400.0
54000858,29667.0,113448.0,199400.0
54000859,20067.0,98548.0,199200.0
54000860,52947.0,107548.0,199200.0
54000861,52947.0,107948.0,199200.0
54000862,52947.0,108348.0,199200.0
54000863,56347.0,113798.0,199400.0
54000864,56347.0,114148.0,199400.0
54000865,56347.0,114498.0,199400.0
54000866,52947.0,109110.0,199200.0
54000867,52947.0,109473.0,199200.0
54000868,52947.0,109835.0,199200.0
54000869,54372.0,107123.0,199200.0
54000870,54897.0,107098.0,199200.0
54000871,55422.0,107073.0,199200.0
54000872,54959.0,98548.0,199200.0
54000873,55422.0,98548.0,199200.0
54000874,55884.0,98548.0,199200.0
54000875,108067.0,98548.0,199200.0
54000876,98467.0,113448.0,199400.0
54000877,98867.0,113448.0,199400.0
54000878,99267.0,113448.0,199400.0
54000879,108367.0,107106.0,199200.0
54000880,108767.0,107114.0,199199.0
54000881,109167.0,107123.0,199200.0
54000882,109567.0,107131.0,199200.0
54000883,109967.0,107139.0,199200.0
54000884,104867.0,107560.0,199400.0
54000885,104867.0,107973.0,199400.0
54000886,104867.0,108385.0,199400.0
54000887,111267.0,107548.0,199200.0
54000888,111267.0,107948.0,199200.0
54000889,111267.0,108348.0,199200.0
54000890,107467.0,107541.0,199400.0
54000891,107467.0,107960.0,199400.0
54000892,107467.0,108379.0,199400.0
54000893,101067.0,113798.0,199400.0
54000894,101067.0,114148.0,199400.0
54000895,101067.0,114498.0,199400.0
54000896,111267.0,109110.0,199200.0
54000897,111267.0,109473.0,199200.0
54000898,111267.0,109835.0,199200.0
54000899,98567.0,110448.0,199400.0
54000900,99067.0,110448.0,199400.0
54000901,99567.0,110448.0,199400.0
54000902,109192.0,98548.0,199200.0
54000903,27067.0,114848.0,198075.0
54000904,27067.0,114848.0,197112.0
54000905,27067.0,113448.0,198075.0
54000906,27067.0,113448.0,197112.0
54000907,28467.0,113448.0,198075.0
54000908,28467.0,113448.0,197112.0
54000909,20667.0,108798.0,198075.0
54000910,20667.0,108798.0,197112.0
54000911,16867.0,110198.0,198650.0
54000912,16867.0,110198.0,197816.0
54000913,16867.0,110198.0,196983.0
54000914,28067.0,110448.0,198075.0
54000915,28067.0,110448.0,197112.0
54000916,23267.0,108798.0,198075.0
54000917,23267.0,108798.0,197112.0
54000918,16867.0,107148.0,198075.0
54000919,16867.0,107148.0,197112.0
54000920,20167.0,107098.0,198075.0
54000921,20167.0,107098.0,197112.0
54000922,20667.0,107123.0,198075.0
54000923,20667.0,107123.0,197112.0
54000924,23267.0,107148.0,198075.0
54000925,23267.0,107148.0,197112.0
54000926,20667.0,98548.0,198075.0
54000927,20667.0,98548.0,197112.0
54000928,18417.0,98548.0,198075.0
54000929,18417.0,98548.0,197112.0
54000930,17767.0,107148.0,198075.0
54000931,17767.0,107148.0,197112.0
54000932,30067.0,113448.0,198075.0
54000933,30067.0,113448.0,197112.0
54000934,30067.0,110448.0,198075.0
54000935,30067.0,110448.0,197112.0
54000936,52947.0,107148.0,198075.0
54000937,52947.0,107148.0,197112.0
54000938,54497.0,98548.0,198075.0
54000939,54497.0,98548.0,197112.0
54000940,53847.0,107148.0,198075.0
54000941,53847.0,107148.0,197112.0
54000942,55947.0,107048.0,198075.0
54000943,55947.0,107048.0,197112.0
54000944,56347.0,113448.0,198075.0
54000945,56347.0,113448.0,197112.0
54000946,52947.0,110198.0,198650.0
54000947,52947.0,110198.0,197816.0
54000948,52947.0,110198.0,196983.0
54000949,56347.0,114848.0,197816.0
54000950,56347.0,114848.0,196983.0
54000951,56347.0,98548.0,198075.0
54000952,56347.0,98548.0,197112.0
54000953,109717.0,98548.0,198075.0
54000954,109717.0,98548.0,197112.0
54000955,107467.0,98548.0,198075.0
54000956,107467.0,98548.0,197112.0
54000957,107467.0,107123.0,198075.0
54000958,107467.0,107123.0,197112.0
54000959,107967.0,107098.0,198075.0
54000960,107967.0,107098.0,197112.0
54000961,104867.0,107148.0,198075.0
54000962,104867.0,107148.0,197112.0
54000963,110367.0,107148.0,198075.0
54000964,110367.0,107148.0,197112.0
54000965,111267.0,107148.0,198075.0
54000966,111267.0,107148.0,197112.0
54000967,104867.0,108798.0,198075.0
54000968,104867.0,108798.0,197112.0
54000969,107467.0,108798.0,198075.0
54000970,107467.0,108798.0,197112.0
54000971,98067.0,110448.0,198075.0
54000972,98067.0,110448.0,197112.0
54000973,98067.0,113448.0,198075.0
54000974,98067.0,113448.0,197112.0
54000975,100067.0,110448.0,198075.0
54000976,100067.0,110448.0,197112.0
54000977,99667.0,113448.0,198075.0
54000978,99667.0,113448.0,197112.0
54000979,101067.0,113448.0,198075.0
54000980,101067.0,113448.0,197112.0
54000981,111267.0,110198.0,198075.0
54000982,111267.0,110198.0,197112.0
54000983,101067.0,114848.0,198075.0
54000984,101067.0,114848.0,197112.0
54000985,23267.0,113648.0,198623.0
54000986,60347.0,114848.0,199325.0
54000987,56347.0,114848.0,199700.0
54000988,60347.0,98548.0,199325.0
54000989,111267.0,110198.0,198716.0
54000990,104867.0,113648.0,198623.0
54000991,24217.0,107148.0,200000.0
54000992,25167.0,107148.0,200000.0
54000993,26117.0,107148.0,200000.0
54000994,27067.0,108248.0,200000.0
54000995,27067.0,109348.0,200000.0
54000996,26117.0,114848.0,200000.0
54000997,24217.0,114848.0,200000.0
54000998,23267.0,112748.0,200000.0
54000999,23267.0,110870.0,200000.0
54001000,28467.0,114148.0,200000.0
54001001,17817.0,108760.0,200000.0
54001002,18767.0,108773.0,200000.0
54001003,19717.0,108785.0,200000.0
54001004,20667.0,110870.0,200000.0
54001005,20667.0,112748.0,200000.0
54001006,18892.0,113648.0,200000.0
54001007,24217.0,104348.0,200000.0
54001008,25167.0,104348.0,200000.0
54001009,26117.0,104348.0,200000.0
54001010,27067.0,105323.0,200000.0
54001011,23267.0,105323.0,200000.0
54001012,19467.0,99381.0,200000.0
54001013,19467.0,100214.0,200000.0
54001014,24217.0,101548.0,200000.0
54001015,25167.0,101548.0,200000.0
54001016,26117.0,101548.0,200000.0
54001017,27067.0,102481.0,200000.0
54001018,27067.0,103414.0,200000.0
54001019,23267.0,102481.0,200000.0
54001020,23267.0,103414.0,200000.0
54001021,24217.0,98548.0,200000.0
54001022,26117.0,98548.0,200000.0
54001023,27067.0,100570.0,200000.0
54001024,23267.0,100570.0,200000.0
54001025,56347.0,107898.0,200000.0
54001026,53797.0,108748.0,200000.0
54001027,54647.0,108748.0,200000.0
54001028,55497.0,108748.0,200000.0
54001029,108667.0,99381.0,200000.0
54001030,108667.0,100214.0,200000.0
54001031,99667.0,114148.0,200000.0
54001032,109242.0,113648.0,200000.0
54001033,108417.0,108785.0,200000.0
54001034,109367.0,108773.0,200000.0
54001035,110317.0,108760.0,200000.0
54001036,107467.0,112748.0,200000.0
54001037,107467.0,110870.0,200000.0
54001038,102017.0,98548.0,200000.0
54001039,103917.0,98548.0,200000.0
54001040,104867.0,100570.0,200000.0
54001041,102017.0,101548.0,200000.0
54001042,102967.0,101548.0,200000.0
54001043,103917.0,101548.0,200000.0
54001044,101067.0,100570.0,200000.0
54001045,102017.0,104348.0,200000.0
54001046,102967.0,104348.0,200000.0
54001047,103917.0,104348.0,200000.0
54001048,104867.0,105323.0,200000.0
54001049,102017.0,107148.0,200000.0
54001050,102967.0,107148.0,200000.0
54001051,103917.0,107148.0,200000.0
54001052,101067.0,105323.0,200000.0
54001053,104867.0,110870.0,200000.0
54001054,104867.0,112748.0,200000.0
54001055,103917.0,114848.0,200000.0
54001056,102017.0,114848.0,200000.0
54001057,101067.0,108248.0,200000.0
54001058,101067.0,109348.0,200000.0
54001059,104867.0,102481.0,200000.0
54001060,104867.0,103414.0,200000.0
54001061,101067.0,102481.0,200000.0
54001062,101067.0,103414.0,200000.0
54001065,64240.0,106650.0,200000.0
54001066,108667.0,98548.0,199600.0
54001067,109192.0,98548.0,199600.0
54001068,109717.0,98548.0,199600.0
54001069,98067.0,110448.0,199700.0
54001070,98567.0,110448.0,199700.0
54001071,99067.0,110448.0,199700.0
54001072,99567.0,110448.0,199700.0
54001073,100067.0,110448.0,199700.0
54001074,111267.0,108748.0,199600.0
54001075,111267.0,109110.0,199600.0
54001076,111267.0,109473.0,199600.0
54001077,111267.0,109835.0,199600.0
54001078,111267.0,110198.0,199600.0
54001079,101067.0,113448.0,199700.0
54001080,101067.0,113798.0,199700.0
54001081,101067.0,114148.0,199700.0
54001082,101067.0,114498.0,199700.0
54001083,101067.0,114848.0,199700.0
54001084,107467.0,107123.0,199700.0
54001085,107467.0,107541.0,199700.0
54001086,107467.0,107960.0,199700.0
54001087,107467.0,108379.0,199700.0
54001088,107467.0,108798.0,199700.0
54001089,111267.0,107148.0,199600.0
54001090,111267.0,107548.0,199600.0
54001091,111267.0,107948.0,199600.0
54001092,111267.0,108348.0,199600.0
54001093,104867.0,107148.0,199700.0
54001094,104867.0,107560.0,199700.0
54001095,104867.0,107973.0,199700.0
54001096,104867.0,108385.0,199700.0
54001097,104867.0,108798.0,199700.0
54001098,107967.0,107098.0,199600.0
54001099,108367.0,107106.0,199600.0
54001100,108767.0,107114.0,199600.0
54001101,109167.0,107123.0,199600.0
54001102,109567.0,107131.0,199600.0
54001103,109967.0,107139.0,199600.0
54001104,110367.0,107148.0,199600.0
54001105,98067.0,113448.0,199700.0
54001106,98467.0,113448.0,199700.0
54001107,98867.0,113448.0,199700.0
54001108,99267.0,113448.0,199700.0
54001109,99667.0,113448.0,199700.0
54001110,107467.0,98548.0,199600.0
54001111,108067.0,98548.0,199600.0
54001112,54497.0,98548.0,199600.0
54001113,54959.0,98548.0,199600.0
54001114,55422.0,98548.0,199600.0
54001115,55884.0,98548.0,199600.0
54001116,56347.0,98548.0,199600.0
54001117,53847.0,107148.0,199600.0
54001118,54372.0,107123.0,199600.0
54001119,54897.0,107098.0,199600.0
54001120,55422.0,107073.0,199600.0
54001121,55947.0,107048.0,199600.0
54001122,52947.0,108748.0,199600.0
54001123,52947.0,109110.0,199600.0
54001124,52947.0,109473.0,199600.0
54001125,52947.0,109835.0,199600.0
54001126,52947.0,110198.0,199600.0
54001127,56347.0,113448.0,199700.0
54001128,56347.0,113798.0,199700.0
54001129,56347.0,114148.0,199700.0
54001130,56347.0,114498.0,199700.0
54001131,56347.0,114848.0,199700.0
54001132,52947.0,107148.0,199600.0
54001133,52947.0,107548.0,199600.0
54001134,52947.0,107948.0,199600.0
54001135,52947.0,108348.0,199600.0
54001136,19467.0,98548.0,199600.0
54001137,20067.0,98548.0,199600.0
54001138,20667.0,98548.0,199600.0
54001139,28467.0,113448.0,199700.0
54001140,28867.0,113448.0,199700.0
54001141,29267.0,113448.0,199700.0
54001142,29667.0,113448.0,199700.0
54001143,30067.0,113448.0,199700.0
54001144,18417.0,98548.0,199600.0
54001145,18942.0,98548.0,199600.0
54001146,17767.0,107148.0,199650.0
54001147,18167.0,107139.0,199650.0
54001148,18567.0,107131.0,199650.0
54001149,18967.0,107123.0,199650.0
54001150,19367.0,107114.0,199650.0
54001151,19767.0,107106.0,199650.0
54001152,20167.0,107098.0,199650.0
54001153,23267.0,107148.0,199700.0
54001154,23267.0,107560.0,199700.0
54001155,23267.0,107973.0,199700.0
54001156,23267.0,108385.0,199700.0
54001157,23267.0,108798.0,199700.0
54001158,16867.0,107148.0,199600.0
54001159,16867.0,107548.0,199600.0
54001160,16867.0,107948.0,199600.0
54001161,16867.0,108348.0,199600.0
54001162,16867.0,108748.0,199600.0
54001163,28067.0,110448.0,199700.0
54001164,28567.0,110448.0,199700.0
54001165,29067.0,110448.0,199700.0
54001166,29567.0,110448.0,199700.0
54001167,30067.0,110448.0,199700.0
54001168,20667.0,107123.0,199700.0
54001169,20667.0,107541.0,199700.0
54001170,20667.0,107960.0,199700.0
54001171,20667.0,108379.0,199700.0
54001172,20667.0,108798.0,199700.0
54001173,27067.0,113448.0,199700.0
54001174,27067.0,113798.0,199700.0
54001175,27067.0,114148.0,199700.0
54001176,27067.0,114498.0,199700.0
54001177,27067.0,114848.0,199700.0
54001178,16867.0,109110.0,199600.0
54001179,16867.0,109473.0,199600.0
54001180,16867.0,109835.0,199600.0
54001181,16867.0,110198.0,199600.0
54001182,17367.0,114848.0,199325.0
54001183,17367.0,114848.0,196983.0
54001184,17367.0,114848.0,197816.0
54001185,17367.0,114848.0,198650.0
54001186,21533.0,114848.0,199181.0
54001187,22400.0,114848.0,199181.0
54001188,21533.0,114848.0,196983.0
54001189,22400.0,114848.0,196983.0
54001190,21533.0,114848.0,197816.0
54001191,21533.0,114848.0,198650.0
54001192,22400.0,114848.0,197816.0
54001193,22400.0,114848.0,198650.0
54001194,27767.0,114848.0,199037.0
54001195,27767.0,114848.0,197112.0
54001196,27767.0,114848.0,198075.0
54001197,16867.0,111060.0,199200.0
54001198,16867.0,111923.0,199200.0
54001199,16867.0,112785.0,199200.0
54001200,16867.0,111060.0,196983.0
54001201,16867.0,111923.0,196983.0
54001202,16867.0,112785.0,196983.0
54001203,16867.0,111060.0,197816.0
54001204,16867.0,111060.0,198650.0
54001205,16867.0,112785.0,197816.0
54001206,16867.0,112785.0,198650.0
54001207,16867.0,111923.0,197816.0
54001208,16867.0,111923.0,198650.0
54001209,30067.0,114148.0,199037.0
54001210,30067.0,114148.0,197112.0
54001211,30067.0,114148.0,198075.0
54001212,27067.0,111448.0,199037.0
54001213,27067.0,112448.0,199037.0
54001214,27067.0,111448.0,197112.0
54001215,27067.0,112448.0,197112.0
54001216,27067.0,111448.0,198075.0
54001217,27067.0,112448.0,198075.0
54001218,27767.0,113448.0,199400.0
54001219,27767.0,113448.0,197112.0
54001220,27767.0,113448.0,198075.0
54001221,27567.0,110448.0,199037.0
54001222,27567.0,110448.0,197112.0
54001223,27567.0,110448.0,198075.0
54001224,30067.0,111448.0,199400.0
54001225,30067.0,112448.0,199400.0
54001226,30067.0,111448.0,197112.0
54001227,30067.0,112448.0,197112.0
54001228,30067.0,111448.0,198075.0
54001229,30067.0,112448.0,198075.0
54001230,20667.0,109345.0,199037.0
54001231,20667.0,109345.0,197112.0
54001232,20667.0,109345.0,198075.0
54001233,21533.0,108798.0,199400.0
54001234,22400.0,108798.0,199400.0
54001235,21533.0,108798.0,197112.0
54001236,22400.0,108798.0,197112.0
54001237,21533.0,108798.0,198075.0
54001238,22400.0,108798.0,198075.0
54001239,23267.0,109345.0,199037.0
54001240,23267.0,109345.0,197112.0
54001241,23267.0,109345.0,198075.0
54001242,17317.0,107148.0,199200.0
54001243,17317.0,107148.0,197112.0
54001244,17317.0,107148.0,198075.0
54001245,21533.0,107131.0,199400.0
54001246,22400.0,107139.0,199400.0
54001247,21533.0,107131.0,197112.0
54001248,22400.0,107139.0,197112.0
54001249,21533.0,107131.0,198075.0
54001250,22400.0,107139.0,198075.0
54001251,23267.0,106723.0,199037.0
54001252,23267.0,106723.0,197112.0
54001253,23267.0,106723.0,198075.0
54001254,27067.0,106723.0,199037.0
54001255,27067.0,106723.0,197112.0
54001256,27067.0,106723.0,198075.0
54001257,28067.0,107148.0,199037.0
54001258,29067.0,107148.0,199037.0
54001259,28067.0,107148.0,197112.0
54001260,29067.0,107148.0,197112.0
54001261,28067.0,107148.0,198075.0
54001262,29067.0,107148.0,198075.0
54001263,16867.0,101931.0,199037.0
54001264,16867.0,102814.0,199037.0
54001265,16867.0,101931.0,197112.0
54001266,16867.0,102814.0,197112.0
54001267,16867.0,101931.0,198075.0
54001268,16867.0,102814.0,198075.0
54001269,16867.0,99381.0,199037.0
54001270,16867.0,100214.0,199037.0
54001271,16867.0,99381.0,197112.0
54001272,16867.0,100214.0,197112.0
54001273,16867.0,99381.0,198075.0
54001274,16867.0,100214.0,198075.0
54001275,17317.0,101048.0,199037.0
54001276,17317.0,101048.0,197112.0
54001277,17317.0,101048.0,198075.0
54001278,18617.0,101048.0,199037.0
54001279,18617.0,101048.0,197112.0
54001280,18617.0,101048.0,198075.0
54001281,20667.0,99381.0,199037.0
54001282,20667.0,100214.0,199037.0
54001283,20667.0,99381.0,197112.0
54001284,20667.0,100214.0,197112.0
54001285,20667.0,99381.0,198075.0
54001286,20667.0,100214.0,198075.0
54001287,17642.0,98548.0,199037.0
54001288,17642.0,98548.0,197112.0
54001289,17642.0,98548.0,198075.0
54001290,21533.0,98548.0,199037.0
54001291,22400.0,98548.0,199037.0
54001292,21533.0,98548.0,197112.0
54001293,22400.0,98548.0,197112.0
54001294,21533.0,98548.0,198075.0
54001295,22400.0,98548.0,198075.0
54001296,23267.0,99070.0,199037.0
54001297,23267.0,99070.0,197112.0
54001298,23267.0,99070.0,198075.0
54001299,27067.0,99070.0,199037.0
54001300,27067.0,99070.0,197112.0
54001301,27067.0,99070.0,198075.0
54001302,28067.0,98548.0,199037.0
54001303,29067.0,98548.0,199037.0
54001304,28067.0,98548.0,197112.0
54001305,29067.0,98548.0,197112.0
54001306,28067.0,98548.0,198075.0
54001307,29067.0,98548.0,198075.0
54001308,16867.0,114248.0,199325.0
54001309,16867.0,114248.0,196983.0
54001310,16867.0,114248.0,197816.0
54001311,16867.0,114248.0,198650.0
54001312,20667.0,114248.0,199325.0
54001313,20667.0,114248.0,196983.0
54001314,20667.0,114248.0,197816.0
54001315,20667.0,114248.0,198650.0
54001316,20292.0,114848.0,199325.0
54001317,20292.0,114848.0,196983.0
54001318,20292.0,114848.0,197816.0
54001319,20292.0,114848.0,198650.0
54001320,18142.0,114848.0,199325.0
54001321,18145.0,114848.0,199662.0
54001322,18642.0,114848.0,199662.0
54001323,19142.0,114848.0,199662.0
54001324,19639.0,114848.0,199662.0
54001325,19642.0,114848.0,199325.0
54001326,18142.0,114848.0,196983.0
54001327,19642.0,114848.0,196983.0
54001328,18142.0,114848.0,197816.0
54001329,18142.0,114848.0,198650.0
54001330,19642.0,114848.0,197816.0
54001331,19642.0,114848.0,198650.0
54001332,18642.0,114848.0,198650.0
54001333,18642.0,114848.0,198987.0
54001334,18145.0,114848.0,198987.0
54001335,19639.0,114848.0,198987.0
54001336,19142.0,114848.0,198987.0
54001337,19142.0,114848.0,198650.0
54001338,18642.0,114848.0,199325.0
54001339,19142.0,114848.0,199325.0
54001340,29267.0,114848.0,199037.0
54001341,29267.0,114848.0,197112.0
54001342,29267.0,114848.0,198075.0
54001343,20067.0,101048.0,199037.0
54001344,20067.0,101048.0,197112.0
54001345,20067.0,101048.0,198075.0
54001346,16867.0,104698.0,199037.0
54001347,16867.0,105698.0,199037.0
54001348,16867.0,104698.0,197112.0
54001349,16867.0,105698.0,197112.0
54001350,16867.0,104698.0,198075.0
54001351,16867.0,105698.0,198075.0
54001352,20667.0,106710.0,199037.0
54001353,20667.0,106710.0,197112.0
54001354,20667.0,106710.0,198075.0
54001355,23267.0,114248.0,199181.0
54001356,23267.0,114248.0,197047.0
54001357,23267.0,114248.0,197945.0
54001358,23267.0,114248.0,198623.0
54001359,30067.0,99381.0,199037.0
54001360,30067.0,100214.0,199037.0
54001361,30067.0,99381.0,197112.0
54001362,30067.0,100214.0,197112.0
54001363,30067.0,99381.0,198075.0
54001364,30067.0,100214.0,198075.0
54001365,30067.0,105281.0,199037.0
54001366,30067.0,106214.0,199037.0
54001367,30067.0,105281.0,197112.0
54001368,30067.0,106214.0,197112.0
54001369,30067.0,105281.0,198075.0
54001370,30067.0,106214.0,198075.0
54001371,30067.0,102481.0,199037.0
54001372,30067.0,103414.0,199037.0
54001373,30067.0,102481.0,197112.0
54001374,30067.0,103414.0,197112.0
54001375,30067.0,102481.0,198075.0
54001376,30067.0,103414.0,198075.0
54001377,60347.0,101873.0,199325.0
54001378,60347.0,102698.0,199325.0
54001379,60347.0,103523.0,199325.0
54001380,60347.0,101873.0,196983.0
54001381,60347.0,102698.0,196983.0
54001382,60347.0,103523.0,196983.0
54001383,60347.0,101873.0,197816.0
54001384,60347.0,101873.0,198650.0
54001385,60347.0,103523.0,197816.0
54001386,60347.0,103523.0,198650.0
54001387,60347.0,102698.0,197816.0
54001388,60347.0,102698.0,198650.0
54001389,63747.0,111328.0,199325.0
54001390,63747.0,112208.0,199325.0
54001391,63747.0,113088.0,199325.0
54001392,63747.0,113968.0,199325.0
54001393,63747.0,111328.0,196983.0
54001394,63747.0,112208.0,196983.0
54001395,63747.0,113088.0,196983.0
54001396,63747.0,113968.0,196983.0
54001397,63747.0,111328.0,197816.0
54001398,63747.0,111328.0,198650.0
54001399,63747.0,113968.0,197816.0
54001400,63747.0,113968.0,198650.0
54001401,63747.0,112208.0,197816.0
54001402,63747.0,113088.0,197816.0
54001403,63747.0,112208.0,198650.0
54001404,63747.0,113088.0,198650.0
54001405,61022.0,114848.0,199325.0
54001406,61697.0,114848.0,199325.0
54001407,61700.0,114848.0,199662.0
54001408,62197.0,114848.0,199662.0
54001409,62697.0,114848.0,199662.0
54001410,63194.0,114848.0,199662.0
54001411,63197.0,114848.0,199325.0
54001412,61022.0,114848.0,196983.0
54001413,61697.0,114848.0,196983.0
54001414,63197.0,114848.0,196983.0
54001415,61022.0,114848.0,197816.0
54001416,61022.0,114848.0,198650.0
54001417,63197.0,114848.0,197816.0
54001418,63197.0,114848.0,198650.0
54001419,62197.0,114848.0,198650.0
54001420,62197.0,114848.0,198987.0
54001421,61700.0,114848.0,198987.0
54001422,61697.0,114848.0,198650.0
54001423,61697.0,114848.0,197816.0
54001424,63194.0,114848.0,198987.0
54001425,62697.0,114848.0,198987.0
54001426,62697.0,114848.0,198650.0
54001427,62197.0,114848.0,199325.0
54001428,62697.0,114848.0,199325.0
54001429,52947.0,104560.0,199037.0
54001430,52947.0,105423.0,199037.0
54001431,52947.0,106285.0,199037.0
54001432,52947.0,104560.0,197112.0
54001433,52947.0,105423.0,197112.0
54001434,52947.0,106285.0,197112.0
54001435,52947.0,104560.0,198075.0
54001436,52947.0,106285.0,198075.0
54001437,52947.0,105423.0,198075.0
54001438,53722.0,98548.0,199037.0
54001439,53722.0,98548.0,197112.0
54001440,53722.0,98548.0,198075.0
54001441,52947.0,99381.0,199037.0
54001442,52947.0,100214.0,199037.0
54001443,52947.0,99381.0,197112.0
54001444,52947.0,100214.0,197112.0
54001445,52947.0,99381.0,198075.0
54001446,52947.0,100214.0,198075.0
54001447,52947.0,101931.0,199037.0
54001448,52947.0,102814.0,199037.0
54001449,52947.0,101931.0,197112.0
54001450,52947.0,102814.0,197112.0
54001451,52947.0,101931.0,198075.0
54001452,52947.0,102814.0,198075.0
54001453,53397.0,101048.0,199037.0
54001454,53397.0,101048.0,197112.0
54001455,53397.0,101048.0,198075.0
54001456,53397.0,107148.0,199200.0
54001457,53397.0,107148.0,197112.0
54001458,53397.0,107148.0,198075.0
54001459,56347.0,111328.0,199037.0
54001460,56347.0,112208.0,199037.0
54001461,56347.0,113088.0,199037.0
54001462,56347.0,111328.0,197112.0
54001463,56347.0,112208.0,197112.0
54001464,56347.0,113088.0,197112.0
54001465,56347.0,111328.0,198075.0
54001466,56347.0,113088.0,198075.0
54001467,56347.0,112208.0,198075.0
54001468,52947.0,111128.0,199200.0
54001469,52947.0,112058.0,199200.0
54001470,52947.0,112988.0,199200.0
54001471,52947.0,113918.0,199200.0
54001472,52947.0,111128.0,196983.0
54001473,52947.0,112058.0,196983.0
54001474,52947.0,112988.0,196983.0
54001475,52947.0,113918.0,196983.0
54001476,52947.0,111128.0,197816.0
54001477,52947.0,111128.0,198650.0
54001478,52947.0,113918.0,197816.0
54001479,52947.0,113918.0,198650.0
54001480,52947.0,112058.0,197816.0
54001481,52947.0,112988.0,197816.0
54001482,52947.0,112058.0,198650.0
54001483,52947.0,112988.0,198650.0
54001484,53622.0,114848.0,199325.0
54001485,54297.0,114848.0,199325.0
54001486,54797.0,114848.0,199325.0
54001487,55297.0,114848.0,199325.0
54001488,55797.0,114848.0,199325.0
54001489,53622.0,114848.0,196983.0
54001490,54297.0,114848.0,196983.0
54001491,55797.0,114848.0,196983.0
54001492,53622.0,114848.0,197816.0
54001493,53622.0,114848.0,198650.0
54001494,55797.0,114848.0,197816.0
54001495,55797.0,114848.0,198650.0
54001496,54797.0,114848.0,198650.0
54001497,54797.0,114848.0,198987.0
54001498,54300.0,114848.0,198987.0
54001499,54297.0,114848.0,198650.0
54001500,54297.0,114848.0,197816.0
54001501,55794.0,114848.0,198987.0
54001502,55297.0,114848.0,198987.0
54001503,55297.0,114848.0,198650.0
54001504,61197.0,110448.0,199325.0
54001505,62047.0,110448.0,199325.0
54001506,62897.0,110448.0,199325.0
54001507,61197.0,110448.0,196983.0
54001508,62047.0,110448.0,196983.0
54001509,62897.0,110448.0,196983.0
54001510,61197.0,110448.0,197816.0
54001511,61197.0,110448.0,198650.0
54001512,62897.0,110448.0,197816.0
54001513,62897.0,110448.0,198650.0
54001514,62047.0,110448.0,197816.0
54001515,62047.0,110448.0,198650.0
54001516,56347.0,106673.0,199037.0
54001517,56347.0,106673.0,197112.0
54001518,56347.0,106673.0,198075.0
54001519,56347.0,99381.0,199037.0
54001520,56347.0,100214.0,199037.0
54001521,56347.0,99381.0,197112.0
54001522,56347.0,100214.0,197112.0
54001523,56347.0,99381.0,198075.0
54001524,56347.0,100214.0,198075.0
54001525,63747.0,102064.0,199325.0
54001526,63747.0,103081.0,199325.0
54001527,63747.0,104098.0,199325.0
54001528,63747.0,105114.0,199325.0
54001529,63747.0,106131.0,199325.0
54001530,63747.0,102064.0,196983.0
54001531,63747.0,103081.0,196983.0
54001532,63747.0,104098.0,196983.0
54001533,63747.0,105114.0,196983.0
54001534,63747.0,106131.0,196983.0
54001535,63747.0,102064.0,197816.0
54001536,63747.0,102064.0,198650.0
54001537,63747.0,106131.0,197816.0
54001538,63747.0,106131.0,198650.0
54001539,63747.0,103081.0,197816.0
54001540,63747.0,104098.0,197816.0
54001541,63747.0,105114.0,197816.0
54001542,63747.0,103081.0,198650.0
54001543,63747.0,104098.0,198650.0
54001544,63747.0,105114.0,198650.0
54001545,63747.0,99381.0,199325.0
54001546,63747.0,100214.0,199325.0
54001547,63747.0,99381.0,196983.0
54001548,63747.0,100214.0,196983.0
54001549,63747.0,99381.0,197816.0
54001550,63747.0,99381.0,198650.0
54001551,63747.0,100214.0,197816.0
54001552,63747.0,100214.0,198650.0
54001553,54680.0,101048.0,199037.0
54001554,55513.0,101048.0,199037.0
54001555,54680.0,101048.0,197112.0
54001556,55513.0,101048.0,197112.0
54001557,54680.0,101048.0,198075.0
54001558,55513.0,101048.0,198075.0
54001559,60822.0,98548.0,199325.0
54001560,61297.0,98548.0,199325.0
54001561,61300.0,98548.0,199662.0
54001562,61797.0,98548.0,199662.0
54001563,62297.0,98548.0,199662.0
54001564,62794.0,98548.0,199662.0
54001565,62797.0,98548.0,199325.0
54001566,63272.0,98548.0,199325.0
54001567,60822.0,98548.0,196983.0
54001568,61297.0,98548.0,196983.0
54001569,63272.0,98548.0,196983.0
54001570,62797.0,98548.0,196983.0
54001571,60822.0,98548.0,197816.0
54001572,60822.0,98548.0,198650.0
54001573,63272.0,98548.0,197816.0
54001574,63272.0,98548.0,198650.0
54001575,61797.0,98548.0,198650.0
54001576,61797.0,98548.0,198987.0
54001577,61300.0,98548.0,198987.0
54001578,61297.0,98548.0,198650.0
54001579,61297.0,98548.0,197816.0
54001580,62797.0,98548.0,198650.0
54001581,62794.0,98548.0,198987.0
54001582,62297.0,98548.0,198987.0
54001583,62297.0,98548.0,198650.0
54001584,62797.0,98548.0,197816.0
54001585,61797.0,98548.0,199325.0
54001586,62297.0,98548.0,199325.0
54001587,61197.0,101048.0,199325.0
54001588,62047.0,101048.0,199325.0
54001589,62897.0,101048.0,199325.0
54001590,61197.0,101048.0,196983.0
54001591,62047.0,101048.0,196983.0
54001592,62897.0,101048.0,196983.0
54001593,61197.0,101048.0,197816.0
54001594,61197.0,101048.0,198650.0
54001595,62897.0,101048.0,197816.0
54001596,62897.0,101048.0,198650.0
54001597,62047.0,101048.0,197816.0
54001598,62047.0,101048.0,198650.0
54001599,111267.0,104698.0,199037.0
54001600,111267.0,105698.0,199037.0
54001601,111267.0,104698.0,197112.0
54001602,111267.0,105698.0,197112.0
54001603,111267.0,104698.0,198075.0
54001604,111267.0,105698.0,198075.0
54001605,108067.0,101048.0,199037.0
54001606,108067.0,101048.0,197112.0
54001607,108067.0,101048.0,198075.0
54001608,98867.0,114848.0,199037.0
54001609,98867.0,114848.0,197112.0
54001610,98867.0,114848.0,198075.0
54001611,108492.0,114848.0,199325.0
54001612,108495.0,114848.0,199662.0
54001613,108992.0,114848.0,199662.0
54001614,109492.0,114848.0,199662.0
54001615,109989.0,114848.0,199662.0
54001616,109992.0,114848.0,199325.0
54001617,108492.0,114848.0,196983.0
54001618,109992.0,114848.0,196983.0
54001619,108492.0,114848.0,197816.0
54001620,108492.0,114848.0,198650.0
54001621,109992.0,114848.0,197816.0
54001622,109992.0,114848.0,198650.0
54001623,108992.0,114848.0,198650.0
54001624,108992.0,114848.0,198987.0
54001625,108495.0,114848.0,198987.0
54001626,109989.0,114848.0,198987.0
54001627,109492.0,114848.0,198987.0
54001628,109492.0,114848.0,198650.0
54001629,108992.0,114848.0,199325.0
54001630,109492.0,114848.0,199325.0
54001631,107842.0,114848.0,199325.0
54001632,107842.0,114848.0,196983.0
54001633,107842.0,114848.0,197816.0
54001634,107842.0,114848.0,198650.0
54001635,107467.0,114248.0,199325.0
54001636,107467.0,114248.0,196983.0
54001637,107467.0,114248.0,197816.0
54001638,107467.0,114248.0,198650.0
54001639,111267.0,114248.0,199181.0
54001640,111267.0,114248.0,196983.0
54001641,111267.0,114248.0,197816.0
54001642,111267.0,114248.0,198650.0
54001643,110767.0,114848.0,199325.0
54001644,110767.0,114848.0,196983.0
54001645,110767.0,114848.0,197816.0
54001646,110767.0,114848.0,198650.0
54001647,110492.0,98548.0,199037.0
54001648,110492.0,98548.0,197112.0
54001649,110492.0,98548.0,198075.0
54001650,99067.0,98548.0,199037.0
54001651,100067.0,98548.0,199037.0
54001652,99067.0,98548.0,197112.0
54001653,100067.0,98548.0,197112.0
54001654,99067.0,98548.0,198075.0
54001655,100067.0,98548.0,198075.0
54001656,105733.0,98548.0,199037.0
54001657,106600.0,98548.0,199037.0
54001658,105733.0,98548.0,197112.0
54001659,106600.0,98548.0,197112.0
54001660,105733.0,98548.0,198075.0
54001661,106600.0,98548.0,198075.0
54001662,101067.0,99070.0,199037.0
54001663,101067.0,99070.0,197112.0
54001664,101067.0,99070.0,198075.0
54001665,104867.0,99070.0,199037.0
54001666,104867.0,99070.0,197112.0
54001667,104867.0,99070.0,198075.0
54001668,107467.0,99381.0,199037.0
54001669,107467.0,100214.0,199037.0
54001670,107467.0,99381.0,197112.0
54001671,107467.0,100214.0,197112.0
54001672,107467.0,99381.0,198075.0
54001673,107467.0,100214.0,198075.0
54001674,109517.0,101048.0,199037.0
54001675,109517.0,101048.0,197112.0
54001676,109517.0,101048.0,198075.0
54001677,110817.0,101048.0,199037.0
54001678,110817.0,101048.0,197112.0
54001679,110817.0,101048.0,198075.0
54001680,111267.0,99381.0,199037.0
54001681,111267.0,100214.0,199037.0
54001682,111267.0,99381.0,197112.0
54001683,111267.0,100214.0,197112.0
54001684,111267.0,99381.0,198075.0
54001685,111267.0,100214.0,198075.0
54001686,111267.0,101931.0,199037.0
54001687,111267.0,102814.0,199037.0
54001688,111267.0,101931.0,197112.0
54001689,111267.0,102814.0,197112.0
54001690,111267.0,101931.0,198075.0
54001691,111267.0,102814.0,198075.0
54001692,99067.0,107148.0,199037.0
54001693,100067.0,107148.0,199037.0
54001694,99067.0,107148.0,197112.0
54001695,100067.0,107148.0,197112.0
54001696,99067.0,107148.0,198075.0
54001697,100067.0,107148.0,198075.0
54001698,101067.0,106723.0,199037.0
54001699,101067.0,106723.0,197112.0
54001700,101067.0,106723.0,198075.0
54001701,104867.0,106723.0,199037.0
54001702,104867.0,106723.0,197112.0
54001703,104867.0,106723.0,198075.0
54001704,105733.0,107139.0,199400.0
54001705,106600.0,107131.0,199400.0
54001706,105733.0,107139.0,197112.0
54001707,106600.0,107131.0,197112.0
54001708,105733.0,107139.0,198075.0
54001709,106600.0,107131.0,198075.0
54001710,110817.0,107148.0,199200.0
54001711,110817.0,107148.0,197112.0
54001712,110817.0,107148.0,198075.0
54001713,104867.0,109345.0,199037.0
54001714,104867.0,109345.0,197112.0
54001715,104867.0,109345.0,198075.0
54001716,105733.0,108798.0,199400.0
54001717,106600.0,108798.0,199400.0
54001718,105733.0,108798.0,197112.0
54001719,106600.0,108798.0,197112.0
54001720,105733.0,108798.0,198075.0
54001721,106600.0,108798.0,198075.0
54001722,107467.0,109345.0,199037.0
54001723,107467.0,109345.0,197112.0
54001724,107467.0,109345.0,198075.0
54001725,98067.0,111448.0,199400.0
54001726,98067.0,112448.0,199400.0
54001727,98067.0,111448.0,197112.0
54001728,98067.0,112448.0,197112.0
54001729,98067.0,111448.0,198075.0
54001730,98067.0,112448.0,198075.0
54001731,100567.0,110448.0,199037.0
54001732,100567.0,110448.0,197112.0
54001733,100567.0,110448.0,198075.0
54001734,100367.0,113448.0,199400.0
54001735,100367.0,113448.0,197112.0
54001736,100367.0,113448.0,198075.0
54001737,101067.0,111448.0,199037.0
54001738,101067.0,112448.0,199037.0
54001739,101067.0,111448.0,197112.0
54001740,101067.0,112448.0,197112.0
54001741,101067.0,111448.0,198075.0
54001742,101067.0,112448.0,198075.0
54001743,98067.0,114148.0,199037.0
54001744,98067.0,114148.0,197112.0
54001745,98067.0,114148.0,198075.0
54001746,111267.0,111060.0,199200.0
54001747,111267.0,111923.0,199200.0
54001748,111267.0,112785.0,199200.0
54001749,111267.0,111060.0,197047.0
54001750,111267.0,111923.0,197047.0
54001751,111267.0,112785.0,197047.0
54001752,111267.0,111060.0,197945.0
54001753,111267.0,111060.0,198650.0
54001754,111267.0,112785.0,197945.0
54001755,111267.0,112785.0,198650.0
54001756,111267.0,111923.0,197945.0
54001757,111267.0,111923.0,198650.0
54001758,100367.0,114848.0,199037.0
54001759,100367.0,114848.0,197112.0
54001760,100367.0,114848.0,198075.0
54001761,105733.0,114848.0,199181.0
54001762,106600.0,114848.0,199181.0
54001763,105733.0,114848.0,196983.0
54001764,106600.0,114848.0,196983.0
54001765,105733.0,114848.0,197816.0
54001766,105733.0,114848.0,198650.0
54001767,106600.0,114848.0,197816.0
54001768,106600.0,114848.0,198650.0
54001769,107467.0,106710.0,199037.0
54001770,107467.0,106710.0,197112.0
54001771,107467.0,106710.0,198075.0
54001772,98067.0,102481.0,199037.0
54001773,98067.0,103414.0,199037.0
54001774,98067.0,102481.0,197112.0
54001775,98067.0,103414.0,197112.0
54001776,98067.0,102481.0,198075.0
54001777,98067.0,103414.0,198075.0
54001778,98067.0,105281.0,199037.0
54001779,98067.0,106214.0,199037.0
54001780,98067.0,105281.0,197112.0
54001781,98067.0,106214.0,197112.0
54001782,98067.0,105281.0,198075.0
54001783,98067.0,106214.0,198075.0
54001784,104867.0,114248.0,199181.0
54001785,104867.0,114248.0,197047.0
54001786,104867.0,114248.0,197945.0
54001787,104867.0,114248.0,198623.0
54001788,98067.0,99381.0,199037.0
54001789,98067.0,100214.0,199037.0
54001790,98067.0,100881.0,199037.0
54001791,98067.0,99381.0,197112.0
54001792,98067.0,100214.0,197112.0
54001793,98067.0,100881.0,197112.0
54001794,98067.0,99381.0,198075.0
54001795,98067.0,100881.0,198075.0
54001796,98067.0,100214.0,198075.0
54001797,24217.0,113842.0,200000.0
54001798,24217.0,112888.0,200000.0
54001799,24217.0,111942.0,200000.0
54001800,24217.0,110977.0,200000.0
54001801,24217.0,109999.0,200000.0
54001802,24217.0,109011.0,200000.0
54001803,24217.0,108071.0,200000.0
54001804,25167.0,113929.0,200000.0
54001805,25167.0,113007.0,200000.0
54001806,25167.0,112066.0,200000.0
54001807,25167.0,111102.0,200000.0
54001808,25167.0,110119.0,200000.0
54001809,25167.0,109126.0,200000.0
54001810,25167.0,108135.0,200000.0
54001811,26117.0,114015.0,200000.0
54001812,26117.0,113157.0,200000.0
54001813,26117.0,112223.0,200000.0
54001814,26117.0,111253.0,200000.0
54001815,26117.0,110256.0,200000.0
54001816,26117.0,109228.0,200000.0
54001817,26117.0,108189.0,200000.0
54001818,27767.0,114148.0,200000.0
54001819,29267.0,114148.0,200000.0
54001820,17833.0,112807.0,200000.0
54001821,17803.0,111978.0,200000.0
54001822,17814.0,109560.0,200000.0
54001823,17803.0,110360.0,200000.0
54001824,17797.0,111175.0,200000.0
54001825,18747.0,110499.0,200000.0
54001826,18711.0,111308.0,200000.0
54001827,18758.0,109644.0,200000.0
54001828,18725.0,111989.0,200000.0
54001829,18796.0,112799.0,200000.0
54001830,19605.0,111720.0,200000.0
54001831,19687.0,110724.0,200000.0
54001832,19711.0,109759.0,200000.0
54001833,19736.0,112715.0,200000.0
54001834,17727.0,107952.0,200000.0
54001835,18522.0,107951.0,200000.0
54001836,19173.0,107945.0,200000.0
54001837,19928.0,107945.0,200000.0
54001838,24217.0,106235.0,200000.0
54001839,24217.0,105296.0,200000.0
54001840,25167.0,106224.0,200000.0
54001841,25167.0,105289.0,200000.0
54001842,26117.0,106235.0,200000.0
54001843,26117.0,105296.0,200000.0
54001844,17733.0,100214.0,200000.0
54001845,17704.0,99381.0,200000.0
54001846,18596.0,100214.0,200000.0
54001847,18559.0,99381.0,200000.0
54001848,24217.0,103414.0,200000.0
54001849,24217.0,102481.0,200000.0
54001850,25167.0,103414.0,200000.0
54001851,25167.0,102481.0,200000.0
54001852,26117.0,103414.0,200000.0
54001853,26117.0,102481.0,200000.0
54001854,24217.0,100556.0,200000.0
54001855,24217.0,99559.0,200000.0
54001856,25167.0,100552.0,200000.0
54001857,25167.0,99553.0,200000.0
54001858,26117.0,100556.0,200000.0
54001859,26117.0,99559.0,200000.0
54001860,53835.0,107943.0,200000.0
54001861,54736.0,107923.0,200000.0
54001862,55602.0,107903.0,200000.0
54001863,109538.0,100214.0,200000.0
54001864,109574.0,99381.0,200000.0
54001865,110401.0,100214.0,200000.0
54001866,110429.0,99381.0,200000.0
54001867,98867.0,114148.0,200000.0
54001868,100367.0,114148.0,200000.0
54001869,108372.0,112745.0,200000.0
54001870,108436.0,111814.0,200000.0
54001871,108445.0,109786.0,200000.0
54001872,108536.0,110807.0,200000.0
54001873,109424.0,111113.0,200000.0
54001874,109371.0,111930.0,200000.0
54001875,109425.0,110435.0,200000.0
54001876,109388.0,109627.0,200000.0
54001877,109326.0,112783.0,200000.0
54001878,110341.0,110329.0,200000.0
54001879,110337.0,111124.0,200000.0
54001880,110328.0,109547.0,200000.0
54001881,110293.0,112795.0,200000.0
54001882,110320.0,111948.0,200000.0
54001883,102017.0,100556.0,200000.0
54001884,102017.0,99559.0,200000.0
54001885,102967.0,100552.0,200000.0
54001886,102967.0,99553.0,200000.0
54001887,103917.0,100556.0,200000.0
54001888,103917.0,99559.0,200000.0
54001889,108205.0,107945.0,200000.0
54001890,108960.0,107945.0,200000.0
54001891,109611.0,107951.0,200000.0
54001892,110406.0,107952.0,200000.0
54001893,102017.0,106235.0,200000.0
54001894,102017.0,105296.0,200000.0
54001895,102967.0,106224.0,200000.0
54001896,102967.0,105289.0,200000.0
54001897,103917.0,106235.0,200000.0
54001898,103917.0,105296.0,200000.0
54001899,102017.0,114015.0,200000.0
54001900,102017.0,113157.0,200000.0
54001901,102017.0,112223.0,200000.0
54001902,102017.0,111253.0,200000.0
54001903,102017.0,110256.0,200000.0
54001904,102017.0,109228.0,200000.0
54001905,102017.0,108189.0,200000.0
54001906,102967.0,113929.0,200000.0
54001907,102967.0,113007.0,200000.0
54001908,102967.0,112066.0,200000.0
54001909,102967.0,111102.0,200000.0
54001910,102967.0,110119.0,200000.0
54001911,102967.0,109126.0,200000.0
54001912,102967.0,108135.0,200000.0
54001913,103917.0,113842.0,200000.0
54001914,103917.0,112888.0,200000.0
54001915,103917.0,111942.0,200000.0
54001916,103917.0,110977.0,200000.0
54001917,103917.0,109999.0,200000.0
54001918,103917.0,109011.0,200000.0
54001919,103917.0,108071.0,200000.0
54001920,102017.0,103414.0,200000.0
54001921,102017.0,102481.0,200000.0
54001922,102967.0,103414.0,200000.0
54001923,102967.0,102481.0,200000.0
54001924,103917.0,103414.0,200000.0
54001925,103917.0,102481.0,200000.0
54001926,105733.0,107968.0,200000.0
54001927,106600.0,107964.0,200000.0
325,63183.05475504323,107130.28242074928,6000.0
326,63130.15450643777,107154.79256080114,10500.0
327,63130.15450643777,107154.79256080114,14999.979971387696
328,63130.15450643777,107155.03147353361,19500.0
329,63130.25178826896,107157.99856938483,23099.998569384836
330,63130.25178826896,107157.99856938483,26699.979971387696
331,63130.25178826896,107157.99856938483,30300.0
332,63130.25178826896,107157.99856938483,33899.00572246066
333,63130.25178826896,107157.99856938483,37499.998569384836
334,63130.25178826896,107157.99856938483,41099.998569384836
335,63130.25178826896,107157.99856938483,44699.00572246066
336,63130.25178826896,107157.99856938483,48300.0
337,63130.25178826896,107157.99856938483,51899.03004291846
338,63130.25178826896,107157.99856938483,55499.978540772536
339,63130.25178826896,107158.23748211731,59099.981402002864
340,63140.78359264498,107172.56718528995,62699.05091937765
341,63140.78359264498,107172.56718528995,66299.99858557284
342,63140.78359264498,107172.56718528995,69899.99858557284
343,63140.78359264498,107172.56718528995,73499.99858557284
344,63140.78359264498,107172.56718528995,77099.99858557284
345,63140.78359264498,107172.56718528995,80699.99858557284
346,63140.78359264498,107172.56718528995,84299.01555869872
347,63140.78359264498,107172.56718528995,87899.99858557284
348,63140.78359264498,107172.56718528995,91499.99858557284
349,63140.78359264498,107172.56718528995,95099.99858557284
350,63140.78359264498,107172.56718528995,98699.97878359264
351,63148.4679943101,107179.41394025604,102299.0640113798
352,63148.4679943101,107179.41394025604,105899.9800853485
353,63148.4679943101,107179.41394025604,109499.9786628734
354,63148.4679943101,107179.41394025604,113099.97012802276
355,63148.4679943101,107179.41394025604,116699.9772403983
356,63148.4679943101,107179.41394025604,120299.03840682788
357,63148.4679943101,107179.41394025604,123899.97439544808
358,63148.4679943101,107179.41394025604,127499.9786628734
359,63148.4679943101,107179.41394025604,131099.99857752488
360,63148.4679943101,107179.41394025604,134700.0
361,63148.4679943101,107179.41394025604,138299.99857752488
362,63148.4679943101,107179.65149359887,141900.0
363,63076.497175141245,107192.00706214689,145499.99858757062
364,63076.497175141245,107192.00706214689,149099.99858757062
365,63076.497175141245,107192.00706214689,152700.0
366,63076.497175141245,107192.00706214689,156299.99858757062
367,63076.497175141245,107192.00706214689,159900.0
368,63076.497175141245,107192.00706214689,163499.99858757062
369,63076.497175141245,107192.00706214689,167099.99717514124
370,63076.497175141245,107192.00706214689,170700.0
371,63076.497175141245,107192.00706214689,174299.99717514124
372,63076.6186440678,107192.17372881356,177900.0
373,63076.6186440678,107192.17372881356,181500.0
374,63076.6186440678,107192.17372881356,185100.0
375,63076.6186440678,107192.17372881356,188700.0
376,63076.6186440678,107192.40960451978,192300.0
377,63196.32719546742,107190.00991501416,196150.0
378,63196.32719546742,107190.00991501416,199999.99150141643
